#!ascii label  , from subject sub-v1s13x0050022_ses-1 vox2ras=TkReg
1703
118217  -17.084  -73.643  -50.328 0.5000000000
10893  -17.722  -77.072  -49.149 0.5000000000
10884  -18.049  -77.149  -48.086 0.5000000000
120743  -17.490  -77.341  -47.412 0.5000000000
16811  -17.257  -72.015  -49.562 0.5000000000
15803  -17.011  -72.892  -49.929 0.5000000000
15797  -17.237  -72.711  -48.368 0.5000000000
14857  -17.299  -73.653  -49.084 0.5000000000
13902  -17.487  -74.466  -50.079 0.5000000000
10875  -16.698  -77.474  -46.520 0.5000000000
11872  -18.070  -76.505  -49.721 0.5000000000
136046  -16.172  -77.846  -44.813 0.5000000000
11862  -18.347  -76.632  -48.502 0.6000000238
10863  -17.097  -77.605  -45.622 0.6000000238
12893  -18.512  -76.390  -47.465 0.6000000238
10876  -18.061  -77.380  -46.530 0.6000000238
10851  -17.329  -77.814  -44.829 0.6999999881
11863  -18.794  -76.768  -46.797 0.6999999881
10864  -18.453  -77.487  -45.666 0.6999999881
11854  -19.347  -76.883  -46.057 0.6999999881
10865  -19.416  -77.212  -45.452 0.6999999881
10852  -18.539  -77.771  -44.795 0.6999999881
16803  -17.517  -71.798  -48.242 0.5000000000
15798  -17.398  -72.192  -47.362 0.6000000238
137298  -17.727  -71.608  -47.414 0.6000000238
15791  -17.534  -71.748  -46.641 0.6000000238
13893  -17.734  -74.613  -48.683 0.5000000000
139734  -16.544  -78.212  -44.350 0.5000000000
8970  -15.923  -79.260  -43.833 0.5000000000
8129  -16.476  -80.285  -43.958 0.6999999881
9888  -16.460  -78.803  -43.813 0.6999999881
8118  -16.490  -79.747  -43.194 0.6999999881
12902  -18.320  -76.014  -49.251 0.6000000238
13881  -17.930  -75.204  -47.930 0.6999999881
9889  -17.474  -78.793  -42.998 0.6999999881
12882  -18.321  -75.739  -47.326 0.6999999881
12875  -19.264  -76.543  -45.648 0.6999999881
9890  -18.621  -78.513  -43.044 0.6999999881
12867  -19.391  -76.696  -44.748 0.6999999881
10866  -19.699  -77.214  -44.934 0.6999999881
10853  -19.364  -77.635  -44.619 0.6999999881
9871  -18.961  -78.731  -42.856 0.6999999881
139583  -19.457  -76.682  -43.920 0.6999999881
11836  -19.695  -77.064  -43.789 0.6999999881
10842  -19.670  -77.473  -43.402 0.6999999881
10824  -20.241  -77.360  -41.939 0.6999999881
16804  -18.059  -71.175  -48.023 0.5000000000
128862  -18.155  -71.115  -47.026 0.6000000238
17801  -18.540  -70.196  -45.986 0.6000000238
16792  -17.753  -71.230  -46.028 0.6000000238
17800  -18.071  -70.697  -45.485 0.6000000238
136654  -17.185  -72.878  -47.276 0.6000000238
16784  -17.497  -71.292  -45.108 0.6000000238
14851  -17.261  -73.704  -47.726 0.6000000238
7286  -16.572  -80.915  -44.758 0.6999999881
126976  -17.506  -74.505  -47.592 0.6999999881
127207  -16.899  -80.280  -42.931 0.6999999881
7287  -17.344  -81.181  -44.876 0.6999999881
7288  -18.177  -81.317  -45.082 0.6999999881
125251  -17.182  -74.196  -46.833 0.6999999881
8119  -17.577  -80.599  -43.015 0.6999999881
7289  -19.013  -81.492  -45.459 0.6999999881
13880  -17.611  -74.967  -47.084 0.6999999881
12873  -17.155  -75.012  -45.676 0.6999999881
8957  -17.717  -79.686  -42.674 0.6999999881
8109  -18.129  -80.092  -42.721 0.6999999881
7276  -17.917  -81.085  -43.981 0.6999999881
7277  -18.873  -81.194  -44.298 0.6999999881
12874  -18.247  -75.797  -45.711 0.6999999881
12865  -17.242  -75.273  -44.730 0.6999999881
8958  -18.744  -79.423  -42.778 0.6999999881
8121  -19.505  -80.523  -43.406 0.6999999881
130431  -18.510  -76.072  -43.639 0.6999999881
9872  -20.008  -78.418  -42.966 0.6999999881
8110  -19.104  -80.024  -42.890 0.6999999881
142246  -18.967  -76.308  -43.239 0.6999999881
9892  -20.123  -77.616  -42.733 0.6999999881
129187  -20.675  -78.584  -42.761 0.6999999881
11823  -19.727  -76.735  -41.798 0.6999999881
10809  -20.644  -78.229  -42.185 0.6999999881
10808  -19.391  -77.640  -40.655 0.6999999881
17821  -18.676  -70.039  -48.325 0.5000000000
18787  -18.816  -69.569  -46.498 0.6000000238
18773  -18.746  -69.631  -45.606 0.6000000238
19750  -18.971  -68.856  -45.751 0.5000000000
18745  -18.241  -68.811  -44.043 0.6000000238
19772  -19.052  -68.462  -48.610 0.5000000000
18799  -18.853  -69.431  -47.742 0.5000000000
17785  -18.388  -70.066  -45.114 0.6000000238
19735  -18.126  -68.064  -43.430 0.6000000238
136019  -17.442  -70.061  -43.888 0.6000000238
18744  -17.521  -69.382  -43.557 0.6000000238
16783  -17.100  -71.956  -45.685 0.6000000238
14841  -17.047  -73.357  -46.629 0.6999999881
133255  -16.870  -71.795  -44.811 0.6999999881
13871  -16.813  -74.000  -45.861 0.6999999881
15766  -16.636  -72.503  -44.905 0.6999999881
119032  -19.881  -81.629  -45.353 0.6999999881
13866  -16.658  -74.367  -44.836 0.6999999881
130824  -16.362  -73.745  -44.072 0.6999999881
118211  -20.085  -81.503  -44.619 0.6999999881
118853  -20.445  -81.568  -46.176 0.6999999881
124271  -16.285  -73.958  -43.144 0.6999999881
8122  -20.327  -80.614  -43.677 0.6999999881
135805  -20.636  -81.521  -45.116 0.6999999881
119456  -20.180  -81.614  -47.531 0.6999999881
12847  -17.616  -75.353  -42.673 0.6000000238
8973  -20.973  -79.851  -43.556 0.6999999881
118828  -21.126  -80.622  -44.102 0.6999999881
118209  -21.912  -80.918  -45.446 0.6999999881
118929  -21.270  -81.334  -45.877 0.6999999881
118204  -21.065  -81.473  -47.185 0.6999999881
12848  -18.745  -75.745  -42.384 0.6999999881
8960  -20.702  -79.192  -43.176 0.6999999881
8974  -21.679  -79.444  -43.528 0.6000000238
8123  -21.697  -79.955  -44.010 0.6999999881
119008  -21.821  -80.525  -44.651 0.6999999881
11811  -18.909  -76.800  -40.642 0.6000000238
9845  -19.836  -78.600  -41.090 0.6999999881
9856  -20.478  -78.575  -41.230 0.6999999881
9873  -21.180  -78.486  -42.388 0.6999999881
9874  -21.756  -78.514  -42.288 0.6000000238
8975  -22.242  -79.361  -43.815 0.6000000238
11803  -19.380  -77.324  -40.539 0.6000000238
9846  -19.895  -78.708  -40.814 0.6000000238
9858  -21.855  -78.217  -41.483 0.6000000238
120171  -22.490  -77.927  -42.021 0.5000000000
9875  -22.345  -78.418  -42.457 0.5000000000
9893  -22.828  -78.774  -43.378 0.5000000000
123705  -20.817  -77.742  -40.572 0.6000000238
11812  -21.661  -77.047  -40.774 0.5000000000
10811  -22.310  -77.444  -41.375 0.5000000000
19744  -19.021  -68.553  -44.733 0.6000000238
19751  -19.247  -67.993  -45.433 0.6000000238
20754  -18.120  -67.336  -42.932 0.5000000000
21773  -18.635  -66.550  -43.183 0.6999999881
19761  -19.199  -67.967  -46.700 0.5000000000
20798  -19.421  -67.224  -46.418 0.6000000238
20788  -19.380  -67.162  -45.180 0.6000000238
21833  -20.294  -66.501  -48.830 0.6000000238
20806  -19.648  -67.171  -47.866 0.6000000238
19721  -17.786  -68.002  -42.503 0.4000000060
21821  -20.044  -66.649  -47.441 0.6000000238
19734  -17.576  -68.625  -43.090 0.5000000000
17761  -16.898  -69.968  -43.211 0.6000000238
17769  -16.990  -70.647  -43.765 0.6000000238
16767  -16.450  -72.080  -43.957 0.6999999881
16752  -16.646  -71.288  -43.617 0.6000000238
14810  -16.262  -73.065  -43.495 0.6999999881
12846  -16.780  -74.673  -42.745 0.6000000238
133826  -16.579  -73.844  -42.260 0.6000000238
12837  -17.959  -75.165  -41.447 0.6000000238
123556  -22.970  -79.331  -44.308 0.6000000238
118208  -22.424  -80.379  -45.212 0.6000000238
8131  -22.468  -80.576  -46.033 0.6999999881
118206  -21.879  -81.032  -46.325 0.6999999881
136742  -21.639  -81.122  -47.259 0.6999999881
11802  -18.910  -76.313  -40.562 0.6000000238
118202  -21.382  -81.285  -48.615 0.6999999881
11805  -20.783  -76.655  -40.538 0.6000000238
9876  -23.107  -78.069  -42.747 0.4000000060
10843  -23.666  -77.804  -43.353 0.4000000060
9894  -23.503  -78.679  -44.154 0.5000000000
8978  -23.519  -79.097  -45.058 0.6000000238
8132  -22.866  -79.964  -46.076 0.6000000238
131894  -21.916  -80.764  -48.449 0.6000000238
12840  -21.449  -75.913  -40.895 0.5000000000
11813  -22.223  -76.315  -41.347 0.5000000000
11824  -22.769  -76.697  -41.842 0.5000000000
10825  -22.945  -77.371  -42.182 0.5000000000
10855  -24.178  -77.475  -44.773 0.4000000060
9902  -23.933  -77.726  -45.827 0.6000000238
21794  -19.316  -65.858  -43.781 0.6000000238
20770  -18.629  -67.480  -43.728 0.6000000238
21774  -18.678  -66.065  -42.234 0.6000000238
21811  -19.552  -66.442  -46.083 0.6000000238
22869  -19.787  -65.634  -45.711 0.5000000000
23842  -20.129  -64.909  -45.333 0.6000000238
23851  -20.694  -64.479  -45.953 0.6000000238
131768  -17.957  -67.275  -42.054 0.6000000238
21822  -20.640  -66.066  -48.345 0.6999999881
23855  -20.944  -64.617  -47.291 0.6000000238
24785  -21.115  -63.711  -46.493 0.6000000238
19720  -17.525  -68.742  -41.989 0.5000000000
19710  -17.627  -67.892  -41.513 0.6000000238
22890  -20.923  -65.511  -48.939 0.6000000238
23856  -21.286  -64.048  -47.883 0.6999999881
18726  -16.755  -69.331  -41.616 0.5000000000
124683  -21.122  -64.300  -48.588 0.6999999881
17748  -16.590  -70.057  -42.203 0.6000000238
25770  -20.508  -63.101  -48.357 0.6000000238
15755  -16.307  -72.402  -42.903 0.6000000238
17760  -16.482  -70.858  -42.884 0.6000000238
16719  -16.177  -71.852  -41.210 0.6000000238
15746  -16.407  -72.692  -41.876 0.6000000238
13849  -16.884  -74.227  -41.685 0.6000000238
13834  -17.429  -74.339  -40.686 0.6000000238
13836  -20.260  -74.511  -40.559 0.6000000238
12828  -18.951  -75.596  -40.417 0.6000000238
13843  -21.366  -74.117  -41.480 0.6000000238
12830  -20.599  -75.644  -40.619 0.6000000238
9901  -23.693  -78.598  -45.934 0.6000000238
8985  -22.957  -79.506  -47.045 0.6000000238
8984  -22.597  -79.978  -47.476 0.6000000238
12841  -21.881  -75.016  -41.600 0.5000000000
12849  -22.737  -75.623  -42.198 0.5000000000
11825  -23.289  -76.541  -42.477 0.5000000000
8991  -23.471  -78.992  -49.082 0.6000000238
10867  -24.332  -76.915  -45.651 0.4000000060
9906  -23.835  -78.073  -46.956 0.6000000238
9905  -23.445  -78.806  -47.023 0.6000000238
22850  -19.786  -65.293  -42.974 0.6000000238
23819  -21.154  -64.681  -43.005 0.5000000000
22839  -20.590  -65.101  -42.456 0.6000000238
22822  -20.962  -65.486  -41.616 0.5000000000
22859  -19.641  -65.289  -44.629 0.6000000238
23835  -21.817  -64.472  -43.662 0.6000000238
125229  -19.109  -65.798  -42.843 0.5000000000
22821  -19.718  -65.524  -42.004 0.5000000000
21735  -19.809  -66.294  -40.599 0.5000000000
134392  -21.469  -64.284  -44.394 0.5000000000
23834  -20.744  -64.516  -43.833 0.6000000238
24786  -21.774  -63.392  -45.685 0.5000000000
20749  -18.100  -67.209  -41.195 0.6000000238
24797  -21.538  -63.250  -47.507 0.6999999881
24791  -22.772  -63.066  -47.054 0.6000000238
139042  -22.225  -62.738  -47.472 0.6000000238
18716  -16.007  -70.023  -41.176 0.5000000000
25769  -19.515  -62.810  -48.325 0.5000000000
25771  -21.350  -62.905  -47.753 0.6999999881
17747  -16.074  -70.900  -41.746 0.5000000000
15700  -16.379  -72.724  -40.866 0.5000000000
14779  -16.637  -73.354  -40.693 0.6000000238
14781  -19.603  -73.639  -40.331 0.6000000238
123806  -17.849  -73.976  -40.436 0.5000000000
14782  -20.340  -73.359  -40.642 0.6000000238
13835  -19.211  -74.705  -40.359 0.6000000238
13844  -21.747  -73.869  -42.034 0.5000000000
121453  -24.776  -76.503  -46.466 0.5000000000
10878  -24.280  -77.321  -46.713 0.5000000000
10886  -24.286  -77.725  -47.937 0.6000000238
10894  -24.314  -78.015  -49.076 0.6000000238
22852  -21.991  -64.720  -42.985 0.6000000238
22840  -21.561  -65.105  -42.205 0.6000000238
23837  -23.137  -64.539  -43.764 0.6000000238
21753  -20.376  -65.908  -41.104 0.5000000000
23844  -22.567  -64.407  -44.170 0.6000000238
129218  -23.374  -63.433  -45.442 0.6999999881
20739  -19.245  -66.680  -40.045 0.6000000238
25767  -23.667  -62.619  -47.066 0.6000000238
24787  -22.832  -63.411  -46.226 0.6000000238
20738  -18.372  -67.197  -40.368 0.6000000238
26746  -22.154  -62.096  -47.504 0.6000000238
26747  -23.357  -61.744  -47.424 0.6000000238
19709  -16.957  -68.583  -40.966 0.5000000000
121444  -16.037  -70.987  -40.718 0.5000000000
25766  -18.637  -62.323  -47.693 0.5000000000
26745  -20.859  -62.283  -47.665 0.6000000238
15701  -16.664  -72.757  -40.360 0.5000000000
15703  -18.993  -72.955  -40.070 0.6000000238
129334  -17.993  -73.276  -40.124 0.5000000000
15730  -20.869  -72.675  -41.013 0.5000000000
13842  -20.874  -73.728  -41.060 0.5000000000
11856  -25.163  -76.046  -47.294 0.6000000238
11864  -25.223  -76.652  -48.368 0.6000000238
23821  -23.062  -64.295  -43.116 0.6000000238
22841  -22.143  -65.007  -42.074 0.5000000000
22823  -21.926  -65.487  -41.380 0.5000000000
24775  -23.545  -64.221  -43.947 0.6999999881
21754  -21.355  -65.836  -40.839 0.5000000000
127387  -23.880  -62.548  -45.429 0.6999999881
24783  -23.488  -63.826  -44.615 0.6000000238
21721  -21.165  -66.381  -39.867 0.5000000000
25763  -24.003  -62.484  -46.426 0.6000000238
21720  -20.310  -66.444  -39.847 0.5000000000
20725  -18.637  -67.208  -39.393 0.6000000238
26748  -24.623  -60.942  -47.381 0.6999999881
19695  -17.931  -67.840  -39.816 0.6000000238
27945  -22.624  -61.309  -47.232 0.6000000238
18708  -17.357  -69.145  -39.354 0.6000000238
27939  -20.590  -60.704  -46.703 0.6999999881
26741  -21.370  -61.409  -47.271 0.6999999881
136158  -16.141  -70.056  -40.308 0.5000000000
127968  -16.686  -69.198  -40.134 0.5000000000
26740  -20.059  -61.566  -47.179 0.6000000238
16697  -16.586  -71.154  -39.855 0.5000000000
27938  -19.316  -60.858  -46.683 0.5000000000
16698  -17.562  -71.798  -39.568 0.6000000238
125519  -16.768  -72.089  -39.982 0.5000000000
143247  -17.829  -61.410  -46.183 0.6000000238
133192  -18.288  -72.459  -39.764 0.5000000000
15704  -20.090  -72.536  -40.292 0.6000000238
15731  -21.529  -72.221  -41.405 0.5000000000
24763  -23.236  -63.791  -43.067 0.6999999881
23803  -22.576  -64.544  -41.705 0.5000000000
22824  -22.664  -65.037  -41.199 0.5000000000
25757  -23.239  -62.245  -43.528 0.8000000119
25752  -22.927  -62.703  -42.744 0.6999999881
22803  -22.381  -65.453  -40.904 0.5000000000
21737  -21.651  -66.151  -40.187 0.5000000000
26733  -24.823  -61.061  -45.678 0.6999999881
26726  -23.643  -62.297  -44.494 0.6999999881
25758  -23.506  -63.271  -43.754 0.8000000119
25764  -24.481  -61.734  -46.111 0.6999999881
21722  -21.524  -66.432  -39.588 0.5000000000
27944  -25.172  -60.145  -46.755 0.6999999881
26736  -25.160  -60.964  -46.605 0.6999999881
20726  -19.657  -66.806  -39.140 0.6000000238
20727  -20.827  -66.675  -39.106 0.5000000000
29164  -23.334  -59.725  -46.250 0.6000000238
27942  -24.346  -60.239  -47.064 0.6000000238
18697  -17.909  -68.846  -38.742 0.6000000238
27934  -21.158  -59.940  -46.089 0.6999999881
29163  -22.325  -60.240  -46.175 0.6999999881
17727  -17.117  -70.100  -39.491 0.6000000238
18698  -17.877  -69.636  -38.836 0.6000000238
27933  -19.905  -60.101  -46.090 0.6000000238
16679  -17.490  -70.963  -39.354 0.6000000238
140323  -18.567  -71.862  -39.457 0.6000000238
26725  -18.111  -61.802  -44.395 0.6000000238
16699  -19.259  -72.147  -39.789 0.6000000238
15705  -20.958  -72.068  -40.684 0.5000000000
26719  -22.885  -61.567  -42.906 0.6000000238
25739  -22.337  -62.675  -41.756 0.5000000000
24745  -22.417  -63.528  -41.343 0.5000000000
21739  -22.443  -65.690  -39.753 0.5000000000
27928  -24.166  -61.008  -44.664 0.8000000119
21723  -22.070  -66.254  -39.516 0.5000000000
27930  -25.275  -59.809  -45.728 0.6999999881
20711  -20.076  -67.384  -38.386 0.6000000238
26692  -16.360  -61.396  -40.105 0.6000000238
29165  -24.354  -59.454  -46.402 0.8000000119
27891  -16.502  -60.134  -41.852 0.6000000238
119197  -21.276  -59.497  -45.287 0.6999999881
29153  -22.934  -59.249  -45.472 0.8000000119
19682  -18.571  -68.500  -38.299 0.6000000238
26704  -17.318  -61.250  -41.671 0.6000000238
29158  -20.333  -59.488  -45.415 0.6000000238
17728  -18.013  -70.449  -38.941 0.6000000238
17729  -18.888  -70.780  -38.722 0.6000000238
27918  -16.772  -60.582  -44.276 0.6000000238
27927  -17.575  -60.405  -45.218 0.6000000238
29157  -19.270  -59.733  -45.441 0.6000000238
16681  -19.299  -71.561  -39.277 0.6000000238
16682  -20.207  -71.614  -39.344 0.6000000238
27931  -17.901  -60.836  -45.847 0.5000000000
16701  -20.913  -71.799  -40.151 0.5000000000
16720  -21.683  -71.852  -40.919 0.5000000000
16702  -22.253  -71.780  -40.468 0.5000000000
26706  -21.929  -61.775  -41.167 0.5000000000
25722  -21.946  -62.781  -40.893 0.5000000000
138589  -23.183  -60.760  -43.045 0.6000000238
141463  -22.209  -61.059  -41.565 0.5000000000
27920  -24.612  -60.112  -44.445 0.8000000119
27919  -23.899  -60.310  -43.656 0.6999999881
29154  -25.186  -59.360  -44.793 0.8000000119
29161  -24.933  -59.116  -45.807 0.8000000119
20712  -21.106  -67.406  -38.412 0.6000000238
20729  -22.363  -66.765  -38.712 0.5000000000
27859  -14.948  -60.645  -40.011 0.6000000238
30437  -24.625  -58.427  -45.440 0.8000000119
19685  -21.528  -68.184  -37.940 0.5000000000
29126  -14.988  -59.065  -43.157 0.6999999881
27877  -15.974  -60.590  -40.952 0.6000000238
29152  -22.123  -59.238  -44.787 0.8000000119
18699  -19.026  -69.145  -37.980 0.6000000238
19683  -19.463  -68.245  -37.914 0.6000000238
19684  -20.499  -68.155  -37.783 0.6000000238
29127  -15.727  -59.455  -43.392 0.6000000238
17717  -19.459  -70.383  -38.138 0.6000000238
17716  -18.678  -69.927  -38.357 0.6000000238
18688  -20.583  -69.567  -37.443 0.6000000238
27907  -16.863  -60.587  -43.404 0.6000000238
29150  -19.662  -59.141  -44.737 0.6000000238
29151  -20.827  -59.163  -44.587 0.5000000000
16666  -20.494  -71.295  -38.533 0.6000000238
29149  -18.407  -59.563  -44.839 0.6000000238
16683  -20.940  -71.628  -39.251 0.6000000238
131572  -22.332  -72.249  -39.409 0.5000000000
16685  -22.889  -72.209  -39.935 0.5000000000
16703  -23.067  -71.839  -40.699 0.5000000000
16704  -23.951  -71.838  -40.826 0.5000000000
27909  -23.452  -59.940  -42.706 0.6000000238
29143  -25.129  -58.789  -43.912 0.6999999881
27858  -13.938  -60.655  -38.985 0.6000000238
135388  -14.298  -60.500  -39.733 0.6000000238
30436  -25.197  -58.038  -44.858 0.8000000119
20714  -22.901  -67.509  -38.432 0.5000000000
29089  -14.377  -59.265  -41.033 0.6000000238
136544  -24.591  -57.471  -44.829 0.8000000119
19686  -22.557  -68.226  -38.205 0.5000000000
29090  -14.811  -59.268  -41.629 0.6999999881
130304  -22.694  -58.561  -44.435 0.8000000119
19670  -20.957  -68.866  -37.441 0.6000000238
19671  -21.944  -68.905  -37.578 0.6000000238
30408  -15.973  -58.077  -43.242 0.8000000119
30424  -21.782  -59.045  -43.938 0.6999999881
17698  -20.012  -70.012  -37.650 0.6000000238
17700  -21.554  -70.491  -37.336 0.6000000238
133429  -16.291  -58.737  -43.668 0.6999999881
30421  -18.282  -58.597  -43.528 0.6999999881
30423  -19.946  -58.738  -44.174 0.6000000238
17718  -20.195  -70.715  -37.946 0.6000000238
16650  -22.631  -71.571  -37.418 0.6000000238
27925  -16.474  -60.054  -44.356 0.6000000238
16668  -22.100  -72.105  -37.919 0.5000000000
16684  -21.743  -72.118  -38.788 0.5000000000
29132  -23.930  -59.054  -42.389 0.6000000238
27895  -23.119  -59.556  -41.718 0.5000000000
27829  -12.563  -60.460  -37.877 0.6000000238
29133  -24.747  -58.466  -43.014 0.6999999881
27846  -13.215  -60.517  -38.425 0.6000000238
29144  -25.305  -58.326  -44.553 0.6999999881
30427  -25.413  -57.709  -43.758 0.6000000238
29088  -13.685  -59.296  -40.607 0.6000000238
140247  -13.131  -59.222  -40.337 0.6000000238
31646  -25.223  -57.240  -44.509 0.6000000238
32756  -24.947  -56.056  -44.126 0.6999999881
30390  -14.685  -58.310  -42.335 0.8000000119
30426  -23.684  -57.749  -44.558 0.6999999881
31641  -23.663  -57.043  -43.852 0.6000000238
30407  -15.053  -58.338  -43.004 0.8000000119
29131  -22.172  -58.714  -43.054 0.8000000119
30393  -22.386  -58.444  -42.205 0.6999999881
31621  -17.706  -58.028  -42.408 0.6999999881
30410  -18.526  -58.566  -42.920 0.6999999881
29129  -19.509  -59.140  -42.935 0.6000000238
29130  -20.535  -59.332  -42.619 0.8000000119
27828  -11.724  -60.624  -37.449 0.6000000238
29067  -12.851  -59.505  -39.802 0.6000000238
30371  -13.455  -58.149  -41.062 0.6999999881
31633  -23.537  -56.212  -43.317 0.6000000238
30389  -14.376  -58.329  -41.447 0.6999999881
31606  -15.486  -57.502  -41.158 0.6999999881
30412  -22.886  -57.570  -42.957 0.6999999881
30394  -22.599  -57.645  -41.969 0.6000000238
119715  -15.785  -57.222  -41.854 0.8000000119
30391  -17.058  -58.067  -41.287 0.6000000238
30392  -17.806  -58.328  -41.744 0.5000000000
29114  -21.602  -59.096  -42.106 0.6999999881
30376  -21.868  -58.454  -40.565 0.6999999881
30377  -22.389  -57.592  -41.150 0.6000000238
31620  -17.268  -57.560  -42.011 0.8000000119
29112  -19.738  -59.499  -41.380 0.6000000238
29113  -20.661  -59.380  -41.612 0.6000000238
27827  -10.713  -60.514  -37.668 0.6000000238
27844  -11.237  -59.842  -38.095 0.6000000238
30370  -12.564  -58.097  -40.862 0.6999999881
29066  -12.138  -59.068  -39.700 0.6000000238
122083  -13.170  -58.609  -40.746 0.6999999881
122249  -14.056  -57.810  -40.483 0.6999999881
31605  -14.731  -57.679  -41.133 0.6999999881
31587  -15.852  -57.796  -40.427 0.6000000238
31622  -22.648  -56.456  -42.081 0.6000000238
30372  -16.626  -58.085  -40.420 0.6000000238
29091  -18.495  -59.606  -40.138 0.6000000238
32732  -22.403  -55.301  -42.281 0.5000000000
127361  -21.398  -58.231  -39.965 0.6000000238
32715  -21.341  -56.251  -40.862 0.5000000000
32714  -20.585  -55.601  -40.671 0.5000000000
30341  -20.575  -58.586  -39.289 0.6000000238
32702  -20.746  -56.681  -40.042 0.5000000000
134692  -9.626  -60.015  -38.712 0.6000000238
27843  -10.381  -59.867  -38.370 0.6000000238
29065  -11.380  -58.682  -39.659 0.6999999881
29064  -10.481  -58.550  -39.519 0.6999999881
31603  -12.260  -57.780  -40.498 0.6999999881
31604  -13.093  -57.825  -40.780 0.6999999881
30354  -14.426  -57.903  -39.708 0.6000000238
30355  -15.382  -58.230  -39.503 0.5000000000
141068  -16.287  -59.031  -38.900 0.6999999881
30339  -16.188  -59.290  -37.836 0.6000000238
30356  -16.970  -58.750  -39.574 0.6000000238
131600  -18.210  -59.587  -38.578 0.6000000238
29052  -18.124  -59.566  -37.777 0.6000000238
29055  -19.833  -59.390  -39.175 0.6000000238
30340  -19.871  -59.046  -38.433 0.5000000000
129634  -19.633  -58.073  -37.768 0.5000000000
32700  -19.710  -56.614  -39.112 0.5000000000
30335  -6.264  -58.228  -39.016 0.6999999881
30348  -7.028  -57.635  -39.344 0.6999999881
31568  -6.554  -57.593  -38.591 0.6999999881
29063  -9.360  -58.652  -39.570 0.6000000238
31581  -7.983  -57.635  -39.419 0.6999999881
32670  -7.607  -56.698  -37.842 0.6999999881
32657  -7.409  -56.621  -37.165 0.6999999881
122149  -6.994  -55.478  -35.438 0.6000000238
124456  -8.998  -57.485  -39.398 0.6999999881
32695  -8.530  -57.042  -39.015 0.6999999881
33696  -7.835  -55.943  -37.281 0.6999999881
31583  -10.980  -57.421  -39.824 0.6999999881
31582  -9.960  -57.340  -39.592 0.6999999881
33697  -8.622  -55.668  -37.574 0.6999999881
31572  -13.694  -57.772  -39.222 0.6999999881
30337  -14.548  -58.294  -38.795 0.6000000238
30338  -15.418  -58.815  -38.344 0.6000000238
29026  -16.340  -59.425  -36.216 0.6000000238
30307  -16.504  -59.258  -35.644 0.6000000238
29051  -17.083  -59.452  -37.804 0.6000000238
29037  -17.883  -59.471  -36.770 0.6000000238
29028  -17.779  -59.115  -36.133 0.6000000238
29029  -18.508  -59.164  -36.626 0.5000000000
30309  -18.360  -58.630  -36.278 0.6000000238
31548  -18.042  -57.761  -35.894 0.6000000238
30325  -19.217  -58.807  -36.993 0.5000000000
31560  -19.234  -57.709  -37.263 0.5000000000
31549  -18.740  -57.783  -36.587 0.5000000000
30334  -5.591  -58.695  -38.367 0.6999999881
132116  -6.921  -57.344  -37.430 0.6999999881
137341  -7.276  -56.325  -36.382 0.6000000238
31522  -7.224  -56.471  -35.605 0.6000000238
32632  -6.907  -55.706  -34.939 0.6000000238
34673  -6.805  -54.397  -34.179 0.4000000060
138011  -9.215  -55.185  -37.071 0.6000000238
33672  -8.061  -55.202  -36.679 0.5000000000
34687  -7.006  -54.753  -35.195 0.5000000000
34664  -6.985  -53.785  -33.353 0.4000000060
133204  -6.805  -53.886  -32.524 0.5000000000
30368  -11.713  -57.748  -40.238 0.6999999881
126446  -11.029  -56.763  -39.518 0.8000000119
33707  -10.321  -55.903  -38.429 0.6999999881
33673  -9.451  -54.828  -35.857 0.5000000000
34690  -9.280  -54.455  -35.068 0.4000000060
34675  -8.463  -53.993  -34.644 0.4000000060
34665  -8.380  -53.607  -33.482 0.4000000060
34656  -8.839  -53.399  -32.584 0.4000000060
32698  -11.580  -56.819  -39.223 0.8000000119
32672  -11.456  -56.454  -38.376 0.8000000119
33708  -10.871  -55.920  -38.055 0.8000000119
33699  -10.747  -55.797  -37.173 0.8000000119
33687  -10.682  -55.902  -36.097 0.6000000238
33674  -10.045  -55.070  -34.972 0.5000000000
34666  -9.882  -54.528  -34.008 0.4000000060
134486  -9.736  -54.014  -33.088 0.4000000060
31571  -12.802  -57.437  -39.394 0.6999999881
121852  -13.035  -57.650  -38.356 0.8000000119
31559  -13.230  -58.149  -37.247 0.6999999881
30305  -14.456  -58.943  -35.818 0.5000000000
33659  -10.562  -55.345  -34.235 0.5000000000
33649  -10.814  -55.202  -33.610 0.4000000060
34667  -10.815  -54.603  -33.023 0.4000000060
30322  -14.060  -58.644  -36.947 0.6000000238
30306  -15.579  -59.263  -35.799 0.5000000000
30291  -15.101  -58.766  -34.998 0.5000000000
31538  -16.492  -58.092  -34.765 0.6000000238
30293  -16.934  -58.621  -35.167 0.6000000238
32648  -16.751  -56.874  -35.030 0.6000000238
31556  -6.296  -57.679  -37.905 0.6000000238
30302  -6.313  -58.019  -37.273 0.5000000000
31536  -7.372  -57.454  -36.237 0.5000000000
122619  -8.396  -57.394  -34.436 0.4000000060
32624  -7.689  -56.427  -33.780 0.5000000000
32613  -6.925  -55.591  -33.199 0.5000000000
33640  -6.545  -54.942  -32.824 0.5000000000
33626  -6.676  -54.409  -32.060 0.5000000000
35666  -7.365  -53.145  -30.844 0.5000000000
35657  -7.870  -52.946  -29.986 0.5000000000
35680  -8.025  -52.913  -31.909 0.5000000000
36619  -8.572  -51.874  -30.175 0.5000000000
32673  -11.781  -56.742  -37.592 0.6999999881
32658  -11.345  -56.440  -36.666 0.6000000238
32646  -11.898  -56.957  -34.813 0.5000000000
32645  -11.310  -56.502  -35.372 0.5000000000
35668  -8.647  -52.516  -31.578 0.5000000000
37533  -9.129  -51.939  -31.409 0.5000000000
32685  -12.174  -57.089  -38.592 0.8000000119
31558  -12.491  -57.426  -37.322 0.6999999881
31547  -12.861  -58.017  -36.411 0.6000000238
32634  -11.725  -56.377  -34.175 0.5000000000
33661  -12.096  -55.694  -33.477 0.4000000060
34668  -11.937  -54.456  -33.086 0.5000000000
36645  -10.734  -52.886  -32.391 0.4000000060
121558  -10.041  -51.987  -31.963 0.5000000000
30279  -14.024  -58.418  -35.016 0.5000000000
31526  -14.100  -57.633  -34.417 0.5000000000
32635  -12.676  -56.823  -34.139 0.6000000238
124482  -12.620  -56.054  -33.683 0.5000000000
136743  -12.996  -55.143  -33.684 0.5000000000
35692  -12.333  -53.460  -33.369 0.5000000000
31527  -15.028  -57.519  -34.411 0.5000000000
32637  -14.564  -56.701  -34.357 0.5000000000
32636  -13.703  -56.739  -34.162 0.5000000000
120035  -13.855  -54.940  -34.235 0.5000000000
32638  -15.863  -57.332  -34.589 0.6000000238
33676  -15.793  -55.480  -35.108 0.6000000238
29015  -7.425  -59.046  -35.715 0.5000000000
29016  -8.156  -59.244  -35.440 0.5000000000
31523  -8.070  -57.681  -35.445 0.5000000000
31524  -8.895  -58.277  -34.889 0.4000000060
31514  -8.599  -57.151  -33.499 0.4000000060
29004  -7.818  -59.702  -35.186 0.5000000000
30277  -8.727  -58.944  -35.285 0.4000000060
32614  -8.088  -56.407  -32.689 0.5000000000
33641  -7.131  -55.402  -32.238 0.6000000238
32602  -8.177  -55.970  -31.650 0.5000000000
33609  -7.711  -54.587  -30.664 0.5000000000
34617  -8.569  -53.749  -29.669 0.4000000060
35646  -8.744  -52.815  -29.467 0.4000000060
36606  -9.964  -51.947  -29.304 0.4000000060
27788  -9.879  -60.148  -34.357 0.4000000060
30278  -9.511  -59.007  -34.672 0.4000000060
31515  -9.359  -58.081  -33.952 0.4000000060
31505  -9.345  -57.380  -32.786 0.5000000000
32615  -8.955  -56.686  -32.007 0.5000000000
32603  -9.283  -56.379  -31.302 0.5000000000
30256  -10.069  -58.225  -33.257 0.4000000060
31496  -10.895  -57.407  -31.770 0.4000000060
32604  -10.340  -56.668  -31.185 0.5000000000
33629  -9.793  -56.003  -30.636 0.4000000060
119401  -9.535  -54.606  -29.727 0.4000000060
34618  -9.754  -53.606  -29.339 0.4000000060
35648  -10.568  -52.912  -29.349 0.4000000060
27771  -10.189  -60.511  -33.701 0.4000000060
28996  -10.666  -59.984  -33.963 0.4000000060
30267  -10.246  -59.085  -33.887 0.4000000060
125868  -11.583  -60.738  -32.091 0.4000000060
28983  -11.818  -59.953  -32.774 0.4000000060
30257  -10.860  -58.747  -33.129 0.4000000060
31507  -11.381  -58.326  -32.394 0.4000000060
32589  -10.708  -56.207  -30.642 0.5000000000
33611  -10.451  -55.445  -30.132 0.4000000060
34628  -10.620  -54.542  -29.685 0.4000000060
122854  -11.878  -57.752  -31.671 0.4000000060
120632  -12.412  -56.426  -30.529 0.4000000060
33613  -12.295  -54.991  -30.139 0.4000000060
33612  -11.469  -55.177  -29.979 0.4000000060
35658  -11.481  -53.567  -29.812 0.4000000060
27738  -10.823  -61.169  -31.739 0.4000000060
27739  -11.528  -60.861  -31.406 0.3000000119
28984  -12.314  -59.703  -32.382 0.3000000119
121235  -12.354  -58.833  -32.152 0.4000000060
27715  -13.104  -60.424  -29.847 0.4000000060
27728  -12.791  -60.517  -30.674 0.3000000119
28966  -12.839  -60.091  -31.905 0.3000000119
30245  -13.354  -58.933  -31.913 0.4000000060
31499  -14.644  -58.211  -31.331 0.5000000000
32591  -13.465  -56.389  -30.504 0.4000000060
122939  -12.901  -55.644  -30.321 0.4000000060
34631  -13.120  -54.914  -30.537 0.4000000060
36633  -13.383  -52.585  -31.427 0.3000000119
137492  -15.393  -58.446  -31.177 0.5000000000
31485  -15.119  -57.352  -30.820 0.5000000000
33614  -13.762  -55.707  -30.531 0.4000000060
34632  -14.049  -55.134  -30.950 0.4000000060
34643  -13.574  -54.324  -31.081 0.3000000119
27714  -12.370  -60.457  -30.035 0.4000000060
144017  -13.610  -60.126  -29.440 0.4000000060
27716  -13.983  -60.396  -30.068 0.4000000060
28955  -14.752  -60.118  -30.995 0.5000000000
30247  -15.042  -59.114  -31.460 0.5000000000
28924  -15.119  -59.700  -29.423 0.4000000060
30229  -15.781  -59.171  -31.000 0.5000000000
30230  -16.608  -58.850  -30.478 0.5000000000
122666  -15.956  -57.109  -30.606 0.4000000060
33616  -15.603  -55.854  -30.859 0.4000000060
34644  -14.463  -54.481  -31.541 0.3000000119
30231  -17.241  -58.281  -30.073 0.3000000119
31486  -16.688  -57.786  -30.486 0.3000000119
32593  -16.654  -56.790  -30.492 0.3000000119
134150  -12.432  -60.167  -29.444 0.4000000060
30200  -15.234  -59.322  -28.522 0.3000000119
28926  -16.765  -59.396  -28.699 0.4000000060
33630  -16.083  -55.284  -31.378 0.3000000119
30180  -15.286  -58.835  -27.703 0.3000000119
30167  -17.401  -58.427  -27.046 0.3000000119
19745  -19.117  -67.767  -44.538 0.6000000238
21803  -19.399  -66.213  -44.901 0.5000000000
30375  -21.078  -59.049  -40.146 0.6000000238
29092  -19.473  -59.730  -40.471 0.6000000238
10883  -16.815  -77.389  -48.551 0.5000000000
138295  -18.494  -76.806  -47.584 0.6000000238
10877  -19.059  -77.127  -46.377 0.6999999881
9896  -17.496  -78.399  -44.125 0.6999999881
9897  -18.605  -78.349  -44.012 0.6999999881
12866  -18.369  -76.016  -44.732 0.6999999881
9898  -19.284  -78.084  -43.942 0.6999999881
10841  -19.628  -77.488  -44.214 0.6999999881
16768  -16.960  -71.242  -44.334 0.5000000000
8120  -18.614  -80.668  -43.265 0.6999999881
124997  -16.624  -74.625  -43.831 0.6999999881
12860  -17.343  -75.416  -43.696 0.6999999881
8972  -20.038  -79.965  -43.243 0.6999999881
12839  -19.266  -76.170  -41.757 0.6999999881
129748  -18.673  -68.163  -44.091 0.6000000238
13850  -17.341  -74.713  -41.964 0.6000000238
120801  -19.406  -76.422  -40.396 0.6000000238
132184  -21.176  -78.363  -40.865 0.5000000000
22880  -20.250  -65.969  -46.972 0.6999999881
12827  -18.431  -75.453  -40.671 0.6000000238
8981  -23.355  -79.370  -46.023 0.6000000238
8135  -22.228  -80.602  -47.153 0.6000000238
12829  -19.707  -75.578  -40.419 0.5000000000
13851  -22.314  -74.441  -42.435 0.5000000000
22870  -20.496  -65.228  -46.522 0.6000000238
23862  -21.113  -64.844  -48.523 0.6999999881
20737  -17.628  -67.808  -40.692 0.6000000238
14780  -17.097  -73.554  -40.403 0.5000000000
120145  -18.299  -74.747  -40.553 0.5000000000
13837  -21.104  -74.841  -41.003 0.6000000238
9908  -23.309  -79.041  -47.937 0.6000000238
11855  -24.816  -76.992  -47.565 0.6000000238
12885  -25.170  -75.275  -46.894 0.5000000000
25768  -24.590  -61.591  -46.914 0.6000000238
20713  -22.070  -67.501  -38.509 0.5000000000
26703  -16.749  -61.212  -41.006 0.6000000238
26724  -17.705  -61.255  -43.682 0.6000000238
16700  -20.143  -71.901  -39.985 0.6000000238
27906  -16.197  -60.027  -43.076 0.6000000238
30435  -24.211  -58.074  -45.185 0.8000000119
29139  -16.053  -59.489  -43.837 0.6000000238
17699  -20.733  -70.285  -37.488 0.6000000238
30433  -19.034  -58.779  -44.114 0.6000000238
16667  -21.307  -71.680  -38.264 0.6000000238
30425  -22.816  -58.110  -43.827 0.8000000119
18690  -22.299  -69.734  -37.342 0.6000000238
30422  -20.048  -58.915  -43.610 0.6000000238
30411  -19.170  -58.727  -43.588 0.6999999881
29128  -19.120  -59.223  -42.171 0.6000000238
30373  -17.519  -58.675  -40.242 0.6000000238
29093  -20.461  -59.488  -40.693 0.6999999881
29070  -18.712  -59.672  -39.039 0.6000000238
31588  -20.361  -57.359  -39.226 0.5000000000
30323  -14.694  -58.749  -37.694 0.5000000000
29053  -18.910  -59.614  -38.026 0.6000000238
32674  -19.361  -56.907  -38.135 0.5000000000
30336  -6.887  -58.266  -39.508 0.6999999881
29062  -8.245  -58.886  -39.678 0.6000000238
32681  -8.027  -56.834  -38.440 0.6999999881
32696  -9.584  -56.671  -39.222 0.8000000119
33698  -10.170  -55.535  -37.601 0.6000000238
30303  -7.067  -57.416  -36.939 0.6000000238
34674  -7.478  -54.184  -35.023 0.5000000000
34688  -7.716  -54.617  -35.829 0.5000000000
35691  -11.364  -53.728  -32.793 0.5000000000
30290  -7.786  -58.511  -35.738 0.5000000000
35667  -7.778  -52.651  -31.106 0.5000000000
31546  -12.374  -57.553  -36.084 0.6000000238
31537  -13.056  -58.043  -35.332 0.6000000238
34679  -14.630  -54.844  -34.702 0.5000000000
29005  -8.657  -59.754  -35.101 0.5000000000
33628  -8.565  -55.503  -30.762 0.5000000000
31495  -9.857  -57.121  -31.863 0.6000000238
27751  -10.279  -61.019  -32.750 0.4000000060
27772  -10.950  -60.474  -33.283 0.4000000060
30268  -11.002  -59.558  -33.479 0.4000000060
27740  -12.316  -60.478  -31.526 0.3000000119
30258  -11.634  -59.386  -32.842 0.4000000060
32605  -11.427  -56.820  -30.997 0.5000000000
32590  -11.456  -55.962  -30.377 0.4000000060
122538  -12.802  -58.025  -31.555 0.4000000060
31483  -13.128  -57.218  -30.952 0.4000000060
34630  -12.365  -54.135  -30.317 0.4000000060
35659  -12.104  -53.168  -30.268 0.4000000060
27730  -14.168  -60.368  -30.798 0.3000000119
28967  -13.738  -59.805  -31.829 0.5000000000
30246  -14.258  -59.032  -31.767 0.4000000060
31484  -14.084  -57.222  -30.889 0.5000000000
31498  -13.737  -58.104  -31.481 0.4000000060
35660  -13.006  -53.513  -30.900 0.4000000060
143366  -16.014  -56.392  -30.648 0.5000000000
33615  -14.666  -55.794  -30.705 0.4000000060
28941  -15.733  -59.753  -29.972 0.5000000000
28925  -15.977  -59.556  -29.093 0.5000000000
28957  -16.186  -59.416  -30.373 0.4000000060
33617  -16.640  -55.918  -30.833 0.4000000060
138104  -17.340  -59.171  -29.215 0.4000000060
30201  -16.062  -59.375  -28.104 0.3000000119
30182  -18.043  -58.745  -27.827 0.3000000119
30202  -18.018  -58.801  -28.760 0.3000000119
135732  -21.547  -84.024  -49.789 0.5000000000
5850  -22.316  -84.434  -49.270 0.5000000000
5146  -23.464  -85.368  -47.722 0.5000000000
5851  -23.369  -84.546  -49.098 0.5000000000
5147  -24.570  -85.519  -47.710 0.5000000000
5852  -24.614  -84.290  -49.125 0.5000000000
5847  -26.413  -84.945  -47.985 0.6000000238
135714  -21.470  -82.700  -51.157 0.5000000000
5855  -21.966  -83.189  -50.269 0.5000000000
5856  -22.825  -83.521  -49.973 0.5000000000
5857  -23.753  -83.648  -49.728 0.5000000000
5848  -27.029  -84.117  -47.520 0.6000000238
6572  -25.160  -83.259  -49.362 0.6000000238
5853  -25.735  -84.171  -48.676 0.6000000238
141393  -20.781  -82.318  -51.738 0.4000000060
121565  -16.747  -81.838  -48.611 0.4000000060
7313  -17.996  -81.921  -49.293 0.4000000060
135818  -18.421  -82.391  -51.585 0.5000000000
118762  -18.536  -82.670  -52.008 0.5000000000
119003  -19.668  -81.968  -51.738 0.5000000000
118199  -20.038  -81.836  -51.094 0.5000000000
118194  -20.346  -82.129  -52.215 0.5000000000
118198  -20.778  -81.742  -51.195 0.5000000000
6568  -27.169  -83.302  -47.377 0.6000000238
7307  -26.608  -82.179  -46.751 0.6000000238
118864  -21.549  -82.203  -51.652 0.5000000000
6573  -21.827  -82.248  -51.412 0.5000000000
7320  -21.698  -81.498  -51.662 0.5000000000
6567  -26.354  -82.483  -47.452 0.6000000238
6575  -23.368  -82.253  -50.233 0.5000000000
144395  -24.864  -82.682  -49.797 0.6000000238
129630  -25.742  -82.899  -48.858 0.6000000238
8140  -25.579  -81.196  -48.169 0.6000000238
8137  -25.858  -81.555  -47.179 0.6000000238
8987  -26.185  -79.645  -46.712 0.6999999881
8986  -25.807  -80.458  -47.449 0.6000000238
7304  -16.349  -81.513  -47.014 0.6000000238
7305  -17.389  -81.585  -47.107 0.6000000238
7295  -18.338  -81.453  -46.087 0.6000000238
118203  -19.337  -81.688  -47.637 0.6000000238
7316  -18.882  -82.001  -50.859 0.5000000000
118869  -19.159  -81.839  -49.497 0.5000000000
118200  -19.993  -81.663  -49.317 0.5000000000
119766  -20.780  -81.553  -49.049 0.5000000000
7317  -21.526  -81.189  -51.237 0.5000000000
7297  -28.225  -81.572  -45.418 0.6999999881
7296  -27.397  -81.869  -46.101 0.6000000238
8133  -27.026  -80.752  -45.469 0.8000000119
7321  -22.613  -80.924  -51.218 0.5000000000
7322  -23.409  -80.711  -50.514 0.5000000000
131191  -24.272  -81.943  -49.969 0.6000000238
8138  -26.181  -80.925  -46.253 0.6999999881
8982  -26.449  -79.801  -45.728 0.6999999881
7319  -25.592  -81.785  -49.018 0.6000000238
9907  -26.590  -78.588  -46.987 0.6999999881
8144  -25.658  -80.822  -49.365 0.6000000238
8989  -25.948  -80.245  -48.847 0.6000000238
141890  -26.790  -79.014  -48.974 0.6999999881
127929  -27.422  -77.905  -47.583 0.6000000238
123915  -15.981  -81.291  -46.100 0.5000000000
7294  -17.649  -81.387  -45.872 0.6000000238
142406  -18.912  -81.564  -46.507 0.6000000238
119953  -21.282  -81.356  -50.552 0.5000000000
127380  -22.377  -80.323  -49.775 0.6000000238
8134  -27.947  -80.619  -45.026 0.6999999881
7318  -22.114  -80.673  -50.970 0.5000000000
130454  -27.581  -79.986  -44.605 0.5000000000
127915  -27.547  -79.726  -43.772 0.6000000238
8141  -22.829  -80.103  -50.570 0.6000000238
7323  -24.476  -80.818  -50.038 0.5000000000
8983  -27.045  -79.811  -45.039 0.6000000238
8146  -25.286  -80.380  -49.878 0.5000000000
123066  -26.453  -79.000  -46.070 0.6999999881
8979  -26.621  -78.991  -45.280 0.6000000238
8992  -25.847  -80.021  -49.621 0.5000000000
10868  -27.067  -77.895  -46.693 0.6000000238
10879  -27.805  -77.389  -46.925 0.6000000238
9918  -26.584  -78.379  -49.266 0.5000000000
9914  -27.112  -78.418  -48.949 0.6000000238
124823  -28.063  -77.258  -47.621 0.5000000000
10897  -27.981  -76.748  -48.639 0.5000000000
11874  -29.152  -76.216  -47.616 0.5000000000
122998  -16.080  -81.060  -45.382 0.6000000238
7293  -16.755  -81.305  -45.819 0.6000000238
7285  -15.777  -80.567  -44.701 0.4000000060
8139  -22.468  -80.123  -48.461 0.5000000000
8142  -22.969  -79.547  -49.702 0.5000000000
8980  -26.955  -79.115  -44.365 0.5000000000
8994  -24.362  -79.693  -50.008 0.5000000000
9904  -26.872  -78.374  -44.868 0.5000000000
10856  -27.459  -77.733  -44.536 0.5000000000
9900  -27.196  -78.397  -44.133 0.5000000000
10900  -25.093  -78.081  -49.230 0.5000000000
143039  -27.312  -77.600  -46.186 0.5000000000
11857  -28.552  -76.834  -46.900 0.5000000000
10901  -25.954  -77.699  -49.298 0.6000000238
11879  -26.491  -76.850  -49.471 0.6000000238
11865  -28.542  -76.796  -47.436 0.5000000000
11866  -29.061  -76.268  -47.131 0.6000000238
12912  -27.314  -75.815  -50.022 0.6000000238
12913  -28.309  -75.473  -49.791 0.5000000000
8128  -15.880  -79.781  -44.109 0.4000000060
142224  -23.762  -78.761  -49.859 0.5000000000
10857  -28.007  -77.145  -44.165 0.5000000000
9912  -24.512  -78.319  -49.465 0.5000000000
144598  -25.330  -77.536  -49.143 0.5000000000
11858  -29.132  -76.365  -46.430 0.5000000000
11843  -28.609  -76.645  -44.773 0.5000000000
11844  -29.281  -76.284  -44.295 0.5000000000
12862  -29.945  -75.804  -43.784 0.5000000000
142775  -31.444  -74.828  -43.767 0.5000000000
12910  -26.000  -76.117  -49.789 0.6000000238
131776  -26.488  -75.390  -50.404 0.6000000238
141564  -31.505  -75.535  -48.446 0.5000000000
125173  -26.712  -74.357  -51.168 0.5000000000
14863  -28.202  -73.946  -50.536 0.5000000000
121599  -25.678  -75.018  -48.470 0.5000000000
11850  -29.210  -76.343  -45.390 0.5000000000
12878  -29.707  -75.924  -45.874 0.5000000000
12879  -30.298  -75.406  -45.181 0.5000000000
13861  -30.899  -74.988  -44.433 0.5000000000
122697  -25.813  -74.473  -49.651 0.6000000238
12886  -29.886  -75.804  -46.964 0.5000000000
12887  -30.402  -75.400  -46.253 0.5000000000
13874  -31.685  -74.732  -45.826 0.5000000000
122871  -31.836  -74.542  -44.673 0.5000000000
136668  -32.885  -74.198  -44.813 0.5000000000
13910  -26.107  -75.008  -51.184 0.5000000000
12896  -30.810  -75.678  -47.757 0.5000000000
132162  -31.633  -75.590  -48.213 0.5000000000
126081  -25.363  -75.327  -47.563 0.5000000000
13895  -32.714  -74.993  -47.765 0.5000000000
13885  -32.104  -74.855  -46.751 0.5000000000
13875  -32.482  -74.487  -45.751 0.5000000000
14833  -34.278  -73.817  -46.003 0.4000000060
13886  -33.054  -74.548  -46.778 0.4000000060
18810  -18.830  -69.071  -49.087 0.4000000060
26676  -15.626  -61.246  -39.515 0.5000000000
26653  -13.721  -61.237  -38.133 0.5000000000
26666  -14.509  -61.520  -38.466 0.5000000000
139106  -12.576  -61.212  -37.300 0.5000000000
27830  -13.125  -60.974  -37.738 0.5000000000
26667  -15.492  -61.797  -38.681 0.5000000000
27839  -6.278  -59.905  -38.929 0.5000000000
143860  -5.655  -59.750  -38.693 0.5000000000
30321  -5.649  -58.378  -37.692 0.5000000000
10887  -24.864  -77.495  -48.619 0.5000000000
10895  -24.905  -77.901  -49.132 0.5000000000
6571  -26.457  -83.567  -48.034 0.6000000238
7314  -25.848  -82.182  -48.008 0.6000000238
138111  -25.338  -81.210  -49.686 0.6000000238
8990  -26.312  -79.388  -48.100 0.6999999881
7306  -18.414  -81.683  -47.389 0.6000000238
8145  -23.489  -79.780  -50.306 0.5000000000
8993  -26.262  -79.504  -49.209 0.6000000238
9910  -27.622  -77.865  -48.269 0.6000000238
10896  -27.479  -77.632  -48.642 0.6000000238
8130  -28.085  -80.639  -44.465 0.6999999881
8143  -23.653  -79.135  -50.013 0.5000000000
8995  -25.131  -79.493  -49.753 0.5000000000
10902  -26.961  -77.832  -49.260 0.6000000238
127935  -27.291  -77.160  -49.157 0.6000000238
10888  -28.033  -77.248  -47.954 0.5000000000
12895  -29.907  -75.801  -47.551 0.5000000000
122695  -27.943  -77.081  -46.109 0.5000000000
10870  -27.922  -77.013  -45.138 0.5000000000
11878  -25.696  -76.889  -49.408 0.5000000000
134782  -27.894  -74.664  -50.317 0.5000000000
11873  -25.343  -77.201  -49.069 0.5000000000
13909  -26.057  -75.378  -50.455 0.5000000000
13904  -25.917  -75.403  -49.734 0.5000000000
13884  -31.207  -75.082  -46.567 0.5000000000
137954  -30.757  -75.515  -47.166 0.5000000000
12888  -31.688  -75.426  -47.693 0.5000000000
13876  -33.445  -74.184  -45.813 0.5000000000
12907  -32.445  -75.276  -48.313 0.4000000060
13887  -33.994  -74.248  -46.816 0.4000000060
126407  -28.952  -79.776  -40.238 0.5000000000
8942  -28.503  -79.108  -40.583 0.6000000238
9859  -28.118  -78.482  -41.019 0.6000000238
8951  -27.702  -79.663  -41.665 0.6000000238
7267  -28.056  -81.235  -41.958 0.4000000060
10812  -28.612  -77.558  -41.211 0.4000000060
10846  -28.100  -77.258  -43.185 0.4000000060
10828  -28.258  -77.341  -42.181 0.5000000000
9877  -27.733  -78.886  -41.730 0.6000000238
10827  -27.699  -78.057  -42.697 0.5000000000
10845  -27.616  -77.881  -43.686 0.4000000060
8103  -27.803  -80.363  -42.414 0.5000000000
9895  -27.360  -78.761  -43.451 0.5000000000
8124  -27.981  -80.568  -43.570 0.6000000238
7290  -28.719  -81.326  -44.974 0.6000000238
6558  -28.909  -82.188  -45.308 0.6000000238
6563  -28.468  -82.558  -46.095 0.6000000238
6562  -27.943  -82.878  -46.987 0.6000000238
5835  -28.385  -83.384  -46.583 0.6000000238
5843  -27.595  -83.713  -47.092 0.5000000000
5842  -26.907  -84.577  -47.175 0.5000000000
5144  -25.999  -85.129  -47.469 0.4000000060
5143  -25.077  -85.318  -47.280 0.5000000000
14828  -33.840  -73.878  -44.833 0.3000000119
143681  -22.027  -84.988  -48.681 0.4000000060
121249  -23.018  -68.961  -37.889 0.4000000060
17702  -23.835  -70.632  -37.209 0.4000000060
140728  -23.137  -70.933  -37.162 0.5000000000
33689  -18.178  -55.911  -37.094 0.5000000000
33688  -17.665  -55.696  -36.372 0.5000000000
120678  -17.818  -54.983  -37.512 0.5000000000
33678  -16.926  -55.109  -35.942 0.4000000060
131716  -15.397  -54.782  -35.117 0.4000000060
37622  -18.137  -51.994  -38.344 0.4000000060
34678  -14.274  -53.997  -34.697 0.4000000060
35706  -14.658  -53.190  -35.161 0.4000000060
34692  -15.743  -54.011  -35.640 0.4000000060
34677  -13.539  -54.105  -34.154 0.4000000060
35699  -13.932  -53.203  -34.618 0.4000000060
36679  -16.552  -52.293  -37.157 0.4000000060
35698  -13.198  -53.272  -33.984 0.4000000060
130940  -13.813  -51.866  -34.602 0.4000000060
37587  -16.040  -51.150  -36.019 0.4000000060
36657  -12.674  -52.340  -33.763 0.4000000060
133196  -13.256  -51.723  -34.216 0.4000000060
36656  -11.690  -52.670  -33.059 0.4000000060
37561  -11.800  -51.602  -33.358 0.4000000060
124527  -9.011  -51.909  -29.564 0.3000000119
37532  -9.153  -51.371  -30.715 0.4000000060
128632  -11.375  -52.820  -29.757 0.3000000119
36607  -10.878  -52.077  -29.572 0.3000000119
38438  -9.625  -50.754  -30.580 0.3000000119
38429  -9.994  -50.946  -30.018 0.3000000119
35725  -17.033  -53.213  -38.003 0.4000000060
35724  -16.659  -52.969  -37.307 0.4000000060
34693  -16.553  -54.066  -36.248 0.4000000060
34701  -17.270  -54.519  -36.876 0.4000000060
35717  -16.285  -52.812  -36.646 0.4000000060
36670  -15.085  -52.523  -35.583 0.4000000060
37596  -17.364  -51.055  -37.095 0.4000000060
37594  -15.667  -51.900  -36.009 0.4000000060
37586  -14.917  -51.752  -35.368 0.4000000060
36663  -14.336  -52.345  -34.950 0.4000000060
8927  -33.891  -79.191  -39.014 0.3000000119
9837  -33.887  -78.604  -39.659 0.3000000119
8928  -34.257  -80.131  -39.258 0.4000000060
8933  -33.953  -79.691  -40.189 0.4000000060
7253  -34.615  -81.935  -40.126 0.3000000119
8934  -34.254  -80.555  -40.054 0.3000000119
8088  -33.818  -80.561  -40.664 0.4000000060
132893  -34.637  -82.710  -40.136 0.3000000119
6511  -34.163  -81.960  -40.495 0.3000000119
126118  -33.194  -80.982  -41.053 0.3000000119
6510  -34.058  -82.494  -40.518 0.3000000119
7260  -33.435  -81.686  -40.716 0.3000000119
8097  -32.873  -80.870  -41.116 0.3000000119
6509  -33.623  -82.511  -40.445 0.3000000119
7252  -32.778  -82.113  -40.297 0.3000000119
7259  -32.515  -81.334  -40.607 0.3000000119
6500  -32.991  -82.926  -39.870 0.3000000119
131516  -31.916  -82.415  -39.563 0.3000000119
8087  -31.716  -81.050  -40.254 0.3000000119
5092  -32.520  -84.531  -38.773 0.3000000119
6499  -31.916  -83.393  -39.125 0.3000000119
7250  -31.199  -81.938  -39.555 0.3000000119
8086  -31.059  -81.275  -39.729 0.3000000119
5103  -31.410  -84.225  -38.983 0.4000000060
8946  -33.583  -79.887  -41.158 0.3000000119
7245  -34.848  -81.620  -38.362 0.4000000060
8098  -33.281  -80.527  -41.118 0.4000000060
126777  -34.910  -82.261  -39.392 0.3000000119
134630  -32.969  -80.503  -41.312 0.4000000060
6501  -34.062  -83.220  -40.253 0.3000000119
8105  -32.519  -80.092  -41.424 0.4000000060
8096  -32.128  -80.618  -40.864 0.4000000060
5756  -33.717  -84.360  -38.974 0.3000000119
8095  -30.936  -80.429  -40.134 0.4000000060
124073  -32.568  -85.508  -38.498 0.3000000119
5093  -33.307  -85.209  -38.356 0.4000000060
8085  -30.244  -81.104  -39.775 0.4000000060
7258  -29.562  -81.463  -39.931 0.3000000119
4442  -32.989  -86.027  -37.843 0.3000000119
9852  -33.959  -79.207  -40.884 0.3000000119
9853  -34.230  -78.779  -41.528 0.3000000119
10800  -34.660  -77.992  -40.712 0.3000000119
127013  -33.619  -79.296  -41.795 0.3000000119
9863  -33.289  -79.058  -42.239 0.3000000119
7242  -35.281  -81.977  -37.045 0.4000000060
8106  -33.060  -79.810  -41.591 0.3000000119
6493  -35.204  -83.088  -39.177 0.3000000119
6488  -35.252  -82.578  -38.247 0.4000000060
8953  -32.543  -79.384  -41.989 0.4000000060
140922  -31.976  -79.550  -41.690 0.4000000060
9861  -31.830  -78.945  -41.981 0.4000000060
5757  -34.457  -84.104  -38.971 0.3000000119
5081  -34.968  -84.749  -36.840 0.3000000119
8945  -31.658  -79.940  -41.071 0.4000000060
9851  -31.249  -79.147  -41.209 0.4000000060
5094  -34.109  -84.871  -38.241 0.3000000119
4418  -34.549  -85.168  -36.231 0.3000000119
126148  -30.325  -79.021  -40.501 0.4000000060
10799  -29.715  -77.670  -40.824 0.5000000000
5080  -34.427  -85.233  -37.213 0.3000000119
126624  -30.002  -79.704  -40.138 0.4000000060
8943  -29.390  -79.034  -40.336 0.4000000060
9848  -28.903  -78.306  -40.615 0.5000000000
132175  -31.886  -86.992  -37.992 0.3000000119
9864  -34.177  -78.543  -42.459 0.3000000119
10816  -34.976  -78.461  -42.166 0.3000000119
7229  -35.485  -82.894  -36.041 0.4000000060
9879  -31.615  -77.999  -41.822 0.4000000060
10815  -31.132  -76.810  -41.477 0.4000000060
6472  -35.596  -83.607  -36.579 0.4000000060
9860  -30.725  -77.693  -41.258 0.4000000060
10814  -30.191  -76.950  -41.249 0.5000000000
11827  -29.543  -76.217  -42.249 0.4000000060
5068  -35.230  -84.463  -35.880 0.3000000119
10813  -29.394  -77.005  -41.280 0.4000000060
121741  -33.825  -85.585  -35.939 0.3000000119
11826  -28.807  -76.726  -42.711 0.4000000060
11840  -29.395  -76.224  -43.234 0.4000000060
4428  -33.869  -85.813  -36.587 0.3000000119
3808  -32.590  -86.861  -37.340 0.3000000119
3794  -32.225  -87.277  -36.594 0.3000000119
139882  -33.727  -78.391  -42.707 0.3000000119
9862  -32.635  -78.510  -42.342 0.3000000119
10829  -32.205  -77.176  -41.942 0.3000000119
6460  -35.435  -83.772  -35.271 0.4000000060
11817  -30.922  -75.991  -41.627 0.5000000000
12851  -30.155  -75.714  -42.707 0.4000000060
5054  -34.563  -84.731  -35.564 0.4000000060
5066  -32.835  -85.537  -35.815 0.3000000119
5067  -33.742  -85.310  -35.698 0.3000000119
129135  -33.280  -85.984  -35.781 0.3000000119
3784  -32.380  -86.972  -36.138 0.3000000119
3177  -31.080  -87.959  -36.447 0.3000000119
3783  -31.713  -87.419  -36.320 0.3000000119
10830  -33.263  -77.666  -42.599 0.3000000119
11829  -31.718  -76.083  -41.767 0.4000000060
12852  -31.091  -75.492  -42.205 0.4000000060
120764  -31.604  -85.530  -36.172 0.3000000119
4426  -30.454  -84.827  -36.663 0.3000000119
131951  -31.657  -86.870  -36.099 0.3000000119
126680  -30.639  -85.956  -36.467 0.3000000119
5079  -29.757  -85.145  -37.007 0.3000000119
5078  -28.975  -85.433  -37.397 0.3000000119
4425  -29.774  -86.295  -36.789 0.3000000119
4415  -30.644  -87.119  -36.334 0.3000000119
13854  -32.592  -74.996  -42.904 0.3000000119
13853  -31.703  -75.062  -42.956 0.4000000060
4440  -28.120  -85.674  -37.798 0.3000000119
3792  -27.933  -86.766  -37.576 0.3000000119
12855  -34.991  -75.778  -43.016 0.3000000119
13855  -33.499  -75.042  -43.010 0.3000000119
13863  -32.933  -74.514  -43.453 0.3000000119
13856  -34.404  -74.917  -43.102 0.3000000119
13864  -33.708  -74.412  -43.447 0.3000000119
14817  -34.004  -73.961  -43.922 0.3000000119
128655  -16.471  -55.748  -35.301 0.5000000000
37548  -10.128  -50.861  -32.160 0.5000000000
37549  -10.921  -51.838  -32.655 0.4000000060
33677  -16.153  -54.838  -35.540 0.4000000060
7279  -28.687  -81.377  -44.394 0.6000000238
8976  -27.702  -79.741  -42.981 0.5000000000
11839  -28.690  -76.705  -43.729 0.4000000060
12863  -30.779  -75.264  -43.395 0.4000000060
13862  -32.158  -74.654  -43.588 0.4000000060
121319  -33.270  -74.105  -44.028 0.3000000119
33701  -18.336  -55.517  -37.977 0.5000000000
34709  -17.330  -54.008  -38.153 0.4000000060
36687  -16.978  -52.495  -37.781 0.4000000060
8080  -34.576  -81.197  -39.479 0.3000000119
5764  -33.336  -83.720  -39.429 0.3000000119
131205  -34.841  -81.031  -37.509 0.4000000060
8944  -30.852  -79.632  -40.550 0.4000000060
7243  -35.519  -82.919  -37.207 0.4000000060
6489  -35.435  -83.399  -37.890 0.3000000119
5095  -34.814  -84.492  -37.896 0.3000000119
4417  -33.109  -86.364  -36.184 0.3000000119
11828  -30.299  -75.908  -41.885 0.4000000060
3795  -32.725  -86.860  -36.530 0.3000000119
132298  -32.165  -75.505  -42.312 0.4000000060
119958  -33.176  -84.434  -35.762 0.3000000119
3176  -30.508  -87.955  -36.347 0.3000000119
12853  -33.205  -75.738  -42.593 0.3000000119
4424  -28.892  -86.811  -37.041 0.3000000119
143071  -27.633  -84.016  -46.703 0.5000000000
126520  -26.612  -84.130  -45.864 0.5000000000
5821  -28.576  -83.526  -45.900 0.5000000000
6548  -29.218  -82.601  -45.010 0.5000000000
7270  -28.339  -81.348  -43.235 0.4000000060
14858  -25.442  -73.325  -49.235 0.4000000060
8104  -27.849  -80.300  -41.187 0.5000000000
7257  -28.769  -81.488  -40.433 0.3000000119
6497  -30.003  -82.890  -39.711 0.3000000119
8094  -29.497  -80.616  -39.964 0.4000000060
5763  -30.716  -83.573  -39.308 0.3000000119
7249  -30.296  -81.915  -39.677 0.3000000119
5734  -34.230  -84.588  -35.430 0.3000000119
5733  -34.028  -83.834  -35.256 0.3000000119
5722  -34.831  -84.137  -34.948 0.3000000119
8077  -34.569  -80.602  -38.393 0.3000000119
6457  -33.670  -82.937  -35.125 0.3000000119
6459  -35.097  -83.188  -34.665 0.3000000119
7214  -35.342  -82.923  -34.978 0.3000000119
7228  -35.295  -82.049  -35.524 0.3000000119
8070  -34.958  -81.063  -36.385 0.3000000119
122671  -35.010  -81.189  -35.072 0.3000000119
6458  -34.716  -83.307  -34.643 0.3000000119
7213  -34.982  -82.177  -34.566 0.3000000119
8924  -33.906  -79.110  -37.945 0.3000000119
6447  -34.645  -82.401  -34.502 0.3000000119
8925  -34.440  -80.104  -37.339 0.3000000119
8919  -34.625  -80.195  -35.990 0.3000000119
5142  -23.980  -85.426  -47.230 0.3000000119
129717  -29.147  -81.892  -44.831 0.4000000060
5822  -29.027  -82.986  -45.842 0.5000000000
6508  -29.367  -82.222  -40.085 0.3000000119
38534  -17.450  -50.513  -36.486 0.3000000119
38533  -16.756  -50.801  -36.418 0.3000000119
141634  -12.602  -50.675  -33.787 0.3000000119
5137  -25.699  -84.797  -46.783 0.4000000060
121937  -25.142  -83.634  -44.645 0.4000000060
135084  -27.145  -85.345  -42.517 0.4000000060
5785  -26.377  -83.912  -42.506 0.4000000060
5120  -27.495  -84.239  -43.409 0.4000000060
123837  -28.620  -84.044  -44.532 0.4000000060
5807  -29.350  -83.244  -44.363 0.4000000060
5805  -27.301  -83.805  -44.340 0.4000000060
5820  -27.685  -83.775  -45.261 0.4000000060
5806  -28.953  -83.565  -45.239 0.4000000060
3842  -26.217  -87.258  -42.810 0.3000000119
4469  -27.747  -86.292  -43.084 0.4000000060
5795  -28.933  -84.548  -44.199 0.4000000060
5117  -26.970  -84.482  -42.594 0.4000000060
120140  -26.807  -83.772  -43.388 0.4000000060
3832  -26.690  -86.323  -42.466 0.3000000119
5118  -27.950  -84.863  -43.326 0.4000000060
3237  -27.702  -87.680  -43.313 0.3000000119
4470  -28.333  -85.610  -43.316 0.3000000119
127063  -28.604  -86.269  -43.297 0.3000000119
5796  -29.990  -83.725  -43.878 0.3000000119
5786  -29.743  -83.478  -42.964 0.3000000119
140550  -29.696  -83.986  -44.341 0.3000000119
6521  -28.998  -82.745  -42.199 0.3000000119
7268  -28.412  -81.916  -41.460 0.3000000119
7271  -28.699  -82.119  -42.787 0.3000000119
6537  -29.533  -82.956  -43.552 0.3000000119
6549  -29.295  -82.177  -44.203 0.3000000119
5053  -21.256  -84.140  -35.625 0.3000000119
5744  -29.404  -83.464  -37.333 0.3000000119
6468  -22.477  -82.149  -36.574 0.3000000119
6469  -23.122  -82.367  -37.176 0.3000000119
6481  -24.822  -82.339  -37.870 0.3000000119
125074  -26.277  -81.788  -37.895 0.3000000119
6483  -26.750  -82.591  -37.987 0.3000000119
6484  -27.780  -82.568  -37.728 0.3000000119
7239  -28.253  -81.852  -37.543 0.3000000119
6486  -29.601  -82.560  -37.274 0.3000000119
7224  -23.742  -81.044  -37.126 0.3000000119
8072  -24.604  -80.831  -37.311 0.3000000119
7237  -25.358  -81.464  -37.744 0.3000000119
123628  -26.309  -81.007  -37.626 0.3000000119
121365  -27.224  -81.634  -37.681 0.3000000119
5121  -30.003  -84.442  -43.886 0.3000000119
5062  -21.757  -83.637  -36.278 0.3000000119
5741  -24.383  -83.187  -37.802 0.3000000119
5730  -22.510  -83.174  -36.857 0.3000000119
6480  -23.948  -82.431  -37.532 0.3000000119
7236  -24.331  -81.619  -37.522 0.3000000119
123314  -24.870  -80.233  -36.916 0.3000000119
3193  -31.036  -88.244  -36.935 0.3000000119
3194  -31.627  -87.695  -36.737 0.3000000119
3782  -31.174  -87.548  -36.336 0.3000000119
3843  -27.254  -87.136  -43.173 0.3000000119
4416  -32.598  -86.375  -35.947 0.3000000119
4427  -33.261  -86.403  -36.917 0.3000000119
5145  -22.905  -85.186  -48.414 0.5000000000
5148  -25.561  -85.388  -47.782 0.6000000238
5150  -23.992  -85.080  -48.263 0.5000000000
5723  -35.117  -83.780  -34.794 0.3000000119
5735  -35.581  -84.062  -36.096 0.4000000060
5746  -35.449  -84.142  -37.122 0.3000000119
5758  -35.092  -83.772  -38.563 0.3000000119
5765  -34.153  -83.804  -39.649 0.3000000119
5766  -34.633  -83.428  -39.604 0.3000000119
5834  -27.886  -83.798  -46.118 0.5000000000
5846  -25.295  -85.228  -48.337 0.5000000000
6482  -25.744  -82.380  -38.073 0.3000000119
6485  -28.736  -82.635  -37.507 0.3000000119
6498  -30.960  -82.653  -39.398 0.3000000119
6574  -22.399  -82.107  -50.965 0.5000000000
6576  -24.425  -83.093  -49.810 0.6000000238
6577  -25.175  -82.135  -49.629 0.6000000238
6578  -21.498  -82.063  -51.849 0.5000000000
7235  -23.612  -81.773  -37.286 0.3000000119
7251  -31.874  -81.655  -39.940 0.3000000119
7261  -33.652  -81.204  -40.724 0.3000000119
7278  -19.758  -81.164  -43.985 0.6999999881
7324  -21.593  -82.063  -51.703 0.5000000000
8089  -34.253  -81.275  -40.364 0.3000000119
8093  -28.451  -80.526  -40.463 0.5000000000
8108  -17.016  -79.773  -42.715 0.6999999881
8136  -22.635  -80.160  -46.708 0.6000000238
8940  -20.052  -78.920  -40.856 0.6999999881
8941  -20.396  -78.808  -40.864 0.6999999881
8952  -27.868  -79.349  -41.012 0.6000000238
8956  -17.331  -79.366  -42.721 0.6999999881
8959  -19.843  -79.297  -43.031 0.6999999881
8961  -21.471  -79.046  -43.119 0.6000000238
8962  -22.110  -79.042  -43.003 0.5000000000
8963  -27.652  -79.503  -42.278 0.5000000000
8971  -16.705  -79.299  -42.965 0.6999999881
8977  -22.944  -79.794  -45.226 0.6000000238
8988  -22.913  -79.500  -48.277 0.5000000000
8996  -25.881  -79.292  -49.529 0.5000000000
9838  -34.184  -78.498  -40.462 0.3000000119
9847  -20.477  -78.480  -40.679 0.6000000238
9849  -29.777  -78.444  -40.538 0.4000000060
9850  -30.547  -78.376  -40.882 0.4000000060
9857  -21.103  -78.509  -41.268 0.6999999881
9870  -18.060  -79.125  -42.726 0.6999999881
9878  -27.889  -78.068  -41.747 0.5000000000
9891  -19.550  -78.049  -43.300 0.6999999881
9899  -23.880  -78.312  -44.920 0.4000000060
9903  -26.776  -78.289  -45.872 0.6000000238
9909  -23.751  -78.416  -48.293 0.6000000238
9911  -23.936  -78.435  -49.513 0.5000000000
9913  -26.523  -78.948  -49.250 0.5000000000
9915  -24.301  -78.876  -49.831 0.5000000000
9916  -25.037  -78.732  -49.515 0.5000000000
9917  -25.854  -78.522  -49.388 0.6000000238
10797  -19.734  -78.160  -40.629 0.6000000238
10798  -19.903  -78.050  -40.500 0.6000000238
10810  -21.662  -77.887  -40.872 0.5000000000
10854  -23.939  -78.025  -44.015 0.4000000060
10869  -27.303  -77.626  -45.414 0.5000000000
10885  -18.456  -77.052  -47.140 0.6000000238
11804  -19.932  -77.150  -40.413 0.6000000238
11814  -28.983  -76.773  -41.794 0.4000000060
11815  -29.761  -76.448  -41.615 0.4000000060
11816  -30.444  -76.354  -41.508 0.4000000060
11822  -19.350  -76.558  -42.892 0.6999999881
11841  -19.762  -77.071  -44.624 0.6999999881
11847  -19.635  -77.025  -45.294 0.6999999881
11849  -28.662  -76.700  -45.865 0.5000000000
11880  -28.030  -76.146  -49.375 0.5000000000
12826  -17.784  -74.901  -40.830 0.6000000238
12838  -18.536  -75.945  -40.837 0.6000000238
12854  -34.347  -76.030  -42.914 0.3000000119
12869  -29.767  -75.889  -44.807 0.5000000000
12870  -30.315  -75.459  -44.302 0.5000000000
12883  -18.897  -76.281  -46.589 0.6999999881
12884  -25.098  -75.664  -46.261 0.5000000000
12892  -18.375  -75.930  -48.213 0.6000000238
12894  -25.396  -75.826  -48.165 0.5000000000
12903  -25.641  -76.182  -49.101 0.5000000000
12905  -30.809  -75.685  -48.229 0.5000000000
12909  -18.115  -75.958  -50.256 0.5000000000
12911  -26.515  -75.970  -49.961 0.6000000238
13833  -16.822  -74.026  -40.869 0.6000000238
13841  -17.234  -74.611  -41.123 0.6000000238
13869  -32.581  -74.333  -44.066 0.4000000060
13873  -30.992  -74.941  -45.478 0.5000000000
13894  -18.224  -75.478  -48.804 0.6000000238
13911  -27.127  -75.113  -50.496 0.6000000238
14791  -16.562  -73.520  -41.362 0.6000000238
14800  -16.370  -73.229  -42.622 0.6999999881
14822  -16.536  -73.403  -44.946 0.6999999881
15702  -17.315  -72.674  -40.015 0.5000000000
15780  -16.792  -72.927  -45.760 0.6999999881
15790  -17.161  -72.494  -46.530 0.6000000238
16648  -20.959  -71.052  -37.770 0.6000000238
16649  -21.771  -71.376  -37.564 0.5000000000
16680  -18.294  -71.249  -39.170 0.6000000238
16696  -16.353  -71.950  -40.422 0.5000000000
16737  -16.261  -71.722  -42.300 0.6000000238
16751  -16.422  -71.653  -43.138 0.6000000238
17701  -22.437  -70.702  -37.235 0.5000000000
17730  -19.739  -71.042  -38.682 0.6000000238
17784  -17.659  -70.546  -44.578 0.6000000238
17811  -18.264  -70.722  -46.306 0.6000000238
17812  -18.647  -70.314  -47.085 0.6000000238
18687  -19.948  -69.092  -37.563 0.6000000238
18689  -21.336  -69.607  -37.331 0.6000000238
18691  -23.332  -69.919  -37.374 0.4000000060
18734  -17.138  -69.315  -42.607 0.6000000238
18759  -17.985  -69.672  -44.383 0.6000000238
18760  -18.741  -69.333  -44.880 0.6000000238
19700  -17.339  -68.495  -40.058 0.6000000238
19760  -18.996  -68.712  -47.155 0.5000000000
19773  -19.249  -67.786  -48.185 0.6000000238
20710  -18.999  -67.563  -38.519 0.6000000238
20728  -21.661  -66.750  -38.889 0.5000000000
20771  -19.085  -66.859  -44.211 0.5000000000
20816  -19.895  -67.075  -49.258 0.6000000238
21724  -22.445  -66.194  -38.880 0.5000000000
21734  -18.863  -66.659  -40.873 0.6000000238
21736  -20.855  -66.160  -40.387 0.5000000000
21738  -22.221  -65.789  -40.277 0.5000000000
21751  -18.460  -66.631  -41.675 0.6000000238
21752  -19.326  -66.204  -41.390 0.5000000000
21755  -21.954  -65.802  -40.696 0.5000000000
21841  -20.625  -65.619  -49.314 0.6000000238
22842  -22.463  -64.750  -41.914 0.5000000000
22851  -20.405  -64.842  -43.167 0.5000000000
22881  -20.874  -65.451  -47.878 0.6999999881
23820  -22.536  -64.487  -42.933 0.6000000238
23833  -19.933  -64.997  -43.758 0.6000000238
23836  -22.798  -64.619  -43.724 0.6000000238
23843  -20.754  -64.563  -44.840 0.6000000238
23845  -23.294  -64.454  -44.122 0.6000000238
23852  -21.226  -64.085  -45.291 0.6000000238
23868  -20.931  -64.877  -49.116 0.6000000238
24746  -22.638  -64.206  -41.600 0.5000000000
24762  -22.705  -63.527  -42.183 0.6999999881
24781  -21.888  -63.802  -44.805 0.5000000000
24782  -22.793  -63.666  -44.874 0.6000000238
24788  -23.500  -63.157  -46.365 0.6000000238
24790  -21.727  -63.360  -47.068 0.6000000238
24796  -21.117  -63.717  -48.288 0.6999999881
24801  -20.785  -64.100  -48.760 0.6000000238
25761  -23.566  -63.426  -44.628 0.6000000238
25772  -23.069  -62.418  -47.408 0.6000000238
25773  -23.905  -62.037  -47.447 0.6000000238
26651  -11.854  -61.636  -36.972 0.5000000000
26652  -13.287  -61.734  -37.495 0.5000000000
26675  -14.840  -61.032  -39.174 0.6000000238
26691  -15.566  -60.868  -40.320 0.6000000238
26693  -17.314  -61.782  -40.311 0.6000000238
26707  -22.455  -61.748  -42.063 0.5000000000
26720  -23.408  -61.356  -43.722 0.8000000119
26730  -17.279  -61.134  -44.806 0.6000000238
26731  -17.758  -61.683  -45.523 0.6000000238
26732  -24.197  -61.752  -45.304 0.6999999881
26734  -17.411  -61.066  -45.405 0.6000000238
26737  -25.211  -60.555  -46.953 0.6999999881
26742  -24.420  -61.468  -47.305 0.6000000238
26743  -25.032  -60.973  -47.248 0.6999999881
26744  -19.667  -62.209  -47.915 0.5000000000
27713  -11.863  -60.630  -30.635 0.4000000060
27729  -13.516  -60.476  -30.549 0.4000000060
27741  -13.437  -60.361  -31.314 0.3000000119
27742  -14.195  -60.221  -31.331 0.5000000000
27752  -11.090  -60.820  -32.580 0.4000000060
27753  -11.519  -60.371  -32.783 0.4000000060
27754  -12.052  -60.234  -32.260 0.3000000119
27838  -5.175  -59.591  -38.335 0.5000000000
27845  -12.519  -59.849  -38.827 0.6000000238
27857  -13.218  -60.116  -39.241 0.6000000238
27874  -13.549  -60.003  -39.983 0.6000000238
27875  -14.274  -60.004  -40.414 0.6000000238
27876  -15.109  -59.982  -40.824 0.6000000238
27890  -15.570  -59.597  -41.712 0.6999999881
27892  -16.962  -60.545  -42.457 0.6000000238
27908  -22.718  -60.676  -42.224 0.6000000238
27917  -16.206  -60.076  -43.841 0.6000000238
27926  -16.976  -60.571  -44.830 0.6000000238
27929  -25.042  -60.289  -45.269 0.6999999881
27932  -18.802  -60.451  -46.027 0.5000000000
27935  -25.279  -60.481  -46.018 0.6999999881
27936  -25.277  -60.271  -46.451 0.6999999881
27937  -18.208  -61.133  -46.613 0.5000000000
27940  -21.815  -60.682  -46.793 0.6999999881
27941  -23.076  -60.635  -46.779 0.6000000238
27943  -25.051  -60.435  -47.150 0.6999999881
27946  -23.805  -61.085  -47.358 0.6000000238
28909  -16.916  -59.076  -27.730 0.3000000119
28938  -12.934  -59.932  -29.086 0.4000000060
28939  -14.301  -59.938  -29.469 0.4000000060
28940  -14.822  -60.130  -30.284 0.4000000060
28942  -16.596  -59.410  -29.689 0.4000000060
28956  -15.400  -59.764  -30.657 0.5000000000
28968  -14.571  -59.715  -31.519 0.5000000000
28969  -15.145  -59.641  -31.192 0.5000000000
28995  -9.991  -59.656  -34.427 0.4000000060
28997  -11.369  -60.003  -33.319 0.4000000060
29006  -9.358  -59.684  -34.797 0.4000000060
29017  -17.037  -59.076  -35.543 0.6000000238
29027  -17.109  -59.356  -36.088 0.6000000238
29036  -16.744  -59.464  -36.893 0.6000000238
29038  -18.837  -59.408  -37.185 0.6000000238
29039  -19.367  -59.262  -37.720 0.5000000000
29044  -5.867  -59.172  -38.811 0.5000000000
29045  -6.565  -58.967  -39.246 0.6999999881
29048  -9.895  -59.297  -39.079 0.6999999881
29049  -10.838  -59.179  -38.845 0.6000000238
29050  -11.660  -59.380  -38.798 0.6000000238
29054  -19.353  -59.466  -38.639 0.6000000238
29061  -7.331  -58.912  -39.559 0.6999999881
29068  -17.338  -59.475  -38.726 0.6000000238
29069  -17.836  -59.412  -39.399 0.6000000238
29071  -19.291  -59.817  -39.606 0.6000000238
29072  -20.166  -59.590  -39.851 0.6000000238
29087  -12.596  -58.759  -40.414 0.6999999881
29094  -21.443  -59.183  -41.014 0.6999999881
29107  -13.975  -58.640  -41.014 0.6999999881
29108  -14.572  -58.805  -41.897 0.8000000119
29109  -14.857  -59.134  -42.534 0.6999999881
29110  -15.551  -59.461  -42.768 0.6999999881
29111  -18.739  -59.206  -41.284 0.6000000238
29125  -14.765  -58.801  -42.728 0.8000000119
29138  -15.521  -58.916  -43.454 0.6000000238
29140  -16.715  -59.325  -44.103 0.6000000238
29141  -20.734  -59.080  -43.931 0.6000000238
29142  -24.259  -59.363  -43.248 0.6999999881
29148  -17.170  -59.868  -44.671 0.6000000238
29155  -25.223  -58.910  -45.273 0.8000000119
29156  -18.362  -60.176  -45.486 0.6000000238
29159  -23.943  -58.837  -45.766 0.8000000119
29160  -24.730  -59.025  -45.866 0.8000000119
29162  -25.132  -59.536  -46.048 0.8000000119
29166  -24.937  -59.708  -46.559 0.6999999881
30179  -14.488  -58.767  -28.041 0.3000000119
30217  -17.109  -59.026  -29.954 0.3000000119
30280  -14.755  -58.209  -34.537 0.5000000000
30281  -15.590  -58.263  -34.541 0.5000000000
30289  -6.894  -58.253  -36.349 0.5000000000
30292  -16.222  -58.925  -35.034 0.6000000238
30304  -13.529  -58.509  -36.072 0.5000000000
30308  -17.580  -58.594  -35.677 0.6000000238
30324  -15.647  -59.290  -37.067 0.5000000000
30349  -7.597  -58.186  -39.693 0.6999999881
30350  -8.549  -58.143  -39.656 0.6999999881
30351  -10.274  -57.995  -39.678 0.6999999881
30352  -11.289  -58.084  -40.113 0.6999999881
30353  -11.961  -58.389  -40.408 0.6999999881
30369  -11.984  -57.999  -40.564 0.6999999881
30374  -17.969  -58.721  -40.915 0.6000000238
30409  -17.640  -58.094  -43.003 0.6999999881
30420  -17.260  -58.570  -43.637 0.6999999881
30428  -25.354  -57.561  -44.388 0.6000000238
30432  -17.795  -59.096  -44.129 0.6000000238
30434  -23.249  -58.590  -45.054 0.8000000119
30438  -24.902  -58.487  -45.383 0.8000000119
30439  -25.046  -58.647  -45.376 0.8000000119
31497  -12.311  -57.263  -31.069 0.4000000060
31506  -10.424  -57.862  -32.532 0.4000000060
31525  -13.211  -57.504  -34.531 0.6000000238
31539  -17.295  -57.827  -35.264 0.6000000238
31557  -6.997  -57.234  -37.928 0.6999999881
31569  -7.237  -57.214  -38.630 0.6999999881
31570  -7.687  -57.269  -39.039 0.6999999881
31573  -13.838  -58.230  -38.093 0.8000000119
31574  -20.004  -58.281  -38.455 0.5000000000
31584  -11.745  -57.368  -39.915 0.6999999881
31585  -12.496  -57.530  -40.169 0.6999999881
31586  -13.310  -57.608  -40.099 0.6999999881
31589  -21.158  -57.527  -39.865 0.5000000000
31607  -16.198  -57.528  -41.222 0.8000000119
31608  -21.843  -57.480  -40.507 0.6000000238
31616  -14.103  -58.055  -41.092 0.6999999881
31617  -14.666  -57.846  -41.751 0.6999999881
31618  -15.182  -57.472  -41.686 0.6999999881
31619  -16.599  -57.230  -41.946 0.8000000119
31631  -15.127  -57.619  -42.302 0.8000000119
31632  -16.892  -57.624  -42.584 0.8000000119
31634  -24.309  -55.962  -43.873 0.6000000238
31635  -25.498  -56.704  -43.337 0.6000000238
31642  -25.438  -56.863  -44.017 0.6000000238
31645  -25.025  -57.025  -44.660 0.8000000119
31647  -24.831  -57.859  -45.082 0.8000000119
31648  -25.034  -57.858  -44.978 0.8000000119
32592  -14.394  -56.409  -30.596 0.5000000000
32623  -6.841  -55.592  -34.165 0.6000000238
32633  -7.489  -56.508  -34.771 0.5000000000
32647  -15.873  -56.326  -34.894 0.6000000238
32649  -17.632  -56.792  -35.632 0.6000000238
32659  -11.829  -57.044  -35.750 0.6000000238
32660  -18.251  -56.751  -36.395 0.6000000238
32661  -18.741  -56.657  -37.344 0.5000000000
32671  -8.186  -56.243  -37.893 0.6999999881
32682  -8.926  -56.278  -38.425 0.6999999881
32683  -10.373  -56.351  -39.119 0.8000000119
32684  -10.964  -56.288  -38.851 0.8000000119
32697  -10.417  -56.832  -39.533 0.8000000119
32699  -12.135  -57.234  -39.548 0.6999999881
32716  -22.160  -56.403  -41.417 0.5000000000
32746  -23.998  -55.224  -43.342 0.6000000238
33610  -8.511  -54.655  -30.108 0.4000000060
33627  -7.362  -55.015  -31.312 0.5000000000
33648  -6.499  -54.925  -33.678 0.4000000060
33650  -11.556  -55.207  -33.311 0.4000000060
33651  -12.328  -54.997  -33.315 0.5000000000
33658  -6.695  -55.049  -34.594 0.6000000238
33660  -11.204  -55.758  -33.824 0.5000000000
33662  -13.377  -55.929  -33.909 0.5000000000
33663  -14.206  -55.808  -34.292 0.5000000000
33664  -15.099  -55.793  -34.690 0.5000000000
33671  -7.305  -55.250  -36.020 0.5000000000
33675  -10.756  -55.863  -34.870 0.5000000000
33685  -7.487  -55.767  -36.670 0.6999999881
33686  -10.009  -55.283  -36.615 0.6000000238
34619  -10.816  -53.827  -29.544 0.4000000060
34627  -7.683  -53.786  -30.348 0.5000000000
34629  -11.546  -54.397  -29.861 0.4000000060
34633  -15.018  -55.245  -31.200 0.4000000060
34642  -6.991  -54.012  -31.063 0.5000000000
34655  -7.348  -53.381  -32.422 0.5000000000
34657  -10.154  -53.642  -32.479 0.4000000060
34663  -6.610  -54.363  -33.103 0.5000000000
34676  -12.776  -54.235  -33.589 0.5000000000
34689  -8.470  -54.298  -35.544 0.5000000000
34691  -15.004  -53.965  -35.165 0.4000000060
34700  -8.682  -54.735  -36.291 0.5000000000
35647  -9.572  -52.591  -29.221 0.4000000060
35679  -7.314  -53.084  -31.549 0.5000000000
35681  -9.160  -53.095  -32.105 0.5000000000
35707  -15.354  -53.269  -35.660 0.4000000060
35708  -16.038  -53.352  -36.146 0.4000000060
35716  -15.754  -52.680  -36.098 0.4000000060
35718  -16.959  -53.619  -37.201 0.4000000060
36618  -8.267  -52.296  -29.840 0.5000000000
36620  -11.734  -52.302  -30.152 0.3000000119
36630  -7.905  -52.418  -30.391 0.5000000000
36631  -8.427  -52.117  -30.775 0.5000000000
36644  -9.720  -52.770  -31.945 0.5000000000
36662  -13.553  -52.446  -34.400 0.4000000060
36678  -16.157  -52.240  -36.537 0.4000000060
36688  -17.462  -52.616  -38.378 0.4000000060
37508  -9.213  -51.315  -30.103 0.3000000119
37509  -9.635  -51.349  -29.731 0.3000000119
37510  -10.336  -51.361  -29.728 0.3000000119
37560  -11.093  -50.795  -32.889 0.4000000060
37562  -12.580  -51.333  -33.806 0.3000000119
37575  -13.145  -51.014  -34.144 0.3000000119
37595  -16.488  -51.583  -36.737 0.3000000119
37606  -17.031  -51.789  -37.515 0.4000000060
38428  -9.690  -50.972  -30.168 0.3000000119
38439  -10.061  -50.412  -30.430 0.3000000119
38452  -10.026  -50.032  -31.045 0.3000000119
38506  -13.060  -50.281  -33.953 0.3000000119
38522  -16.354  -50.546  -35.828 0.4000000060
38535  -18.002  -50.599  -36.704 0.3000000119
118195  -21.188  -81.739  -51.743 0.5000000000
118207  -19.595  -81.598  -46.375 0.6000000238
118748  -21.113  -83.408  -50.816 0.5000000000
119012  -22.363  -79.901  -44.510 0.6000000238
119020  -19.553  -82.310  -52.148 0.5000000000
119280  -14.995  -57.745  -40.391 0.6999999881
119793  -21.293  -81.174  -44.832 0.6999999881
120244  -15.275  -56.436  -30.653 0.5000000000
120355  -21.746  -80.885  -49.985 0.5000000000
120921  -23.608  -63.198  -45.447 0.6999999881
120970  -27.310  -76.510  -49.582 0.6000000238
121328  -14.829  -59.108  -36.663 0.5000000000
122406  -11.941  -57.036  -36.716 0.6000000238
122798  -11.957  -59.971  -38.114 0.6000000238
123275  -27.589  -78.945  -42.631 0.5000000000
123318  -24.615  -59.582  -43.998 0.6999999881
123737  -18.660  -73.894  -40.296 0.5000000000
124553  -6.954  -53.636  -31.710 0.5000000000
124796  -22.855  -64.024  -42.376 0.6999999881
125515  -22.964  -56.630  -42.638 0.6000000238
125954  -22.185  -59.716  -45.596 0.6999999881
127715  -9.545  -55.685  -38.004 0.6999999881
128040  -22.254  -58.594  -41.372 0.6000000238
128223  -21.542  -71.716  -39.956 0.5000000000
128236  -19.792  -77.121  -42.831 0.6999999881
128461  -16.816  -58.114  -43.258 0.6999999881
128535  -28.161  -81.116  -41.011 0.5000000000
129208  -19.911  -59.381  -42.138 0.6000000238
129709  -15.417  -51.293  -35.602 0.4000000060
129965  -19.846  -57.470  -38.492 0.5000000000
131646  -17.901  -75.455  -46.494 0.6999999881
131722  -5.992  -58.001  -38.343 0.6999999881
131910  -24.511  -56.813  -44.389 0.6999999881
132712  -22.397  -65.177  -41.454 0.5000000000
133379  -21.193  -59.191  -43.214 0.6000000238
133490  -18.129  -67.995  -38.881 0.6000000238
133656  -29.168  -85.114  -43.829 0.3000000119
133676  -16.027  -58.160  -30.871 0.4000000060
134322  -7.472  -53.863  -34.202 0.4000000060
134338  -10.198  -55.371  -35.714 0.5000000000
134499  -9.384  -55.305  -30.218 0.4000000060
134645  -17.436  -52.065  -38.004 0.4000000060
134916  -19.410  -69.732  -37.892 0.6000000238
135063  -12.422  -57.430  -35.031 0.6000000238
135138  -5.564  -58.537  -37.057 0.5000000000
135794  -20.566  -81.198  -44.308 0.6999999881
136528  -18.523  -70.716  -47.822 0.5000000000
136556  -13.010  -54.234  -30.697 0.4000000060
136624  -20.027  -76.320  -40.440 0.6000000238
136703  -17.176  -56.005  -35.549 0.5000000000
137150  -7.028  -59.582  -39.255 0.6999999881
137161  -17.105  -80.786  -43.867 0.6999999881
137301  -18.014  -51.122  -37.292 0.4000000060
137703  -24.125  -61.469  -47.431 0.6000000238
137853  -15.279  -56.739  -34.568 0.5000000000
137872  -17.335  -61.523  -40.967 0.6000000238
137887  -17.224  -74.728  -46.374 0.6999999881
137951  -28.218  -79.799  -40.599 0.6000000238
138105  -12.949  -59.507  -32.103 0.4000000060
138180  -12.149  -55.621  -30.208 0.4000000060
138224  -23.454  -78.299  -43.491 0.4000000060
138376  -17.417  -80.084  -42.685 0.6999999881
138388  -16.231  -69.312  -40.830 0.5000000000
138788  -16.254  -58.222  -39.777 0.6000000238
139180  -20.172  -64.772  -44.434 0.6000000238
139201  -15.881  -57.424  -42.571 0.8000000119
139347  -22.664  -64.390  -42.424 0.5000000000
139392  -22.705  -80.213  -45.608 0.6999999881
139553  -25.907  -75.133  -50.366 0.5000000000
139613  -32.057  -87.409  -37.198 0.3000000119
139789  -16.380  -72.948  -44.278 0.6999999881
139971  -9.465  -51.231  -31.515 0.5000000000
140166  -21.367  -63.776  -48.023 0.6999999881
140168  -31.212  -78.472  -41.506 0.4000000060
140432  -27.697  -78.464  -42.184 0.6000000238
140521  -19.515  -81.461  -44.699 0.6999999881
140652  -18.362  -58.735  -42.166 0.6000000238
141069  -22.645  -85.322  -47.980 0.4000000060
141120  -17.668  -68.469  -39.325 0.6000000238
141198  -17.937  -81.518  -46.525 0.6000000238
141352  -18.373  -69.239  -38.400 0.6000000238
141545  -16.567  -73.317  -42.027 0.6000000238
141585  -19.555  -58.650  -43.914 0.6999999881
141588  -16.673  -59.233  -30.177 0.4000000060
141623  -35.124  -84.183  -35.078 0.3000000119
141633  -19.664  -58.816  -37.771 0.5000000000
141788  -17.455  -59.145  -28.435 0.3000000119
142136  -18.275  -66.752  -42.444 0.6999999881
142146  -11.244  -56.201  -37.626 0.6999999881
142203  -13.878  -57.705  -39.883 0.6000000238
142389  -27.520  -79.314  -43.190 0.5000000000
142504  -9.419  -57.939  -39.587 0.6999999881
142689  -16.505  -53.345  -36.699 0.4000000060
142700  -19.284  -82.242  -52.064 0.5000000000
142944  -21.463  -81.269  -46.577 0.6999999881
143522  -27.030  -78.509  -48.309 0.6000000238
143633  -24.183  -62.104  -47.179 0.6000000238
143750  -13.548  -57.981  -34.724 0.5000000000
143833  -9.355  -54.978  -36.470 0.5000000000
143883  -7.299  -56.946  -36.998 0.6999999881
144159  -19.197  -80.885  -43.711 0.6999999881
144351  -9.779  -56.082  -38.711 0.6999999881
144458  -20.804  -78.592  -40.842 0.6999999881
