#!ascii label  , from subject sub-v1s13x0050022_ses-1 vox2ras=TkReg
931
79591  43.564  0.848  24.956 0.0000000000
82254  45.318  4.954  12.064 0.0000000000
88746  48.781  12.974  12.808 0.0000000000
131431  44.171  8.262  2.847 0.0000000000
79638  39.679  1.118  18.807 0.0000000000
86271  52.537  9.371  15.989 0.0000000000
85565  47.450  9.398  6.200 0.0000000000
88738  41.979  12.107  14.573 0.0000000000
83052  50.146  4.621  18.489 0.0000000000
82198  43.594  4.772  18.547 0.0000000000
79678  41.611  1.114  11.464 0.0000000000
124235  43.638  16.145  13.161 0.0000000000
87131  43.878  11.036  10.803 0.0000000000
83885  46.661  6.729  14.679 0.0000000000
86344  45.587  9.733  7.687 0.0000000000
90218  39.358  15.066  12.224 0.0000000000
83017  45.904  5.253  22.345 0.0000000000
140015  43.260  3.739  22.026 0.0000000000
78838  40.747  1.074  15.254 0.0000000000
89451  48.885  14.136  14.643 0.0000000000
89440  44.153  13.830  16.086 0.0000000000
90984  47.676  15.686  11.468 0.0000000000
127310  44.858  15.417  11.543 0.0000000000
88757  45.918  12.930  11.462 0.0000000000
81312  48.013  3.172  15.409 0.0000000000
128050  48.833  4.973  16.383 0.0000000000
83096  48.022  5.200  13.028 0.0000000000
124322  47.182  11.355  3.827 0.0000000000
138171  48.642  10.157  7.532 0.0000000000
118133  44.142  12.077  4.485 0.0000000000
87170  42.271  11.136  6.489 0.0000000000
85580  41.854  9.192  5.082 0.0000000000
83143  41.876  5.379  6.638 0.0000000000
78775  41.986  -0.154  24.405 0.0000000000
135887  41.731  1.872  21.750 0.0000000000
87109  51.606  11.197  14.309 0.0000000000
82275  43.877  4.786  9.004 0.0000000000
83932  45.799  6.497  8.956 0.0000000000
83947  45.133  6.771  6.080 0.0000000000
85586  47.457  9.049  2.999 0.0000000000
83022  52.606  5.875  21.343 0.0000000000
83828  49.383  5.837  22.343 0.0000000000
83055  47.038  5.326  18.412 0.0000000000
141855  44.554  3.719  15.425 0.0000000000
81292  41.768  3.472  18.664 0.0000000000
81317  42.704  3.365  15.197 0.0000000000
81349  43.018  3.846  11.675 0.0000000000
80536  43.280  2.553  8.709 0.0000000000
122142  40.072  2.541  23.672 0.0000000000
90157  40.873  14.834  17.126 0.0000000000
90958  39.968  15.980  14.090 0.0000000000
90216  42.083  14.815  12.234 0.0000000000
87120  43.495  11.283  12.983 0.0000000000
86309  42.166  8.942  11.128 0.0000000000
83865  52.503  5.977  17.653 0.0000000000
85479  49.039  7.997  16.431 0.0000000000
86290  45.812  9.447  14.504 0.0000000000
83915  49.145  7.444  10.127 0.0000000000
85524  46.814  8.423  11.408 0.0000000000
87125  45.366  10.212  12.015 0.0000000000
130000  44.295  10.164  9.258 0.0000000000
86335  41.813  10.005  8.667 0.0000000000
90220  37.779  15.122  12.715 0.0000000000
90990  38.000  15.673  12.994 0.0000000000
81255  44.765  3.110  23.563 0.0000000000
80451  43.442  2.337  22.947 0.0000000000
132652  50.368  14.311  12.707 0.0000000000
90198  49.542  15.162  12.887 0.0000000000
89469  49.463  14.843  11.740 0.0000000000
89478  47.249  14.488  11.111 0.0000000000
88756  46.834  13.129  11.988 0.0000000000
82234  46.772  3.906  13.964 0.0000000000
82228  48.143  3.998  14.357 0.0000000000
83104  46.619  4.989  12.301 0.0000000000
86375  45.564  10.040  2.555 0.0000000000
88009  45.901  12.285  3.754 0.0000000000
87190  44.309  11.620  3.103 0.0000000000
87192  42.804  11.131  3.815 0.0000000000
85587  43.094  9.408  3.795 0.0000000000
129978  42.611  7.174  4.939 0.0000000000
83971  43.242  6.271  4.025 0.0000000000
77903  41.091  -0.716  23.199 0.0000000000
88715  51.093  12.047  15.370 0.0000000000
87100  52.241  10.369  14.949 0.0000000000
82282  44.221  4.655  7.256 0.0000000000
83136  44.392  5.391  7.642 0.0000000000
83150  44.777  5.417  5.857 0.0000000000
130039  47.554  7.676  3.426 0.0000000000
85584  48.178  7.914  2.609 0.0000000000
85593  47.076  8.572  2.343 0.0000000000
83037  44.441  5.629  20.361 0.0000000000
83847  46.292  6.409  20.076 0.0000000000
83057  44.883  5.689  18.818 0.0000000000
82205  45.993  4.154  17.364 0.0000000000
81298  44.798  4.261  17.399 0.0000000000
80467  40.622  2.162  20.283 0.0000000000
81286  41.570  3.182  20.361 0.0000000000
80473  40.732  2.331  18.371 0.0000000000
119420  41.039  0.982  13.670 0.0000000000
80484  41.631  2.359  15.516 0.0000000000
80499  41.749  2.351  13.381 0.0000000000
81328  42.715  3.481  13.813 0.0000000000
80512  42.106  2.558  11.502 0.0000000000
81357  42.681  3.175  10.237 0.0000000000
79688  42.352  1.571  10.245 0.0000000000
79709  45.250  1.126  8.032 0.0000000000
90188  44.358  14.881  14.677 0.0000000000
90164  43.234  14.049  16.259 0.0000000000
90190  42.855  15.320  14.660 0.0000000000
123407  40.072  15.401  16.082 0.0000000000
90957  41.661  15.822  14.109 0.0000000000
91734  41.640  16.195  11.733 0.0000000000
91742  43.121  16.220  11.737 0.0000000000
87967  44.576  12.486  11.741 0.0000000000
88759  43.908  13.008  12.661 0.0000000000
87126  43.955  11.408  11.942 0.0000000000
129037  42.743  9.442  12.444 0.0000000000
86316  42.644  9.575  10.509 0.0000000000
83034  50.775  5.549  19.975 0.0000000000
83038  52.533  5.667  19.154 0.0000000000
125173  51.604  4.959  18.047 0.0000000000
83878  47.639  6.322  16.059 0.0000000000
84695  49.105  6.904  16.697 0.0000000000
84697  47.159  7.299  16.064 0.0000000000
86281  47.952  9.403  15.644 0.0000000000
85500  45.935  7.966  14.867 0.0000000000
138324  46.442  7.112  8.302 0.0000000000
83923  48.362  6.947  9.800 0.0000000000
84763  48.892  8.273  8.589 0.0000000000
86343  47.391  10.160  7.581 0.0000000000
119972  48.386  9.574  9.115 0.0000000000
124249  47.099  9.451  9.049 0.0000000000
85535  46.049  8.865  10.954 0.0000000000
86322  45.855  9.282  9.469 0.0000000000
86315  44.741  9.910  9.663 0.0000000000
86334  44.958  9.640  8.355 0.0000000000
87180  40.402  10.552  5.981 0.0000000000
117744  41.632  10.538  7.704 0.0000000000
87162  39.974  10.222  7.331 0.0000000000
86337  39.935  9.693  8.138 0.0000000000
86253  52.708  8.826  17.730 0.0000000000
89464  39.451  13.887  13.400 0.0000000000
89463  40.415  13.908  13.279 0.0000000000
82999  47.649  5.147  23.404 0.0000000000
82157  45.665  4.131  23.403 0.0000000000
82173  44.440  4.318  22.409 0.0000000000
82185  43.247  4.868  20.166 0.0000000000
78825  40.418  1.063  16.488 0.0000000000
90173  46.515  14.156  15.075 0.0000000000
90201  45.989  15.175  13.724 0.0000000000
118520  45.950  15.914  12.081 0.0000000000
138293  44.407  16.186  11.745 0.0000000000
90996  46.177  15.537  11.027 0.0000000000
131683  45.764  13.609  11.095 0.0000000000
87972  44.955  12.175  11.009 0.0000000000
82202  48.839  3.509  16.961 0.0000000000
82212  49.403  3.828  17.003 0.0000000000
81311  48.461  3.404  15.844 0.0000000000
83090  48.081  4.760  14.082 0.0000000000
122370  47.929  5.527  13.377 0.0000000000
86350  47.776  10.277  5.742 0.0000000000
85564  48.325  10.255  6.759 0.0000000000
87175  47.838  11.536  5.449 0.0000000000
87176  47.462  11.611  5.495 0.0000000000
87168  45.453  10.573  6.265 0.0000000000
133285  43.939  10.357  7.291 0.0000000000
87995  43.127  11.745  5.092 0.0000000000
87997  41.802  11.330  4.913 0.0000000000
85573  41.050  9.380  5.611 0.0000000000
82292  42.289  4.975  5.999 0.0000000000
78774  42.507  0.097  24.398 0.0000000000
79610  43.253  1.190  23.485 0.0000000000
79612  41.970  0.318  22.990 0.0000000000
79628  40.929  0.744  21.682 0.0000000000
126686  39.397  0.591  19.982 0.0000000000
88728  49.411  12.844  15.691 0.0000000000
89448  50.987  13.110  13.684 0.0000000000
87955  50.776  12.597  13.450 0.0000000000
82263  44.175  4.905  10.866 0.0000000000
120765  45.868  5.546  10.913 0.0000000000
83130  45.029  6.082  8.878 0.0000000000
120981  45.300  6.654  7.711 0.0000000000
84782  45.640  7.589  5.759 0.0000000000
83162  45.687  6.012  4.376 0.0000000000
84788  45.747  7.850  4.894 0.0000000000
85578  46.368  8.748  4.647 0.0000000000
86367  47.163  10.221  3.215 0.0000000000
86374  46.671  10.105  2.605 0.0000000000
129761  44.809  7.917  2.403 0.0000000000
83978  43.812  6.287  2.800 0.0000000000
83835  51.032  5.780  21.624 0.0000000000
83843  49.618  6.119  20.470 0.0000000000
83025  47.343  5.953  22.018 0.0000000000
83845  47.646  6.497  20.376 0.0000000000
83054  48.116  4.943  18.379 0.0000000000
82204  47.075  3.831  17.344 0.0000000000
81314  46.265  3.436  15.469 0.0000000000
82229  44.895  4.153  14.140 0.0000000000
80463  42.201  2.410  21.908 0.0000000000
81285  42.091  3.888  20.071 0.0000000000
82199  42.867  4.451  18.862 0.0000000000
125455  41.567  2.614  17.072 0.0000000000
80475  42.070  3.214  17.388 0.0000000000
121773  42.912  3.611  16.839 0.0000000000
81316  43.646  3.682  15.499 0.0000000000
81334  43.967  4.180  13.888 0.0000000000
82247  43.700  4.346  12.140 0.0000000000
82264  43.556  4.408  10.402 0.0000000000
82276  43.656  4.076  8.279 0.0000000000
123108  44.296  3.224  6.985 0.0000000000
79710  43.763  1.547  8.579 0.0000000000
79725  44.741  1.761  7.620 0.0000000000
128820  42.078  0.741  24.861 0.0000000000
79594  41.105  0.756  24.363 0.0000000000
80444  38.737  3.127  23.092 0.0000000000
90921  41.632  15.566  18.523 0.0000000000
91692  39.770  16.403  17.837 0.0000000000
91736  40.007  15.918  12.364 0.0000000000
90217  40.304  15.040  12.129 0.0000000000
89462  41.429  13.795  13.313 0.0000000000
90227  43.640  15.654  11.680 0.0000000000
140594  43.265  13.336  13.046 0.0000000000
88749  42.653  12.335  14.002 0.0000000000
84692  52.763  7.810  16.888 0.0000000000
83867  50.598  5.224  17.379 0.0000000000
84694  50.266  7.479  16.515 0.0000000000
85489  51.439  9.166  15.284 0.0000000000
86279  50.602  9.729  15.021 0.0000000000
87111  49.303  10.928  14.453 0.0000000000
87949  47.139  11.273  14.052 0.0000000000
83116  46.941  5.735  10.924 0.0000000000
83916  48.494  6.481  11.086 0.0000000000
84739  48.624  7.209  11.529 0.0000000000
85551  49.398  9.160  8.412 0.0000000000
85522  49.010  7.981  10.863 0.0000000000
84732  46.800  7.617  12.545 0.0000000000
85507  45.604  8.863  13.357 0.0000000000
86297  45.478  9.746  13.123 0.0000000000
87958  46.686  11.839  13.282 0.0000000000
127394  45.386  11.438  11.412 0.0000000000
87977  44.907  11.476  10.726 0.0000000000
87136  43.833  10.610  10.034 0.0000000000
87148  43.326  10.471  7.758 0.0000000000
120358  42.859  10.270  9.011 0.0000000000
87137  43.155  10.156  9.820 0.0000000000
86325  41.363  9.406  9.411 0.0000000000
83138  40.879  5.485  7.918 0.0000000000
90974  37.082  15.933  13.499 0.0000000000
125778  37.779  16.065  13.624 0.0000000000
79599  44.087  1.318  24.590 0.0000000000
80440  44.498  2.182  24.079 0.0000000000
80441  43.887  1.664  23.749 0.0000000000
88745  50.175  13.347  12.850 0.0000000000
88753  50.219  14.389  12.380 0.0000000000
88754  49.352  13.944  12.141 0.0000000000
88755  47.947  13.484  12.236 0.0000000000
88747  47.348  12.633  12.803 0.0000000000
82245  45.675  4.640  12.849 0.0000000000
82244  47.033  4.417  13.248 0.0000000000
86376  44.555  9.943  2.780 0.0000000000
87198  44.964  10.955  2.752 0.0000000000
86368  43.721  9.881  3.233 0.0000000000
85596  43.649  8.773  3.392 0.0000000000
83966  43.143  7.259  4.245 0.0000000000
84796  43.602  7.767  3.390 0.0000000000
126173  52.253  9.935  16.502 0.0000000000
134768  51.807  10.543  16.235 0.0000000000
87928  52.070  10.882  15.228 0.0000000000
87093  52.356  10.181  15.590 0.0000000000
81402  44.803  4.130  5.913 0.0000000000
82306  44.693  4.738  6.037 0.0000000000
82305  45.137  4.595  5.351 0.0000000000
84793  48.518  7.830  2.866 0.0000000000
84809  48.432  7.483  2.136 0.0000000000
84802  48.071  7.748  2.255 0.0000000000
87951  41.869  11.220  14.838 0.0000000000
83046  44.359  5.697  19.500 0.0000000000
123761  44.881  6.006  19.677 0.0000000000
82197  44.393  4.981  18.227 0.0000000000
82206  43.908  4.485  17.876 0.0000000000
129598  39.992  1.588  19.221 0.0000000000
80470  40.478  2.235  19.299 0.0000000000
79637  40.192  1.712  18.591 0.0000000000
79670  41.412  1.282  12.231 0.0000000000
79663  41.378  1.560  13.065 0.0000000000
80506  41.661  2.092  12.580 0.0000000000
80505  42.079  2.803  12.847 0.0000000000
80513  41.690  1.905  11.815 0.0000000000
80519  42.309  2.483  10.660 0.0000000000
79677  41.930  1.792  11.050 0.0000000000
90954  44.026  15.535  13.921 0.0000000000
90189  43.515  15.088  14.724 0.0000000000
90955  43.239  15.656  13.979 0.0000000000
90944  42.160  15.347  14.901 0.0000000000
90971  42.890  16.215  13.267 0.0000000000
91719  42.572  16.453  12.493 0.0000000000
91718  43.234  16.378  12.576 0.0000000000
129641  44.456  11.647  11.054 0.0000000000
86302  43.414  10.275  11.897 0.0000000000
86307  43.386  10.171  10.692 0.0000000000
141796  50.732  5.021  19.049 0.0000000000
83040  51.467  5.160  19.199 0.0000000000
82191  50.347  4.342  17.960 0.0000000000
83884  46.970  6.638  15.380 0.0000000000
84705  46.340  7.262  15.050 0.0000000000
84704  46.494  7.595  15.501 0.0000000000
84713  46.196  7.420  14.552 0.0000000000
84769  47.179  8.042  7.415 0.0000000000
84764  47.835  7.863  8.147 0.0000000000
85558  47.997  9.150  6.963 0.0000000000
86332  48.068  9.888  8.320 0.0000000000
86333  46.194  9.490  8.458 0.0000000000
86323  44.945  9.647  8.983 0.0000000000
86351  39.860  10.125  6.086 0.0000000000
87172  39.986  10.440  6.555 0.0000000000
86352  39.521  9.865  6.705 0.0000000000
86346  39.205  9.479  7.286 0.0000000000
90219  38.516  14.969  12.429 0.0000000000
90205  38.884  14.532  12.625 0.0000000000
90204  39.779  14.479  12.570 0.0000000000
82144  46.791  4.169  24.229 0.0000000000
81253  45.996  3.599  24.110 0.0000000000
81269  44.387  3.536  22.979 0.0000000000
81282  43.627  4.242  21.836 0.0000000000
82182  44.212  4.998  21.354 0.0000000000
82184  43.382  4.643  21.013 0.0000000000
89436  47.969  13.572  15.475 0.0000000000
89437  46.905  13.574  15.625 0.0000000000
89452  47.634  14.177  14.850 0.0000000000
90966  49.109  15.436  12.311 0.0000000000
118674  47.147  14.839  14.104 0.0000000000
90200  47.129  15.541  12.995 0.0000000000
130082  46.251  15.676  12.734 0.0000000000
90968  47.066  15.812  12.062 0.0000000000
90985  46.192  15.854  11.498 0.0000000000
90995  47.227  15.732  11.100 0.0000000000
88762  46.511  13.713  11.222 0.0000000000
89479  46.362  14.564  10.817 0.0000000000
88763  45.194  13.242  11.379 0.0000000000
139720  45.374  12.928  11.370 0.0000000000
81294  48.273  3.333  16.666 0.0000000000
81303  48.536  3.359  16.389 0.0000000000
82233  47.851  4.573  13.618 0.0000000000
86361  47.371  10.809  4.226 0.0000000000
86356  47.836  11.105  5.236 0.0000000000
129357  47.537  11.703  4.714 0.0000000000
88002  45.076  12.399  4.055 0.0000000000
87993  46.735  12.018  4.998 0.0000000000
87994  45.497  11.925  4.714 0.0000000000
87177  46.157  11.357  5.509 0.0000000000
87178  44.459  11.291  5.497 0.0000000000
86362  42.564  10.155  4.097 0.0000000000
87184  42.141  10.951  4.416 0.0000000000
86363  41.940  10.093  4.658 0.0000000000
86357  41.283  10.160  5.215 0.0000000000
84784  42.151  7.413  5.490 0.0000000000
124467  42.780  6.473  4.728 0.0000000000
83151  42.467  5.890  5.409 0.0000000000
78794  42.198  -0.186  23.936 0.0000000000
78809  41.402  0.003  22.597 0.0000000000
78812  40.252  0.437  21.244 0.0000000000
78813  39.564  0.172  20.728 0.0000000000
87945  51.401  11.949  14.090 0.0000000000
88726  51.220  12.517  14.303 0.0000000000
87946  51.239  11.907  13.864 0.0000000000
82269  44.053  4.947  9.987 0.0000000000
83123  44.679  5.556  9.534 0.0000000000
83131  44.406  5.454  8.528 0.0000000000
83948  44.777  6.076  6.399 0.0000000000
83940  44.735  6.047  7.239 0.0000000000
83939  45.133  6.707  6.867 0.0000000000
138621  45.539  7.286  6.480 0.0000000000
132914  46.217  5.642  4.078 0.0000000000
83161  46.250  6.431  3.904 0.0000000000
84795  47.120  8.406  3.515 0.0000000000
83964  46.538  7.395  3.809 0.0000000000
84787  46.211  8.161  4.129 0.0000000000
85577  46.860  9.485  3.800 0.0000000000
85600  46.881  7.972  2.069 0.0000000000
128950  46.929  9.317  2.482 0.0000000000
85601  46.380  8.402  2.217 0.0000000000
85594  46.079  9.242  2.347 0.0000000000
84804  45.575  7.681  2.154 0.0000000000
129657  44.868  7.030  2.286 0.0000000000
83013  50.343  5.475  23.228 0.0000000000
83827  50.570  5.708  22.379 0.0000000000
83836  49.964  6.073  21.510 0.0000000000
83842  50.536  5.940  20.871 0.0000000000
83837  48.882  6.283  21.357 0.0000000000
83016  46.866  5.349  22.731 0.0000000000
120953  46.475  5.814  21.849 0.0000000000
83044  46.570  6.083  19.181 0.0000000000
83846  46.992  6.448  20.636 0.0000000000
83852  47.145  6.421  19.837 0.0000000000
83851  48.015  6.264  19.726 0.0000000000
82194  47.622  4.322  17.823 0.0000000000
82195  46.506  4.736  17.861 0.0000000000
81307  45.153  3.663  16.526 0.0000000000
81306  46.034  3.460  16.289 0.0000000000
81315  45.288  3.566  15.809 0.0000000000
81325  45.325  3.749  14.936 0.0000000000
79626  42.140  1.374  22.442 0.0000000000
80452  42.750  1.870  22.684 0.0000000000
81288  41.577  3.434  19.489 0.0000000000
81287  42.205  3.979  19.190 0.0000000000
79647  40.846  1.448  15.927 0.0000000000
79644  41.009  1.905  16.643 0.0000000000
79643  41.277  1.989  15.948 0.0000000000
133412  42.045  2.772  14.974 0.0000000000
80481  41.626  2.492  16.261 0.0000000000
80483  42.164  2.942  15.774 0.0000000000
141965  42.486  3.405  17.097 0.0000000000
81309  42.870  3.442  16.067 0.0000000000
81308  43.659  3.697  16.457 0.0000000000
81336  42.599  3.409  13.096 0.0000000000
81335  43.243  3.849  13.487 0.0000000000
81342  43.112  3.852  12.598 0.0000000000
82237  43.841  4.285  13.015 0.0000000000
82256  43.595  4.387  11.261 0.0000000000
81356  43.019  3.846  10.754 0.0000000000
81362  43.011  3.086  9.325 0.0000000000
81369  43.456  3.264  8.483 0.0000000000
81378  43.828  3.391  7.627 0.0000000000
80548  43.673  2.617  8.050 0.0000000000
78906  44.155  0.816  8.922 0.0000000000
79724  45.623  1.558  7.384 0.0000000000
81247  41.889  2.633  24.899 0.0000000000
81256  40.301  3.299  23.926 0.0000000000
80434  40.842  2.210  24.162 0.0000000000
80442  40.281  1.470  23.825 0.0000000000
90156  41.568  14.541  17.478 0.0000000000
90155  42.214  14.183  17.769 0.0000000000
90928  41.108  15.032  17.920 0.0000000000
91686  41.040  16.204  18.457 0.0000000000
90922  40.772  15.730  18.199 0.0000000000
92381  40.154  17.134  18.155 0.0000000000
90929  40.473  15.390  17.604 0.0000000000
90946  40.223  15.582  15.136 0.0000000000
90959  39.226  15.935  14.558 0.0000000000
91708  39.410  16.158  13.374 0.0000000000
91722  40.075  16.223  12.663 0.0000000000
91000  41.654  15.978  11.577 0.0000000000
91001  41.059  16.013  11.704 0.0000000000
127501  41.147  14.973  12.115 0.0000000000
90202  41.455  14.393  12.613 0.0000000000
89474  42.067  14.039  12.925 0.0000000000
91741  44.178  16.065  11.630 0.0000000000
89472  44.259  14.682  11.928 0.0000000000
87960  43.793  12.069  12.757 0.0000000000
88748  43.290  12.602  13.366 0.0000000000
89461  42.518  13.292  13.460 0.0000000000
87961  43.223  11.688  13.596 0.0000000000
87121  43.021  10.701  13.620 0.0000000000
85516  42.263  8.858  11.990 0.0000000000
83841  52.869  6.161  20.924 0.0000000000
83049  52.577  5.626  18.286 0.0000000000
83856  52.923  6.102  18.750 0.0000000000
131891  52.891  6.593  17.652 0.0000000000
84682  52.985  7.287  17.497 0.0000000000
84683  52.644  6.925  17.212 0.0000000000
83075  49.252  4.221  16.639 0.0000000000
83065  49.883  4.431  17.282 0.0000000000
83876  49.548  5.251  16.858 0.0000000000
85477  51.699  8.179  16.015 0.0000000000
85478  50.460  8.331  15.969 0.0000000000
85490  49.826  8.939  15.722 0.0000000000
87104  47.255  9.897  15.251 0.0000000000
87103  48.523  10.170  15.103 0.0000000000
87112  47.810  10.712  14.652 0.0000000000
87113  46.460  10.305  14.557 0.0000000000
83918  46.389  5.967  10.263 0.0000000000
123264  48.656  6.800  10.480 0.0000000000
137021  48.979  7.153  10.775 0.0000000000
83909  48.704  6.853  11.324 0.0000000000
139632  48.990  7.420  10.980 0.0000000000
87155  48.033  10.726  6.684 0.0000000000
85557  48.930  9.708  7.689 0.0000000000
85556  49.173  9.716  8.176 0.0000000000
85545  48.387  9.144  9.787 0.0000000000
85544  49.224  9.241  9.267 0.0000000000
85523  48.102  8.271  11.101 0.0000000000
138648  48.298  7.714  11.466 0.0000000000
84740  47.367  7.900  11.803 0.0000000000
85506  45.962  8.160  12.992 0.0000000000
85514  46.329  8.262  12.172 0.0000000000
86306  45.502  9.451  11.534 0.0000000000
86301  45.502  9.414  12.539 0.0000000000
87119  45.558  10.704  12.789 0.0000000000
87959  45.913  11.625  12.582 0.0000000000
87134  44.654  10.588  10.310 0.0000000000
87135  44.179  10.499  9.829 0.0000000000
87973  44.385  11.126  10.546 0.0000000000
87142  43.718  10.359  9.264 0.0000000000
87159  43.194  10.721  6.940 0.0000000000
87149  42.604  10.433  8.201 0.0000000000
86324  42.308  9.744  9.620 0.0000000000
86327  39.306  9.302  8.523 0.0000000000
86326  40.263  9.182  9.092 0.0000000000
83950  41.554  6.174  6.804 0.0000000000
83137  41.431  5.403  7.251 0.0000000000
90206  37.409  14.782  12.976 0.0000000000
90989  38.703  15.328  12.480 0.0000000000
81254  45.337  3.494  23.684 0.0000000000
80450  44.121  2.732  23.281 0.0000000000
81270  43.706  3.472  22.532 0.0000000000
90185  49.794  14.473  13.586 0.0000000000
90197  50.267  14.734  12.659 0.0000000000
90965  49.844  15.183  12.170 0.0000000000
90223  48.690  15.298  11.650 0.0000000000
90224  47.616  15.473  11.216 0.0000000000
89477  48.117  15.050  11.297 0.0000000000
89471  47.310  13.806  11.601 0.0000000000
81313  47.275  3.308  15.072 0.0000000000
81323  47.947  3.530  14.669 0.0000000000
81333  47.702  3.932  14.002 0.0000000000
128252  47.728  4.976  12.730 0.0000000000
87197  46.097  10.965  2.849 0.0000000000
87188  46.546  11.691  3.436 0.0000000000
87189  45.401  11.838  3.110 0.0000000000
88010  44.667  12.215  3.594 0.0000000000
88011  43.534  11.881  3.731 0.0000000000
87191  43.535  11.034  3.305 0.0000000000
86369  43.097  10.319  3.609 0.0000000000
85579  42.516  9.180  4.431 0.0000000000
84783  42.492  8.108  4.867 0.0000000000
84797  43.119  8.387  4.046 0.0000000000
78784  41.296  -0.217  24.318 0.0000000000
78783  41.347  -0.517  23.923 0.0000000000
87929  50.383  11.379  16.444 0.0000000000
130129  51.511  11.275  15.724 0.0000000000
87944  51.857  11.053  14.610 0.0000000000
118993  44.020  4.781  8.043 0.0000000000
83142  44.507  5.255  6.697 0.0000000000
83955  44.927  6.153  5.712 0.0000000000
83169  47.025  6.888  3.714 0.0000000000
125345  48.611  7.631  3.172 0.0000000000
84794  47.908  8.152  3.084 0.0000000000
85585  47.789  8.305  2.801 0.0000000000
85592  47.660  8.232  2.518 0.0000000000
84803  47.411  7.864  2.086 0.0000000000
83014  48.627  5.683  22.741 0.0000000000
83027  45.649  5.707  21.486 0.0000000000
83035  46.268  6.205  20.981 0.0000000000
83036  45.394  6.086  20.454 0.0000000000
83045  45.621  6.148  19.399 0.0000000000
83056  45.974  5.617  18.517 0.0000000000
82196  45.403  4.963  17.977 0.0000000000
142006  45.016  3.830  16.954 0.0000000000
79630  41.132  1.799  21.202 0.0000000000
80464  41.655  2.574  21.152 0.0000000000
80469  41.022  2.823  19.816 0.0000000000
80472  41.132  2.914  18.934 0.0000000000
79655  41.128  1.412  14.596 0.0000000000
79646  41.229  1.755  15.358 0.0000000000
135077  41.448  1.880  13.948 0.0000000000
133344  41.876  2.588  14.184 0.0000000000
80491  42.429  3.202  14.379 0.0000000000
80498  42.210  3.007  13.624 0.0000000000
81343  42.436  3.231  12.155 0.0000000000
81350  42.521  3.247  11.157 0.0000000000
80528  42.600  2.414  9.823 0.0000000000
80527  42.922  2.356  9.212 0.0000000000
78889  44.958  0.300  9.059 0.0000000000
78918  46.126  0.918  7.838 0.0000000000
90175  44.688  14.290  15.368 0.0000000000
90176  43.786  14.456  15.443 0.0000000000
90177  42.803  14.735  15.463 0.0000000000
90178  41.809  14.850  15.773 0.0000000000
90935  40.852  15.100  16.113 0.0000000000
90945  41.249  15.420  15.067 0.0000000000
130047  40.765  15.871  14.159 0.0000000000
91721  40.791  16.396  12.665 0.0000000000
91720  41.621  16.472  12.367 0.0000000000
91733  42.409  16.377  11.842 0.0000000000
90999  42.365  16.131  11.645 0.0000000000
88758  44.554  13.622  11.965 0.0000000000
87127  43.404  10.696  12.736 0.0000000000
86308  42.835  9.479  11.475 0.0000000000
83032  52.206  5.578  20.581 0.0000000000
83031  52.556  5.781  20.218 0.0000000000
83039  52.138  5.424  19.576 0.0000000000
83050  51.993  5.186  18.569 0.0000000000
83866  51.659  5.396  17.661 0.0000000000
83077  48.263  5.425  16.051 0.0000000000
83877  48.538  6.039  16.524 0.0000000000
84696  48.047  7.112  16.493 0.0000000000
85480  47.765  8.047  16.328 0.0000000000
85491  48.496  8.803  16.002 0.0000000000
138914  47.573  8.718  15.987 0.0000000000
85493  46.341  8.497  15.419 0.0000000000
130832  45.881  8.794  14.915 0.0000000000
83924  46.875  6.560  9.468 0.0000000000
83931  47.940  7.377  8.925 0.0000000000
84757  49.072  7.793  9.361 0.0000000000
87156  47.928  10.793  6.833 0.0000000000
86331  49.089  9.783  8.439 0.0000000000
85534  47.442  8.776  10.535 0.0000000000
85525  45.943  8.732  11.728 0.0000000000
86313  46.276  9.029  10.209 0.0000000000
86314  45.345  9.580  10.324 0.0000000000
87130  45.144  10.585  10.788 0.0000000000
87141  44.243  10.100  8.728 0.0000000000
129675  41.576  11.312  6.077 0.0000000000
87161  41.498  11.000  6.801 0.0000000000
125599  40.671  10.697  7.048 0.0000000000
87150  40.811  10.145  7.934 0.0000000000
86336  40.867  9.662  8.680 0.0000000000
86345  39.478  9.788  7.504 0.0000000000
86338  39.037  9.456  7.894 0.0000000000
86264  52.501  9.376  17.067 0.0000000000
124187  38.104  14.679  12.810 0.0000000000
89454  40.300  13.384  14.087 0.0000000000
89453  41.008  13.356  13.883 0.0000000000
83000  46.886  4.737  23.537 0.0000000000
82171  46.143  4.749  23.079 0.0000000000
82172  45.358  4.590  22.733 0.0000000000
82181  45.060  5.113  21.961 0.0000000000
83028  44.924  5.560  21.152 0.0000000000
142177  43.791  5.145  20.542 0.0000000000
82188  43.346  4.919  19.336 0.0000000000
78817  39.958  1.077  17.961 0.0000000000
78821  40.015  0.601  17.069 0.0000000000
78828  40.417  0.649  15.803 0.0000000000
78827  40.398  0.226  15.204 0.0000000000
78837  40.618  0.299  14.449 0.0000000000
78846  41.192  0.612  12.740 0.0000000000
78855  41.441  0.419  11.936 0.0000000000
78876  41.948  1.071  10.819 0.0000000000
89438  45.949  13.627  15.798 0.0000000000
90174  45.573  14.185  15.272 0.0000000000
90186  48.592  14.776  13.919 0.0000000000
128742  46.061  14.575  14.595 0.0000000000
90187  45.247  14.713  14.614 0.0000000000
90953  44.912  15.357  13.834 0.0000000000
90970  44.478  15.985  12.949 0.0000000000
91717  43.915  16.315  12.178 0.0000000000
90986  45.087  16.172  11.958 0.0000000000
91730  45.492  15.859  11.551 0.0000000000
118830  45.873  15.228  10.982 0.0000000000
90225  47.187  15.195  10.839 0.0000000000
89480  45.346  14.346  11.295 0.0000000000
82193  48.776  3.952  17.701 0.0000000000
82201  49.810  4.208  17.553 0.0000000000
128919  49.338  3.837  17.343 0.0000000000
82213  48.869  3.673  16.429 0.0000000000
83076  48.658  4.216  15.777 0.0000000000
82220  48.287  3.655  15.108 0.0000000000
83085  48.318  4.229  14.873 0.0000000000
124278  47.925  5.339  15.354 0.0000000000
83890  47.451  5.792  14.555 0.0000000000
83896  47.282  6.285  13.781 0.0000000000
86355  48.187  11.040  5.978 0.0000000000
87992  47.344  12.008  4.880 0.0000000000
87166  48.003  11.264  6.071 0.0000000000
87167  47.165  11.138  6.255 0.0000000000
87157  46.374  10.303  6.947 0.0000000000
87158  44.885  10.022  7.051 0.0000000000
123383  44.140  10.578  6.511 0.0000000000
87169  43.160  11.148  6.017 0.0000000000
88003  43.215  11.992  4.361 0.0000000000
87996  42.295  11.728  4.907 0.0000000000
87988  41.538  11.407  5.479 0.0000000000
87179  41.093  10.879  5.478 0.0000000000
86358  40.512  10.225  5.673 0.0000000000
85567  40.769  8.629  6.178 0.0000000000
83949  42.126  5.807  6.208 0.0000000000
139373  42.423  6.711  5.327 0.0000000000
130046  42.987  0.431  24.656 0.0000000000
78782  42.943  0.354  23.991 0.0000000000
79611  42.585  0.716  23.281 0.0000000000
79627  41.563  1.027  22.095 0.0000000000
78795  41.624  -0.359  23.441 0.0000000000
79631  40.427  1.346  20.809 0.0000000000
79634  40.121  1.614  19.928 0.0000000000
79635  39.670  1.107  19.576 0.0000000000
88729  48.268  12.939  16.030 0.0000000000
89435  49.082  13.489  15.247 0.0000000000
88727  50.593  12.769  15.073 0.0000000000
141161  50.068  13.296  14.912 0.0000000000
89450  49.974  13.798  14.319 0.0000000000
88744  50.775  13.356  13.202 0.0000000000
87956  49.524  12.396  13.406 0.0000000000
83110  45.012  5.197  11.295 0.0000000000
138150  45.890  5.242  11.630 0.0000000000
83117  44.813  5.379  10.476 0.0000000000
136479  45.445  5.754  10.180 0.0000000000
83122  45.639  6.123  9.586 0.0000000000
83933  44.778  6.059  8.079 0.0000000000
138502  45.398  6.497  8.407 0.0000000000
84770  45.882  7.335  7.218 0.0000000000
84777  46.426  8.210  6.452 0.0000000000
82315  45.803  4.979  4.555 0.0000000000
83149  45.182  5.605  5.081 0.0000000000
83954  45.302  6.739  5.145 0.0000000000
83965  45.789  7.062  4.278 0.0000000000
85566  46.481  8.793  5.453 0.0000000000
85572  47.075  9.882  4.824 0.0000000000
87196  46.962  10.758  3.097 0.0000000000
86366  47.325  9.124  2.761 0.0000000000
86373  47.117  9.967  2.785 0.0000000000
85595  44.941  8.973  2.523 0.0000000000
84805  44.098  7.211  2.721 0.0000000000
83977  44.312  6.477  2.435 0.0000000000
122154  52.120  5.613  21.726 0.0000000000
83033  51.462  5.653  20.779 0.0000000000
123690  49.347  5.282  18.966 0.0000000000
82154  48.319  4.988  23.844 0.0000000000
83015  47.842  5.615  22.733 0.0000000000
83024  48.287  6.017  22.074 0.0000000000
83026  46.954  6.236  21.346 0.0000000000
83838  47.769  6.403  21.203 0.0000000000
83844  48.456  6.426  20.464 0.0000000000
83042  48.504  5.565  19.021 0.0000000000
83053  49.145  4.652  18.376 0.0000000000
82203  48.075  3.583  17.232 0.0000000000
81295  47.587  3.319  16.701 0.0000000000
81296  46.596  3.506  16.803 0.0000000000
81305  47.191  3.143  15.976 0.0000000000
118441  46.463  3.626  14.674 0.0000000000
82235  45.801  4.262  13.618 0.0000000000
81271  42.857  3.113  22.173 0.0000000000
81283  42.240  3.408  21.129 0.0000000000
134820  42.959  3.974  21.497 0.0000000000
82186  42.710  4.293  20.598 0.0000000000
82189  42.691  4.475  19.699 0.0000000000
120205  40.447  1.780  17.951 0.0000000000
80477  40.923  2.191  17.538 0.0000000000
80476  41.459  2.887  17.991 0.0000000000
81301  42.082  3.435  18.003 0.0000000000
81291  42.471  3.869  18.405 0.0000000000
81290  43.206  4.208  18.091 0.0000000000
81299  43.665  3.980  17.295 0.0000000000
136730  44.466  3.815  16.824 0.0000000000
121569  44.454  3.649  16.106 0.0000000000
81327  43.247  3.732  14.443 0.0000000000
81326  44.211  3.936  14.732 0.0000000000
82236  44.740  4.416  13.347 0.0000000000
82246  44.562  4.633  12.535 0.0000000000
82255  44.347  4.785  11.707 0.0000000000
132982  43.580  4.394  9.671 0.0000000000
126067  43.135  3.829  9.883 0.0000000000
82270  43.421  3.912  9.087 0.0000000000
138518  43.916  4.170  7.616 0.0000000000
118872  44.177  3.879  7.019 0.0000000000
81390  44.696  3.513  6.364 0.0000000000
78892  42.844  0.954  9.740 0.0000000000
79698  42.800  1.729  9.457 0.0000000000
130759  44.886  0.777  8.546 0.0000000000
136376  44.451  1.338  8.277 0.0000000000
79726  44.020  1.957  7.993 0.0000000000
80547  44.265  2.541  7.356 0.0000000000
80561  44.722  2.843  6.741 0.0000000000
79583  43.068  0.708  25.146 0.0000000000
79592  42.439  0.352  24.780 0.0000000000
79593  41.829  0.299  24.645 0.0000000000
140417  41.361  2.429  24.517 0.0000000000
80433  41.672  1.418  24.673 0.0000000000
79601  40.521  0.132  24.124 0.0000000000
81257  39.526  3.239  23.489 0.0000000000
80443  39.389  2.191  23.289 0.0000000000
79603  38.869  1.405  23.014 0.0000000000
92382  39.193  17.234  17.738 0.0000000000
90936  40.243  15.275  16.837 0.0000000000
91693  39.087  16.185  17.144 0.0000000000
131641  38.403  16.934  17.107 0.0000000000
91723  38.544  16.078  13.354 0.0000000000
91737  39.174  15.892  12.709 0.0000000000
90988  39.530  15.538  12.335 0.0000000000
91735  40.775  16.196  12.093 0.0000000000
90987  40.272  15.639  12.029 0.0000000000
90203  40.701  14.445  12.603 0.0000000000
88750  41.826  12.948  14.056 0.0000000000
91731  43.712  16.272  11.787 0.0000000000
90998  43.098  16.059  11.611 0.0000000000
90228  42.468  15.734  11.679 0.0000000000
89460  43.695  13.911  12.532 0.0000000000
90215  43.177  14.870  12.167 0.0000000000
89473  42.825  14.020  12.798 0.0000000000
87950  42.596  11.390  14.271 0.0000000000
86303  43.052  9.975  13.020 0.0000000000
83849  52.906  6.110  19.797 0.0000000000
85461  52.873  8.256  18.365 0.0000000000
86263  52.719  8.640  16.791 0.0000000000
85476  52.555  8.444  16.155 0.0000000000
83064  50.752  4.652  17.813 0.0000000000
136373  51.185  6.070  17.224 0.0000000000
142180  49.257  6.174  16.791 0.0000000000
83875  50.139  6.339  16.972 0.0000000000
130722  51.304  7.034  16.796 0.0000000000
84693  52.267  7.511  16.700 0.0000000000
85488  52.338  9.151  15.441 0.0000000000
86278  52.221  9.836  14.904 0.0000000000
138329  51.705  9.935  14.731 0.0000000000
87101  51.282  10.468  14.512 0.0000000000
86280  49.175  9.590  15.445 0.0000000000
87102  49.941  10.324  14.771 0.0000000000
87110  50.738  11.085  14.213 0.0000000000
87947  50.197  11.740  13.839 0.0000000000
87948  48.622  11.512  14.009 0.0000000000
87957  47.946  12.102  13.483 0.0000000000
83109  46.786  5.423  11.554 0.0000000000
83108  47.812  5.798  11.474 0.0000000000
83917  47.688  6.279  10.508 0.0000000000
83103  48.035  5.582  12.274 0.0000000000
83095  48.184  5.950  12.417 0.0000000000
139769  47.924  6.166  12.913 0.0000000000
137213  47.304  6.860  12.957 0.0000000000
84768  48.578  8.738  7.791 0.0000000000
84762  49.480  8.562  9.020 0.0000000000
86330  49.333  9.417  8.609 0.0000000000
85532  49.317  8.503  9.880 0.0000000000
84748  49.252  7.812  10.410 0.0000000000
84731  47.890  7.301  12.096 0.0000000000
128254  46.403  7.533  13.307 0.0000000000
84714  45.863  7.931  13.941 0.0000000000
85501  45.675  8.702  14.277 0.0000000000
134191  45.587  9.352  13.865 0.0000000000
85515  45.718  8.833  12.429 0.0000000000
86291  45.684  10.100  13.835 0.0000000000
87118  46.128  10.974  13.627 0.0000000000
87965  46.346  12.377  12.355 0.0000000000
87971  45.271  12.299  11.202 0.0000000000
87147  44.287  10.023  7.932 0.0000000000
132858  43.492  10.354  8.510 0.0000000000
87160  42.426  10.746  7.359 0.0000000000
86317  41.822  9.141  10.266 0.0000000000
85536  40.913  8.846  9.979 0.0000000000
127536  43.568  6.802  3.395 0.0000000000
83171  43.229  5.496  3.734 0.0000000000
79600  43.491  0.826  24.289 0.0000000000
79632  39.855  0.935  20.384 0.0000000000
79640  40.463  1.475  17.278 0.0000000000
79697  43.220  1.899  8.873 0.0000000000
80466  41.179  2.550  20.551 0.0000000000
80480  42.228  3.126  16.630 0.0000000000
80492  41.560  2.147  14.771 0.0000000000
80560  45.482  2.841  6.284 0.0000000000
81268  44.963  3.909  23.151 0.0000000000
81297  45.603  3.749  16.928 0.0000000000
81300  42.698  3.701  17.582 0.0000000000
81304  48.087  3.111  16.125 0.0000000000
81324  47.308  3.617  14.437 0.0000000000
82156  46.286  4.291  23.650 0.0000000000
82192  49.674  4.124  17.825 0.0000000000
82291  44.453  4.354  6.512 0.0000000000
83041  49.942  5.428  19.442 0.0000000000
83043  47.546  5.833  19.078 0.0000000000
83047  43.821  5.345  19.799 0.0000000000
83051  51.091  4.736  18.334 0.0000000000
83058  43.996  5.374  18.981 0.0000000000
83063  52.161  5.284  17.975 0.0000000000
83102  48.373  6.204  11.759 0.0000000000
83163  42.846  5.662  4.506 0.0000000000
83178  44.117  5.759  2.368 0.0000000000
83850  48.949  5.967  19.673 0.0000000000
83864  52.912  6.142  18.037 0.0000000000
83874  52.026  6.452  17.181 0.0000000000
83902  48.471  6.581  11.817 0.0000000000
83903  48.203  6.646  12.236 0.0000000000
83970  43.489  6.048  3.344 0.0000000000
84722  46.495  7.085  13.921 0.0000000000
84756  49.401  8.234  9.644 0.0000000000
84801  48.672  7.668  2.531 0.0000000000
84810  47.816  7.424  1.873 0.0000000000
85469  52.925  8.071  17.478 0.0000000000
85492  46.962  8.196  15.927 0.0000000000
85533  48.795  8.672  10.231 0.0000000000
85543  49.525  8.911  9.071 0.0000000000
86282  46.997  9.058  15.679 0.0000000000
86283  46.364  9.374  15.151 0.0000000000
86289  51.987  10.488  14.610 0.0000000000
86321  47.229  9.202  9.749 0.0000000000
86339  38.828  9.098  7.706 0.0000000000
87163  39.531  10.035  7.028 0.0000000000
87171  40.831  11.052  6.146 0.0000000000
87185  41.555  10.817  4.886 0.0000000000
87199  44.148  10.785  2.899 0.0000000000
87938  51.648  11.667  14.806 0.0000000000
87954  51.099  12.493  13.603 0.0000000000
87966  45.692  12.231  11.732 0.0000000000
87987  42.216  11.490  5.629 0.0000000000
88001  46.382  12.216  4.364 0.0000000000
88004  42.625  11.579  4.389 0.0000000000
88008  47.018  12.129  4.160 0.0000000000
88737  51.122  12.681  13.707 0.0000000000
89434  50.796  13.263  14.188 0.0000000000
89449  50.577  13.864  13.356 0.0000000000
89470  48.275  14.334  11.644 0.0000000000
90149  41.805  14.708  18.181 0.0000000000
90165  42.348  14.322  16.427 0.0000000000
90166  41.551  14.572  16.670 0.0000000000
90199  48.329  15.370  13.093 0.0000000000
90213  50.166  14.815  12.207 0.0000000000
90214  49.758  15.122  11.890 0.0000000000
90226  46.677  15.397  10.811 0.0000000000
90229  41.629  15.503  11.808 0.0000000000
90230  41.000  15.610  11.854 0.0000000000
90232  47.098  15.612  10.918 0.0000000000
90233  46.881  15.691  10.920 0.0000000000
90930  39.847  15.752  17.383 0.0000000000
90937  39.592  15.613  16.594 0.0000000000
90956  42.488  15.759  14.037 0.0000000000
90967  48.089  15.664  12.162 0.0000000000
90969  45.416  15.734  12.864 0.0000000000
90972  42.078  16.300  13.260 0.0000000000
90973  41.207  16.303  13.285 0.0000000000
90983  48.865  15.472  11.804 0.0000000000
90994  47.926  15.552  11.566 0.0000000000
90997  45.423  15.688  11.436 0.0000000000
91687  40.450  16.378  18.217 0.0000000000
91707  40.359  16.253  13.321 0.0000000000
91729  46.621  15.785  11.142 0.0000000000
91732  43.149  16.410  11.971 0.0000000000
92375  40.919  16.898  18.434 0.0000000000
117747  49.321  5.470  23.250 0.0000000000
117829  48.450  5.371  23.316 0.0000000000
119150  43.554  2.087  8.399 0.0000000000
121337  46.985  15.890  11.204 0.0000000000
121419  47.508  5.337  12.091 0.0000000000
122929  52.394  9.809  15.262 0.0000000000
123893  51.694  5.417  19.988 0.0000000000
124315  43.351  1.233  9.151 0.0000000000
125216  44.041  12.335  3.957 0.0000000000
129859  40.213  15.908  17.937 0.0000000000
131264  41.958  2.544  12.179 0.0000000000
132764  53.089  7.605  18.015 0.0000000000
137339  45.543  8.431  2.296 0.0000000000
139332  50.092  14.871  11.993 0.0000000000
139784  44.203  9.123  2.992 0.0000000000
140908  42.051  14.213  17.119 0.0000000000
141593  45.818  3.938  14.261 0.0000000000
