#!ascii label  , from subject sub-v1s13x0050022_ses-1 vox2ras=TkReg
971
40884  17.603  -41.015  35.301 0.0000000000
43716  27.679  -37.602  42.818 0.0000000000
62142  34.884  -18.546  24.687 0.0000000000
138206  29.106  -30.859  28.356 0.0000000000
46520  34.340  -35.527  35.196 0.0000000000
70234  46.249  -9.033  18.326 0.0000000000
58496  36.708  -23.397  26.871 0.0000000000
125695  32.303  -25.404  24.683 0.0000000000
38941  13.640  -43.647  34.290 0.0000000000
39928  23.822  -42.742  36.248 0.0000000000
43774  24.844  -38.270  36.772 0.0000000000
123217  20.987  -41.283  32.353 0.0000000000
65851  40.218  -14.373  21.721 0.0000000000
133948  20.272  -45.064  38.841 0.0000000000
37851  16.082  -43.328  39.495 0.0000000000
141245  40.288  -17.400  24.127 0.0000000000
121167  12.042  -46.276  37.985 0.0000000000
30818  10.162  -51.192  36.244 0.0000000000
54938  31.422  -26.043  29.832 0.0000000000
49100  32.424  -32.653  32.064 0.0000000000
45753  30.825  -36.737  30.452 0.0000000000
132698  28.477  -36.657  34.668 0.0000000000
55957  37.466  -24.857  26.858 0.0000000000
56883  35.169  -24.584  26.004 0.0000000000
55960  34.510  -25.479  26.637 0.0000000000
59375  38.835  -22.054  28.990 0.0000000000
40921  16.266  -40.725  32.225 0.0000000000
39981  14.473  -42.706  32.165 0.0000000000
39957  15.321  -41.958  34.483 0.0000000000
38939  19.570  -42.736  34.937 0.0000000000
39952  21.877  -42.628  33.618 0.0000000000
134313  19.377  -41.064  33.863 0.0000000000
41863  17.804  -40.345  30.784 0.0000000000
63081  35.908  -17.721  23.111 0.0000000000
62111  37.416  -18.642  26.823 0.0000000000
62138  38.209  -18.042  24.790 0.0000000000
63095  38.345  -16.896  22.378 0.0000000000
37797  14.225  -43.623  41.397 0.0000000000
37835  13.163  -44.031  39.245 0.0000000000
142336  11.997  -45.499  40.915 0.0000000000
30782  10.245  -51.957  40.228 0.0000000000
31869  10.591  -50.547  38.629 0.0000000000
29744  9.273  -52.716  36.813 0.0000000000
27545  6.915  -54.156  35.414 0.0000000000
26453  6.317  -55.789  37.754 0.0000000000
49074  32.334  -32.133  34.467 0.0000000000
48231  33.240  -33.905  33.033 0.0000000000
135531  32.750  -35.503  30.634 0.0000000000
45715  32.569  -36.689  32.525 0.0000000000
43789  23.745  -38.224  34.296 0.0000000000
45664  26.814  -36.639  36.331 0.0000000000
45699  24.885  -36.045  33.758 0.0000000000
46558  26.428  -35.052  32.749 0.0000000000
53004  29.402  -28.682  29.568 0.0000000000
132112  29.260  -26.658  27.188 0.0000000000
52094  27.863  -29.213  26.376 0.0000000000
71085  49.050  -7.709  16.907 0.0000000000
71098  46.845  -8.571  15.950 0.0000000000
127670  35.317  -20.904  26.513 0.0000000000
58509  34.126  -22.458  25.306 0.0000000000
60262  37.160  -20.504  28.608 0.0000000000
41749  24.710  -39.177  40.314 0.0000000000
138912  26.350  -37.202  40.405 0.0000000000
41766  24.103  -40.308  36.765 0.0000000000
41822  23.460  -40.632  33.681 0.0000000000
41850  22.298  -40.150  31.743 0.0000000000
65840  43.499  -14.788  22.752 0.0000000000
66798  42.732  -13.131  22.071 0.0000000000
68503  42.920  -10.754  19.943 0.0000000000
70242  43.561  -9.637  17.582 0.0000000000
38913  18.487  -42.592  36.748 0.0000000000
38915  16.391  -41.971  37.184 0.0000000000
37849  17.803  -43.757  38.862 0.0000000000
37863  21.656  -44.281  37.621 0.0000000000
63997  40.636  -16.228  22.384 0.0000000000
38918  13.994  -43.679  36.930 0.0000000000
37883  12.968  -44.720  36.470 0.0000000000
34919  11.511  -47.445  35.239 0.0000000000
34843  11.364  -47.844  39.553 0.0000000000
32951  10.840  -49.075  36.871 0.0000000000
24454  3.387  -56.946  37.311 0.0000000000
55919  34.301  -25.592  29.351 0.0000000000
52043  29.974  -29.672  31.354 0.0000000000
50081  31.213  -31.109  32.654 0.0000000000
50092  30.633  -31.398  30.375 0.0000000000
48255  32.028  -33.732  29.083 0.0000000000
46592  31.167  -36.177  28.803 0.0000000000
45767  28.780  -36.002  28.214 0.0000000000
45612  27.876  -36.394  39.069 0.0000000000
45641  30.326  -36.614  37.044 0.0000000000
44775  31.532  -37.034  34.541 0.0000000000
45718  29.454  -36.475  32.815 0.0000000000
46572  28.378  -35.062  31.033 0.0000000000
55947  31.877  -25.440  27.472 0.0000000000
54996  29.933  -26.028  24.254 0.0000000000
54964  36.941  -25.383  27.811 0.0000000000
55959  36.121  -25.306  26.834 0.0000000000
54951  36.247  -25.588  27.759 0.0000000000
56857  38.698  -24.372  28.691 0.0000000000
137846  17.049  -40.835  33.745 0.0000000000
40897  15.870  -41.536  33.849 0.0000000000
39956  16.068  -41.503  34.827 0.0000000000
39955  18.886  -41.580  35.381 0.0000000000
39967  19.900  -41.717  34.220 0.0000000000
40894  18.271  -40.917  34.842 0.0000000000
41824  18.117  -40.390  32.912 0.0000000000
62153  35.597  -18.155  23.959 0.0000000000
62112  36.578  -18.758  25.958 0.0000000000
62128  37.544  -18.353  25.525 0.0000000000
62140  36.392  -18.227  24.544 0.0000000000
62151  37.029  -17.869  23.927 0.0000000000
28651  9.486  -53.091  39.431 0.0000000000
29721  9.857  -52.523  39.009 0.0000000000
28666  8.859  -53.707  38.215 0.0000000000
28690  8.311  -53.500  36.527 0.0000000000
28680  7.979  -54.112  36.948 0.0000000000
27536  6.500  -54.843  35.935 0.0000000000
48206  33.550  -33.537  34.801 0.0000000000
47375  33.890  -34.512  34.014 0.0000000000
46554  33.547  -35.374  32.640 0.0000000000
45693  33.547  -36.082  33.928 0.0000000000
135213  28.517  -37.147  42.461 0.0000000000
43808  22.810  -38.142  32.959 0.0000000000
45688  24.542  -36.709  34.114 0.0000000000
45701  23.436  -36.712  33.029 0.0000000000
45720  23.704  -35.832  32.568 0.0000000000
52059  29.421  -29.524  29.716 0.0000000000
53015  28.624  -28.986  28.144 0.0000000000
123689  45.527  -9.632  19.626 0.0000000000
71079  46.719  -8.711  19.694 0.0000000000
71078  47.355  -8.257  19.285 0.0000000000
71087  47.156  -8.264  17.563 0.0000000000
71088  46.414  -8.780  17.682 0.0000000000
59401  35.515  -21.895  26.599 0.0000000000
59419  34.511  -21.960  25.739 0.0000000000
126455  35.100  -22.361  26.245 0.0000000000
55987  34.088  -25.261  25.069 0.0000000000
56891  33.635  -24.991  24.460 0.0000000000
56892  33.055  -25.131  24.016 0.0000000000
58483  37.758  -22.642  27.636 0.0000000000
135731  36.707  -21.817  27.570 0.0000000000
60270  36.210  -20.722  27.502 0.0000000000
38940  14.053  -43.080  33.725 0.0000000000
37907  12.859  -44.895  34.211 0.0000000000
40849  23.566  -41.180  37.913 0.0000000000
41757  23.948  -39.677  38.542 0.0000000000
39937  24.074  -42.096  36.042 0.0000000000
39979  21.266  -41.575  33.085 0.0000000000
40903  22.951  -41.437  33.325 0.0000000000
40916  22.542  -41.065  32.813 0.0000000000
41838  22.736  -40.235  32.625 0.0000000000
40931  21.521  -41.061  31.745 0.0000000000
40932  20.611  -41.161  31.383 0.0000000000
48275  30.626  -33.999  27.168 0.0000000000
65849  41.778  -14.337  22.264 0.0000000000
66790  43.193  -13.766  22.642 0.0000000000
66799  41.873  -13.385  21.806 0.0000000000
68499  41.577  -11.389  20.181 0.0000000000
68512  41.785  -10.645  18.794 0.0000000000
69361  43.473  -10.296  19.411 0.0000000000
37866  19.188  -44.226  37.510 0.0000000000
37868  18.005  -43.787  38.122 0.0000000000
37829  19.097  -44.594  38.836 0.0000000000
37864  20.926  -44.428  37.557 0.0000000000
37881  19.844  -43.884  36.341 0.0000000000
63091  42.165  -16.583  23.090 0.0000000000
63093  40.708  -16.950  22.966 0.0000000000
63108  38.497  -16.557  21.072 0.0000000000
120916  16.311  -43.081  38.875 0.0000000000
38916  15.412  -42.274  36.968 0.0000000000
120043  14.825  -43.091  38.321 0.0000000000
36779  12.385  -45.660  38.518 0.0000000000
37870  12.860  -44.884  37.354 0.0000000000
36791  12.431  -45.563  37.652 0.0000000000
35805  12.072  -46.063  36.166 0.0000000000
35806  11.694  -46.789  36.527 0.0000000000
33886  11.055  -48.441  40.923 0.0000000000
30809  10.275  -51.275  37.266 0.0000000000
32927  10.719  -49.818  38.199 0.0000000000
31888  10.491  -50.535  36.805 0.0000000000
138330  10.684  -49.768  35.459 0.0000000000
52972  30.254  -28.633  31.694 0.0000000000
136325  32.098  -32.203  32.828 0.0000000000
127571  31.779  -31.532  34.037 0.0000000000
49101  31.756  -31.818  32.304 0.0000000000
50086  31.115  -31.287  31.747 0.0000000000
50091  31.249  -31.746  30.850 0.0000000000
49120  31.480  -32.842  29.291 0.0000000000
49114  32.303  -33.137  30.401 0.0000000000
45752  31.909  -36.394  30.499 0.0000000000
126845  32.321  -35.675  29.897 0.0000000000
45765  30.605  -36.455  29.371 0.0000000000
45766  29.770  -36.274  28.747 0.0000000000
45754  29.980  -36.397  29.959 0.0000000000
43758  25.513  -37.660  38.738 0.0000000000
44706  27.080  -36.601  39.726 0.0000000000
44725  26.131  -37.051  38.421 0.0000000000
45674  27.629  -36.605  35.687 0.0000000000
137452  28.233  -36.756  36.992 0.0000000000
45672  29.225  -36.915  35.726 0.0000000000
138943  30.596  -36.952  35.654 0.0000000000
44777  29.732  -37.013  34.395 0.0000000000
44790  30.123  -36.985  33.804 0.0000000000
45684  28.872  -36.672  34.174 0.0000000000
47408  25.636  -34.464  31.242 0.0000000000
46573  27.695  -34.670  31.298 0.0000000000
54937  32.337  -25.777  29.671 0.0000000000
55931  32.905  -25.488  28.193 0.0000000000
54954  31.141  -25.724  28.353 0.0000000000
53975  28.366  -27.617  25.461 0.0000000000
54988  29.230  -26.365  25.479 0.0000000000
71920  49.950  -7.410  15.665 0.0000000000
57680  37.601  -23.797  26.910 0.0000000000
57690  35.717  -24.125  26.347 0.0000000000
56882  36.100  -24.647  26.486 0.0000000000
55975  35.476  -25.034  26.316 0.0000000000
55977  33.627  -25.450  25.369 0.0000000000
57670  39.184  -23.408  28.618 0.0000000000
56867  38.783  -23.767  27.531 0.0000000000
40909  15.653  -41.387  32.809 0.0000000000
39968  15.159  -42.003  33.467 0.0000000000
38928  14.135  -42.970  34.738 0.0000000000
123241  22.675  -43.691  35.289 0.0000000000
39939  23.184  -43.191  34.761 0.0000000000
38937  21.238  -43.210  34.076 0.0000000000
39966  20.637  -41.704  33.619 0.0000000000
40919  19.951  -41.111  32.275 0.0000000000
40933  19.524  -41.151  31.115 0.0000000000
136922  18.362  -40.325  32.132 0.0000000000
41841  16.967  -40.205  31.644 0.0000000000
65861  39.007  -14.544  20.444 0.0000000000
36751  19.608  -43.883  39.994 0.0000000000
62102  38.914  -18.032  27.043 0.0000000000
62126  39.416  -17.944  25.606 0.0000000000
62137  39.109  -17.916  24.835 0.0000000000
63077  39.324  -17.252  23.347 0.0000000000
63078  38.320  -17.236  23.216 0.0000000000
63096  37.442  -17.140  22.507 0.0000000000
117830  15.065  -43.432  40.862 0.0000000000
38886  14.402  -43.315  39.723 0.0000000000
37834  13.523  -43.571  39.904 0.0000000000
122274  12.808  -44.306  39.990 0.0000000000
36767  12.265  -45.762  39.253 0.0000000000
32907  10.946  -49.865  39.908 0.0000000000
30781  10.529  -51.288  39.860 0.0000000000
30810  10.056  -51.944  37.760 0.0000000000
30819  9.788  -51.988  36.729 0.0000000000
29758  8.682  -52.927  36.189 0.0000000000
49087  32.777  -32.816  33.878 0.0000000000
48232  33.058  -33.534  32.410 0.0000000000
48247  32.735  -33.743  30.644 0.0000000000
47406  33.321  -34.441  31.718 0.0000000000
46570  32.486  -36.215  31.217 0.0000000000
45735  31.508  -36.832  31.211 0.0000000000
43782  24.649  -38.131  35.866 0.0000000000
44753  26.041  -36.901  36.890 0.0000000000
44767  25.160  -37.167  35.618 0.0000000000
45676  25.789  -36.520  35.075 0.0000000000
45686  26.647  -36.151  34.636 0.0000000000
45698  27.652  -35.804  33.590 0.0000000000
46542  25.956  -35.432  33.420 0.0000000000
124359  25.097  -34.701  31.858 0.0000000000
53937  30.094  -27.165  29.743 0.0000000000
54955  30.329  -26.301  28.709 0.0000000000
53946  29.348  -27.565  28.414 0.0000000000
53956  28.458  -27.845  27.057 0.0000000000
71906  48.645  -7.577  18.217 0.0000000000
71091  48.260  -7.921  16.284 0.0000000000
61207  35.407  -19.927  26.277 0.0000000000
139755  33.854  -19.116  24.664 0.0000000000
60296  34.292  -20.008  25.472 0.0000000000
57692  34.093  -23.395  25.047 0.0000000000
138342  33.356  -23.190  24.447 0.0000000000
126753  39.393  -20.971  29.988 0.0000000000
60257  38.185  -20.119  29.511 0.0000000000
61189  37.951  -19.241  29.083 0.0000000000
61193  37.342  -19.409  28.326 0.0000000000
61196  36.294  -19.779  27.188 0.0000000000
42697  25.765  -38.647  41.749 0.0000000000
43735  26.292  -37.639  41.171 0.0000000000
131144  25.115  -38.399  39.988 0.0000000000
42724  24.384  -38.951  38.303 0.0000000000
42738  24.454  -39.019  36.964 0.0000000000
134525  23.570  -42.209  34.472 0.0000000000
41808  24.218  -40.852  34.993 0.0000000000
42755  24.088  -39.510  34.807 0.0000000000
42767  23.316  -39.229  33.716 0.0000000000
42782  22.893  -39.139  33.044 0.0000000000
42798  22.088  -39.361  31.296 0.0000000000
67633  43.729  -12.057  22.092 0.0000000000
67636  41.532  -12.609  21.235 0.0000000000
67649  42.709  -11.756  21.157 0.0000000000
68492  44.022  -11.305  21.751 0.0000000000
69354  44.269  -10.393  20.518 0.0000000000
70229  44.908  -9.881  18.995 0.0000000000
137266  44.927  -9.628  18.160 0.0000000000
70240  45.269  -9.294  17.474 0.0000000000
39941  18.664  -41.985  36.120 0.0000000000
39930  16.830  -41.572  36.572 0.0000000000
38914  17.844  -42.443  37.351 0.0000000000
38903  17.247  -43.166  38.506 0.0000000000
142356  16.779  -43.477  39.540 0.0000000000
125858  18.828  -43.883  39.615 0.0000000000
37813  16.065  -43.476  40.816 0.0000000000
37781  15.674  -43.598  42.312 0.0000000000
43702  27.164  -38.217  43.103 0.0000000000
41734  25.389  -39.512  42.197 0.0000000000
40838  23.750  -40.757  40.167 0.0000000000
140891  23.204  -42.291  38.741 0.0000000000
38891  22.766  -43.465  38.689 0.0000000000
122380  22.655  -43.937  36.288 0.0000000000
38912  20.571  -44.011  35.768 0.0000000000
125335  19.535  -43.284  35.720 0.0000000000
63987  43.415  -16.440  23.038 0.0000000000
63988  42.079  -16.170  22.610 0.0000000000
64926  40.414  -15.802  22.158 0.0000000000
63106  39.570  -16.522  22.222 0.0000000000
125856  39.854  -16.173  22.037 0.0000000000
65852  39.554  -14.895  21.315 0.0000000000
39931  15.860  -41.789  36.360 0.0000000000
39932  14.958  -42.210  36.077 0.0000000000
38929  13.691  -43.648  35.372 0.0000000000
38907  13.886  -43.919  37.737 0.0000000000
37882  13.541  -44.052  36.275 0.0000000000
37893  13.134  -44.469  35.601 0.0000000000
36833  12.501  -45.485  34.691 0.0000000000
35851  11.808  -46.850  34.747 0.0000000000
35754  11.733  -46.223  40.600 0.0000000000
35764  11.647  -47.070  39.240 0.0000000000
33936  11.135  -48.402  38.214 0.0000000000
34882  11.388  -47.675  37.801 0.0000000000
33961  11.059  -48.436  36.531 0.0000000000
25431  5.165  -56.477  37.444 0.0000000000
120569  35.699  -25.668  29.289 0.0000000000
53920  31.202  -26.474  30.482 0.0000000000
53899  30.310  -27.860  31.075 0.0000000000
52993  29.597  -28.949  30.285 0.0000000000
51093  29.725  -30.332  29.839 0.0000000000
51081  30.676  -30.463  32.260 0.0000000000
51092  30.156  -30.549  30.735 0.0000000000
50100  29.696  -31.078  29.071 0.0000000000
50112  30.143  -31.888  28.639 0.0000000000
48256  31.281  -33.160  28.631 0.0000000000
48262  31.604  -34.128  28.297 0.0000000000
48248  32.474  -33.782  29.905 0.0000000000
47437  32.008  -34.845  28.653 0.0000000000
46603  30.846  -35.793  27.701 0.0000000000
45780  30.300  -36.287  28.165 0.0000000000
45781  29.296  -36.416  27.500 0.0000000000
139863  33.688  -36.663  35.986 0.0000000000
44686  27.836  -36.587  41.145 0.0000000000
44705  28.166  -36.347  40.059 0.0000000000
44723  29.797  -36.477  38.841 0.0000000000
45644  27.671  -36.666  37.451 0.0000000000
45625  29.180  -36.505  38.226 0.0000000000
44738  31.031  -36.735  37.742 0.0000000000
44751  31.783  -36.871  36.563 0.0000000000
44762  32.296  -36.920  35.896 0.0000000000
45683  33.136  -36.630  34.584 0.0000000000
122237  32.269  -36.951  33.513 0.0000000000
44804  31.144  -37.161  32.843 0.0000000000
45737  29.584  -36.321  31.857 0.0000000000
46540  28.096  -35.628  32.850 0.0000000000
45738  28.879  -35.681  31.577 0.0000000000
46571  29.194  -35.794  30.635 0.0000000000
46583  28.440  -35.161  29.961 0.0000000000
55929  34.451  -25.569  28.436 0.0000000000
55945  33.536  -25.515  27.256 0.0000000000
55978  32.166  -25.437  25.569 0.0000000000
54966  29.910  -25.993  27.078 0.0000000000
55964  30.650  -25.541  26.391 0.0000000000
55979  31.324  -25.368  25.045 0.0000000000
70243  46.131  -8.935  16.230 0.0000000000
54949  36.866  -25.402  29.028 0.0000000000
54950  36.313  -25.585  28.651 0.0000000000
55927  37.526  -25.097  28.491 0.0000000000
40895  17.364  -40.897  34.555 0.0000000000
40896  16.599  -41.163  34.243 0.0000000000
40885  16.871  -41.159  35.128 0.0000000000
128829  18.130  -41.381  35.748 0.0000000000
40907  17.776  -40.636  33.826 0.0000000000
62141  35.577  -18.427  24.901 0.0000000000
62154  34.610  -18.213  23.779 0.0000000000
61221  36.015  -18.607  25.414 0.0000000000
28652  8.969  -53.648  39.083 0.0000000000
28679  8.635  -53.700  37.346 0.0000000000
27527  8.239  -54.245  37.861 0.0000000000
27528  7.554  -54.705  37.485 0.0000000000
123082  34.183  -34.534  34.851 0.0000000000
46527  34.061  -35.393  34.296 0.0000000000
46538  33.739  -35.384  33.480 0.0000000000
43700  28.503  -37.602  43.337 0.0000000000
43809  22.396  -37.864  32.231 0.0000000000
44805  22.834  -37.269  32.652 0.0000000000
44806  22.403  -37.039  31.891 0.0000000000
45721  22.915  -36.361  32.206 0.0000000000
51125  29.112  -30.178  28.950 0.0000000000
52075  28.689  -29.705  28.326 0.0000000000
70228  46.077  -9.216  19.128 0.0000000000
70220  46.107  -9.186  20.116 0.0000000000
71083  46.732  -8.700  18.820 0.0000000000
133371  46.756  -8.647  18.167 0.0000000000
59400  36.266  -22.401  26.968 0.0000000000
58497  35.821  -22.863  26.692 0.0000000000
55988  33.219  -25.292  24.627 0.0000000000
55989  32.400  -25.260  23.847 0.0000000000
58490  37.133  -22.920  27.168 0.0000000000
38952  13.540  -43.699  33.308 0.0000000000
37921  13.221  -44.279  33.810 0.0000000000
37922  12.836  -44.879  33.267 0.0000000000
39921  23.610  -42.103  37.810 0.0000000000
131867  23.833  -41.540  37.261 0.0000000000
39927  23.985  -42.146  36.854 0.0000000000
40904  22.129  -41.651  33.089 0.0000000000
40917  21.833  -41.299  32.544 0.0000000000
41839  22.190  -40.756  32.137 0.0000000000
47448  30.822  -35.052  27.044 0.0000000000
65850  41.034  -13.943  21.892 0.0000000000
69371  42.269  -10.159  18.251 0.0000000000
37846  19.771  -44.702  38.219 0.0000000000
37847  19.109  -44.502  38.335 0.0000000000
36778  19.562  -44.890  38.839 0.0000000000
118007  20.545  -44.819  38.221 0.0000000000
37865  20.080  -44.419  37.559 0.0000000000
62136  40.032  -17.663  24.883 0.0000000000
63075  41.566  -17.133  24.102 0.0000000000
63092  41.493  -16.875  23.309 0.0000000000
124138  40.856  -17.197  23.684 0.0000000000
38892  15.381  -43.129  38.966 0.0000000000
127507  15.643  -42.846  38.320 0.0000000000
35790  12.058  -46.167  37.089 0.0000000000
35791  11.670  -46.908  37.425 0.0000000000
32895  10.889  -49.052  41.268 0.0000000000
31896  10.454  -50.470  35.806 0.0000000000
49110  31.858  -32.119  31.414 0.0000000000
129662  31.850  -32.479  30.561 0.0000000000
49109  32.356  -32.926  31.089 0.0000000000
43765  25.433  -37.623  37.963 0.0000000000
124612  27.916  -36.501  34.847 0.0000000000
45673  28.472  -36.749  35.345 0.0000000000
130652  29.080  -36.934  34.920 0.0000000000
54953  31.690  -25.740  29.093 0.0000000000
54939  30.907  -26.109  29.247 0.0000000000
56875  37.534  -24.416  26.782 0.0000000000
131205  37.022  -24.699  26.670 0.0000000000
130897  35.227  -25.271  26.520 0.0000000000
119018  34.497  -25.318  25.872 0.0000000000
58473  39.458  -22.699  29.862 0.0000000000
56868  38.520  -24.358  27.757 0.0000000000
56856  39.018  -23.865  28.169 0.0000000000
56869  38.098  -24.258  27.033 0.0000000000
57675  38.210  -23.512  27.244 0.0000000000
39958  14.648  -42.496  34.116 0.0000000000
39945  14.749  -42.330  35.116 0.0000000000
127353  20.984  -43.726  34.788 0.0000000000
38938  20.253  -43.077  34.356 0.0000000000
40905  19.930  -41.275  33.353 0.0000000000
138181  19.037  -40.793  32.909 0.0000000000
41825  17.137  -40.404  32.785 0.0000000000
41840  17.709  -40.073  31.914 0.0000000000
62104  37.640  -18.654  27.550 0.0000000000
62110  38.147  -18.266  26.876 0.0000000000
62127  38.540  -18.161  25.539 0.0000000000
63064  38.749  -17.661  24.059 0.0000000000
62150  37.852  -17.712  24.032 0.0000000000
63080  36.751  -17.571  23.170 0.0000000000
63097  36.327  -17.304  22.304 0.0000000000
37814  14.304  -43.408  40.460 0.0000000000
37816  12.545  -44.691  40.941 0.0000000000
36753  12.266  -45.407  40.059 0.0000000000
30769  10.458  -51.317  40.747 0.0000000000
29732  9.767  -52.538  38.194 0.0000000000
30804  10.176  -51.922  38.613 0.0000000000
131730  9.656  -52.488  37.443 0.0000000000
29757  9.119  -52.313  35.921 0.0000000000
28691  7.609  -53.779  36.028 0.0000000000
28700  8.079  -53.223  35.617 0.0000000000
27529  6.840  -55.142  37.055 0.0000000000
26460  6.138  -55.566  36.525 0.0000000000
26461  5.670  -56.132  37.070 0.0000000000
48221  33.322  -33.666  33.774 0.0000000000
140334  33.120  -33.174  34.302 0.0000000000
48222  32.996  -33.293  33.226 0.0000000000
122760  32.625  -32.742  32.989 0.0000000000
47398  33.440  -34.497  32.474 0.0000000000
46555  33.165  -36.077  31.988 0.0000000000
45734  32.176  -36.783  31.826 0.0000000000
43788  24.105  -38.420  34.959 0.0000000000
44768  24.576  -37.629  35.174 0.0000000000
44778  24.894  -36.956  34.833 0.0000000000
45687  25.268  -36.356  34.374 0.0000000000
141604  25.920  -36.114  34.423 0.0000000000
46529  26.315  -35.782  34.007 0.0000000000
46530  25.595  -35.869  33.922 0.0000000000
46560  24.427  -35.168  32.271 0.0000000000
53938  29.641  -27.831  29.267 0.0000000000
53945  29.864  -27.023  28.942 0.0000000000
53022  28.280  -28.688  27.259 0.0000000000
71086  48.021  -7.850  17.144 0.0000000000
71092  47.380  -8.164  16.574 0.0000000000
71097  47.655  -8.330  15.688 0.0000000000
60295  34.847  -20.422  26.014 0.0000000000
59420  33.839  -21.663  25.194 0.0000000000
58524  33.522  -22.438  24.751 0.0000000000
57691  34.849  -23.864  25.793 0.0000000000
56899  33.090  -24.572  23.922 0.0000000000
57702  33.595  -24.146  24.462 0.0000000000
57703  33.000  -23.557  23.947 0.0000000000
59363  39.287  -21.856  29.803 0.0000000000
60261  37.788  -20.804  29.091 0.0000000000
61188  38.601  -19.267  29.714 0.0000000000
60258  37.584  -20.027  29.059 0.0000000000
60280  35.777  -20.362  26.853 0.0000000000
141239  25.965  -38.091  41.298 0.0000000000
117695  24.010  -39.772  37.485 0.0000000000
129593  24.367  -38.969  37.507 0.0000000000
42730  24.231  -39.601  37.010 0.0000000000
39951  22.758  -42.996  33.982 0.0000000000
39964  22.994  -42.223  33.593 0.0000000000
40902  23.526  -41.385  33.999 0.0000000000
41809  23.994  -40.529  34.383 0.0000000000
141266  24.257  -40.241  35.073 0.0000000000
121113  23.709  -39.779  33.980 0.0000000000
127607  22.468  -39.363  32.175 0.0000000000
41861  22.004  -40.069  30.964 0.0000000000
40934  18.498  -40.776  30.912 0.0000000000
64915  43.825  -15.750  22.908 0.0000000000
66789  43.833  -13.240  22.927 0.0000000000
67623  43.439  -12.847  22.408 0.0000000000
67622  44.076  -12.499  22.802 0.0000000000
67634  43.082  -12.339  21.748 0.0000000000
67652  40.360  -12.376  20.174 0.0000000000
66811  40.777  -12.800  20.906 0.0000000000
68498  42.393  -11.239  20.482 0.0000000000
68497  43.143  -11.164  20.679 0.0000000000
68493  43.402  -11.594  21.403 0.0000000000
68496  43.783  -10.948  20.974 0.0000000000
69350  44.395  -10.624  21.363 0.0000000000
69355  43.609  -10.596  20.198 0.0000000000
69370  43.251  -9.873  18.497 0.0000000000
69369  44.069  -10.083  18.959 0.0000000000
70236  44.236  -9.790  18.293 0.0000000000
39929  17.856  -41.760  36.638 0.0000000000
37850  16.985  -43.447  39.228 0.0000000000
37832  17.383  -43.588  39.558 0.0000000000
37794  17.773  -43.491  41.065 0.0000000000
37812  17.094  -43.517  40.409 0.0000000000
37795  16.871  -43.545  41.320 0.0000000000
134876  16.134  -43.521  41.643 0.0000000000
41733  26.258  -38.814  42.757 0.0000000000
39910  23.466  -41.405  39.663 0.0000000000
37845  22.203  -44.064  38.264 0.0000000000
37862  22.259  -44.109  37.243 0.0000000000
38900  23.012  -43.617  37.501 0.0000000000
38911  21.788  -44.064  35.467 0.0000000000
37879  21.512  -44.234  36.656 0.0000000000
38901  19.113  -43.525  36.643 0.0000000000
38927  18.878  -42.752  36.083 0.0000000000
131454  33.244  -19.979  24.430 0.0000000000
63989  41.255  -16.502  22.699 0.0000000000
63996  41.255  -15.954  22.349 0.0000000000
63094  39.094  -16.884  22.610 0.0000000000
120707  39.925  -16.935  22.780 0.0000000000
64007  38.919  -16.265  20.684 0.0000000000
63998  39.208  -16.338  21.487 0.0000000000
131418  39.380  -16.083  21.287 0.0000000000
64927  39.707  -15.726  21.645 0.0000000000
64937  39.119  -15.650  20.679 0.0000000000
132936  17.243  -41.908  37.223 0.0000000000
38917  14.540  -42.873  36.740 0.0000000000
121688  14.282  -42.846  35.718 0.0000000000
122529  13.971  -43.393  36.205 0.0000000000
38887  13.807  -43.597  39.295 0.0000000000
38894  13.681  -43.908  38.593 0.0000000000
37869  13.445  -44.314  37.111 0.0000000000
130508  12.851  -44.873  35.003 0.0000000000
36814  12.573  -45.291  35.712 0.0000000000
35826  11.761  -46.748  35.660 0.0000000000
118289  11.326  -48.077  34.873 0.0000000000
35745  11.395  -46.923  41.217 0.0000000000
35755  11.523  -47.186  40.249 0.0000000000
31857  10.717  -50.584  39.464 0.0000000000
32914  10.868  -49.865  39.045 0.0000000000
32940  10.867  -49.085  37.764 0.0000000000
32926  10.951  -49.125  38.626 0.0000000000
33948  11.086  -48.376  37.331 0.0000000000
34902  11.342  -47.644  36.774 0.0000000000
26454  5.598  -56.282  37.998 0.0000000000
25432  4.684  -56.615  38.180 0.0000000000
25441  3.881  -56.904  37.772 0.0000000000
54914  33.545  -26.147  30.704 0.0000000000
124458  31.055  -27.036  31.189 0.0000000000
52992  29.816  -28.781  30.973 0.0000000000
52044  29.735  -29.659  30.548 0.0000000000
50066  31.329  -30.955  33.494 0.0000000000
50087  30.734  -31.126  31.075 0.0000000000
51109  30.132  -30.999  29.932 0.0000000000
50099  30.441  -31.660  29.486 0.0000000000
47416  33.114  -34.528  30.937 0.0000000000
47417  32.767  -34.646  30.205 0.0000000000
46602  31.879  -35.645  29.160 0.0000000000
139431  31.538  -35.538  28.492 0.0000000000
45782  28.268  -36.338  27.464 0.0000000000
44687  26.882  -37.064  41.314 0.0000000000
45611  28.820  -36.365  39.082 0.0000000000
44704  29.389  -36.418  39.785 0.0000000000
45645  26.878  -36.719  37.185 0.0000000000
45661  29.395  -36.772  36.593 0.0000000000
122726  28.818  -36.764  37.004 0.0000000000
45642  29.391  -36.639  37.425 0.0000000000
45624  30.118  -36.587  37.991 0.0000000000
128805  31.216  -36.706  37.041 0.0000000000
44764  30.836  -37.085  35.044 0.0000000000
131912  31.357  -36.899  35.755 0.0000000000
44763  31.652  -36.939  35.219 0.0000000000
44774  32.316  -36.894  34.970 0.0000000000
44787  32.274  -36.927  34.153 0.0000000000
45696  30.177  -36.920  33.164 0.0000000000
44789  30.724  -37.104  33.545 0.0000000000
45717  30.345  -36.901  32.337 0.0000000000
131242  26.789  -35.499  33.449 0.0000000000
46541  27.363  -35.270  32.776 0.0000000000
46556  28.079  -35.142  32.029 0.0000000000
54934  34.968  -25.640  29.767 0.0000000000
55928  35.102  -25.602  28.867 0.0000000000
55946  32.641  -25.460  27.571 0.0000000000
55962  32.728  -25.483  26.681 0.0000000000
55963  31.733  -25.422  26.499 0.0000000000
54967  29.689  -26.671  28.012 0.0000000000
134195  30.352  -25.977  27.942 0.0000000000
54987  29.776  -25.773  25.056 0.0000000000
54976  29.804  -25.826  25.984 0.0000000000
55980  30.494  -25.504  25.480 0.0000000000
55991  30.530  -25.549  24.612 0.0000000000
131188  50.664  -7.028  15.363 0.0000000000
70244  45.415  -9.206  16.477 0.0000000000
70251  45.700  -9.429  15.610 0.0000000000
136148  37.724  -24.911  27.452 0.0000000000
55958  36.960  -25.204  26.855 0.0000000000
54965  36.691  -25.473  27.142 0.0000000000
136151  36.058  -25.531  27.230 0.0000000000
119809  35.366  -25.490  27.009 0.0000000000
55941  38.123  -24.733  28.258 0.0000000000
40908  16.398  -40.992  33.266 0.0000000000
137196  19.885  -42.301  34.490 0.0000000000
39954  19.509  -41.896  34.989 0.0000000000
40893  19.136  -41.250  34.603 0.0000000000
40906  18.646  -40.764  33.882 0.0000000000
62162  35.119  -17.853  23.194 0.0000000000
61205  36.690  -19.010  26.714 0.0000000000
128203  37.242  -18.602  26.231 0.0000000000
62129  36.768  -18.385  25.249 0.0000000000
62139  37.317  -18.117  24.689 0.0000000000
62152  36.354  -17.976  23.724 0.0000000000
37782  14.705  -43.690  42.293 0.0000000000
136504  13.718  -43.938  42.328 0.0000000000
28665  9.417  -53.137  38.597 0.0000000000
28678  9.272  -53.125  37.642 0.0000000000
29745  8.880  -53.236  36.905 0.0000000000
27535  7.231  -54.452  36.492 0.0000000000
27522  7.059  -55.272  38.103 0.0000000000
135222  34.030  -33.885  35.438 0.0000000000
47386  33.588  -34.565  33.210 0.0000000000
46539  33.244  -36.176  33.013 0.0000000000
44780  23.646  -37.765  33.946 0.0000000000
44779  24.166  -37.530  34.471 0.0000000000
44792  23.283  -37.560  33.375 0.0000000000
44791  23.868  -37.091  33.745 0.0000000000
45700  24.164  -36.316  33.407 0.0000000000
140120  23.204  -35.796  31.981 0.0000000000
53014  29.125  -28.421  28.721 0.0000000000
52074  28.991  -29.265  28.952 0.0000000000
52083  28.236  -29.662  27.447 0.0000000000
70221  45.475  -9.610  20.541 0.0000000000
70215  46.006  -9.108  21.079 0.0000000000
71077  47.969  -7.823  18.779 0.0000000000
71082  47.301  -8.277  18.428 0.0000000000
71093  46.598  -8.544  16.852 0.0000000000
123927  35.903  -21.379  27.002 0.0000000000
59418  34.922  -21.439  26.150 0.0000000000
58508  34.629  -22.885  25.791 0.0000000000
55976  34.725  -25.025  25.622 0.0000000000
56884  34.334  -24.594  25.144 0.0000000000
56900  32.710  -24.898  23.410 0.0000000000
58482  38.353  -22.272  28.326 0.0000000000
59377  37.446  -21.517  28.404 0.0000000000
59378  36.695  -20.927  28.125 0.0000000000
38951  13.972  -43.198  32.735 0.0000000000
36852  12.506  -45.584  33.693 0.0000000000
41750  24.039  -39.822  39.679 0.0000000000
40861  23.702  -40.367  37.901 0.0000000000
40862  23.827  -40.770  37.242 0.0000000000
40874  24.069  -41.318  36.495 0.0000000000
39965  21.449  -41.993  33.530 0.0000000000
126113  22.302  -42.037  33.343 0.0000000000
41823  23.028  -40.702  33.167 0.0000000000
41851  21.839  -40.541  31.277 0.0000000000
40946  21.202  -40.931  30.740 0.0000000000
65841  42.618  -14.628  22.494 0.0000000000
66791  42.427  -13.846  22.299 0.0000000000
67661  40.817  -11.718  19.750 0.0000000000
68505  41.309  -11.160  19.304 0.0000000000
68504  42.046  -10.785  19.721 0.0000000000
69362  42.633  -10.374  19.142 0.0000000000
70237  42.698  -9.838  17.576 0.0000000000
38902  18.402  -43.416  37.427 0.0000000000
37867  18.575  -44.147  37.916 0.0000000000
37848  18.559  -44.214  38.628 0.0000000000
37880  20.437  -44.216  36.793 0.0000000000
137873  19.681  -44.161  36.909 0.0000000000
63074  42.342  -16.909  23.764 0.0000000000
63990  40.345  -16.539  22.531 0.0000000000
63107  38.825  -16.625  21.875 0.0000000000
140587  16.459  -42.775  38.283 0.0000000000
38904  15.984  -42.468  37.720 0.0000000000
38905  15.070  -42.714  37.644 0.0000000000
38906  14.423  -43.288  37.610 0.0000000000
123685  13.050  -44.412  38.618 0.0000000000
37853  12.761  -44.968  38.200 0.0000000000
36801  12.485  -45.439  36.747 0.0000000000
122628  11.483  -47.332  36.000 0.0000000000
34826  11.192  -47.745  41.023 0.0000000000
33907  11.235  -48.121  40.314 0.0000000000
31879  10.506  -50.537  37.756 0.0000000000
32941  10.673  -49.806  37.304 0.0000000000
32952  10.683  -49.795  36.369 0.0000000000
139402  30.709  -27.751  31.597 0.0000000000
52958  30.870  -28.037  32.137 0.0000000000
52014  30.459  -28.891  32.231 0.0000000000
121143  32.173  -32.199  33.571 0.0000000000
50080  31.687  -31.644  33.154 0.0000000000
49116  31.233  -32.185  29.897 0.0000000000
49115  31.945  -32.972  29.836 0.0000000000
45764  31.446  -36.363  29.701 0.0000000000
46582  29.170  -35.871  29.377 0.0000000000
44707  26.232  -37.115  39.311 0.0000000000
44724  26.989  -36.659  38.766 0.0000000000
45663  27.645  -36.705  36.656 0.0000000000
45662  28.496  -36.792  36.268 0.0000000000
45660  30.052  -36.850  36.094 0.0000000000
44765  29.933  -37.095  35.216 0.0000000000
142097  30.269  -37.128  34.735 0.0000000000
44776  30.666  -37.113  34.253 0.0000000000
45697  29.461  -36.704  33.631 0.0000000000
47399  25.999  -34.634  32.023 0.0000000000
46557  27.038  -34.696  31.913 0.0000000000
47418  27.051  -34.390  30.912 0.0000000000
46584  27.745  -34.603  30.436 0.0000000000
46594  27.636  -34.731  29.373 0.0000000000
47428  27.002  -34.393  29.890 0.0000000000
54936  33.385  -25.733  29.799 0.0000000000
136150  33.765  -25.553  28.955 0.0000000000
54952  33.072  -25.559  28.966 0.0000000000
55932  32.089  -25.510  28.290 0.0000000000
53955  28.734  -27.103  26.729 0.0000000000
54977  29.207  -26.431  26.402 0.0000000000
53964  28.662  -26.983  25.850 0.0000000000
71090  49.141  -7.727  15.980 0.0000000000
57682  36.257  -23.771  26.628 0.0000000000
57681  37.090  -24.161  26.719 0.0000000000
57689  36.549  -24.324  26.608 0.0000000000
55974  36.442  -25.013  26.660 0.0000000000
131892  32.949  -25.514  25.147 0.0000000000
58474  39.220  -22.750  29.178 0.0000000000
133096  39.086  -23.820  28.825 0.0000000000
134364  39.021  -23.433  28.038 0.0000000000
58481  38.989  -22.849  28.423 0.0000000000
58489  38.662  -23.095  27.776 0.0000000000
139953  37.762  -23.262  27.147 0.0000000000
39980  15.012  -42.009  32.443 0.0000000000
39969  14.520  -42.565  33.107 0.0000000000
38925  22.126  -43.562  34.545 0.0000000000
134704  21.987  -43.189  33.973 0.0000000000
39953  20.690  -42.358  33.977 0.0000000000
40918  20.571  -41.350  32.981 0.0000000000
40920  18.886  -40.763  31.764 0.0000000000
41852  18.108  -40.156  31.309 0.0000000000
65860  39.613  -13.930  21.021 0.0000000000
66801  40.429  -13.526  21.314 0.0000000000
66813  39.247  -13.598  20.141 0.0000000000
36765  20.095  -44.601  39.456 0.0000000000
36750  20.304  -43.872  40.530 0.0000000000
119442  37.962  -18.317  26.198 0.0000000000
135726  38.817  -18.118  26.260 0.0000000000
63063  39.606  -17.525  24.121 0.0000000000
63076  40.138  -17.236  23.449 0.0000000000
63079  37.476  -17.476  23.394 0.0000000000
38878  15.373  -43.330  40.125 0.0000000000
120738  15.132  -43.232  39.496 0.0000000000
37815  13.362  -43.839  40.716 0.0000000000
37836  12.679  -44.949  39.128 0.0000000000
35775  12.004  -46.356  38.849 0.0000000000
31849  10.753  -50.603  40.340 0.0000000000
30792  10.451  -51.253  39.035 0.0000000000
30803  10.339  -51.242  38.202 0.0000000000
30829  9.584  -51.659  35.586 0.0000000000
49073  32.883  -32.743  34.737 0.0000000000
48241  32.912  -33.587  31.456 0.0000000000
132951  33.481  -35.194  31.967 0.0000000000
129995  33.217  -35.336  31.340 0.0000000000
44741  25.383  -37.575  37.272 0.0000000000
44754  25.293  -37.432  36.484 0.0000000000
44766  25.952  -36.761  36.016 0.0000000000
45675  26.695  -36.492  35.453 0.0000000000
137497  27.283  -36.389  34.985 0.0000000000
45685  27.461  -36.125  34.386 0.0000000000
121378  28.165  -36.305  34.168 0.0000000000
46528  26.989  -35.807  34.049 0.0000000000
138498  25.272  -35.603  33.407 0.0000000000
46559  25.382  -35.116  32.730 0.0000000000
53936  30.684  -26.530  29.900 0.0000000000
127243  30.340  -26.604  29.346 0.0000000000
124154  29.027  -27.321  27.565 0.0000000000
53021  28.797  -28.139  27.875 0.0000000000
53965  28.269  -27.672  26.207 0.0000000000
71081  47.919  -7.898  17.952 0.0000000000
71911  48.575  -7.704  17.571 0.0000000000
71096  48.451  -8.106  15.405 0.0000000000
61226  35.107  -19.225  25.565 0.0000000000
61227  34.324  -19.158  25.038 0.0000000000
120168  34.312  -21.030  25.677 0.0000000000
60297  33.571  -20.638  24.973 0.0000000000
129405  35.342  -23.316  26.332 0.0000000000
58525  32.842  -22.484  24.037 0.0000000000
59364  38.682  -21.095  29.479 0.0000000000
60256  38.957  -20.210  30.014 0.0000000000
61192  37.999  -18.535  28.301 0.0000000000
61195  36.962  -19.224  27.447 0.0000000000
60269  36.632  -20.063  27.954 0.0000000000
61206  36.040  -19.474  26.501 0.0000000000
136606  35.815  -19.180  25.971 0.0000000000
135054  26.660  -37.836  42.071 0.0000000000
43736  25.748  -37.915  40.610 0.0000000000
42717  24.526  -39.033  39.303 0.0000000000
43749  25.601  -37.726  39.707 0.0000000000
43759  24.881  -38.259  38.146 0.0000000000
43766  24.858  -38.286  37.452 0.0000000000
39938  23.758  -42.530  35.380 0.0000000000
40883  24.111  -41.572  35.359 0.0000000000
40892  23.961  -41.313  34.601 0.0000000000
41780  24.244  -40.551  35.798 0.0000000000
42739  24.291  -39.755  36.435 0.0000000000
42747  24.291  -39.701  35.640 0.0000000000
43775  24.385  -38.987  36.287 0.0000000000
125754  24.232  -38.956  35.546 0.0000000000
129442  23.649  -38.923  34.288 0.0000000000
41837  23.235  -39.971  33.360 0.0000000000
43797  23.297  -38.429  33.698 0.0000000000
141076  22.512  -38.602  32.470 0.0000000000
138096  22.158  -38.530  31.751 0.0000000000
50113  29.439  -31.509  28.160 0.0000000000
68484  44.314  -11.663  22.527 0.0000000000
66800  41.147  -13.245  21.435 0.0000000000
67635  42.324  -12.506  21.498 0.0000000000
67650  41.936  -11.873  20.920 0.0000000000
68491  44.588  -10.882  22.199 0.0000000000
69349  44.965  -10.225  21.804 0.0000000000
69353  44.862  -10.042  20.954 0.0000000000
69360  44.204  -10.208  19.671 0.0000000000
69359  44.904  -10.026  20.021 0.0000000000
139329  45.536  -9.581  19.020 0.0000000000
70235  45.562  -9.430  18.408 0.0000000000
131695  45.908  -9.133  17.833 0.0000000000
39942  17.283  -41.250  35.925 0.0000000000
131032  17.796  -42.981  37.931 0.0000000000
120026  17.034  -42.474  37.802 0.0000000000
36766  19.349  -44.505  39.183 0.0000000000
37830  18.881  -44.335  39.069 0.0000000000
37831  18.294  -43.961  39.244 0.0000000000
37793  18.560  -43.534  41.400 0.0000000000
37811  17.970  -43.641  39.976 0.0000000000
37833  16.499  -43.444  39.972 0.0000000000
37796  15.313  -43.519  41.546 0.0000000000
43701  27.790  -37.948  43.452 0.0000000000
41742  25.044  -39.361  41.267 0.0000000000
40819  24.686  -40.253  41.721 0.0000000000
41743  24.348  -40.052  40.738 0.0000000000
40848  23.597  -40.650  38.953 0.0000000000
39916  23.354  -41.606  38.796 0.0000000000
39922  23.693  -42.878  37.211 0.0000000000
38899  23.318  -42.907  38.203 0.0000000000
124111  23.394  -43.342  36.570 0.0000000000
38926  20.110  -43.455  35.063 0.0000000000
39940  19.161  -42.302  35.558 0.0000000000
134047  34.082  -18.684  24.364 0.0000000000
64916  42.899  -15.705  22.673 0.0000000000
122109  42.732  -16.351  22.961 0.0000000000
64924  41.932  -15.353  22.440 0.0000000000
64925  40.929  -14.986  22.219 0.0000000000
129013  40.104  -15.175  21.920 0.0000000000
39943  16.367  -41.444  35.727 0.0000000000
39944  15.490  -41.804  35.449 0.0000000000
38893  14.467  -43.373  38.979 0.0000000000
138043  14.260  -43.540  38.256 0.0000000000
37852  13.265  -44.412  37.936 0.0000000000
37906  13.249  -44.303  34.726 0.0000000000
35850  12.173  -46.240  34.229 0.0000000000
35825  12.125  -46.097  35.214 0.0000000000
35763  11.908  -46.340  39.709 0.0000000000
35776  11.694  -47.002  38.338 0.0000000000
32906  11.074  -49.004  40.358 0.0000000000
133385  11.191  -48.515  39.749 0.0000000000
33924  11.168  -48.455  39.051 0.0000000000
34864  11.395  -47.736  38.700 0.0000000000
33971  11.222  -48.102  35.756 0.0000000000
32961  10.860  -49.022  35.888 0.0000000000
25450  5.087  -56.557  36.547 0.0000000000
54933  36.291  -25.650  29.658 0.0000000000
120204  32.648  -26.059  30.477 0.0000000000
54915  31.891  -26.072  30.328 0.0000000000
53921  30.478  -27.143  30.476 0.0000000000
53003  29.863  -28.032  30.245 0.0000000000
52029  30.577  -29.575  32.608 0.0000000000
52030  30.295  -29.661  31.974 0.0000000000
51082  30.429  -30.514  31.568 0.0000000000
49121  30.871  -32.353  29.021 0.0000000000
123449  30.567  -32.659  28.254 0.0000000000
48263  30.976  -33.544  27.914 0.0000000000
138627  31.204  -34.405  27.710 0.0000000000
47427  32.438  -34.735  29.420 0.0000000000
47438  31.483  -35.002  27.997 0.0000000000
45794  29.931  -36.464  26.709 0.0000000000
45795  28.923  -36.979  26.812 0.0000000000
45670  33.792  -36.405  35.301 0.0000000000
44666  27.609  -37.079  41.992 0.0000000000
43715  28.471  -36.757  41.689 0.0000000000
120080  27.183  -36.622  40.591 0.0000000000
44685  28.957  -36.575  40.811 0.0000000000
44722  30.847  -36.741  38.636 0.0000000000
44740  26.061  -36.969  37.666 0.0000000000
44739  26.911  -36.679  37.959 0.0000000000
45627  27.743  -36.523  38.212 0.0000000000
45643  28.504  -36.616  37.673 0.0000000000
45626  28.440  -36.457  38.433 0.0000000000
136350  31.611  -36.953  38.183 0.0000000000
44752  30.903  -36.767  36.359 0.0000000000
44750  32.620  -37.044  36.907 0.0000000000
45671  33.064  -36.814  35.507 0.0000000000
45682  33.861  -36.074  34.619 0.0000000000
45694  32.863  -36.610  33.708 0.0000000000
45695  32.039  -37.109  32.976 0.0000000000
44788  31.530  -37.117  33.674 0.0000000000
136684  31.852  -37.099  32.394 0.0000000000
45716  31.267  -37.133  31.960 0.0000000000
45736  30.566  -36.894  31.439 0.0000000000
118731  28.628  -36.171  33.392 0.0000000000
45719  28.771  -35.863  32.443 0.0000000000
135761  29.408  -35.993  31.297 0.0000000000
123140  29.948  -36.414  30.966 0.0000000000
46593  28.218  -35.360  28.812 0.0000000000
138371  27.915  -35.727  27.987 0.0000000000
142142  35.776  -25.648  28.467 0.0000000000
55943  35.378  -25.610  27.848 0.0000000000
55944  34.502  -25.553  27.519 0.0000000000
55930  33.700  -25.527  28.205 0.0000000000
55961  33.685  -25.542  26.198 0.0000000000
121639  32.992  -25.560  25.787 0.0000000000
55948  30.914  -25.582  27.329 0.0000000000
126372  31.255  -25.404  25.809 0.0000000000
70239  45.928  -8.936  17.123 0.0000000000
70250  46.455  -9.195  15.400 0.0000000000
37810  18.446  -43.545  40.522 0.0000000000
42712  25.415  -38.594  40.866 0.0000000000
42723  24.952  -38.286  39.023 0.0000000000
46543  24.607  -35.636  33.073 0.0000000000
55942  37.217  -25.335  27.041 0.0000000000
60306  33.756  -19.657  24.853 0.0000000000
134053  32.385  -25.582  28.879 0.0000000000
138084  23.341  -43.296  35.687 0.0000000000
138183  32.624  -36.742  33.139 0.0000000000
141837  32.445  -25.485  26.122 0.0000000000
