#!ascii label  , from subject sub-v1s13x0050022_ses-1 vox2ras=TkReg
1013
141532  17.378  2.191  -29.236 0.2500000000
80105  17.802  1.492  -29.997 0.2500000000
79277  18.047  0.848  -30.145 0.7500000000
82631  17.021  5.127  -29.339 0.2500000000
134050  17.231  4.513  -29.584 0.1250000000
82630  17.403  5.053  -30.026 0.3750000000
81756  17.263  3.810  -29.442 0.2500000000
80903  17.277  2.853  -29.176 0.2500000000
80911  18.069  2.069  -30.567 0.7500000000
80912  17.616  2.327  -29.849 0.3750000000
80104  18.295  1.368  -30.623 0.8750000000
79288  19.259  0.717  -31.487 0.8750000000
81771  17.642  4.197  -30.253 0.3750000000
135130  17.966  3.559  -30.682 0.3750000000
80920  17.979  2.832  -30.615 0.7500000000
80934  19.413  2.236  -32.181 1.0000000000
80935  18.949  2.931  -32.003 1.0000000000
80919  18.428  2.508  -31.231 0.8750000000
80114  19.362  1.495  -31.873 1.0000000000
135925  18.461  1.865  -31.086 0.8750000000
79287  19.967  0.855  -32.280 1.0000000000
83464  17.190  5.795  -29.774 0.2500000000
82643  17.973  5.018  -30.751 0.7500000000
135183  18.394  5.119  -31.432 0.8750000000
81785  18.263  4.276  -31.236 0.8750000000
127152  19.657  2.833  -32.414 1.0000000000
81784  18.833  3.936  -32.022 1.0000000000
80933  20.571  2.112  -32.501 1.0000000000
135990  19.959  2.380  -32.491 1.0000000000
80128  20.499  1.374  -32.518 1.0000000000
80129  19.934  1.739  -32.418 1.0000000000
83453  16.879  5.883  -29.126 0.1250000000
83463  17.712  5.760  -30.485 0.6250000000
83470  18.770  5.718  -31.825 1.0000000000
83471  18.254  5.771  -31.194 0.8750000000
82642  18.795  4.868  -31.957 1.0000000000
81802  21.146  3.527  -32.440 1.0000000000
81803  20.472  3.830  -32.556 1.0000000000
81804  19.671  3.659  -32.476 1.0000000000
82659  19.476  4.657  -32.384 1.0000000000
80932  21.286  2.570  -32.446 1.0000000000
126388  20.405  2.992  -32.546 1.0000000000
80931  23.147  2.126  -32.216 1.0000000000
126957  22.157  2.095  -32.256 1.0000000000
86660  17.682  9.976  -29.677 0.2500000000
84259  16.998  6.555  -29.542 0.2500000000
85088  17.327  7.370  -30.089 0.3750000000
84258  17.485  6.502  -30.255 0.5000000000
84267  18.693  6.555  -31.583 1.0000000000
134854  17.895  7.085  -30.651 0.6250000000
127099  20.487  5.888  -32.256 1.0000000000
84280  19.401  6.447  -31.988 1.0000000000
120495  21.738  4.170  -32.195 1.0000000000
120482  20.914  4.414  -32.440 1.0000000000
82655  22.239  4.811  -31.956 1.0000000000
81800  23.492  2.973  -32.033 1.0000000000
82654  23.273  4.562  -31.818 1.0000000000
133330  23.852  3.735  -31.923 1.0000000000
87506  18.367  10.073  -30.494 0.5000000000
86661  17.203  9.215  -29.309 0.3750000000
86666  17.772  9.157  -30.190 0.3750000000
85861  17.541  8.281  -30.221 0.5000000000
85869  18.143  8.617  -30.763 0.5000000000
129122  19.275  7.972  -31.591 0.8750000000
85097  18.970  7.343  -31.619 1.0000000000
117429  19.957  8.919  -31.600 1.0000000000
84278  20.644  6.537  -31.931 1.0000000000
117065  19.887  7.360  -31.754 1.0000000000
84276  22.329  6.123  -31.669 1.0000000000
126440  21.582  6.253  -31.787 1.0000000000
127912  24.473  5.572  -31.817 1.0000000000
83479  22.798  5.372  -31.741 1.0000000000
82653  24.324  4.293  -31.928 0.8750000000
87493  18.535  10.930  -30.449 0.5000000000
127991  18.928  9.797  -31.170 0.5000000000
87512  19.467  9.827  -31.425 0.6250000000
86685  19.704  9.236  -31.549 1.0000000000
86675  19.198  9.212  -31.445 0.7500000000
119713  20.448  8.280  -31.587 1.0000000000
85093  24.282  7.468  -31.418 1.0000000000
85867  22.490  7.897  -31.288 1.0000000000
85095  22.348  7.265  -31.480 1.0000000000
85107  21.144  7.347  -31.677 1.0000000000
84264  23.857  6.747  -31.505 1.0000000000
84265  22.804  6.699  -31.516 1.0000000000
84266  21.772  6.839  -31.655 1.0000000000
139985  24.684  6.892  -31.772 0.8750000000
84275  23.514  5.970  -31.585 1.0000000000
87505  19.039  10.584  -31.007 0.5000000000
87504  19.680  10.497  -31.371 0.8750000000
87500  22.889  10.556  -30.522 1.0000000000
117465  21.385  9.565  -31.241 1.0000000000
85866  23.617  8.221  -31.090 1.0000000000
86673  23.371  9.082  -30.892 1.0000000000
117485  21.255  8.118  -31.550 1.0000000000
87510  25.051  9.865  -31.176 1.0000000000
85106  25.186  7.475  -31.913 1.0000000000
86684  25.447  9.114  -31.582 1.0000000000
85875  25.750  8.338  -32.266 1.0000000000
88292  19.405  11.339  -30.977 0.5000000000
88291  19.878  11.222  -31.207 0.8750000000
88290  20.348  11.288  -31.069 1.0000000000
89058  23.633  12.170  -30.357 1.0000000000
87501  21.733  10.368  -30.785 1.0000000000
88289  21.143  11.176  -30.732 1.0000000000
89069  26.078  12.370  -32.303 1.0000000000
88286  25.969  11.444  -31.830 1.0000000000
88299  26.199  11.418  -32.951 1.0000000000
87499  25.559  10.647  -31.452 1.0000000000
136436  26.229  10.022  -32.587 1.0000000000
126780  26.165  10.676  -32.280 1.0000000000
132412  26.209  8.824  -33.076 0.8750000000
91993  23.075  16.132  -29.396 1.0000000000
90511  21.218  15.065  -29.776 0.3750000000
90509  23.215  15.293  -29.294 0.8750000000
89044  24.035  12.884  -30.211 1.0000000000
89772  26.105  13.146  -32.913 1.0000000000
89056  25.569  12.859  -31.487 1.0000000000
92627  23.136  16.974  -29.556 0.8750000000
92005  23.897  16.459  -29.552 1.0000000000
91269  23.809  15.768  -29.412 1.0000000000
135609  24.061  15.181  -29.408 1.0000000000
91282  24.498  15.822  -29.799 1.0000000000
90530  25.010  14.147  -30.836 1.0000000000
89763  25.969  13.236  -32.152 1.0000000000
130933  25.857  14.036  -32.473 1.0000000000
125735  25.870  13.874  -33.525 1.0000000000
93279  23.214  17.838  -29.807 0.7500000000
92637  25.106  16.974  -30.661 1.0000000000
92011  25.315  16.264  -31.105 1.0000000000
91290  25.630  15.640  -32.755 1.0000000000
138332  25.672  14.882  -32.316 1.0000000000
92638  24.592  17.569  -30.303 1.0000000000
92647  25.429  17.054  -31.671 1.0000000000
139898  25.523  16.203  -31.950 1.0000000000
98255  21.906  23.907  -30.049 0.1250000000
98248  21.898  24.216  -29.945 0.1250000000
97619  23.049  23.832  -30.866 0.2500000000
98265  22.677  23.621  -30.422 0.1250000000
98263  24.588  25.094  -31.735 0.3750000000
98887  24.395  25.337  -30.967 0.2500000000
139798  24.660  24.970  -32.630 0.5000000000
98886  24.756  26.151  -31.870 0.2500000000
98885  24.992  26.695  -32.777 0.3750000000
98876  24.509  26.478  -31.203 0.2500000000
128821  24.430  27.328  -32.204 0.2500000000
100185  22.628  28.516  -33.813 0.2500000000
99505  22.870  28.487  -33.936 0.2500000000
99503  24.673  27.430  -33.012 0.3750000000
99504  23.586  28.050  -33.208 0.2500000000
100188  25.183  27.696  -33.639 0.3750000000
99513  22.858  28.743  -34.306 0.2500000000
80097  17.250  1.979  -28.724 0.1250000000
132560  17.587  3.250  -30.001 0.2500000000
81757  17.041  3.665  -28.772 0.1250000000
79299  21.882  0.553  -32.574 1.0000000000
87503  20.168  10.404  -31.444 0.8750000000
137153  24.736  10.533  -30.894 1.0000000000
79254  17.216  1.369  -28.304 0.1250000000
78419  18.755  -0.398  -30.478 0.7500000000
82610  16.843  4.441  -28.542 0.1250000000
77546  19.532  -0.818  -31.033 1.0000000000
80904  17.088  2.823  -28.451 0.1250000000
78433  19.767  0.008  -31.674 1.0000000000
122179  20.851  0.690  -32.629 1.0000000000
129038  22.747  1.224  -32.451 1.0000000000
85083  16.794  7.268  -29.265 0.3750000000
86667  17.235  8.629  -29.659 0.2500000000
140990  24.534  3.712  -32.155 0.8750000000
137363  25.611  6.098  -32.774 0.8750000000
83477  24.876  4.871  -32.120 0.8750000000
85105  25.801  7.375  -32.725 0.8750000000
127480  20.427  15.304  -29.877 0.1250000000
89735  19.902  14.880  -29.963 0.1250000000
89060  19.174  12.101  -30.650 0.3750000000
88278  20.641  12.104  -30.622 0.6250000000
87508  26.279  10.513  -33.295 1.0000000000
85874  26.180  8.078  -33.311 0.8750000000
91270  22.005  15.694  -29.591 0.5000000000
89733  21.617  14.208  -29.712 0.8750000000
126667  25.793  12.998  -33.911 1.0000000000
89781  25.681  13.697  -34.588 1.0000000000
92639  23.968  17.297  -29.782 1.0000000000
124205  25.769  14.743  -33.174 1.0000000000
120854  24.150  18.853  -30.235 0.8750000000
93305  25.124  18.766  -31.228 1.0000000000
92654  25.486  17.445  -32.711 1.0000000000
92026  25.547  16.179  -33.692 1.0000000000
137827  20.665  24.124  -29.825 0.1250000000
96944  20.790  23.316  -30.675 0.1250000000
96160  23.824  22.625  -31.152 0.6250000000
97617  24.404  24.328  -32.026 0.6250000000
98271  24.608  25.103  -33.481 0.5000000000
98888  23.436  24.439  -30.350 0.2500000000
98275  24.906  25.895  -33.866 0.5000000000
118737  24.401  26.518  -30.714 0.2500000000
100184  23.493  28.195  -32.576 0.2500000000
98893  25.325  26.669  -33.450 0.5000000000
98896  25.432  26.655  -34.263 0.5000000000
100853  22.816  29.132  -32.499 0.1250000000
100857  21.938  29.254  -34.730 0.2500000000
138815  21.992  29.904  -36.077 0.2500000000
98892  25.690  27.342  -33.906 0.3750000000
117142  22.431  30.085  -36.345 0.2500000000
133867  22.017  29.609  -33.771 0.1250000000
79266  17.294  1.045  -28.793 0.1250000000
80096  17.455  1.617  -29.331 0.3750000000
79265  17.589  0.715  -29.464 0.5000000000
79276  18.605  0.568  -30.722 0.7500000000
80115  18.762  1.340  -31.266 0.8750000000
78434  19.183  0.023  -31.059 1.0000000000
125332  18.383  3.328  -31.331 1.0000000000
80918  18.863  2.061  -31.628 1.0000000000
80127  21.380  1.503  -32.469 1.0000000000
84268  18.087  6.477  -30.892 0.8750000000
83483  19.419  5.570  -32.245 1.0000000000
81801  22.225  3.065  -32.162 1.0000000000
82658  20.198  4.536  -32.589 1.0000000000
83482  20.069  5.388  -32.500 1.0000000000
85862  16.993  7.987  -29.561 0.3750000000
85087  18.120  7.851  -30.846 0.5000000000
132437  18.720  7.803  -31.408 0.8750000000
129121  19.173  6.857  -31.759 1.0000000000
84288  19.942  6.853  -31.945 1.0000000000
120496  22.764  3.917  -31.972 1.0000000000
82656  21.367  5.062  -32.173 1.0000000000
82657  20.653  5.238  -32.391 1.0000000000
83480  21.838  5.619  -31.887 1.0000000000
83478  23.885  5.103  -31.687 1.0000000000
85868  18.783  8.496  -31.371 0.6250000000
117064  20.012  8.239  -31.627 1.0000000000
117676  20.336  9.031  -31.571 1.0000000000
84277  21.232  6.650  -31.770 1.0000000000
137780  20.684  7.129  -31.724 1.0000000000
120267  20.449  7.675  -31.636 1.0000000000
129191  24.581  6.231  -31.815 0.8750000000
135632  25.158  3.856  -32.635 0.8750000000
117857  20.401  9.604  -31.526 1.0000000000
117062  21.194  8.865  -31.507 1.0000000000
85876  24.864  8.248  -31.412 1.0000000000
85094  23.232  7.361  -31.350 1.0000000000
130796  22.551  8.682  -31.091 1.0000000000
130946  25.353  6.601  -32.339 0.8750000000
128923  23.882  9.907  -30.623 1.0000000000
86674  22.456  9.576  -30.831 1.0000000000
86672  24.401  9.065  -31.073 1.0000000000
87509  25.905  9.940  -31.820 1.0000000000
86683  26.068  9.311  -32.396 1.0000000000
89048  20.075  12.238  -30.795 0.6250000000
88288  22.134  11.230  -30.432 1.0000000000
88276  22.554  12.029  -30.262 1.0000000000
129045  23.231  11.428  -30.411 1.0000000000
89057  24.718  12.333  -30.795 1.0000000000
89077  26.064  12.293  -33.372 1.0000000000
127103  25.582  12.095  -31.432 1.0000000000
88287  25.003  11.366  -30.995 1.0000000000
90519  23.628  14.364  -29.300 1.0000000000
90510  22.368  14.738  -29.392 0.7500000000
89045  22.969  12.723  -30.073 1.0000000000
89757  24.840  13.284  -30.848 1.0000000000
89744  23.343  13.390  -29.647 1.0000000000
89743  24.337  13.756  -30.002 1.0000000000
89756  25.529  13.709  -31.572 1.0000000000
93293  24.043  18.141  -30.055 0.8750000000
91281  25.094  15.579  -30.554 1.0000000000
90518  25.199  14.887  -30.892 1.0000000000
90529  25.503  14.528  -31.618 1.0000000000
123946  24.657  14.792  -29.946 1.0000000000
93304  25.431  18.012  -31.842 1.0000000000
91286  25.475  15.434  -31.588 1.0000000000
131796  25.419  18.677  -32.032 1.0000000000
93292  24.621  18.414  -30.534 1.0000000000
97592  20.277  23.871  -30.132 0.1250000000
97620  21.945  23.265  -30.799 0.1250000000
97599  20.549  23.673  -30.308 0.1250000000
98871  23.016  24.598  -30.053 0.2500000000
97608  22.537  23.186  -30.992 0.3750000000
97618  23.535  23.902  -31.313 0.5000000000
98262  24.953  25.821  -32.782 0.5000000000
100861  22.227  29.244  -35.131 0.2500000000
133769  24.355  28.512  -34.186 0.2500000000
129452  17.241  0.475  -28.083 0.1250000000
124380  17.208  0.576  -28.250 0.1250000000
78420  18.086  0.088  -29.972 0.6250000000
141861  19.883  14.431  -30.231 0.5000000000
126040  20.194  13.056  -30.511 0.6250000000
88277  21.483  11.997  -30.336 0.8750000000
89047  20.867  12.896  -30.269 0.7500000000
89046  21.830  12.747  -30.063 0.8750000000
89746  21.128  13.619  -30.028 0.8750000000
89745  22.188  13.376  -29.764 1.0000000000
90520  22.632  13.957  -29.436 1.0000000000
94005  25.410  18.980  -32.686 1.0000000000
92662  25.392  17.785  -33.624 1.0000000000
96162  21.126  22.918  -30.878 0.3750000000
96941  24.222  23.262  -31.821 0.7500000000
96953  24.024  23.793  -31.782 0.7500000000
96942  23.148  23.407  -31.286 0.5000000000
97626  24.533  24.342  -33.033 0.7500000000
133672  25.690  28.322  -34.180 0.2500000000
98895  25.657  27.283  -34.724 0.3750000000
74145  19.258  -5.163  -29.886 0.7500000000
74143  20.422  -5.358  -30.711 0.7500000000
74992  18.957  -4.451  -29.655 0.7500000000
75877  18.594  -3.723  -29.357 0.7500000000
75020  20.526  -4.180  -31.149 0.7500000000
75007  19.561  -4.565  -30.197 0.7500000000
75894  19.870  -3.832  -30.532 0.7500000000
75895  19.201  -3.785  -29.900 0.7500000000
122902  20.960  -4.367  -31.456 0.7500000000
77532  18.477  -1.629  -29.680 0.7500000000
78404  18.268  -0.848  -29.799 0.6250000000
122712  19.872  -2.994  -30.554 0.7500000000
134082  19.672  -1.691  -30.753 0.8750000000
77547  19.009  -1.418  -30.269 0.8750000000
127996  21.716  -3.312  -31.716 0.7500000000
75907  21.000  -3.578  -31.514 0.7500000000
76756  20.764  -2.746  -31.431 0.7500000000
77560  20.125  -1.545  -31.318 0.8750000000
78432  20.215  -0.784  -31.832 0.8750000000
76764  21.873  -2.326  -32.255 0.7500000000
76765  21.098  -2.215  -31.914 0.7500000000
77571  21.454  -1.545  -32.383 0.8750000000
77570  22.339  -1.442  -32.959 0.7500000000
78446  21.804  -0.767  -32.711 0.8750000000
121929  21.260  -0.085  -32.774 0.8750000000
134041  23.715  0.379  -33.301 0.8750000000
79298  22.919  0.282  -32.901 0.8750000000
121151  23.576  0.830  -32.911 0.8750000000
80126  23.804  1.461  -32.700 0.8750000000
124829  25.181  1.538  -33.310 0.3750000000
80125  24.789  1.583  -33.319 0.6250000000
137829  24.425  1.665  -33.017 0.7500000000
80930  24.152  2.173  -32.473 0.7500000000
80927  25.575  2.368  -33.152 0.5000000000
80928  25.192  2.194  -33.182 0.5000000000
81798  25.217  2.846  -32.960 0.7500000000
81799  24.569  3.018  -32.366 0.7500000000
81796  26.724  3.681  -33.656 0.1250000000
138204  26.112  3.858  -33.572 0.3750000000
81814  25.629  3.390  -33.201 0.6250000000
83476  25.546  4.847  -32.924 0.6250000000
81813  27.926  3.894  -33.964 0.1250000000
82669  27.275  4.350  -34.299 0.1250000000
83489  26.483  5.258  -34.467 0.1250000000
83497  27.255  5.501  -35.071 0.1250000000
84286  26.198  5.932  -34.169 0.6250000000
130568  26.195  6.710  -34.164 0.6250000000
84273  25.893  6.502  -33.255 0.7500000000
84302  27.875  6.773  -36.289 0.1250000000
85120  26.818  7.298  -35.595 0.1250000000
85113  26.423  7.306  -34.677 0.5000000000
85104  26.130  7.300  -33.701 0.6250000000
83496  28.335  5.718  -35.799 0.1250000000
85887  26.641  8.072  -35.352 0.5000000000
86696  26.650  9.077  -35.658 0.5000000000
85882  26.385  8.739  -34.212 0.6250000000
93294  23.337  18.796  -30.047 0.6250000000
93979  22.946  19.729  -30.193 0.5000000000
93978  23.901  19.568  -30.263 0.7500000000
87523  26.419  10.007  -35.125 0.6250000000
88313  26.360  10.826  -35.547 0.6250000000
88307  26.022  11.481  -34.174 0.8750000000
127465  26.825  10.529  -36.949 0.5000000000
88325  26.445  11.386  -36.474 0.6250000000
88314  26.000  11.870  -35.203 0.7500000000
120039  24.427  20.263  -30.650 0.7500000000
137574  25.836  12.283  -34.282 0.8750000000
90545  25.642  14.577  -34.205 0.8750000000
91300  25.609  15.389  -33.864 0.8750000000
89085  25.745  12.784  -34.934 0.7500000000
90551  25.547  14.458  -35.282 0.8750000000
124075  25.490  15.269  -34.861 0.8750000000
120872  25.314  15.989  -35.293 0.8750000000
87541  27.099  11.223  -38.137 0.3750000000
89094  26.330  11.775  -37.315 0.5000000000
89787  25.800  13.458  -35.874 0.6250000000
88336  27.146  11.723  -38.557 0.2500000000
88334  26.734  11.546  -38.256 0.3750000000
89099  25.925  12.660  -37.118 0.5000000000
95449  24.012  21.012  -30.540 0.6250000000
95459  24.584  21.140  -30.931 0.7500000000
93977  24.572  19.279  -30.612 0.8750000000
94722  25.255  20.022  -31.766 0.8750000000
128694  25.440  16.981  -33.668 0.8750000000
92670  25.234  17.339  -34.535 0.7500000000
92681  25.082  16.859  -35.524 0.8750000000
90558  25.566  14.383  -36.351 0.6250000000
89792  26.024  12.881  -38.121 0.3750000000
89796  25.912  13.855  -37.973 0.5000000000
92042  25.137  16.155  -37.039 0.7500000000
89102  27.105  12.736  -39.119 0.2500000000
95460  23.964  21.726  -30.772 0.6250000000
94735  25.254  20.674  -32.233 0.8750000000
94734  25.348  19.758  -32.559 0.8750000000
93327  25.121  18.807  -34.159 0.8750000000
94744  25.165  20.192  -33.420 0.7500000000
93338  25.171  18.146  -34.392 0.8750000000
92682  24.729  17.498  -36.120 0.7500000000
91314  25.433  15.513  -37.385 0.5000000000
92054  26.756  15.716  -38.339 0.2500000000
90570  26.350  14.995  -38.553 0.5000000000
90566  26.240  14.367  -38.429 0.5000000000
90568  27.118  13.897  -38.907 0.2500000000
96149  23.137  22.192  -30.634 0.5000000000
96159  24.610  22.531  -31.925 0.6250000000
95480  24.955  21.881  -33.382 0.7500000000
120218  24.920  20.960  -33.918 0.7500000000
125580  24.630  21.419  -35.336 0.7500000000
94760  24.592  20.620  -35.832 0.7500000000
132684  24.696  20.787  -34.864 0.7500000000
133892  24.692  22.093  -34.972 0.7500000000
129559  24.583  19.781  -36.314 0.7500000000
125054  24.364  18.827  -36.762 0.7500000000
94042  24.471  19.676  -37.283 0.7500000000
92703  24.686  17.490  -37.872 0.5000000000
93367  24.453  18.140  -38.367 0.3750000000
121286  24.270  18.098  -37.421 0.6250000000
130071  26.116  16.616  -38.719 0.2500000000
92712  25.787  17.232  -38.835 0.3750000000
92713  25.023  17.654  -38.694 0.3750000000
96964  24.507  23.448  -33.457 0.6250000000
96169  24.653  22.653  -33.256 0.7500000000
127258  24.593  22.734  -35.208 0.7500000000
127946  24.619  22.029  -35.747 0.7500000000
125680  24.272  21.298  -37.354 0.7500000000
94770  24.254  20.395  -37.808 0.6250000000
134719  24.927  18.940  -39.347 0.3750000000
94053  24.471  19.434  -38.591 0.3750000000
92711  26.271  17.233  -38.804 0.1250000000
94052  26.222  18.986  -38.914 0.1250000000
93376  25.886  18.408  -39.184 0.2500000000
96972  24.527  23.486  -34.601 0.7500000000
96190  24.534  22.670  -36.170 0.6250000000
134370  24.514  22.410  -37.274 0.7500000000
95508  24.430  20.952  -39.197 0.3750000000
128678  24.387  21.816  -38.092 0.3750000000
94765  24.417  20.509  -36.823 0.7500000000
130948  25.501  19.946  -40.016 0.2500000000
94060  24.663  19.551  -39.424 0.3750000000
94047  24.382  19.714  -38.083 0.6250000000
94769  26.444  20.356  -38.101 0.1250000000
94046  26.551  18.886  -37.797 0.1250000000
97633  24.479  24.317  -34.042 0.6250000000
97642  24.475  24.314  -35.125 0.6250000000
126498  24.436  24.220  -37.097 0.3750000000
96979  24.500  23.481  -35.637 0.3750000000
96988  24.433  23.340  -37.706 0.3750000000
96210  24.623  22.368  -40.266 0.2500000000
121321  24.295  21.843  -38.996 0.3750000000
96200  24.358  22.525  -38.349 0.3750000000
95506  25.889  21.367  -39.490 0.1250000000
94781  25.233  20.851  -39.969 0.3750000000
135269  24.847  20.834  -39.759 0.3750000000
94764  26.437  20.810  -36.832 0.1250000000
94776  25.801  20.673  -39.736 0.1250000000
98282  24.421  25.904  -36.245 0.3750000000
131499  24.506  25.130  -34.541 0.3750000000
97653  24.359  25.121  -37.451 0.3750000000
122360  24.448  24.892  -36.650 0.3750000000
97663  24.062  24.765  -39.916 0.3750000000
97658  24.363  24.205  -39.240 0.3750000000
124274  24.426  24.217  -38.093 0.3750000000
97003  24.605  23.295  -40.539 0.3750000000
96205  24.244  22.449  -39.729 0.3750000000
96994  24.314  23.296  -38.763 0.3750000000
97652  26.320  24.384  -38.288 0.1250000000
96209  25.191  21.939  -40.289 0.1250000000
96215  25.022  22.931  -40.658 0.2500000000
96199  26.268  22.438  -37.807 0.1250000000
98915  24.144  26.192  -37.644 0.2500000000
98305  23.889  25.755  -38.621 0.2500000000
129169  24.011  26.007  -37.928 0.3750000000
98300  24.177  25.872  -37.425 0.3750000000
98313  24.661  25.201  -41.064 0.1250000000
139100  24.018  25.137  -39.168 0.3750000000
97659  24.204  25.059  -38.394 0.3750000000
97668  24.923  24.751  -41.171 0.1250000000
97667  24.334  24.608  -40.515 0.2500000000
97657  26.165  24.762  -39.550 0.1250000000
97002  24.898  23.841  -40.905 0.1250000000
98900  24.937  26.564  -35.511 0.3750000000
98283  24.276  26.107  -36.899 0.3750000000
98919  24.068  26.368  -38.450 0.2500000000
98927  24.305  26.741  -40.923 0.1250000000
117619  24.266  27.260  -40.441 0.1250000000
98925  25.166  26.367  -41.749 0.1250000000
99542  24.702  27.647  -41.122 0.1250000000
119104  26.412  25.439  -38.297 0.1250000000
98923  26.214  26.623  -41.151 0.1250000000
141818  25.728  28.395  -38.002 0.1250000000
136931  26.915  28.027  -40.951 0.1250000000
100213  25.643  28.633  -40.048 0.1250000000
99537  27.445  27.674  -39.004 0.1250000000
98914  26.888  26.996  -37.878 0.1250000000
78447  20.947  -0.787  -32.414 0.8750000000
129579  25.643  14.343  -37.199 0.5000000000
89795  26.533  13.306  -38.858 0.3750000000
128563  24.621  21.875  -31.346 0.6250000000
136057  25.014  21.230  -31.529 0.8750000000
131888  25.194  21.114  -33.039 0.7500000000
94014  25.266  19.285  -33.449 0.8750000000
94025  24.719  19.442  -34.965 0.7500000000
94035  24.574  19.168  -35.748 0.7500000000
133988  24.597  18.069  -35.831 0.7500000000
92049  25.466  16.110  -37.940 0.5000000000
92057  25.327  16.967  -38.259 0.5000000000
92050  25.020  16.850  -37.425 0.7500000000
92056  25.814  16.363  -38.567 0.5000000000
96998  25.860  23.654  -40.048 0.1250000000
117568  24.031  26.331  -40.142 0.2500000000
99541  25.631  27.597  -41.459 0.1250000000
98922  26.603  26.873  -40.191 0.1250000000
83490  26.018  5.025  -33.740 0.5000000000
84274  25.244  5.684  -32.394 0.7500000000
86702  27.112  9.117  -36.695 0.3750000000
87529  26.756  9.837  -36.376 0.3750000000
88333  27.248  11.315  -38.119 0.2500000000
92037  25.113  16.104  -36.209 0.7500000000
97665  25.250  24.511  -41.003 0.1250000000
89097  27.430  12.053  -38.481 0.1250000000
74128  19.455  -5.898  -30.005 0.7500000000
74129  18.889  -5.682  -29.532 0.7500000000
74993  18.336  -4.444  -29.049 0.7500000000
73248  19.996  -5.976  -30.387 0.7500000000
74144  19.837  -5.320  -30.365 0.7500000000
74142  21.000  -5.385  -30.994 0.7500000000
131109  18.751  -3.019  -29.611 0.7500000000
75906  21.473  -4.038  -31.516 0.6250000000
142285  21.828  -2.859  -31.960 0.7500000000
76755  22.373  -2.998  -32.162 0.6250000000
77569  23.181  -1.509  -33.354 0.6250000000
142225  23.784  -0.022  -33.518 0.5000000000
79295  25.136  0.697  -33.315 0.3750000000
78454  24.111  0.418  -33.470 0.5000000000
80124  25.715  1.766  -33.042 0.1250000000
80926  26.535  2.827  -33.113 0.1250000000
81795  27.464  3.341  -33.345 0.1250000000
81812  29.382  3.990  -34.605 0.1250000000
82678  28.885  5.140  -35.554 0.1250000000
83502  29.057  6.214  -36.414 0.1250000000
84301  28.584  6.836  -36.332 0.1250000000
85130  28.050  7.842  -36.668 0.1250000000
85131  27.600  8.021  -36.651 0.1250000000
86704  27.223  9.889  -36.985 0.2500000000
87535  27.185  10.845  -37.412 0.2500000000
95450  23.067  21.361  -30.400 0.5000000000
127638  27.413  13.915  -38.254 0.1250000000
89791  27.614  13.101  -37.906 0.2500000000
91313  27.443  15.694  -37.198 0.1250000000
92702  26.718  17.403  -38.149 0.1250000000
93360  26.733  18.454  -36.877 0.1250000000
96161  22.342  22.853  -30.864 0.3750000000
94759  26.574  19.982  -36.255 0.1250000000
124076  26.411  21.689  -36.303 0.1250000000
141405  26.459  21.191  -36.060 0.1250000000
122457  26.358  24.224  -37.233 0.1250000000
98291  26.805  26.004  -36.202 0.1250000000
98870  23.903  25.400  -30.145 0.1250000000
117139  24.872  27.549  -36.769 0.2500000000
117456  24.802  27.494  -37.563 0.1250000000
117138  26.024  28.379  -36.354 0.1250000000
100212  26.630  28.518  -40.292 0.1250000000
117788  25.858  28.862  -38.557 0.1250000000
120297  27.213  27.743  -40.051 0.1250000000
98908  27.136  26.633  -36.891 0.1250000000
99536  27.704  28.434  -39.669 0.1250000000
88306  26.235  10.668  -34.311 0.7500000000
87518  26.343  10.085  -34.113 0.7500000000
91994  22.122  16.571  -29.692 0.3750000000
92032  25.367  16.541  -34.561 0.8750000000
79300  20.472  -0.002  -32.361 0.8750000000
84287  25.790  5.641  -33.219 0.6250000000
93314  25.452  18.242  -32.734 0.8750000000
93326  25.339  18.544  -33.529 0.8750000000
126568  24.735  25.879  -35.009 0.3750000000
117145  25.804  27.911  -34.525 0.1250000000
99516  25.067  27.287  -35.933 0.2500000000
138676  18.742  -5.015  -29.452 0.7500000000
75006  20.178  -4.724  -30.730 0.7500000000
73247  20.601  -5.796  -30.475 0.7500000000
75005  21.246  -4.741  -31.340 0.7500000000
140687  18.093  -3.664  -28.833 0.7500000000
122087  19.368  -3.048  -30.113 0.7500000000
75908  20.382  -3.311  -30.996 0.7500000000
76742  18.916  -2.277  -29.874 0.7500000000
77533  17.886  -1.403  -29.226 0.6250000000
76741  19.508  -2.305  -30.384 0.7500000000
76757  20.151  -2.384  -30.936 0.8750000000
138674  21.396  -2.836  -31.770 0.7500000000
131202  20.557  -2.090  -31.490 0.8750000000
78445  22.593  -0.521  -33.122 0.7500000000
132036  22.124  -0.115  -32.761 0.8750000000
78444  23.593  -0.679  -33.556 0.6250000000
79296  24.638  0.927  -33.468 0.5000000000
79297  24.105  1.149  -33.185 0.6250000000
80929  24.819  2.195  -32.969 0.7500000000
123028  25.437  2.766  -33.118 0.5000000000
81797  25.874  3.142  -33.341 0.2500000000
126929  26.158  2.132  -32.899 0.1250000000
82670  26.557  4.230  -33.990 0.2500000000
131951  26.299  4.535  -33.933 0.3750000000
82671  25.833  4.201  -33.382 0.6250000000
82679  27.798  5.030  -34.934 0.1250000000
82668  28.432  4.576  -34.697 0.1250000000
82680  26.850  4.787  -34.487 0.1250000000
84296  26.773  6.017  -35.055 0.5000000000
84295  27.604  6.185  -35.707 0.1250000000
129930  26.540  6.649  -34.919 0.5000000000
83503  28.328  6.360  -36.216 0.1250000000
85127  27.456  7.342  -36.277 0.1250000000
140707  27.059  7.806  -36.239 0.1250000000
131655  26.343  7.902  -34.244 0.6250000000
85893  27.025  8.413  -36.474 0.1250000000
86690  26.417  9.519  -34.499 0.6250000000
89095  26.153  12.372  -36.088 0.6250000000
124442  25.308  15.277  -35.942 0.7500000000
92043  24.959  16.830  -36.553 0.7500000000
89793  25.738  13.589  -37.128 0.5000000000
92693  24.601  17.473  -36.982 0.6250000000
122854  24.377  18.046  -36.545 0.7500000000
91319  25.872  15.268  -38.132 0.5000000000
92048  26.624  16.542  -38.393 0.1250000000
125294  27.160  16.124  -37.853 0.1250000000
91324  26.784  14.839  -38.600 0.2500000000
134119  27.217  14.556  -38.413 0.1250000000
96178  24.658  22.570  -34.174 0.7500000000
125017  24.496  21.300  -36.273 0.7500000000
135428  24.416  18.935  -37.896 0.6250000000
92720  24.866  18.307  -39.045 0.3750000000
93372  24.639  18.860  -38.793 0.3750000000
92718  25.982  17.730  -39.073 0.3750000000
94059  25.202  19.451  -39.738 0.3750000000
93371  26.356  18.052  -38.671 0.1250000000
138024  26.180  19.909  -39.317 0.1250000000
128235  26.438  19.571  -38.335 0.1250000000
130780  24.518  21.649  -39.754 0.3750000000
134964  24.209  22.625  -39.204 0.3750000000
95507  25.525  21.342  -39.910 0.2500000000
95499  26.371  21.092  -37.814 0.1250000000
125147  26.347  21.683  -37.232 0.1250000000
125018  26.536  19.808  -37.303 0.1250000000
95502  26.246  20.969  -38.868 0.1250000000
134576  24.460  25.167  -35.782 0.3750000000
95512  24.894  21.503  -40.147 0.2500000000
96204  26.084  21.872  -38.817 0.1250000000
121460  26.180  22.714  -38.914 0.1250000000
96208  25.788  22.109  -39.735 0.1250000000
98292  24.355  25.508  -36.790 0.3750000000
98314  24.131  25.410  -40.394 0.3750000000
130096  24.121  23.129  -39.678 0.3750000000
96987  26.301  23.432  -38.056 0.1250000000
96993  26.151  23.614  -39.137 0.1250000000
96214  25.546  22.805  -40.360 0.1250000000
97001  25.361  23.653  -40.666 0.1250000000
96194  26.413  22.463  -36.681 0.1250000000
96982  26.415  23.306  -37.021 0.1250000000
99529  24.382  26.814  -37.839 0.2500000000
99523  24.470  26.982  -36.990 0.2500000000
117136  24.190  26.824  -39.456 0.2500000000
98315  25.041  25.600  -41.544 0.1250000000
98309  26.090  25.793  -40.291 0.1250000000
142264  25.908  25.056  -40.336 0.1250000000
98304  26.386  26.088  -39.225 0.1250000000
117137  24.795  27.495  -38.318 0.1250000000
117134  24.934  27.923  -39.054 0.1250000000
117488  24.843  28.284  -39.766 0.1250000000
98924  25.725  26.851  -41.622 0.1250000000
98299  26.547  26.049  -37.204 0.1250000000
98311  25.649  25.386  -40.898 0.1250000000
100204  26.187  28.616  -37.585 0.1250000000
117135  25.359  28.098  -38.339 0.1250000000
73235  19.060  -6.338  -29.642 0.7500000000
73234  19.593  -6.647  -29.869 0.7500000000
74130  18.305  -5.338  -29.003 0.7500000000
73217  18.465  -6.304  -29.057 0.7500000000
76727  17.670  -2.163  -28.776 0.5000000000
76726  18.296  -2.241  -29.357 0.6250000000
76763  22.668  -2.273  -32.840 0.6250000000
78443  24.146  -0.309  -33.542 0.5000000000
85891  27.819  8.430  -36.747 0.1250000000
85886  28.359  8.518  -36.069 0.1250000000
85892  27.435  8.649  -36.727 0.1250000000
92701  27.135  16.902  -37.547 0.1250000000
119105  26.489  25.128  -36.444 0.1250000000
137485  26.390  25.046  -37.442 0.1250000000
136013  17.689  -5.730  -28.157 0.7500000000
75878  17.720  -4.106  -28.430 0.5000000000
72348  19.431  -7.412  -29.363 0.6250000000
72347  20.128  -7.129  -29.527 0.6250000000
135220  21.575  -6.415  -29.396 0.3750000000
73232  21.087  -6.087  -30.019 0.6250000000
74126  22.402  -5.177  -29.904 0.2500000000
74127  21.485  -5.552  -30.361 0.3750000000
78442  24.586  0.172  -33.460 0.3750000000
94710  23.498  20.424  -30.358 0.3750000000
95451  22.086  21.501  -29.953 0.2500000000
75018  21.964  -4.342  -31.220 0.5000000000
129254  23.080  -2.769  -32.504 0.3750000000
73216  21.630  -6.933  -28.944 0.5000000000
72346  20.901  -6.730  -29.465 0.6250000000
71523  19.649  -8.441  -28.432 0.6250000000
75852  17.165  -3.890  -27.849 0.3750000000
136070  19.328  -7.971  -28.948 0.6250000000
72349  18.920  -7.021  -29.446 0.6250000000
73218  18.018  -6.681  -28.398 0.6250000000
121421  21.797  -7.522  -28.466 0.3750000000
72330  20.861  -7.435  -28.841 0.5000000000
72331  19.950  -7.796  -28.986 0.6250000000
127420  22.286  -7.061  -28.562 0.3750000000
74991  22.527  -4.489  -30.541 0.2500000000
74110  22.775  -5.769  -29.179 0.2500000000
75904  23.132  -3.303  -31.774 0.3750000000
76754  23.667  -2.604  -32.155 0.2500000000
77568  24.062  -1.338  -33.229 0.2500000000
78431  24.837  -0.707  -32.954 0.2500000000
131029  16.814  8.483  -29.048 0.1250000000
88280  18.401  11.592  -30.095 0.2500000000
79286  25.612  0.420  -32.553 0.2500000000
89747  19.738  13.893  -30.352 0.3750000000
89049  19.215  12.893  -30.413 0.2500000000
96150  22.115  22.177  -30.288 0.2500000000
87488  17.234  9.919  -28.968 0.1250000000
85858  16.654  7.836  -28.962 0.2500000000
78392  17.572  -0.373  -29.194 0.2500000000
123713  19.679  13.056  -30.491 0.3750000000
75905  22.247  -3.672  -31.596 0.5000000000
74976  17.848  -4.862  -28.553 0.5000000000
73233  20.319  -6.427  -30.051 0.6250000000
137633  20.998  -5.725  -30.559 0.5000000000
74141  21.723  -4.989  -30.839 0.5000000000
135382  25.189  -0.068  -32.868 0.2500000000
75860  17.482  -3.133  -28.408 0.3750000000
131420  18.145  -2.985  -29.049 0.3750000000
76762  23.461  -2.132  -32.887 0.2500000000
73231  21.930  -5.885  -29.615 0.2500000000
73215  22.335  -6.450  -28.964 0.2500000000
74125  23.216  -5.213  -29.286 0.2500000000
75893  22.764  -3.925  -31.098 0.3750000000
74963  17.347  -4.727  -27.953 0.3750000000
72332  18.897  -7.730  -29.060 0.6250000000
138033  21.290  -7.963  -28.304 0.3750000000
71522  20.547  -8.157  -28.392 0.5000000000
75892  23.493  -3.544  -30.829 0.2500000000
76753  24.297  -2.272  -31.724 0.2500000000
85850  16.264  8.003  -28.197 0.1250000000
71512  18.483  -8.781  -28.033 0.5000000000
71511  20.353  -8.693  -27.950 0.2500000000
70678  19.722  -9.165  -27.756 0.3750000000
71525  18.478  -7.989  -28.475 0.5000000000
124920  17.721  -8.799  -27.417 0.3750000000
72315  17.471  -7.492  -27.415 0.5000000000
71513  17.940  -8.125  -27.801 0.5000000000
73198  17.520  -6.695  -27.703 0.3750000000
72333  18.458  -7.234  -28.840 0.5000000000
70649  16.357  -9.847  -25.782 0.1250000000
70663  17.444  -9.419  -26.929 0.3750000000
73199  17.050  -6.015  -27.236 0.2500000000
68969  16.300  -11.554  -25.999 0.1250000000
127198  17.158  -10.001  -26.612 0.2500000000
69823  17.812  -10.101  -27.008 0.3750000000
70677  20.702  -9.219  -27.481 0.2500000000
69821  19.432  -9.900  -27.323 0.3750000000
70679  18.872  -9.435  -27.769 0.5000000000
69789  16.251  -10.805  -25.873 0.1250000000
69822  18.604  -10.070  -27.283 0.3750000000
130949  16.606  -7.998  -25.898 0.1250000000
128364  16.689  -7.277  -26.266 0.1250000000
88324  27.364  10.904  -37.400 0.1250000000
71524  18.955  -8.384  -28.647 0.5000000000
70691  19.084  -8.907  -28.235 0.5000000000
74097  17.056  -5.254  -27.469 0.2500000000
71510  21.247  -8.577  -27.830 0.2500000000
70680  18.152  -9.476  -27.477 0.5000000000
135499  17.446  -8.147  -27.198 0.5000000000
71497  17.073  -8.614  -26.657 0.2500000000
72302  17.038  -7.727  -26.745 0.1250000000
72316  17.000  -6.900  -26.959 0.1250000000
72334  17.984  -7.391  -28.126 0.5000000000
69805  16.618  -10.296  -26.216 0.1250000000
70664  16.794  -9.482  -26.341 0.2500000000
71498  16.549  -8.786  -25.960 0.1250000000
123058  16.459  -9.205  -25.458 0.1250000000
137681  16.573  -10.955  -26.193 0.1250000000
69820  20.114  -10.311  -26.834 0.2500000000
72303  16.740  -8.054  -26.241 0.1250000000
125784  17.298  -10.723  -26.565 0.2500000000
119608  18.928  -11.331  -26.596 0.2500000000
136075  20.194  -9.696  -27.239 0.2500000000
68968  16.988  -11.512  -26.331 0.1250000000
69804  18.290  -10.737  -26.855 0.2500000000
76711  17.080  -2.081  -28.120 0.1250000000
92640  22.342  18.288  -29.818 0.1250000000
92628  22.204  17.418  -29.709 0.1250000000
93295  22.299  19.121  -30.006 0.1250000000
93280  21.564  18.644  -29.689 0.1250000000
93961  21.496  19.445  -29.720 0.1250000000
94711  22.370  20.638  -30.059 0.1250000000
93281  20.887  18.987  -29.243 0.1250000000
96141  21.284  21.838  -30.087 0.1250000000
94699  21.430  20.275  -29.703 0.1250000000
94698  21.260  21.125  -29.880 0.1250000000
94695  20.306  20.373  -28.752 0.1250000000
140758  21.288  16.206  -29.811 0.1250000000
91995  21.150  16.852  -29.775 0.1250000000
89050  18.770  12.449  -30.255 0.1250000000
74964  16.849  -4.552  -27.365 0.1250000000
76703  16.878  -2.554  -27.811 0.1250000000
89748  19.292  13.764  -30.222 0.1250000000
137678  20.609  16.006  -29.757 0.1250000000
92630  20.587  17.350  -29.566 0.1250000000
93271  20.302  18.619  -28.619 0.1250000000
120933  20.007  20.045  -28.066 0.1250000000
119844  20.362  20.960  -27.976 0.1250000000
95438  20.575  21.763  -29.323 0.1250000000
91271  21.004  15.696  -29.840 0.1250000000
78405  17.389  0.324  -29.019 0.1250000000
78393  17.204  -0.288  -28.400 0.1250000000
93980  22.096  19.837  -30.053 0.1250000000
129137  16.955  -3.126  -27.767 0.1250000000
77520  17.339  -1.200  -28.590 0.1250000000
77513  16.922  -1.602  -28.026 0.1250000000
92629  21.452  17.779  -29.631 0.1250000000
120531  20.852  18.194  -29.337 0.1250000000
93962  20.787  19.853  -29.211 0.1250000000
94700  20.692  20.914  -29.402 0.1250000000
93272  19.337  18.379  -28.233 0.1250000000
95432  20.522  21.766  -27.928 0.1250000000
71521  21.987  -8.098  -27.990 0.1250000000
119764  22.964  -6.827  -28.381 0.1250000000
137332  23.109  -6.234  -28.676 0.1250000000
74990  23.290  -4.508  -29.720 0.1250000000
75004  23.155  -4.037  -30.409 0.1250000000
75876  23.746  -3.759  -29.959 0.1250000000
76740  23.916  -2.959  -31.302 0.1250000000
75890  24.833  -2.826  -29.903 0.1250000000
126266  24.541  -2.525  -30.767 0.1250000000
77544  25.600  -1.481  -30.773 0.1250000000
77559  24.625  -1.595  -32.333 0.1250000000
78418  25.936  -0.721  -31.189 0.1250000000
78430  25.503  -0.347  -32.204 0.1250000000
69803  19.214  -10.595  -26.901 0.1250000000
70662  21.049  -9.882  -26.850 0.1250000000
71509  22.179  -8.634  -27.456 0.1250000000
72313  23.338  -8.017  -27.647 0.1250000000
72314  22.649  -8.194  -27.672 0.1250000000
73214  23.808  -6.476  -28.307 0.1250000000
127547  24.610  -5.562  -28.597 0.1250000000
74989  24.205  -4.203  -29.342 0.1250000000
75875  24.504  -3.526  -29.633 0.1250000000
75874  25.304  -3.429  -29.432 0.1250000000
77543  26.447  -1.279  -30.454 0.1250000000
78429  26.293  0.120  -31.629 0.1250000000
78417  26.824  -0.523  -30.788 0.1250000000
79294  25.660  1.147  -32.942 0.1250000000
72329  22.669  -7.572  -28.084 0.1250000000
77558  25.254  -1.133  -31.830 0.1250000000
74109  23.657  -5.712  -28.718 0.1250000000
77545  24.889  -1.830  -31.232 0.1250000000
70676  21.640  -9.208  -27.209 0.1250000000
140971  24.188  -6.005  -28.445 0.1250000000
74124  23.961  -4.937  -28.998 0.1250000000
75891  24.179  -3.193  -30.380 0.1250000000
125460  25.232  -2.177  -30.329 0.1250000000
76739  26.063  -1.956  -29.999 0.1250000000
120356  20.881  -10.706  -26.405 0.1250000000
69802  21.775  -10.474  -26.465 0.1250000000
72327  24.470  -7.071  -27.953 0.1250000000
78428  27.324  0.147  -31.095 0.1250000000
75019  20.735  -4.878  -31.208 0.7500000000
76761  24.061  -2.021  -32.523 0.2500000000
77572  20.691  -1.517  -31.930 0.8750000000
77578  22.994  -0.871  -33.481 0.6250000000
78455  23.320  -0.218  -33.384 0.8750000000
82622  16.972  4.447  -29.028 0.1250000000
83481  21.060  6.013  -31.975 1.0000000000
83491  19.668  7.071  -31.806 1.0000000000
83495  29.468  5.601  -36.161 0.1250000000
84279  20.086  6.273  -32.199 1.0000000000
84303  27.157  6.711  -35.686 0.1250000000
85096  21.691  7.631  -31.536 1.0000000000
85098  18.423  7.203  -31.214 1.0000000000
85108  19.564  7.442  -31.697 1.0000000000
85114  19.745  7.310  -31.735 1.0000000000
85126  28.043  7.369  -36.570 0.1250000000
85849  16.416  8.091  -28.462 0.1250000000
85877  19.603  8.591  -31.576 1.0000000000
86676  18.527  9.235  -30.991 0.5000000000
86682  26.303  9.593  -33.419 0.7500000000
87502  20.811  10.239  -31.250 0.8750000000
87511  19.990  9.634  -31.594 1.0000000000
88279  18.870  11.530  -30.635 0.5000000000
89059  19.643  12.090  -30.790 0.6250000000
89098  26.253  12.119  -38.041 0.5000000000
89100  27.210  12.244  -38.953 0.2500000000
89101  26.747  12.206  -38.833 0.2500000000
89734  20.508  14.551  -30.107 0.5000000000
89794  27.353  12.971  -38.967 0.2500000000
89797  27.067  13.377  -39.194 0.3750000000
90564  25.752  14.755  -37.689 0.5000000000
90569  26.744  14.094  -38.919 0.3750000000
91318  27.190  15.322  -38.099 0.1250000000
92004  24.539  16.736  -30.023 1.0000000000
92016  25.536  16.589  -32.738 1.0000000000
92041  27.366  16.405  -37.004 0.1250000000
92055  26.296  15.807  -38.532 0.2500000000
92608  18.852  18.074  -27.854 0.1250000000
92648  25.117  17.811  -30.986 1.0000000000
92671  24.910  17.750  -35.262 0.7500000000
92719  25.501  17.985  -39.085 0.3750000000
93339  24.761  18.643  -35.081 0.8750000000
93351  24.498  18.510  -36.024 0.7500000000
93366  26.701  18.102  -37.747 0.1250000000
93377  25.338  18.728  -39.318 0.2500000000
93992  25.331  19.337  -31.849 1.0000000000
93993  25.005  19.726  -31.161 0.8750000000
94015  24.971  19.412  -34.261 0.7500000000
94058  25.740  19.241  -39.476 0.1250000000
94723  25.037  20.544  -31.267 0.8750000000
94753  24.830  20.123  -34.449 0.7500000000
94773  24.256  20.183  -38.775 0.3750000000
94777  24.571  20.246  -39.595 0.3750000000
95437  20.766  21.962  -29.878 0.1250000000
95470  25.044  21.705  -32.275 0.7500000000
95487  24.780  21.637  -34.423 0.7500000000
95492  26.535  20.723  -35.755 0.1250000000
95503  24.131  21.040  -38.374 0.6250000000
96930  20.503  23.045  -30.748 0.1250000000
96931  20.280  23.411  -30.467 0.1250000000
96943  21.844  23.103  -30.991 0.3750000000
96952  24.392  23.723  -32.484 0.7500000000
96983  24.468  23.398  -36.649 0.3750000000
96999  24.279  23.794  -40.208 0.2500000000
97609  21.431  23.358  -30.722 0.1250000000
97610  21.092  23.453  -30.418 0.1250000000
97648  24.454  24.251  -36.143 0.3750000000
97664  25.681  24.463  -40.443 0.1250000000
97666  24.638  24.179  -40.797 0.1250000000
98256  21.211  23.939  -30.048 0.1250000000
98264  23.736  24.451  -30.874 0.1250000000
98293  24.243  25.857  -37.082 0.3750000000
98310  23.894  25.598  -39.555 0.3750000000
98312  25.496  26.048  -41.493 0.1250000000
98316  24.417  26.062  -40.971 0.1250000000
98877  24.179  25.366  -30.441 0.2500000000
98901  24.451  26.323  -36.476 0.3750000000
98902  24.314  26.385  -36.957 0.3750000000
98909  24.209  26.101  -37.257 0.2500000000
98918  26.692  27.102  -38.986 0.1250000000
98926  24.714  26.603  -41.516 0.1250000000
99500  24.052  27.675  -31.442 0.2500000000
99509  25.362  27.123  -33.332 0.3750000000
99510  23.929  28.143  -33.565 0.2500000000
99517  24.599  26.728  -36.373 0.2500000000
99530  24.265  26.390  -37.332 0.2500000000
99539  26.886  27.615  -40.873 0.1250000000
99540  26.428  27.478  -41.270 0.1250000000
99543  25.081  27.041  -41.727 0.1250000000
99544  24.500  27.119  -41.286 0.1250000000
100189  22.405  28.622  -34.435 0.2500000000
100211  25.351  28.633  -39.156 0.1250000000
100214  26.262  28.169  -41.041 0.1250000000
100215  25.150  28.214  -40.697 0.1250000000
117057  21.104  8.060  -31.522 1.0000000000
117058  20.822  7.572  -31.638 1.0000000000
117059  20.314  6.982  -31.828 1.0000000000
117060  19.972  7.774  -31.678 1.0000000000
117061  20.819  8.813  -31.521 1.0000000000
117063  19.831  7.933  -31.639 1.0000000000
117066  21.794  9.018  -31.266 1.0000000000
117067  20.779  9.348  -31.495 1.0000000000
117132  24.512  27.155  -38.796 0.2500000000
117133  23.856  26.171  -39.219 0.2500000000
117140  25.415  28.061  -37.260 0.1250000000
117144  23.011  29.114  -35.436 0.2500000000
117487  20.962  6.812  -31.771 1.0000000000
117493  24.467  27.662  -39.670 0.1250000000
117578  25.365  27.885  -36.271 0.2500000000
119163  26.541  26.390  -38.210 0.1250000000
119957  26.641  19.230  -36.652 0.1250000000
121439  24.469  22.987  -32.612 0.6250000000
123322  24.967  20.009  -40.139 0.3750000000
123541  23.923  24.353  -31.294 0.3750000000
123598  24.018  10.876  -30.473 1.0000000000
124351  20.299  13.838  -30.356 0.3750000000
124828  26.803  11.096  -37.606 0.3750000000
125731  26.249  21.625  -38.089 0.1250000000
126613  25.453  15.021  -36.857 0.5000000000
126822  24.193  22.967  -40.150 0.3750000000
128095  20.446  21.312  -28.730 0.1250000000
128483  25.255  15.649  -36.670 0.7500000000
128555  24.674  19.972  -35.360 0.7500000000
128897  24.839  25.979  -41.528 0.1250000000
129490  26.024  22.936  -39.766 0.1250000000
129608  28.208  7.908  -36.581 0.1250000000
129901  24.146  11.626  -30.498 1.0000000000
132266  24.110  25.706  -37.925 0.3750000000
133501  21.738  8.364  -31.405 1.0000000000
133917  24.585  21.937  -36.580 0.7500000000
134114  27.444  14.837  -37.585 0.1250000000
135201  25.241  25.262  -41.289 0.1250000000
135485  20.875  23.960  -29.800 0.1250000000
136896  21.537  23.741  -30.058 0.1250000000
137364  25.921  15.700  -38.450 0.5000000000
137939  24.492  27.940  -40.332 0.1250000000
139037  26.347  29.008  -38.282 0.1250000000
139226  24.960  16.284  -30.373 1.0000000000
139458  21.550  22.646  -30.676 0.3750000000
139727  19.984  11.713  -31.027 0.6250000000
139772  26.193  11.028  -33.658 1.0000000000
139854  25.492  15.880  -34.472 0.8750000000
142263  20.515  9.151  -31.550 1.0000000000
142319  24.791  22.371  -32.682 0.7500000000
