#!ascii label  , from subject sub-v1s13x0050006_ses-1 vox2ras=TkReg
448
75466  -32.257  -1.021  -23.552 0.0000000000
140750  -26.100  -5.334  -23.944 0.0000000000
71854  -32.690  -5.511  -22.528 0.0000000000
68574  -26.669  -9.188  -22.731 0.0000000000
86936  -29.583  11.579  -24.744 0.0000000000
83371  -33.728  7.991  -23.894 0.0000000000
79990  -28.840  3.205  -25.482 0.0000000000
126352  -24.217  -12.557  -20.555 0.0000000000
70144  -26.076  -7.065  -23.262 0.0000000000
69361  -24.205  -8.623  -21.758 0.0000000000
85257  -31.885  9.855  -23.427 0.0000000000
83380  -29.495  7.453  -24.634 0.0000000000
141140  -27.347  -1.336  -25.656 0.0000000000
77322  -26.529  0.862  -26.306 0.0000000000
78246  -30.292  1.387  -24.357 0.0000000000
79960  -33.535  3.501  -23.198 0.0000000000
78237  -35.351  1.472  -23.887 0.0000000000
76394  -36.246  -0.886  -23.926 0.0000000000
73752  -25.503  -3.299  -24.674 0.0000000000
73755  -28.154  -3.725  -24.818 0.0000000000
74613  -32.688  -3.036  -22.879 0.0000000000
71866  -29.539  -5.188  -23.829 0.0000000000
70131  -29.970  -7.846  -22.905 0.0000000000
139070  -29.599  -10.278  -22.348 0.0000000000
80788  -26.727  4.379  -26.516 0.0000000000
81564  -32.088  5.841  -23.164 0.0000000000
81603  -35.437  5.306  -27.004 0.0000000000
67745  -23.379  -10.680  -20.713 0.0000000000
66893  -25.248  -11.365  -21.479 0.0000000000
138440  -23.520  -7.336  -21.732 0.0000000000
69359  -23.116  -8.053  -21.192 0.0000000000
84344  -28.920  8.013  -25.189 0.0000000000
83405  -27.546  7.039  -26.106 0.0000000000
76406  -30.015  -0.850  -24.725 0.0000000000
131294  -28.809  0.133  -25.486 0.0000000000
77284  -31.725  0.304  -23.696 0.0000000000
78234  -32.794  1.526  -23.343 0.0000000000
121839  -34.335  0.604  -23.423 0.0000000000
77302  -36.403  0.437  -24.733 0.0000000000
76392  -34.572  -0.827  -23.267 0.0000000000
72810  -25.024  -4.571  -23.999 0.0000000000
73753  -26.742  -3.519  -24.896 0.0000000000
72821  -27.012  -4.252  -24.610 0.0000000000
72823  -29.089  -4.399  -24.357 0.0000000000
71879  -27.304  -4.927  -24.220 0.0000000000
69369  -26.833  -8.306  -23.076 0.0000000000
70146  -27.965  -7.187  -23.501 0.0000000000
69371  -28.313  -8.730  -23.019 0.0000000000
69372  -29.917  -8.767  -22.738 0.0000000000
68576  -28.454  -9.567  -22.708 0.0000000000
86180  -28.165  10.840  -26.256 0.0000000000
86962  -27.084  11.637  -26.546 0.0000000000
87668  -29.181  12.465  -25.290 0.0000000000
88432  -30.454  13.854  -24.964 0.0000000000
127653  -31.884  12.222  -23.889 0.0000000000
84324  -32.736  8.741  -23.508 0.0000000000
78268  -27.254  1.736  -26.420 0.0000000000
79137  -26.407  2.820  -26.650 0.0000000000
127059  -27.969  3.572  -26.106 0.0000000000
80778  -29.029  4.650  -25.197 0.0000000000
79976  -30.077  3.923  -24.349 0.0000000000
79991  -35.711  3.393  -25.543 0.0000000000
81579  -35.378  4.732  -25.061 0.0000000000
80790  -35.589  4.464  -26.639 0.0000000000
72799  -32.436  -4.645  -22.651 0.0000000000
74615  -34.378  -3.085  -22.783 0.0000000000
65983  -23.412  -12.195  -20.298 0.0000000000
66878  -23.437  -11.368  -20.557 0.0000000000
67746  -24.138  -11.136  -21.093 0.0000000000
66892  -24.708  -12.053  -20.988 0.0000000000
71852  -24.022  -6.066  -22.751 0.0000000000
70984  -25.846  -6.149  -23.550 0.0000000000
70127  -24.728  -7.351  -22.580 0.0000000000
69367  -24.983  -8.306  -22.381 0.0000000000
68573  -25.497  -9.076  -22.402 0.0000000000
85281  -28.567  10.277  -25.814 0.0000000000
143173  -30.411  10.893  -23.849 0.0000000000
84330  -29.544  9.205  -24.548 0.0000000000
84332  -30.999  8.487  -23.539 0.0000000000
83382  -30.994  7.612  -23.566 0.0000000000
75491  -25.533  -1.224  -25.383 0.0000000000
76433  -27.231  0.019  -26.080 0.0000000000
78254  -28.240  1.330  -25.919 0.0000000000
79111  -29.520  1.901  -24.925 0.0000000000
79959  -31.912  3.633  -23.217 0.0000000000
79101  -32.822  2.374  -23.246 0.0000000000
79104  -35.043  2.438  -23.744 0.0000000000
79125  -36.103  2.567  -25.813 0.0000000000
145337  -36.687  1.210  -26.117 0.0000000000
64140  -25.080  -14.111  -20.164 0.0000000000
65020  -25.517  -13.588  -20.448 0.0000000000
73765  -26.176  -2.858  -25.030 0.0000000000
74647  -28.037  -2.189  -25.386 0.0000000000
74625  -31.056  -2.055  -24.253 0.0000000000
126777  -32.552  -1.729  -23.362 0.0000000000
145531  -30.441  -3.204  -24.270 0.0000000000
130804  -30.794  -4.496  -23.510 0.0000000000
71868  -31.118  -5.209  -23.108 0.0000000000
70986  -28.011  -6.338  -23.714 0.0000000000
70988  -29.448  -6.550  -23.398 0.0000000000
70975  -31.544  -6.799  -22.615 0.0000000000
70133  -31.864  -7.730  -22.538 0.0000000000
68579  -31.561  -9.180  -22.263 0.0000000000
86940  -33.094  11.789  -24.089 0.0000000000
130982  -28.020  5.913  -25.757 0.0000000000
82486  -30.278  6.241  -24.026 0.0000000000
82475  -32.782  6.515  -23.139 0.0000000000
132544  -33.097  4.708  -23.022 0.0000000000
141007  -34.003  5.764  -23.448 0.0000000000
141459  -34.843  7.066  -25.253 0.0000000000
145782  -35.041  -1.744  -23.178 0.0000000000
74630  -36.525  -2.422  -24.040 0.0000000000
68547  -22.719  -9.965  -20.459 0.0000000000
68557  -23.645  -9.413  -21.213 0.0000000000
68558  -24.335  -9.515  -21.616 0.0000000000
67775  -26.001  -10.414  -22.155 0.0000000000
139862  -26.347  -12.589  -21.234 0.0000000000
123819  -27.095  -11.834  -21.801 0.0000000000
67777  -27.618  -10.756  -22.318 0.0000000000
82507  -26.159  6.635  -26.723 0.0000000000
76407  -30.852  -0.687  -24.325 0.0000000000
140924  -30.305  -0.174  -24.497 0.0000000000
76389  -31.573  -0.481  -23.879 0.0000000000
77285  -32.713  0.549  -23.418 0.0000000000
76391  -33.131  -0.372  -23.373 0.0000000000
121340  -34.076  -0.176  -23.342 0.0000000000
121841  -33.807  -0.833  -23.272 0.0000000000
71862  -25.310  -5.366  -23.731 0.0000000000
71877  -25.848  -4.701  -24.226 0.0000000000
72820  -26.374  -4.133  -24.590 0.0000000000
71878  -26.614  -4.803  -24.273 0.0000000000
69370  -27.508  -8.877  -22.950 0.0000000000
68575  -27.633  -9.743  -22.645 0.0000000000
86950  -28.917  11.551  -25.443 0.0000000000
86949  -28.401  11.520  -26.031 0.0000000000
87656  -30.115  12.363  -24.605 0.0000000000
87669  -29.779  13.251  -25.056 0.0000000000
87658  -31.712  12.870  -24.244 0.0000000000
87657  -31.066  12.284  -24.132 0.0000000000
143612  -33.240  8.399  -23.683 0.0000000000
85269  -33.881  9.436  -24.596 0.0000000000
84334  -34.102  8.608  -24.620 0.0000000000
84345  -34.452  8.393  -25.418 0.0000000000
79139  -27.608  2.276  -26.332 0.0000000000
79138  -27.046  2.514  -26.576 0.0000000000
79989  -28.121  2.700  -26.084 0.0000000000
134264  -27.444  2.961  -26.457 0.0000000000
123951  -29.314  3.951  -24.972 0.0000000000
142230  -29.607  3.390  -24.812 0.0000000000
79140  -36.061  3.108  -26.524 0.0000000000
80005  -35.732  3.772  -26.355 0.0000000000
72801  -33.944  -4.455  -22.613 0.0000000000
72800  -33.346  -4.930  -22.550 0.0000000000
65019  -24.377  -13.372  -20.374 0.0000000000
65984  -23.769  -12.966  -20.238 0.0000000000
66879  -23.972  -11.841  -20.697 0.0000000000
65985  -25.089  -13.007  -20.728 0.0000000000
70971  -23.265  -6.171  -22.095 0.0000000000
70972  -24.551  -6.646  -22.788 0.0000000000
70126  -23.875  -6.873  -22.230 0.0000000000
69360  -23.561  -7.958  -21.543 0.0000000000
70120  -24.157  -7.744  -22.045 0.0000000000
68572  -24.843  -9.078  -22.058 0.0000000000
139753  -28.392  9.471  -25.926 0.0000000000
85282  -29.000  9.665  -25.223 0.0000000000
142810  -28.697  9.147  -25.527 0.0000000000
128202  -29.534  8.381  -24.578 0.0000000000
83381  -30.173  7.968  -23.976 0.0000000000
83369  -31.961  8.057  -23.314 0.0000000000
75493  -26.792  -1.401  -25.614 0.0000000000
129657  -27.014  -0.627  -25.866 0.0000000000
77299  -30.248  0.544  -24.451 0.0000000000
77311  -28.276  0.581  -25.850 0.0000000000
78245  -29.518  1.057  -24.956 0.0000000000
78255  -28.820  1.575  -25.538 0.0000000000
79100  -31.335  2.343  -23.678 0.0000000000
78247  -31.155  1.669  -23.836 0.0000000000
78236  -34.549  1.562  -23.487 0.0000000000
79102  -33.651  1.985  -23.304 0.0000000000
131689  -35.607  2.097  -24.330 0.0000000000
79124  -35.715  2.672  -24.918 0.0000000000
78256  -36.035  1.958  -25.153 0.0000000000
78257  -36.425  1.822  -26.001 0.0000000000
78248  -36.425  1.241  -25.345 0.0000000000
76408  -36.096  -0.118  -23.949 0.0000000000
76410  -37.115  -1.044  -25.097 0.0000000000
64125  -24.643  -14.610  -19.871 0.0000000000
141174  -25.243  -14.395  -19.621 0.0000000000
73751  -24.609  -2.992  -24.377 0.0000000000
74635  -25.356  -2.545  -24.875 0.0000000000
73767  -27.330  -3.191  -25.091 0.0000000000
74636  -28.713  -2.817  -25.068 0.0000000000
74637  -29.526  -2.276  -24.960 0.0000000000
124591  -29.543  -2.955  -24.756 0.0000000000
128406  -30.281  -2.670  -24.532 0.0000000000
73757  -29.963  -3.369  -24.468 0.0000000000
139529  -28.692  -5.116  -24.037 0.0000000000
72811  -30.012  -4.522  -23.980 0.0000000000
125491  -30.361  -5.204  -23.508 0.0000000000
70985  -26.636  -6.537  -23.562 0.0000000000
70147  -28.696  -7.452  -23.353 0.0000000000
70148  -29.342  -7.276  -23.256 0.0000000000
70974  -30.731  -6.493  -22.902 0.0000000000
70989  -30.048  -6.948  -23.071 0.0000000000
70132  -30.847  -7.520  -22.680 0.0000000000
68577  -29.954  -9.772  -22.512 0.0000000000
68578  -30.705  -9.135  -22.488 0.0000000000
68561  -30.825  -9.778  -22.044 0.0000000000
68562  -31.775  -9.508  -21.722 0.0000000000
86151  -31.234  10.270  -23.511 0.0000000000
86143  -31.977  10.808  -23.507 0.0000000000
77310  -25.476  0.280  -25.847 0.0000000000
131222  -26.003  4.674  -26.664 0.0000000000
132885  -26.455  5.014  -26.578 0.0000000000
82509  -27.345  5.723  -26.255 0.0000000000
81602  -27.768  5.104  -26.054 0.0000000000
81576  -30.440  5.380  -24.008 0.0000000000
81575  -29.501  5.593  -24.694 0.0000000000
124395  -31.134  6.010  -23.527 0.0000000000
82474  -31.855  6.621  -23.266 0.0000000000
80750  -32.921  3.931  -23.031 0.0000000000
142350  -32.341  4.352  -23.071 0.0000000000
80751  -33.772  4.178  -23.263 0.0000000000
81589  -35.409  5.231  -25.838 0.0000000000
81567  -34.639  5.393  -23.865 0.0000000000
127261  -34.830  6.018  -24.393 0.0000000000
123466  -34.670  6.731  -24.493 0.0000000000
81588  -35.125  6.244  -25.305 0.0000000000
82517  -35.136  6.058  -27.523 0.0000000000
74626  -32.277  -2.369  -23.315 0.0000000000
74627  -33.219  -2.176  -22.989 0.0000000000
74628  -34.212  -2.372  -22.889 0.0000000000
74629  -35.768  -2.532  -23.438 0.0000000000
67744  -22.696  -10.624  -20.315 0.0000000000
68556  -23.157  -9.169  -20.960 0.0000000000
68548  -23.201  -9.952  -20.772 0.0000000000
67760  -24.670  -10.444  -21.592 0.0000000000
67761  -25.397  -10.620  -21.848 0.0000000000
68559  -25.213  -9.841  -22.082 0.0000000000
129410  -25.944  -11.072  -21.839 0.0000000000
65986  -25.977  -13.137  -20.942 0.0000000000
67763  -27.551  -11.488  -22.031 0.0000000000
70119  -23.052  -7.345  -21.319 0.0000000000
126867  -23.565  -8.712  -21.335 0.0000000000
84343  -28.342  8.594  -25.781 0.0000000000
84360  -27.451  7.957  -26.368 0.0000000000
83391  -28.199  7.586  -25.703 0.0000000000
82496  -28.157  6.731  -25.637 0.0000000000
75495  -28.718  -1.102  -25.346 0.0000000000
76421  -28.321  -0.347  -25.670 0.0000000000
76422  -29.116  -0.573  -25.208 0.0000000000
77300  -31.033  0.844  -23.966 0.0000000000
78233  -31.889  1.139  -23.529 0.0000000000
78235  -33.625  1.103  -23.352 0.0000000000
77287  -35.105  0.744  -23.607 0.0000000000
77301  -35.757  0.662  -24.000 0.0000000000
138250  -35.503  0.120  -23.652 0.0000000000
76393  -35.524  -0.710  -23.511 0.0000000000
72809  -24.220  -4.223  -23.665 0.0000000000
72818  -24.862  -3.813  -24.242 0.0000000000
72819  -25.644  -4.026  -24.472 0.0000000000
73754  -27.351  -3.817  -24.820 0.0000000000
72822  -27.661  -4.370  -24.519 0.0000000000
71880  -27.979  -5.040  -24.162 0.0000000000
70129  -26.269  -7.780  -23.092 0.0000000000
70145  -26.977  -7.356  -23.403 0.0000000000
69383  -27.656  -8.076  -23.253 0.0000000000
69384  -28.347  -7.936  -23.279 0.0000000000
70130  -29.114  -8.181  -23.081 0.0000000000
120688  -29.163  -9.189  -22.766 0.0000000000
67779  -29.182  -10.051  -22.514 0.0000000000
86179  -27.339  10.743  -26.576 0.0000000000
87679  -28.134  12.190  -26.250 0.0000000000
88422  -32.371  13.377  -24.444 0.0000000000
85258  -32.470  9.426  -23.506 0.0000000000
86144  -32.756  10.122  -23.665 0.0000000000
85268  -33.371  9.747  -24.088 0.0000000000
79136  -25.886  2.382  -26.616 0.0000000000
131889  -26.796  3.182  -26.607 0.0000000000
80004  -27.124  3.669  -26.478 0.0000000000
80789  -27.447  4.321  -26.288 0.0000000000
80777  -28.218  4.457  -25.807 0.0000000000
80764  -29.842  4.676  -24.531 0.0000000000
80765  -30.642  4.566  -23.854 0.0000000000
79978  -35.126  3.851  -23.970 0.0000000000
80752  -34.556  4.432  -23.655 0.0000000000
80767  -35.397  4.034  -24.843 0.0000000000
73727  -32.137  -3.802  -22.903 0.0000000000
74614  -33.621  -3.035  -22.737 0.0000000000
73729  -34.126  -3.735  -22.671 0.0000000000
73730  -34.901  -3.609  -22.886 0.0000000000
66877  -22.746  -11.487  -20.137 0.0000000000
145972  -23.051  -11.003  -20.412 0.0000000000
70983  -24.852  -6.079  -23.246 0.0000000000
70973  -25.251  -6.846  -23.076 0.0000000000
70128  -25.540  -7.646  -22.862 0.0000000000
69368  -25.955  -8.501  -22.781 0.0000000000
145841  -26.016  -9.105  -22.624 0.0000000000
140294  -26.010  -9.630  -22.433 0.0000000000
86178  -26.408  10.212  -26.758 0.0000000000
85297  -27.937  10.050  -26.402 0.0000000000
86163  -28.652  10.967  -25.761 0.0000000000
86164  -29.149  10.698  -25.083 0.0000000000
86937  -30.480  11.507  -24.081 0.0000000000
86149  -29.879  10.843  -24.250 0.0000000000
85265  -29.626  10.036  -24.433 0.0000000000
85266  -30.062  9.554  -23.951 0.0000000000
142079  -29.032  8.838  -25.164 0.0000000000
84331  -30.137  8.828  -23.924 0.0000000000
85267  -30.913  9.465  -23.547 0.0000000000
84323  -31.838  9.007  -23.380 0.0000000000
83370  -32.930  7.953  -23.442 0.0000000000
76432  -26.777  0.118  -26.100 0.0000000000
76434  -27.722  0.293  -26.027 0.0000000000
77323  -27.156  0.818  -26.300 0.0000000000
78269  -27.760  1.720  -26.188 0.0000000000
79122  -28.162  1.995  -25.966 0.0000000000
79975  -29.567  2.724  -24.900 0.0000000000
135838  -30.288  3.188  -24.286 0.0000000000
79113  -31.120  3.002  -23.670 0.0000000000
125020  -31.991  2.753  -23.338 0.0000000000
123101  -32.791  3.174  -23.133 0.0000000000
123718  -33.623  2.815  -23.239 0.0000000000
79961  -34.466  3.370  -23.501 0.0000000000
79979  -35.453  3.318  -24.496 0.0000000000
127000  -36.289  2.802  -27.418 0.0000000000
79152  -36.543  2.077  -27.549 0.0000000000
134984  -36.852  1.546  -27.758 0.0000000000
77313  -36.813  0.608  -25.719 0.0000000000
123790  -32.929  -6.329  -22.497 0.0000000000
64139  -24.443  -14.102  -20.226 0.0000000000
134885  -24.921  -13.680  -20.403 0.0000000000
74644  -25.875  -2.009  -25.248 0.0000000000
74645  -26.526  -2.138  -25.346 0.0000000000
74646  -27.248  -2.246  -25.410 0.0000000000
142474  -27.648  -1.795  -25.522 0.0000000000
74648  -28.770  -1.881  -25.257 0.0000000000
75480  -30.213  -1.785  -24.724 0.0000000000
75465  -31.386  -1.250  -24.038 0.0000000000
129455  -31.595  -2.453  -23.725 0.0000000000
73742  -31.833  -3.065  -23.351 0.0000000000
72824  -29.756  -3.948  -24.343 0.0000000000
73740  -30.470  -3.763  -24.013 0.0000000000
73741  -31.297  -3.761  -23.420 0.0000000000
72798  -31.594  -4.526  -23.004 0.0000000000
71853  -31.872  -5.318  -22.710 0.0000000000
71863  -26.812  -5.680  -23.878 0.0000000000
71864  -27.652  -5.663  -23.913 0.0000000000
71865  -28.346  -5.755  -23.845 0.0000000000
70987  -28.706  -6.632  -23.540 0.0000000000
121268  -29.121  -5.872  -23.674 0.0000000000
123945  -29.988  -6.001  -23.357 0.0000000000
133925  -31.334  -5.952  -22.794 0.0000000000
126355  -32.121  -6.137  -22.554 0.0000000000
70976  -32.406  -6.983  -22.512 0.0000000000
69373  -30.551  -8.367  -22.659 0.0000000000
69374  -31.314  -8.487  -22.498 0.0000000000
86938  -31.478  11.596  -23.714 0.0000000000
86939  -32.362  11.681  -23.782 0.0000000000
127576  -33.375  11.170  -24.234 0.0000000000
134188  -26.642  5.682  -26.532 0.0000000000
141075  -27.606  6.350  -26.043 0.0000000000
82497  -28.823  6.313  -25.152 0.0000000000
81587  -28.568  5.334  -25.452 0.0000000000
82485  -29.580  6.595  -24.562 0.0000000000
82487  -31.010  6.805  -23.581 0.0000000000
127247  -32.445  7.276  -23.266 0.0000000000
122822  -33.328  7.220  -23.423 0.0000000000
79977  -30.874  3.790  -23.697 0.0000000000
80766  -31.524  4.433  -23.343 0.0000000000
131255  -32.264  5.039  -23.100 0.0000000000
81566  -33.915  5.036  -23.314 0.0000000000
81565  -33.167  5.637  -23.066 0.0000000000
82476  -33.689  6.427  -23.394 0.0000000000
83372  -34.154  7.081  -23.845 0.0000000000
83383  -34.451  7.666  -24.691 0.0000000000
83393  -34.729  7.682  -25.741 0.0000000000
75467  -33.171  -1.271  -23.265 0.0000000000
75468  -34.009  -1.523  -23.078 0.0000000000
75469  -36.040  -1.613  -23.650 0.0000000000
75482  -36.723  -1.502  -24.392 0.0000000000
69352  -22.161  -8.329  -20.451 0.0000000000
144681  -23.937  -9.063  -21.457 0.0000000000
67759  -23.873  -10.175  -21.172 0.0000000000
67776  -26.779  -10.144  -22.410 0.0000000000
65999  -25.673  -12.404  -21.194 0.0000000000
66894  -26.312  -11.854  -21.606 0.0000000000
66000  -26.938  -12.330  -21.349 0.0000000000
67762  -26.787  -11.149  -22.093 0.0000000000
67778  -28.451  -10.418  -22.425 0.0000000000
71867  -30.702  -5.772  -23.132 0.0000000000
73728  -33.157  -3.918  -22.624 0.0000000000
73756  -29.196  -3.567  -24.671 0.0000000000
73766  -26.789  -2.819  -25.186 0.0000000000
73768  -27.868  -2.867  -25.198 0.0000000000
74616  -35.001  -2.774  -22.995 0.0000000000
74624  -31.011  -2.994  -23.972 0.0000000000
75479  -29.413  -1.422  -25.051 0.0000000000
75481  -30.725  -1.344  -24.446 0.0000000000
75492  -26.220  -1.341  -25.535 0.0000000000
75494  -28.059  -1.329  -25.574 0.0000000000
76390  -32.269  -0.211  -23.555 0.0000000000
76409  -36.582  -0.549  -24.565 0.0000000000
76419  -26.498  -0.601  -25.796 0.0000000000
76420  -27.607  -0.550  -25.848 0.0000000000
76431  -26.212  0.188  -26.007 0.0000000000
77286  -34.889  -0.027  -23.421 0.0000000000
77298  -29.509  0.132  -24.954 0.0000000000
77312  -28.852  0.814  -25.521 0.0000000000
77324  -27.720  1.118  -26.164 0.0000000000
78270  -36.698  1.534  -26.905 0.0000000000
79103  -34.316  2.450  -23.409 0.0000000000
79112  -30.457  2.319  -24.226 0.0000000000
79114  -35.443  2.739  -24.154 0.0000000000
79123  -28.795  2.335  -25.539 0.0000000000
79141  -36.367  2.319  -26.708 0.0000000000
79962  -35.174  3.157  -23.855 0.0000000000
80779  -35.547  4.263  -25.730 0.0000000000
80798  -35.572  4.557  -27.575 0.0000000000
81577  -31.325  5.213  -23.457 0.0000000000
81578  -35.175  5.400  -24.730 0.0000000000
81601  -27.044  4.997  -26.414 0.0000000000
82477  -34.379  6.259  -23.849 0.0000000000
82508  -27.040  6.411  -26.438 0.0000000000
82511  -35.263  6.134  -26.484 0.0000000000
83392  -28.805  7.165  -25.202 0.0000000000
84333  -33.462  8.903  -24.001 0.0000000000
85259  -33.001  9.395  -23.709 0.0000000000
86150  -30.410  10.288  -23.788 0.0000000000
86152  -32.864  11.036  -23.806 0.0000000000
86153  -33.370  10.503  -24.130 0.0000000000
88423  -33.017  13.157  -24.474 0.0000000000
122238  -31.839  -1.812  -23.696 0.0000000000
123547  -31.669  7.271  -23.352 0.0000000000
123912  -30.970  0.048  -24.154 0.0000000000
124613  -35.961  1.322  -24.514 0.0000000000
126580  -35.112  4.657  -24.281 0.0000000000
127856  -27.361  -6.453  -23.667 0.0000000000
127864  -30.976  10.912  -23.613 0.0000000000
130311  -26.139  -3.561  -24.765 0.0000000000
132236  -30.223  7.111  -24.019 0.0000000000
133643  -32.001  1.973  -23.479 0.0000000000
138336  -33.593  0.350  -23.377 0.0000000000
139096  -28.641  3.937  -25.533 0.0000000000
139782  -28.615  12.104  -25.801 0.0000000000
141718  -27.970  -9.223  -22.843 0.0000000000
143605  -28.285  -4.532  -24.393 0.0000000000
143856  -29.190  6.883  -24.896 0.0000000000
