#!ascii label  , from subject sub-v1s13x0050003_ses-1 vox2ras=TkReg
1764
119674  40.429  -35.498  -33.549 0.6000000238
37280  39.563  -36.305  -31.671 0.5000000000
39271  41.068  -32.720  -33.483 0.6999999881
40238  40.473  -31.971  -33.969 0.6000000238
40239  39.219  -32.399  -33.701 0.6000000238
40235  39.320  -32.000  -32.738 0.6000000238
38285  40.050  -35.056  -32.225 0.6999999881
38294  40.533  -34.458  -33.259 0.6000000238
123501  40.460  -33.714  -33.925 0.5000000000
39278  39.913  -33.650  -34.223 0.5000000000
39279  38.698  -33.812  -34.356 0.5000000000
39276  38.215  -33.175  -34.143 0.6000000238
40236  38.071  -32.606  -33.101 0.6000000238
37279  40.315  -35.800  -32.804 0.5000000000
38301  40.276  -34.847  -33.842 0.6000000238
40237  37.106  -33.273  -33.213 0.6000000238
35219  39.313  -38.586  -31.008 0.5000000000
116121  38.734  -39.053  -30.201 0.5000000000
40213  39.677  -32.142  -30.918 0.6000000238
115160  38.530  -32.797  -30.484 0.6999999881
116184  41.123  -31.933  -31.595 0.6000000238
41169  40.602  -31.690  -31.719 0.6000000238
40227  39.466  -31.994  -31.749 0.6000000238
40228  38.241  -32.522  -32.144 0.6000000238
39260  40.733  -33.446  -32.141 0.6000000238
40229  37.391  -33.143  -31.587 0.6000000238
38286  39.577  -35.037  -31.253 0.5000000000
127083  36.741  -33.705  -31.184 0.6000000238
36217  39.050  -37.153  -30.814 0.5000000000
39249  36.132  -34.493  -31.416 0.6000000238
35220  38.902  -38.028  -30.537 0.5000000000
135466  35.636  -34.890  -29.672 0.6999999881
38280  35.548  -35.326  -31.095 0.6000000238
38263  35.372  -35.025  -28.948 0.6999999881
38272  35.431  -35.544  -29.961 0.6000000238
37265  35.139  -36.492  -29.872 0.6000000238
36199  34.470  -37.528  -28.092 0.6000000238
37266  34.939  -36.959  -29.009 0.6000000238
37255  31.118  -36.969  -27.885 0.5000000000
116406  30.751  -34.153  -29.324 0.6999999881
37256  30.694  -36.199  -28.702 0.6000000238
39243  30.907  -34.767  -30.124 0.8000000119
40187  38.729  -32.894  -29.334 0.6000000238
40201  38.048  -33.045  -29.747 0.6999999881
40212  40.275  -31.880  -30.993 0.6999999881
40200  39.344  -32.611  -30.407 0.6000000238
40188  37.665  -33.114  -28.788 0.6999999881
39247  40.270  -33.593  -30.884 0.6000000238
39246  40.359  -32.656  -30.790 0.6000000238
40202  36.987  -33.213  -29.271 0.8000000119
38271  39.013  -35.365  -29.532 0.5000000000
39241  39.759  -34.230  -30.248 0.5000000000
130052  36.516  -33.555  -29.656 0.8000000119
37263  38.610  -36.088  -29.592 0.5000000000
38279  39.159  -35.170  -30.323 0.5000000000
40190  36.215  -33.579  -28.876 0.8000000119
39248  36.372  -33.963  -30.389 0.6000000238
35210  38.393  -38.213  -29.687 0.5000000000
39231  35.590  -34.144  -28.537 0.8000000119
115481  35.832  -34.753  -30.327 0.6999999881
38264  34.913  -35.688  -28.102 0.6999999881
39217  35.001  -34.694  -27.842 0.6999999881
37209  34.244  -36.387  -26.714 0.6999999881
128079  34.627  -36.257  -27.437 0.6999999881
38273  35.110  -36.049  -29.013 0.6999999881
37210  33.529  -36.482  -26.178 0.6000000238
37234  34.409  -36.971  -27.277 0.6000000238
37254  34.785  -36.579  -28.156 0.6000000238
37212  31.726  -36.287  -26.144 0.6999999881
36160  32.928  -37.250  -26.342 0.6999999881
37235  33.777  -37.162  -26.637 0.6000000238
38250  30.656  -35.291  -27.322 0.6999999881
36162  31.370  -36.761  -26.798 0.6000000238
38265  30.636  -35.398  -28.360 0.8000000119
39232  30.506  -34.497  -28.095 0.8000000119
40203  31.094  -33.367  -29.675 0.8999999762
39250  31.391  -34.664  -31.518 0.6999999881
41159  31.386  -32.561  -30.041 0.8000000119
38281  31.012  -35.492  -30.720 0.6999999881
41136  38.905  -32.725  -28.001 0.6000000238
40173  38.405  -32.984  -28.346 0.6999999881
116361  38.323  -33.067  -27.398 0.6999999881
40186  39.369  -32.622  -28.983 0.6000000238
40145  38.314  -32.928  -26.350 0.6000000238
133421  40.589  -32.056  -30.843 0.4000000060
40199  40.141  -32.486  -30.680 0.6000000238
41158  40.259  -32.110  -30.136 0.6000000238
40174  37.559  -33.227  -27.838 0.6999999881
39230  39.564  -34.709  -29.489 0.4000000060
39240  40.162  -33.486  -30.475 0.6000000238
40189  36.705  -33.319  -28.266 0.8000000119
122137  38.522  -36.008  -28.922 0.5000000000
115258  35.862  -33.615  -28.076 0.8000000119
37264  38.141  -36.675  -28.861 0.4000000060
40176  35.279  -33.979  -27.873 0.8000000119
36210  38.167  -37.456  -29.256 0.5000000000
39201  34.375  -34.657  -26.856 0.8000000119
40160  33.014  -33.783  -25.663 0.8000000119
38227  34.049  -35.649  -26.262 0.6999999881
40177  34.733  -33.989  -27.289 0.8000000119
38229  32.194  -35.641  -25.671 0.8000000119
38228  33.174  -35.694  -25.768 0.6999999881
40163  30.769  -33.974  -26.543 0.8999999762
38230  31.376  -35.444  -26.026 0.8999999762
39203  32.689  -34.851  -25.454 0.6999999881
38231  30.852  -35.187  -26.560 0.8999999762
37211  32.584  -36.470  -25.985 0.6999999881
38249  31.067  -35.893  -26.651 0.6000000238
40192  30.708  -33.557  -28.478 0.8999999762
41177  30.885  -32.284  -32.312 0.8000000119
41178  30.189  -32.438  -32.759 0.8000000119
40230  31.415  -32.867  -31.976 0.8000000119
138005  31.519  -34.297  -32.231 0.8000000119
41170  31.379  -32.206  -31.334 0.8000000119
40215  31.415  -33.130  -30.921 0.6999999881
41122  39.159  -32.471  -27.255 0.6999999881
41105  38.655  -32.475  -25.588 0.6000000238
136080  39.503  -32.347  -28.218 0.6000000238
41121  39.856  -31.783  -26.891 0.5000000000
118075  37.900  -32.742  -25.354 0.6999999881
42039  41.473  -31.489  -29.713 0.4000000060
41144  40.890  -31.546  -28.894 0.5000000000
41145  40.160  -32.005  -29.043 0.6000000238
40156  37.509  -33.293  -26.905 0.6999999881
137194  41.241  -31.998  -30.655 0.5000000000
40157  36.513  -33.212  -26.653 0.6999999881
39228  40.917  -34.060  -29.515 0.5000000000
39239  40.645  -33.002  -30.702 0.6000000238
39216  40.359  -35.065  -28.430 0.4000000060
41123  34.876  -32.891  -26.172 0.8000000119
40158  35.528  -33.248  -26.779 0.8000000119
38247  38.985  -35.802  -27.759 0.4000000060
126128  34.678  -33.457  -26.749 0.8000000119
41125  32.760  -32.753  -25.606 0.8000000119
40159  34.047  -33.873  -26.442 0.8000000119
41126  31.971  -32.313  -25.786 0.8000000119
39202  33.637  -34.789  -25.900 0.8000000119
41127  31.328  -32.283  -26.402 0.8999999762
40162  31.363  -33.837  -25.860 0.8999999762
41137  30.966  -32.213  -27.107 0.8999999762
40178  30.923  -33.110  -26.666 0.8999999762
42031  31.279  -31.477  -27.408 0.8999999762
41138  30.805  -32.898  -27.724 0.8999999762
41146  31.185  -32.110  -28.112 0.8999999762
130663  30.296  -31.815  -32.434 0.8000000119
115892  29.628  -31.764  -32.360 0.8000000119
40191  31.108  -32.759  -28.851 0.8999999762
42059  30.800  -31.461  -31.983 0.8000000119
42047  31.527  -31.755  -30.312 0.8000000119
135120  39.785  -31.636  -26.145 0.6000000238
114364  39.176  -32.258  -26.245 0.6000000238
41089  38.543  -32.252  -24.688 0.6000000238
42021  40.384  -31.325  -26.482 0.6000000238
42037  41.990  -31.390  -29.787 0.4000000060
42038  41.556  -31.365  -29.132 0.4000000060
136549  40.744  -31.485  -28.099 0.4000000060
41135  40.126  -31.839  -27.947 0.5000000000
40146  37.328  -33.118  -26.021 0.6999999881
41156  41.708  -31.710  -30.339 0.4000000060
135528  36.573  -32.972  -25.853 0.6999999881
40197  42.884  -32.325  -30.287 0.5000000000
40198  41.910  -32.072  -30.551 0.4000000060
40147  35.817  -32.883  -26.080 0.6999999881
39238  42.316  -32.853  -30.386 0.5000000000
41093  34.946  -32.000  -24.964 0.8000000119
42010  33.109  -31.483  -25.277 0.8000000119
41109  34.377  -32.429  -25.508 0.8000000119
42011  32.314  -31.424  -25.676 0.8000000119
128477  31.474  -30.966  -26.768 0.8999999762
117013  31.503  -32.969  -26.029 0.8999999762
42901  31.927  -30.245  -27.022 0.8999999762
42040  31.635  -31.307  -28.536 0.8999999762
42925  31.986  -30.736  -29.395 1.0000000000
42935  29.969  -30.435  -32.102 0.8000000119
137812  31.696  -31.352  -29.588 1.0000000000
42934  30.567  -30.567  -32.031 0.8000000119
123705  31.755  -30.904  -30.532 1.0000000000
42055  31.405  -31.427  -31.221 0.8000000119
118342  31.256  -30.731  -31.609 0.8000000119
119807  39.341  -31.883  -25.453 0.6000000238
41977  38.666  -31.788  -23.812 0.6000000238
42009  40.276  -31.062  -25.633 0.6000000238
41073  37.941  -32.268  -23.902 0.6999999881
42029  41.970  -31.312  -28.694 0.4000000060
117598  41.485  -31.263  -27.503 0.4000000060
115587  40.725  -31.365  -27.367 0.4000000060
41143  42.586  -31.630  -29.597 0.4000000060
41106  37.007  -32.779  -25.211 0.6999999881
41142  43.264  -32.091  -29.264 0.4000000060
41107  36.194  -32.641  -25.283 0.8000000119
41980  35.816  -31.482  -23.826 0.8000000119
41997  33.681  -30.755  -24.920 0.8000000119
41996  34.026  -31.713  -25.108 0.8000000119
43749  32.688  -30.116  -25.854 0.8000000119
41111  32.666  -32.038  -25.522 0.8000000119
42022  31.666  -31.523  -26.193 0.8999999762
42906  32.224  -30.183  -27.980 0.8999999762
43765  32.629  -29.780  -27.441 0.8999999762
42915  31.976  -30.611  -28.502 1.0000000000
42914  32.437  -30.162  -29.008 1.0000000000
42924  32.290  -30.045  -30.275 1.0000000000
42061  29.510  -31.035  -31.959 0.8000000119
122683  32.690  -29.330  -30.661 1.0000000000
43785  31.786  -28.887  -31.774 0.8000000119
42932  31.776  -30.189  -31.266 0.8000000119
41992  40.587  -30.489  -24.794 0.6000000238
41993  39.580  -31.255  -24.561 0.6000000238
41978  37.980  -32.008  -23.177 0.6999999881
41961  37.270  -31.631  -22.633 0.6999999881
42019  42.054  -31.440  -27.675 0.4000000060
42006  41.751  -31.299  -26.639 0.5000000000
42020  41.011  -30.970  -26.396 0.5000000000
135803  37.116  -32.305  -23.590 0.8000000119
41134  42.582  -31.750  -28.412 0.4000000060
41994  36.242  -32.059  -24.006 0.8000000119
129988  43.749  -32.666  -28.813 0.4000000060
41119  43.218  -32.485  -27.788 0.4000000060
121388  34.643  -31.260  -24.646 0.8000000119
41995  35.471  -31.706  -24.372 0.8000000119
42881  34.468  -30.357  -24.466 0.8000000119
42889  32.783  -30.689  -25.453 0.8000000119
43764  33.215  -29.449  -26.945 0.8999999762
44570  33.792  -29.154  -26.402 0.8000000119
43773  32.863  -29.722  -28.469 1.0000000000
43772  33.548  -29.279  -29.080 1.0000000000
44582  34.261  -29.014  -28.524 1.0000000000
136445  33.407  -29.201  -29.803 1.0000000000
44597  33.022  -28.099  -31.382 1.0000000000
44599  31.511  -28.307  -31.861 0.8999999762
43788  29.939  -29.823  -31.950 0.8000000119
44596  29.843  -28.678  -31.032 0.8999999762
44598  32.293  -28.205  -31.695 1.0000000000
45393  31.928  -27.688  -31.647 1.0000000000
45394  31.273  -27.794  -31.590 1.0000000000
45391  34.162  -27.113  -30.719 1.0000000000
135162  34.053  -26.567  -30.486 1.0000000000
46237  33.294  -26.876  -31.045 1.0000000000
46233  33.478  -26.277  -30.138 1.0000000000
132785  35.173  -25.539  -30.513 1.0000000000
47105  34.474  -25.970  -30.205 1.0000000000
41976  39.396  -30.997  -23.558 0.6999999881
41959  39.178  -30.872  -22.759 0.6999999881
42846  38.743  -30.676  -22.033 0.6999999881
42878  40.920  -30.055  -24.222 0.6000000238
42879  40.273  -30.289  -23.992 0.6000000238
41960  38.285  -31.400  -22.552 0.6999999881
42888  41.080  -30.383  -24.858 0.6000000238
41104  42.345  -31.753  -25.661 0.5000000000
42848  37.038  -30.741  -22.058 0.8000000119
118421  43.074  -32.625  -26.281 0.4000000060
41979  36.398  -31.657  -23.280 0.8000000119
42880  35.225  -30.913  -24.115 0.8000000119
43735  35.108  -29.880  -23.944 0.8000000119
43737  33.888  -29.938  -24.813 0.8000000119
43736  34.424  -29.516  -24.568 0.8000000119
44562  33.654  -29.371  -25.695 0.6999999881
43747  33.960  -29.397  -25.133 0.8000000119
44576  34.024  -29.047  -27.392 0.8999999762
44569  34.603  -28.694  -26.718 0.8000000119
119510  33.399  -29.385  -27.948 0.8999999762
44575  34.964  -28.626  -27.879 1.0000000000
135720  34.156  -29.028  -29.281 1.0000000000
45373  35.349  -28.160  -28.740 1.0000000000
46218  36.133  -26.564  -28.607 1.0000000000
44591  33.942  -28.889  -29.975 1.0000000000
46226  35.969  -26.545  -29.505 1.0000000000
45385  35.348  -27.050  -29.750 1.0000000000
46231  35.481  -26.428  -30.146 1.0000000000
46232  34.652  -26.548  -30.217 1.0000000000
46235  31.777  -26.803  -30.786 1.0000000000
45389  30.742  -27.468  -30.994 1.0000000000
116461  35.315  -25.955  -30.428 1.0000000000
46238  32.279  -27.077  -31.250 1.0000000000
46234  32.535  -26.609  -30.562 1.0000000000
46227  33.258  -25.791  -29.339 1.0000000000
47980  35.234  -24.901  -30.799 1.0000000000
47101  33.886  -25.528  -29.697 1.0000000000
42845  39.732  -30.243  -22.249 0.6999999881
42847  37.828  -30.958  -21.980 0.6999999881
42862  41.289  -30.275  -23.556 0.5000000000
42844  40.639  -30.035  -22.597 0.6999999881
42877  41.213  -30.353  -24.338 0.6000000238
41990  41.933  -31.280  -24.754 0.5000000000
41975  41.652  -30.915  -24.116 0.5000000000
42865  36.348  -30.706  -22.695 0.8000000119
43722  36.099  -29.668  -22.487 0.8000000119
43723  35.735  -29.819  -23.211 0.6999999881
44537  35.410  -28.989  -23.708 0.8000000119
44550  34.530  -28.910  -24.961 0.8000000119
44549  34.937  -28.959  -24.337 0.8000000119
44560  35.209  -28.374  -25.949 0.6999999881
137590  34.789  -28.653  -25.372 0.6999999881
44568  35.449  -28.203  -27.029 0.8999999762
46199  36.640  -26.840  -26.577 0.8000000119
122849  37.058  -26.075  -26.188 0.8000000119
47953  36.860  -24.782  -26.070 0.8000000119
45364  35.996  -27.469  -27.285 0.8999999762
46207  36.799  -25.948  -27.062 0.8000000119
45372  35.831  -27.362  -28.200 1.0000000000
46208  36.296  -26.626  -27.615 0.8999999762
47089  36.825  -25.140  -27.616 0.8999999762
126714  36.904  -24.664  -26.945 0.8000000119
46217  36.470  -25.776  -28.112 0.8999999762
46225  36.561  -25.870  -29.205 1.0000000000
46230  36.418  -25.914  -30.110 1.0000000000
45386  34.731  -27.249  -30.223 1.0000000000
47102  37.541  -25.065  -31.410 1.0000000000
47106  36.856  -25.177  -31.593 1.0000000000
47097  33.394  -25.170  -28.947 1.0000000000
47981  37.682  -24.600  -31.953 1.0000000000
47979  36.071  -24.739  -31.668 1.0000000000
47977  33.921  -24.747  -29.497 1.0000000000
119198  36.938  -24.309  -32.198 1.0000000000
48930  36.152  -23.681  -32.002 1.0000000000
48926  34.355  -23.283  -30.363 1.0000000000
42843  41.020  -30.244  -21.996 0.6999999881
128102  40.302  -30.167  -21.505 0.6999999881
42826  39.214  -30.254  -21.405 0.6999999881
42813  38.694  -30.037  -20.714 0.6999999881
43698  37.787  -30.052  -20.767 0.6999999881
41945  41.624  -31.152  -21.548 0.6000000238
42828  37.438  -30.415  -21.436 0.6999999881
122846  41.985  -31.439  -23.140 0.5000000000
42829  36.838  -30.184  -21.600 0.6999999881
116596  42.206  -31.597  -23.967 0.5000000000
43709  36.469  -29.494  -21.642 0.8000000119
44521  36.059  -28.773  -22.293 0.6999999881
44548  35.740  -28.153  -23.725 0.6999999881
44536  35.771  -28.920  -23.053 0.6999999881
132739  35.421  -28.467  -24.255 0.6999999881
119748  35.220  -28.416  -24.970 0.6999999881
45357  36.027  -27.725  -26.375 0.6999999881
45349  35.969  -27.900  -25.465 0.6999999881
124131  37.071  -26.066  -25.493 0.8000000119
47065  36.943  -25.611  -24.817 0.8000000119
47948  36.793  -24.806  -25.172 0.8000000119
47071  37.051  -25.497  -25.747 0.8000000119
48878  36.384  -24.050  -25.495 0.8000000119
48895  36.499  -24.026  -26.401 0.8000000119
118820  36.835  -24.696  -28.382 1.0000000000
47965  36.825  -24.559  -27.714 0.8999999762
48911  36.646  -23.885  -27.382 0.8000000119
114576  36.952  -24.156  -28.383 1.0000000000
49848  36.614  -23.322  -28.300 0.8000000119
47099  36.995  -25.315  -29.965 1.0000000000
47970  37.272  -24.431  -29.344 1.0000000000
47103  37.008  -25.443  -30.887 1.0000000000
47978  37.912  -24.389  -31.146 1.0000000000
130303  37.726  -23.232  -31.832 1.0000000000
47971  33.384  -24.368  -28.808 1.0000000000
47972  32.881  -24.816  -28.259 1.0000000000
132499  36.950  -23.344  -32.282 1.0000000000
49882  36.350  -22.557  -32.039 1.0000000000
49883  35.309  -22.979  -31.392 1.0000000000
48927  33.827  -23.881  -29.485 1.0000000000
131418  35.360  -22.165  -31.639 1.0000000000
43683  40.129  -29.760  -20.064 0.6999999881
43684  39.189  -29.642  -20.176 0.6999999881
43685  38.243  -29.589  -20.240 0.6000000238
43686  37.384  -29.381  -20.403 0.6000000238
44508  36.728  -29.043  -20.821 0.6000000238
44509  36.348  -28.513  -21.480 0.6999999881
125240  35.920  -28.195  -22.934 0.6999999881
45314  36.133  -27.783  -22.245 0.6999999881
45327  36.146  -27.440  -23.324 0.6999999881
133064  36.147  -27.516  -24.183 0.6999999881
47055  36.730  -25.444  -23.920 0.8000000119
45348  36.504  -27.278  -24.986 0.6999999881
46181  36.876  -26.455  -24.890 0.8000000119
48865  35.889  -23.219  -24.854 0.8000000119
48879  35.919  -23.295  -25.859 0.8000000119
48912  36.038  -22.937  -27.372 0.8000000119
122254  36.836  -22.789  -29.187 0.8000000119
49863  36.077  -22.273  -28.226 0.8000000119
48925  37.816  -23.950  -30.224 1.0000000000
133543  37.264  -22.327  -29.951 1.0000000000
49862  36.637  -21.872  -29.262 0.6999999881
49879  37.623  -22.344  -30.821 1.0000000000
51669  36.690  -20.993  -29.536 0.8999999762
49878  37.496  -22.415  -31.565 1.0000000000
50759  36.984  -21.281  -31.687 1.0000000000
51695  37.223  -20.170  -32.135 1.0000000000
47966  32.528  -24.453  -27.755 1.0000000000
123364  36.728  -21.767  -31.954 1.0000000000
117478  35.972  -21.603  -31.873 1.0000000000
49873  33.719  -22.442  -30.077 1.0000000000
138274  33.640  -23.124  -29.530 1.0000000000
48922  32.883  -23.981  -28.192 1.0000000000
49880  34.496  -22.314  -30.986 1.0000000000
45299  36.418  -27.635  -21.278 0.6000000238
46136  36.293  -26.923  -21.846 0.6999999881
46150  36.436  -26.615  -23.325 0.6999999881
124241  36.263  -27.022  -22.656 0.6999999881
46170  36.749  -26.153  -24.068 0.6999999881
121762  36.529  -25.805  -23.218 0.8000000119
47936  36.682  -24.796  -24.250 0.6999999881
133020  36.190  -23.424  -24.077 0.6999999881
50698  35.419  -21.767  -25.732 0.6999999881
50714  35.386  -21.433  -26.579 0.6999999881
50726  35.574  -21.426  -27.609 0.6999999881
51670  36.110  -20.370  -28.855 0.8000000119
50733  35.982  -21.262  -28.549 0.6999999881
51676  37.248  -20.723  -30.709 0.8999999762
51688  37.324  -20.428  -31.663 1.0000000000
52664  37.563  -19.111  -31.913 1.0000000000
48913  32.259  -23.708  -27.595 1.0000000000
50760  36.641  -20.883  -31.939 1.0000000000
49874  33.035  -22.563  -29.180 1.0000000000
50754  34.758  -21.432  -31.413 1.0000000000
43673  38.768  -29.050  -19.888 0.6000000238
44494  37.867  -28.894  -19.941 0.6000000238
44495  37.105  -28.451  -20.221 0.6000000238
128927  37.698  -27.015  -19.752 0.6000000238
45286  36.791  -27.565  -20.498 0.6000000238
46125  37.119  -26.645  -20.172 0.6000000238
46126  36.555  -26.764  -20.965 0.6000000238
120106  36.411  -26.058  -21.627 0.6000000238
122462  36.350  -26.311  -22.497 0.6000000238
47909  36.400  -24.576  -22.157 0.6999999881
48864  36.413  -24.020  -23.696 0.6999999881
49817  35.940  -22.673  -24.010 0.6999999881
49826  35.571  -22.459  -25.368 0.6999999881
50688  35.517  -21.550  -24.851 0.6999999881
133536  35.394  -20.924  -25.599 0.6999999881
127161  35.397  -20.786  -27.133 0.6999999881
55238  41.378  -16.791  -25.216 0.3000000119
52629  35.747  -19.669  -28.114 0.6999999881
51660  35.596  -20.597  -27.900 0.6999999881
56139  42.170  -16.191  -24.906 0.3000000119
52645  36.482  -19.453  -29.494 0.8000000119
46191  29.247  -26.172  -25.396 0.8999999762
52656  37.450  -19.746  -31.113 1.0000000000
118071  30.170  -24.747  -26.042 1.0000000000
47954  31.672  -24.143  -27.037 1.0000000000
47955  31.056  -24.657  -26.543 1.0000000000
53584  36.687  -18.595  -32.182 1.0000000000
51689  34.511  -20.456  -31.258 1.0000000000
50761  35.688  -20.728  -31.841 1.0000000000
50755  33.820  -21.640  -30.603 1.0000000000
125582  33.889  -20.939  -30.834 1.0000000000
45275  38.875  -27.653  -19.505 0.6000000238
45276  38.030  -27.623  -19.653 0.6000000238
46114  37.878  -26.303  -19.654 0.6000000238
47876  37.948  -24.940  -19.738 0.6000000238
47888  36.861  -24.720  -20.632 0.6999999881
47898  36.563  -24.260  -21.381 0.6999999881
137317  36.725  -25.793  -20.747 0.6000000238
125853  36.404  -23.857  -21.954 0.6999999881
49792  41.632  -22.229  -22.146 0.3000000119
50654  41.460  -21.362  -22.411 0.3000000119
123548  36.385  -23.915  -22.727 0.6999999881
48857  36.258  -23.097  -23.221 0.6999999881
49812  35.802  -21.833  -24.030 0.6999999881
54363  40.881  -17.530  -25.431 0.3000000119
55239  40.459  -16.690  -25.123 0.4000000060
136243  28.310  -27.089  -25.337 0.6999999881
47074  27.492  -25.763  -24.894 0.6999999881
58714  41.535  -12.550  -23.397 0.3000000119
130169  41.837  -15.566  -24.339 0.3000000119
53568  36.031  -18.940  -28.596 0.6999999881
47072  28.998  -25.372  -25.248 0.8999999762
57868  41.734  -13.460  -23.584 0.3000000119
55227  41.072  -15.994  -24.569 0.3000000119
47956  29.482  -24.825  -25.604 0.8999999762
56991  41.397  -14.394  -23.713 0.3000000119
56124  40.518  -15.411  -24.224 0.3000000119
53577  37.219  -18.801  -30.781 0.8000000119
128058  36.655  -18.219  -31.867 1.0000000000
48914  31.452  -23.162  -27.331 1.0000000000
53585  35.624  -18.238  -31.845 1.0000000000
134299  32.465  -21.865  -29.440 1.0000000000
49875  32.131  -22.277  -28.682 1.0000000000
51697  35.378  -19.812  -31.710 1.0000000000
50742  33.081  -21.767  -29.923 1.0000000000
51690  33.348  -20.125  -30.716 1.0000000000
50756  33.117  -20.985  -30.406 1.0000000000
136048  32.393  -19.501  -30.526 1.0000000000
47886  38.129  -24.262  -19.880 0.6999999881
48811  37.403  -23.883  -20.372 0.6999999881
48837  41.803  -23.026  -21.938 0.3000000119
49777  41.147  -22.572  -21.512 0.4000000060
48824  36.660  -23.389  -21.420 0.6999999881
48838  36.388  -23.201  -22.224 0.6999999881
50655  40.683  -20.994  -22.147 0.4000000060
51587  41.160  -20.770  -22.827 0.3000000119
51576  39.732  -20.751  -22.098 0.5000000000
50681  35.867  -21.045  -24.112 0.6999999881
51630  35.686  -20.594  -24.784 0.6999999881
135247  40.389  -20.642  -22.688 0.5000000000
52596  35.649  -19.921  -25.520 0.6999999881
53500  40.311  -18.987  -24.703 0.4000000060
134174  38.773  -19.059  -24.332 0.6000000238
53501  39.601  -18.710  -24.766 0.5000000000
51639  35.394  -20.431  -26.395 0.6999999881
51649  35.470  -20.072  -27.207 0.6999999881
112487  38.978  -13.541  -23.846 0.4000000060
54365  39.104  -17.304  -25.285 0.4000000060
53553  35.809  -18.868  -27.729 0.6999999881
118021  26.653  -25.904  -25.044 0.6999999881
57854  40.220  -13.123  -23.437 0.4000000060
54364  39.945  -17.421  -25.291 0.4000000060
55240  39.630  -16.586  -25.151 0.4000000060
46193  26.244  -26.715  -25.554 0.6000000238
57853  40.969  -13.093  -23.425 0.3000000119
57869  40.769  -13.778  -23.531 0.3000000119
55228  40.124  -15.941  -24.674 0.4000000060
128261  36.424  -18.468  -29.508 0.6999999881
53567  36.183  -18.234  -28.417 0.6999999881
47073  28.024  -24.952  -24.866 0.6999999881
56993  39.434  -14.300  -24.082 0.4000000060
56140  39.389  -15.755  -24.903 0.4000000060
53576  36.644  -18.072  -30.482 0.8000000119
56992  40.424  -14.622  -23.828 0.3000000119
56125  39.812  -15.182  -24.330 0.4000000060
54409  36.614  -17.352  -30.807 0.8000000119
48897  31.043  -23.783  -26.828 1.0000000000
54412  36.454  -17.538  -31.380 0.8999999762
127194  36.030  -17.793  -31.866 1.0000000000
51678  32.372  -21.136  -29.985 1.0000000000
52666  33.170  -19.133  -30.849 1.0000000000
52665  34.153  -19.554  -31.198 1.0000000000
53586  34.280  -18.033  -31.457 1.0000000000
51691  32.330  -20.288  -30.437 1.0000000000
51679  31.534  -20.538  -30.218 1.0000000000
52667  31.839  -19.133  -30.234 1.0000000000
51692  31.309  -19.798  -30.492 1.0000000000
48798  39.165  -23.974  -19.796 0.6000000238
48809  39.188  -23.033  -20.175 0.6000000238
49769  38.433  -22.679  -20.480 0.6000000238
49780  37.867  -22.361  -20.831 0.6999999881
49767  39.840  -22.594  -20.555 0.5000000000
49768  39.092  -22.389  -20.555 0.6000000238
49781  37.146  -22.582  -21.156 0.6999999881
49778  40.355  -22.144  -21.148 0.5000000000
49779  39.412  -21.797  -20.977 0.4000000060
50645  36.854  -21.896  -21.818 0.6999999881
49811  36.184  -22.121  -23.296 0.6999999881
50643  38.614  -21.275  -21.234 0.6000000238
50656  37.189  -20.984  -22.100 0.6999999881
51577  38.823  -20.718  -21.757 0.6000000238
51590  36.714  -20.819  -22.991 0.6999999881
133183  39.691  -20.276  -23.013 0.6000000238
122273  38.732  -20.059  -22.952 0.6000000238
114472  36.197  -20.311  -24.123 0.6999999881
51629  36.061  -19.896  -24.699 0.6999999881
52561  39.776  -19.359  -24.291 0.5000000000
53502  38.908  -18.455  -24.900 0.6000000238
52585  37.670  -19.141  -24.154 0.6000000238
112485  38.123  -13.815  -24.518 0.4000000060
53514  39.431  -18.062  -25.198 0.4000000060
53503  38.035  -18.529  -24.952 0.5000000000
53504  37.085  -18.832  -24.808 0.6000000238
52614  35.553  -19.585  -26.489 0.6999999881
53515  38.630  -17.952  -25.300 0.5000000000
52613  35.764  -18.852  -26.811 0.6999999881
57870  39.892  -13.742  -23.665 0.4000000060
112483  37.947  -13.747  -25.561 0.5000000000
55241  38.909  -16.455  -25.305 0.4000000060
47958  28.062  -24.030  -25.299 0.8999999762
127337  27.030  -25.041  -24.757 0.6999999881
122789  38.782  -15.511  -25.244 0.4000000060
54407  36.772  -16.390  -30.145 0.6999999881
128982  36.547  -17.489  -29.465 0.6999999881
56126  39.075  -14.861  -24.675 0.4000000060
48916  29.749  -23.147  -26.748 0.8999999762
55285  36.117  -16.740  -31.341 0.8999999762
48915  30.567  -23.122  -27.004 0.8999999762
50743  31.760  -21.452  -29.490 1.0000000000
49852  30.720  -22.539  -27.714 1.0000000000
134804  34.878  -17.170  -31.580 1.0000000000
49865  31.224  -21.836  -28.923 1.0000000000
52673  33.851  -18.756  -31.245 1.0000000000
127464  30.891  -21.033  -29.795 1.0000000000
50734  30.380  -21.620  -29.162 1.0000000000
53581  33.089  -18.157  -30.939 1.0000000000
52646  31.189  -19.394  -28.973 0.8999999762
53571  31.878  -18.866  -29.125 1.0000000000
51693  30.171  -19.850  -30.690 1.0000000000
51680  30.518  -20.146  -30.662 1.0000000000
117104  30.785  -19.423  -30.022 1.0000000000
52657  30.108  -19.574  -30.472 1.0000000000
52669  29.499  -19.777  -30.760 0.8999999762
52647  30.210  -19.498  -29.671 1.0000000000
52658  29.485  -19.520  -30.299 0.8999999762
50632  38.513  -21.987  -20.828 0.6000000238
50644  37.691  -21.643  -21.302 0.6999999881
51578  37.982  -20.788  -21.677 0.6999999881
51611  37.283  -20.400  -22.855 0.6999999881
51589  38.355  -20.388  -22.271 0.6000000238
51610  37.925  -20.075  -22.861 0.6000000238
52565  36.759  -20.215  -23.514 0.6999999881
52564  37.404  -19.772  -23.474 0.6999999881
52586  36.724  -19.538  -24.176 0.6000000238
118045  36.305  -19.264  -25.070 0.6000000238
112490  38.332  -13.389  -23.683 0.3000000119
52563  38.255  -19.563  -23.530 0.6000000238
52595  35.887  -19.021  -25.917 0.6000000238
113537  37.524  -13.725  -25.592 0.4000000060
120396  37.746  -13.707  -24.357 0.4000000060
53516  37.799  -17.817  -25.598 0.6000000238
136029  37.342  -18.392  -25.375 0.6000000238
53532  36.336  -18.381  -26.348 0.6000000238
124870  37.882  -16.967  -25.781 0.4000000060
53552  36.189  -18.106  -27.324 0.6000000238
56142  38.350  -15.190  -25.777 0.4000000060
55242  38.364  -16.284  -25.666 0.4000000060
54399  36.506  -17.418  -28.152 0.6000000238
56155  38.126  -14.140  -25.850 0.5000000000
55280  36.872  -16.526  -28.854 0.6000000238
56141  38.498  -14.479  -25.212 0.4000000060
48900  28.498  -23.564  -25.905 0.8999999762
124157  36.295  -15.679  -31.114 0.8999999762
55283  36.501  -16.469  -31.009 0.8000000119
48917  28.906  -23.068  -26.662 0.8999999762
131347  29.221  -22.661  -27.321 0.8999999762
49867  29.113  -22.137  -28.304 0.8999999762
49853  29.902  -22.576  -27.520 0.8999999762
54416  33.608  -17.185  -31.176 1.0000000000
53582  32.241  -18.190  -30.261 1.0000000000
50744  29.979  -20.840  -30.114 1.0000000000
134154  29.551  -20.068  -30.930 0.8999999762
117520  30.363  -19.875  -28.053 1.0000000000
52648  29.439  -19.659  -29.057 1.0000000000
115531  28.788  -19.592  -29.854 0.8999999762
52633  29.416  -20.138  -27.465 1.0000000000
115418  28.565  -19.740  -28.416 0.8999999762
134117  37.721  -20.498  -22.297 0.6999999881
113974  38.333  -12.864  -23.117 0.3000000119
113896  37.301  -13.715  -25.233 0.3000000119
54368  37.024  -18.045  -25.928 0.6000000238
128145  37.413  -13.054  -26.696 0.5000000000
112486  37.169  -13.090  -26.406 0.4000000060
54367  37.394  -17.324  -26.170 0.5000000000
55255  37.857  -16.223  -26.266 0.5000000000
55256  37.188  -16.904  -26.839 0.5000000000
126765  36.681  -17.373  -27.305 0.5000000000
55268  37.520  -15.801  -27.143 0.5000000000
112482  37.746  -13.328  -26.663 0.5000000000
56156  37.977  -14.771  -26.493 0.5000000000
112484  37.722  -12.757  -28.002 0.5000000000
56170  37.597  -14.393  -27.472 0.5000000000
56185  36.882  -15.218  -30.592 0.6000000238
56193  35.878  -15.205  -31.240 0.8999999762
55288  34.017  -16.269  -31.286 0.8999999762
54415  35.654  -16.915  -31.560 0.8999999762
55284  33.711  -15.673  -30.858 0.8999999762
53570  32.407  -18.504  -28.616 0.8999999762
53578  32.168  -18.187  -29.584 0.8999999762
54411  32.431  -17.558  -29.935 0.8999999762
117184  33.257  -16.501  -30.720 1.0000000000
50745  29.109  -20.884  -30.305 0.8999999762
50735  29.524  -21.580  -29.318 0.8999999762
51694  28.974  -19.891  -30.825 0.8999999762
52631  31.341  -19.768  -27.550 0.8000000119
52632  30.108  -20.380  -26.841 0.6999999881
50746  28.345  -21.018  -30.230 0.8999999762
52649  27.885  -19.712  -29.307 0.8999999762
52659  28.344  -19.899  -30.218 0.8999999762
59538  38.126  -12.227  -22.702 0.3000000119
112488  37.756  -13.430  -23.328 0.3000000119
57871  37.332  -13.855  -24.071 0.4000000060
56972  36.711  -14.368  -23.663 0.3000000119
56995  36.820  -14.120  -24.675 0.4000000060
117000  36.992  -12.582  -26.861 0.4000000060
54383  36.766  -17.707  -26.627 0.6000000238
112498  37.156  -12.176  -27.299 0.5000000000
112492  36.873  -11.962  -27.474 0.4000000060
55269  37.001  -16.643  -27.722 0.5000000000
112495  37.744  -11.497  -28.312 0.5000000000
55279  37.291  -15.581  -28.206 0.5000000000
124075  37.476  -14.342  -28.695 0.5000000000
56180  37.155  -15.430  -29.471 0.5000000000
112489  37.653  -12.336  -28.916 0.5000000000
122316  37.383  -14.330  -29.899 0.5000000000
125391  37.216  -11.968  -29.267 0.5000000000
57038  36.692  -13.797  -30.526 0.6000000238
56189  36.629  -14.529  -30.765 0.6000000238
56186  34.536  -14.474  -30.089 0.6999999881
57039  35.097  -14.410  -30.641 0.6999999881
56194  35.187  -15.588  -31.384 0.6999999881
56187  33.876  -15.257  -30.164 0.6999999881
55282  33.324  -16.090  -30.117 0.8000000119
56192  34.239  -14.942  -30.860 0.8000000119
50736  28.629  -21.554  -29.466 0.8999999762
54408  32.691  -17.567  -29.206 0.8999999762
54410  32.843  -16.918  -30.004 0.8999999762
52630  32.013  -19.301  -28.111 0.6999999881
51682  27.524  -20.502  -30.036 0.8999999762
52660  27.303  -20.034  -29.661 0.8999999762
117521  28.609  -19.974  -26.937 1.0000000000
122059  36.366  -14.665  -22.870 0.3000000119
56127  36.265  -14.995  -24.087 0.4000000060
56963  35.870  -14.685  -22.390 0.3000000119
57004  36.742  -13.660  -25.913 0.4000000060
56128  35.743  -15.708  -24.379 0.3000000119
57013  36.440  -13.136  -26.934 0.4000000060
135462  36.116  -14.451  -25.768 0.4000000060
57005  35.692  -15.157  -25.764 0.4000000060
112493  37.495  -11.369  -28.524 0.4000000060
132246  35.945  -14.327  -26.357 0.4000000060
56157  35.307  -15.389  -26.530 0.4000000060
57023  36.095  -12.738  -27.810 0.4000000060
57034  35.733  -12.958  -28.794 0.5000000000
117897  36.573  -12.392  -29.320 0.5000000000
56183  33.849  -15.857  -29.164 0.6000000238
122529  33.271  -16.734  -29.265 0.8000000119
53569  33.134  -18.134  -28.067 0.6999999881
52616  31.312  -19.943  -26.529 0.6999999881
52634  27.685  -19.553  -27.887 0.8999999762
126301  26.969  -19.581  -29.012 0.8999999762
53535  28.066  -19.081  -25.952 0.8999999762
53536  27.291  -18.798  -26.497 0.8000000119
133039  27.264  -19.225  -27.184 0.8000000119
54386  27.636  -18.185  -25.973 0.6999999881
126169  27.246  -17.412  -26.196 0.8000000119
56964  35.223  -14.888  -22.104 0.3000000119
56090  35.711  -15.369  -22.705 0.3000000119
55207  35.268  -16.387  -23.761 0.4000000060
55243  35.149  -16.200  -25.653 0.4000000060
55229  35.252  -16.365  -24.691 0.4000000060
55257  34.731  -16.384  -26.581 0.5000000000
56171  35.492  -14.347  -27.369 0.5000000000
54369  34.442  -17.195  -25.720 0.5000000000
118212  34.737  -15.094  -28.184 0.5000000000
55270  34.313  -16.575  -27.444 0.5000000000
55281  34.310  -15.926  -28.192 0.5000000000
55271  33.806  -16.663  -28.334 0.6000000238
120044  33.342  -17.334  -28.476 0.6999999881
52615  32.099  -19.560  -26.998 0.6999999881
52598  31.099  -19.769  -25.815 0.6999999881
52617  30.476  -20.312  -26.216 0.6999999881
53520  30.794  -18.831  -25.385 0.6999999881
53522  28.836  -19.172  -25.606 0.8000000119
54373  29.212  -18.078  -25.485 0.6999999881
56951  35.709  -14.145  -21.970 0.3000000119
56952  35.156  -14.155  -21.699 0.3000000119
56091  34.442  -15.288  -22.126 0.4000000060
122880  35.002  -15.663  -22.423 0.3000000119
55195  34.300  -16.260  -22.517 0.4000000060
120565  34.727  -17.007  -24.128 0.4000000060
133739  34.754  -16.881  -24.964 0.4000000060
54338  34.100  -17.618  -23.618 0.3000000119
54370  33.785  -18.062  -25.224 0.5000000000
54385  33.885  -17.882  -26.308 0.6000000238
54353  33.548  -18.159  -24.181 0.3000000119
53505  32.993  -18.511  -24.884 0.4000000060
54400  33.761  -17.482  -27.460 0.6999999881
53554  33.327  -18.418  -26.945 0.6999999881
53533  33.267  -18.540  -25.873 0.6000000238
53534  32.688  -19.020  -26.472 0.6999999881
53555  32.689  -18.922  -27.514 0.6999999881
52597  31.941  -19.443  -26.118 0.6999999881
53519  31.716  -19.011  -25.474 0.6000000238
56092  33.611  -15.587  -22.229 0.3000000119
55209  33.770  -17.153  -22.902 0.3000000119
54339  33.243  -17.810  -23.350 0.3000000119
55196  33.199  -16.382  -22.532 0.3000000119
125758  32.361  -16.530  -23.039 0.3000000119
56103  32.483  -15.672  -22.772 0.3000000119
54354  32.525  -18.102  -24.068 0.3000000119
55211  31.867  -16.645  -23.643 0.4000000060
53506  32.161  -18.503  -24.897 0.5000000000
55230  31.793  -17.286  -24.077 0.5000000000
54355  31.736  -17.884  -24.636 0.6000000238
54371  31.047  -17.741  -25.112 0.6000000238
58677  34.524  -12.358  -20.576 0.4000000060
57833  34.172  -13.153  -21.098 0.3000000119
56954  33.751  -14.617  -21.863 0.3000000119
57834  33.487  -13.573  -21.600 0.3000000119
56955  33.039  -14.154  -22.012 0.3000000119
126328  32.473  -14.041  -22.588 0.3000000119
56973  32.046  -14.690  -23.147 0.3000000119
56104  31.780  -15.687  -23.609 0.4000000060
56974  31.547  -14.732  -23.966 0.4000000060
55244  31.257  -16.990  -24.751 0.6000000238
56145  30.924  -16.076  -24.992 0.4000000060
126907  31.186  -15.244  -24.603 0.4000000060
55245  30.617  -16.836  -25.217 0.6000000238
55259  27.632  -16.493  -26.180 0.6999999881
54388  26.373  -17.598  -26.476 0.8000000119
59498  34.097  -11.528  -20.461 0.4000000060
58692  33.626  -12.279  -21.000 0.3000000119
58693  33.024  -12.646  -21.642 0.3000000119
57846  32.749  -13.385  -22.128 0.3000000119
127714  32.011  -13.814  -23.187 0.3000000119
127018  31.632  -13.958  -23.788 0.4000000060
56996  31.146  -14.137  -24.577 0.4000000060
57006  30.780  -14.628  -25.112 0.4000000060
56146  30.562  -15.288  -25.290 0.4000000060
124231  30.257  -16.013  -25.418 0.5000000000
57007  30.206  -14.569  -25.577 0.4000000060
126768  29.447  -17.222  -25.502 0.6000000238
56147  29.744  -15.298  -25.708 0.4000000060
55258  28.455  -16.435  -25.892 0.6999999881
56159  28.994  -15.049  -26.112 0.4000000060
57014  28.563  -14.333  -26.544 0.4000000060
56160  28.086  -15.422  -26.285 0.6000000238
57015  27.646  -14.537  -26.779 0.5000000000
56161  27.280  -15.134  -26.650 0.6000000238
117039  26.535  -16.044  -26.668 0.6999999881
56163  25.987  -15.755  -26.971 0.6999999881
121869  34.608  -10.839  -19.992 0.3000000119
59517  33.332  -11.312  -21.005 0.3000000119
123221  32.577  -11.838  -22.019 0.3000000119
58706  32.420  -12.560  -22.414 0.3000000119
58717  31.943  -12.478  -23.156 0.3000000119
57872  31.368  -13.247  -24.248 0.4000000060
57883  30.903  -13.253  -24.926 0.3000000119
58740  30.748  -12.393  -25.290 0.3000000119
57884  30.591  -13.933  -25.291 0.3000000119
126702  30.419  -13.181  -25.598 0.3000000119
57008  29.463  -14.432  -26.041 0.4000000060
57885  29.996  -13.806  -25.892 0.3000000119
57890  29.918  -13.065  -26.224 0.3000000119
57891  29.283  -13.593  -26.508 0.3000000119
57899  28.931  -13.014  -27.095 0.3000000119
57892  28.562  -13.542  -26.922 0.3000000119
57900  28.271  -13.121  -27.455 0.4000000060
57025  27.215  -14.031  -27.313 0.5000000000
57016  26.910  -14.663  -26.991 0.5000000000
56172  26.139  -14.848  -27.208 0.5000000000
60337  33.724  -10.518  -20.562 0.3000000119
60358  33.070  -10.492  -21.247 0.3000000119
59531  32.292  -11.039  -22.350 0.3000000119
123224  32.099  -11.768  -22.757 0.3000000119
119094  31.761  -11.778  -23.415 0.3000000119
59563  30.456  -11.863  -26.010 0.3000000119
58747  29.921  -12.292  -26.590 0.3000000119
58748  29.307  -12.394  -27.145 0.3000000119
57901  27.508  -13.308  -27.642 0.4000000060
57026  26.596  -14.251  -27.348 0.5000000000
57902  26.599  -13.570  -27.635 0.5000000000
121469  26.072  -14.156  -27.468 0.5000000000
61261  33.296  -9.908  -20.964 0.3000000119
61262  32.892  -9.739  -21.501 0.3000000119
60371  32.124  -10.213  -22.618 0.3000000119
59539  31.821  -10.923  -23.192 0.3000000119
59540  31.553  -11.352  -24.017 0.3000000119
58729  31.199  -11.846  -24.662 0.3000000119
59562  30.927  -11.444  -25.399 0.3000000119
59568  30.279  -11.457  -26.774 0.3000000119
58756  27.929  -12.475  -27.957 0.4000000060
58757  26.998  -12.743  -27.994 0.4000000060
58758  26.090  -12.812  -27.855 0.4000000060
58767  25.626  -12.007  -27.870 0.4000000060
57903  25.557  -13.601  -27.591 0.5000000000
58759  25.175  -12.707  -27.668 0.4000000060
62168  35.229  -8.343  -19.561 0.3000000119
61241  33.714  -9.600  -20.548 0.3000000119
60379  31.798  -10.030  -23.253 0.3000000119
60380  31.570  -10.277  -24.047 0.3000000119
59550  31.317  -10.926  -24.787 0.3000000119
60406  31.049  -10.306  -26.386 0.3000000119
59574  29.712  -11.739  -27.246 0.3000000119
138158  29.431  -11.288  -27.771 0.3000000119
138000  29.165  -11.928  -27.559 0.3000000119
59575  28.645  -11.687  -27.947 0.4000000060
58765  27.253  -11.944  -28.217 0.3000000119
127632  33.775  -7.908  -20.542 0.3000000119
62203  33.212  -8.393  -21.157 0.3000000119
63098  33.160  -7.433  -21.274 0.3000000119
62204  32.786  -8.941  -21.674 0.3000000119
61285  32.024  -9.397  -22.859 0.3000000119
61286  31.718  -9.349  -23.625 0.3000000119
62233  31.646  -8.520  -24.020 0.3000000119
60391  31.361  -10.030  -25.014 0.3000000119
61292  31.522  -9.318  -24.490 0.3000000119
60413  30.632  -10.667  -26.956 0.3000000119
63080  33.649  -7.109  -20.701 0.3000000119
62220  32.339  -8.700  -22.376 0.3000000119
63099  32.693  -8.077  -21.820 0.3000000119
137835  32.641  -7.325  -21.926 0.3000000119
62232  31.926  -8.558  -23.158 0.3000000119
134317  31.305  -9.843  -25.863 0.3000000119
138162  31.269  -9.701  -26.552 0.3000000119
60416  30.473  -10.197  -27.615 0.3000000119
64798  33.513  -5.655  -20.876 0.3000000119
63978  32.421  -6.747  -22.335 0.3000000119
63962  32.848  -6.679  -21.661 0.4000000060
63126  31.818  -7.696  -23.546 0.3000000119
62237  31.484  -8.507  -24.912 0.3000000119
63992  32.017  -6.831  -23.118 0.4000000060
121368  32.616  -5.974  -21.989 0.4000000060
118036  33.034  -6.038  -21.423 0.3000000119
64827  32.513  -5.096  -22.359 0.4000000060
44594  33.678  -28.359  -30.894 1.0000000000
120738  34.202  -27.704  -30.756 1.0000000000
44595  32.666  -28.710  -31.248 0.8999999762
52618  29.486  -20.370  -26.194 0.6999999881
54374  28.403  -18.190  -25.676 0.8000000119
128536  28.016  -17.311  -25.877 0.8000000119
128678  28.785  -17.262  -25.647 0.6999999881
40226  41.078  -31.502  -32.434 0.6000000238
41180  40.533  -31.652  -33.180 0.6000000238
40214  37.315  -33.221  -30.396 0.6000000238
37272  38.849  -36.269  -30.441 0.5000000000
36209  38.563  -37.327  -30.046 0.5000000000
40179  30.576  -33.750  -27.361 0.8999999762
38261  39.622  -35.247  -28.546 0.4000000060
39229  40.227  -34.305  -29.531 0.5000000000
38262  38.924  -35.550  -28.677 0.4000000060
40175  36.114  -33.400  -27.447 0.6999999881
121967  32.179  -34.136  -25.450 0.8999999762
125590  41.249  -32.622  -30.532 0.5000000000
39227  41.650  -34.015  -29.556 0.5000000000
41092  35.813  -32.272  -24.723 0.8000000119
37252  38.288  -36.227  -28.107 0.4000000060
41124  33.818  -33.060  -25.968 0.8000000119
41090  37.501  -32.527  -24.493 0.6999999881
41154  43.187  -32.138  -30.110 0.4000000060
43760  32.519  -29.914  -26.530 0.8000000119
44601  30.273  -29.183  -31.774 0.8000000119
41120  42.472  -31.863  -27.077 0.4000000060
40185  43.901  -32.625  -29.849 0.4000000060
42866  35.750  -30.770  -23.468 0.8000000119
44592  33.214  -29.011  -30.436 1.0000000000
42007  41.420  -30.889  -25.511 0.5000000000
45392  32.741  -27.569  -31.475 1.0000000000
120546  41.088  -29.991  -22.869 0.6999999881
45381  35.626  -27.257  -29.090 1.0000000000
44590  34.513  -28.162  -30.313 1.0000000000
47976  34.480  -24.321  -30.199 1.0000000000
48931  35.206  -24.000  -31.146 1.0000000000
45356  36.481  -27.299  -25.834 0.8000000119
48929  37.922  -23.330  -31.171 1.0000000000
48896  36.100  -23.349  -26.676 0.8000000119
47969  37.231  -23.689  -29.265 1.0000000000
47974  37.638  -24.517  -30.278 1.0000000000
47926  36.515  -24.845  -23.191 0.6999999881
51677  36.802  -20.242  -29.885 0.8000000119
52670  37.250  -19.343  -32.356 1.0000000000
51696  36.600  -20.000  -32.211 1.0000000000
53580  37.050  -18.276  -31.529 1.0000000000
127185  36.480  -25.139  -21.453 0.6999999881
52584  40.599  -19.574  -24.403 0.4000000060
47082  29.881  -25.688  -25.687 1.0000000000
48898  30.363  -23.870  -26.459 1.0000000000
53513  40.334  -18.273  -25.160 0.4000000060
121242  32.506  -18.768  -30.527 1.0000000000
51628  40.939  -20.151  -24.077 0.4000000060
51609  40.123  -19.976  -23.860 0.5000000000
56994  38.598  -14.058  -24.557 0.4000000060
52668  30.898  -19.571  -30.285 1.0000000000
54366  38.393  -17.153  -25.485 0.5000000000
115726  27.924  -19.513  -26.648 0.8000000119
112497  37.549  -12.127  -27.540 0.5000000000
56188  37.058  -13.545  -30.349 0.5000000000
56190  36.020  -14.377  -30.906 0.6999999881
57037  35.453  -13.639  -29.901 0.6000000238
56181  35.195  -13.991  -28.416 0.5000000000
56182  34.430  -14.892  -29.144 0.5000000000
53521  29.730  -18.999  -25.450 0.6999999881
54372  30.112  -17.739  -25.354 0.6999999881
55247  29.214  -16.537  -25.671 0.6000000238
120553  31.155  -12.618  -24.615 0.3000000119
35175  33.799  -38.248  -27.487 0.5000000000
36161  32.069  -37.137  -26.382 0.5000000000
122895  34.624  -38.689  -30.054 0.5000000000
35196  34.193  -38.333  -28.455 0.5000000000
36218  35.064  -37.589  -31.299 0.5000000000
36211  34.624  -37.730  -29.163 0.5000000000
35212  34.431  -38.465  -29.340 0.5000000000
37281  35.024  -36.605  -31.769 0.5000000000
37291  35.040  -35.514  -32.913 0.4000000060
37273  35.242  -36.140  -30.855 0.5000000000
38296  35.577  -34.797  -33.172 0.4000000060
130858  35.135  -35.758  -31.896 0.5000000000
39277  37.040  -33.649  -33.781 0.5000000000
38287  35.456  -35.053  -32.244 0.5000000000
43766  28.383  -29.761  -27.048 0.6999999881
42902  27.766  -30.174  -26.730 0.6999999881
43774  28.951  -29.192  -29.009 0.8000000119
44593  29.388  -28.526  -29.939 0.8000000119
43782  28.850  -30.058  -29.356 0.8000000119
45390  29.974  -27.853  -30.585 0.8999999762
43767  27.968  -29.388  -26.423 0.6999999881
44583  29.201  -28.348  -28.671 0.8999999762
45375  29.546  -27.549  -28.276 0.8999999762
45384  29.580  -27.540  -29.455 0.8999999762
118401  30.207  -27.042  -30.042 0.8999999762
44571  28.178  -28.481  -26.028 0.6000000238
44578  28.650  -28.928  -26.770 0.8000000119
45383  29.936  -26.841  -28.968 0.8999999762
46220  31.704  -26.225  -28.717 0.8999999762
46228  32.596  -26.178  -29.541 0.8999999762
45273  41.670  -27.939  -19.605 0.5000000000
44481  40.197  -28.536  -19.530 0.5000000000
45274  39.786  -27.701  -19.403 0.5000000000
42798  40.976  -30.015  -19.921 0.6000000238
43671  40.573  -29.318  -19.733 0.5000000000
43672  39.694  -29.168  -19.811 0.5000000000
42811  40.619  -30.180  -20.483 0.6000000238
116565  27.822  -27.688  -25.547 0.6000000238
45359  29.547  -27.320  -26.169 0.8999999762
45374  30.029  -26.983  -27.841 0.8999999762
45366  29.649  -27.627  -27.128 0.8999999762
46209  31.996  -25.826  -27.863 0.8999999762
46219  32.650  -25.647  -28.542 0.8999999762
137124  40.342  -26.051  -19.472 0.5000000000
46995  39.165  -25.481  -19.411 0.5000000000
130361  41.098  -26.304  -19.597 0.5000000000
46111  40.293  -26.869  -19.394 0.5000000000
126843  39.301  -26.916  -19.371 0.5000000000
46110  41.813  -26.920  -19.750 0.5000000000
127101  40.711  -27.821  -19.421 0.5000000000
118258  29.735  -26.566  -25.795 0.8999999762
46201  29.047  -26.898  -25.478 0.6999999881
45358  30.128  -27.044  -26.835 0.8999999762
130775  30.474  -26.585  -26.631 0.8999999762
47091  31.641  -25.617  -27.218 0.8999999762
47090  32.267  -25.137  -27.639 0.8999999762
47873  40.338  -24.876  -19.677 0.5000000000
46996  38.278  -25.534  -19.555 0.5000000000
46993  40.696  -25.518  -19.644 0.5000000000
46124  41.844  -26.161  -19.952 0.5000000000
122144  30.359  -26.272  -26.194 0.8999999762
47080  31.296  -25.424  -26.709 0.8999999762
132088  31.769  -24.951  -26.984 0.8999999762
47874  39.578  -24.799  -19.562 0.5000000000
47885  40.676  -24.359  -20.070 0.5000000000
48808  40.132  -23.515  -20.154 0.5000000000
47006  40.965  -24.971  -19.897 0.5000000000
48822  40.659  -22.985  -20.858 0.4000000060
130022  26.512  -24.500  -24.960 0.6000000238
48882  25.764  -23.710  -25.329 0.6000000238
48880  27.233  -24.099  -25.085 0.8000000119
122517  26.924  -23.381  -25.716 0.6999999881
48902  26.223  -23.054  -25.902 0.6999999881
49844  24.753  -22.434  -25.979 0.6999999881
50715  24.237  -21.604  -26.561 0.6999999881
49841  27.104  -22.730  -26.636 0.8000000119
48901  27.651  -23.390  -25.840 0.8000000119
49842  26.352  -22.368  -26.823 0.6999999881
49843  25.632  -22.426  -26.431 0.6999999881
50728  25.246  -21.340  -28.175 0.6999999881
50729  24.471  -21.142  -27.770 0.6999999881
49855  27.667  -22.245  -27.649 0.8000000119
49856  26.780  -21.891  -27.773 0.8000000119
49854  28.502  -22.469  -27.525 0.8000000119
50739  24.688  -20.876  -28.775 0.6999999881
50748  26.318  -21.166  -29.411 0.8000000119
49868  28.164  -21.915  -28.548 0.8000000119
51671  25.024  -20.478  -29.272 0.6999999881
50749  25.757  -20.763  -29.499 0.8000000119
52637  24.048  -19.209  -28.594 0.6000000238
50737  27.824  -21.471  -29.543 0.8000000119
127247  27.001  -20.977  -29.822 0.8000000119
53572  24.833  -19.109  -28.502 0.6000000238
53558  24.376  -18.602  -27.930 0.6000000238
128018  23.912  -17.897  -27.494 0.6000000238
52650  26.141  -19.525  -28.986 0.8000000119
53557  25.236  -18.579  -27.525 0.6000000238
53539  24.829  -18.060  -27.037 0.6000000238
52661  26.519  -19.960  -29.425 0.8000000119
54390  24.528  -17.208  -27.022 0.6000000238
52636  25.831  -18.969  -28.104 0.6999999881
53538  25.697  -18.149  -26.813 0.6000000238
55261  26.050  -16.653  -26.683 0.6999999881
55262  25.171  -16.351  -26.991 0.6000000238
54389  25.419  -17.429  -26.742 0.6000000238
56173  25.329  -15.335  -27.272 0.6000000238
53537  26.480  -18.376  -26.655 0.6999999881
54387  26.999  -18.112  -26.301 0.6999999881
38302  37.320  -34.140  -34.114 0.4000000060
38295  36.101  -34.583  -33.761 0.5000000000
39262  36.008  -34.464  -32.519 0.5000000000
37274  35.090  -36.997  -30.618 0.5000000000
132173  34.926  -37.217  -29.777 0.5000000000
125397  31.705  -26.456  -30.004 0.8999999762
48807  41.020  -23.853  -20.677 0.3000000119
48918  28.055  -22.866  -26.673 0.8000000119
36219  34.788  -37.876  -30.179 0.5000000000
136067  34.964  -36.043  -32.406 0.5000000000
44584  28.850  -29.118  -27.795 0.8000000119
44480  41.069  -28.703  -19.534 0.5000000000
49857  25.888  -21.823  -27.436 0.6999999881
49869  27.377  -21.719  -28.689 0.8000000119
51672  24.385  -20.346  -28.918 0.6999999881
52651  25.280  -19.633  -29.082 0.6999999881
41103  43.145  -32.865  -24.956 0.4000000060
41088  42.612  -32.176  -24.370 0.4000000060
41053  42.554  -32.204  -22.475 0.5000000000
41071  43.503  -33.071  -23.562 0.4000000060
40120  44.260  -33.601  -23.769 0.4000000060
41932  41.861  -31.024  -20.842 0.5000000000
42825  41.185  -30.542  -21.002 0.5000000000
41038  42.787  -32.258  -21.888 0.5000000000
41037  43.597  -32.602  -21.807 0.4000000060
41072  42.662  -32.297  -23.310 0.4000000060
41070  44.446  -33.374  -23.130 0.4000000060
41051  43.985  -33.200  -22.341 0.4000000060
40119  45.000  -33.670  -23.540 0.4000000060
42797  41.764  -30.178  -19.919 0.5000000000
41944  42.318  -31.595  -21.461 0.5000000000
41956  44.488  -32.608  -21.851 0.4000000060
41050  44.821  -32.929  -22.509 0.4000000060
41972  47.261  -31.265  -23.659 0.4000000060
41973  46.617  -31.681  -23.246 0.4000000060
41069  45.472  -32.853  -23.046 0.4000000060
41086  47.717  -31.812  -24.274 0.4000000060
41067  47.042  -32.157  -23.715 0.4000000060
128377  41.982  -30.758  -20.339 0.5000000000
41931  42.561  -31.126  -20.870 0.5000000000
41943  43.092  -31.856  -21.437 0.4000000060
46180  48.649  -26.266  -24.004 0.3000000119
41942  44.031  -31.921  -21.477 0.4000000060
125543  48.715  -27.059  -24.112 0.3000000119
42842  45.648  -31.183  -22.220 0.4000000060
45336  49.428  -27.453  -24.619 0.3000000119
45337  48.716  -27.971  -24.311 0.3000000119
135069  48.202  -29.235  -24.235 0.3000000119
43721  47.549  -29.299  -23.678 0.3000000119
42860  47.401  -30.335  -23.627 0.4000000060
42861  46.731  -30.785  -23.161 0.4000000060
41974  46.028  -32.087  -22.955 0.4000000060
44547  48.709  -28.790  -24.480 0.3000000119
43734  48.033  -29.972  -24.181 0.3000000119
42876  47.857  -30.849  -24.166 0.4000000060
43682  42.391  -29.558  -19.932 0.4000000060
130847  43.103  -30.624  -20.689 0.4000000060
42823  44.416  -30.926  -21.360 0.4000000060
42808  43.828  -30.339  -20.988 0.4000000060
47050  48.182  -25.702  -23.862 0.3000000119
46168  47.115  -26.498  -23.309 0.3000000119
45324  48.073  -27.636  -23.790 0.3000000119
44534  47.454  -28.285  -23.507 0.3000000119
122193  46.798  -28.874  -23.196 0.4000000060
120057  46.789  -29.826  -23.167 0.4000000060
42841  46.095  -30.356  -22.573 0.4000000060
44533  48.097  -28.530  -24.017 0.3000000119
136065  41.843  -29.620  -19.732 0.4000000060
46148  45.316  -26.622  -22.628 0.3000000119
45313  45.057  -27.022  -22.010 0.3000000119
45296  45.204  -27.936  -21.951 0.4000000060
44507  44.572  -28.266  -21.329 0.4000000060
43697  44.574  -29.127  -21.295 0.4000000060
43680  44.038  -29.603  -20.949 0.4000000060
47052  46.673  -25.848  -23.362 0.3000000119
46147  45.974  -26.876  -22.878 0.3000000119
45312  45.577  -27.365  -22.465 0.3000000119
121644  45.604  -28.798  -22.267 0.4000000060
43696  45.173  -29.453  -21.761 0.4000000060
127318  44.614  -29.982  -21.313 0.4000000060
45326  46.629  -27.143  -23.121 0.3000000119
45311  46.133  -27.658  -22.833 0.3000000119
44520  46.191  -28.456  -22.798 0.4000000060
43708  45.705  -29.670  -22.223 0.4000000060
42822  45.284  -30.466  -21.821 0.4000000060
45325  47.358  -27.360  -23.389 0.3000000119
44535  46.753  -27.978  -23.157 0.3000000119
43707  46.189  -29.324  -22.727 0.4000000060
46123  42.443  -26.529  -20.242 0.4000000060
46122  43.199  -26.954  -20.673 0.4000000060
45284  42.486  -27.470  -20.073 0.4000000060
44479  41.825  -29.000  -19.650 0.4000000060
45298  44.021  -26.790  -21.211 0.3000000119
44492  43.154  -28.052  -20.452 0.4000000060
44493  42.442  -28.504  -19.949 0.4000000060
136545  44.542  -26.692  -21.685 0.4000000060
45283  43.941  -27.692  -20.939 0.4000000060
44491  43.844  -28.786  -20.748 0.4000000060
128160  43.038  -28.951  -20.255 0.4000000060
51661  24.009  -20.545  -28.352 0.6000000238
51662  23.232  -20.125  -27.907 0.6000000238
133065  23.773  -18.653  -28.089 0.5000000000
52638  23.452  -19.299  -28.197 0.5000000000
132038  23.228  -17.587  -27.587 0.5000000000
54401  23.693  -17.028  -27.308 0.5000000000
55272  24.224  -16.346  -27.205 0.5000000000
137199  24.638  -15.689  -27.268 0.5000000000
57027  25.416  -14.480  -27.438 0.4000000060
62259  31.273  -8.540  -27.621 0.3000000119
63159  31.427  -7.824  -27.243 0.3000000119
62260  30.745  -8.449  -28.296 0.3000000119
63131  31.577  -7.705  -24.470 0.3000000119
63145  31.474  -7.774  -25.374 0.3000000119
62255  31.485  -8.530  -26.742 0.3000000119
127810  31.237  -7.204  -27.685 0.3000000119
63166  30.486  -7.625  -28.648 0.3000000119
127710  30.139  -6.798  -28.903 0.3000000119
63993  31.705  -6.862  -24.015 0.3000000119
64001  31.488  -6.888  -25.031 0.3000000119
118626  31.460  -7.219  -25.832 0.3000000119
64014  31.419  -6.614  -25.857 0.3000000119
64024  31.384  -6.996  -26.707 0.3000000119
120971  31.324  -5.965  -26.462 0.3000000119
64033  31.097  -6.321  -27.635 0.3000000119
64034  30.470  -6.109  -28.545 0.3000000119
64900  29.907  -5.165  -28.748 0.3000000119
64846  31.868  -6.015  -23.570 0.3000000119
64847  31.580  -6.047  -24.450 0.3000000119
64859  31.427  -5.999  -25.373 0.3000000119
125810  31.513  -5.377  -24.851 0.3000000119
64872  31.415  -5.106  -25.762 0.3000000119
64889  31.324  -5.174  -26.738 0.3000000119
64897  31.159  -5.524  -27.306 0.3000000119
64898  30.739  -5.407  -28.081 0.3000000119
130585  32.124  -5.225  -23.200 0.3000000119
137647  32.035  -4.724  -23.523 0.3000000119
124162  31.754  -5.155  -24.014 0.3000000119
65696  31.595  -4.591  -24.807 0.3000000119
65708  31.550  -4.138  -25.712 0.3000000119
65726  31.415  -4.502  -26.633 0.3000000119
66639  31.553  -3.714  -26.675 0.3000000119
65676  32.318  -4.372  -23.008 0.3000000119
65677  31.920  -4.139  -23.889 0.3000000119
66608  31.763  -3.663  -24.829 0.3000000119
66620  31.731  -3.263  -25.778 0.3000000119
66590  32.363  -3.445  -23.248 0.3000000119
66607  32.087  -3.099  -24.057 0.3000000119
68415  32.590  -1.459  -23.787 0.3000000119
67530  31.967  -2.795  -24.944 0.3000000119
67515  32.562  -2.422  -23.347 0.3000000119
68403  33.006  -1.522  -22.963 0.3000000119
40118  45.953  -33.419  -23.500 0.4000000060
40144  43.709  -33.451  -25.572 0.4000000060
40134  45.450  -34.204  -23.915 0.4000000060
40135  44.596  -34.058  -24.190 0.4000000060
131451  47.405  -32.619  -24.086 0.4000000060
41087  46.816  -33.033  -23.739 0.4000000060
45335  50.202  -26.905  -24.896 0.3000000119
44546  49.340  -28.355  -24.778 0.3000000119
122621  49.203  -29.038  -24.835 0.3000000119
43733  48.745  -29.615  -24.694 0.3000000119
46179  49.394  -26.401  -24.418 0.3000000119
46169  45.857  -26.065  -23.080 0.3000000119
47051  47.448  -25.762  -23.556 0.3000000119
47004  42.229  -25.611  -20.490 0.4000000060
47016  42.866  -25.498  -21.223 0.4000000060
46134  43.442  -26.127  -21.178 0.4000000060
46149  44.721  -26.320  -22.223 0.3000000119
47884  41.518  -24.727  -20.434 0.4000000060
50730  23.683  -20.912  -27.310 0.6000000238
66560  32.910  -3.890  -22.041 0.3000000119
66572  33.093  -3.125  -22.046 0.3000000119
67502  33.036  -2.293  -22.498 0.3000000119
68402  33.440  -1.507  -22.229 0.3000000119
47061  48.868  -25.600  -24.204 0.3000000119
41957  42.041  -31.781  -22.066 0.5000000000
41941  44.958  -31.634  -21.707 0.4000000060
46167  47.970  -26.596  -23.643 0.3000000119
122350  31.113  -4.750  -27.596 0.3000000119
69292  33.781  -0.059  -22.093 0.3000000119
40155  43.708  -33.244  -26.789 0.3000000119
38288  31.212  -35.504  -31.723 0.6000000238
124861  31.276  -33.966  -32.679 0.6999999881
39273  30.674  -35.105  -32.465 0.6999999881
39174  44.317  -34.137  -25.052 0.3000000119
38246  39.718  -35.672  -27.580 0.3000000119
39215  41.056  -34.967  -28.382 0.3000000119
41172  28.729  -32.733  -31.024 0.6999999881
40233  28.725  -33.501  -31.438 0.6999999881
39274  29.698  -34.905  -32.434 0.6999999881
40171  44.417  -33.323  -28.914 0.3000000119
121348  44.240  -33.740  -27.344 0.3000000119
40232  30.037  -33.443  -32.735 0.6999999881
39214  44.745  -34.191  -27.914 0.3000000119
38212  45.990  -35.696  -25.520 0.3000000119
39199  45.283  -35.156  -26.074 0.3000000119
39189  44.776  -34.668  -25.549 0.3000000119
39186  47.542  -34.702  -25.055 0.3000000119
118872  46.547  -34.614  -24.273 0.3000000119
39188  45.495  -35.160  -25.054 0.3000000119
39237  43.375  -33.178  -30.303 0.4000000060
42056  28.740  -31.482  -30.415 0.6999999881
40195  44.542  -33.288  -30.201 0.3000000119
40196  43.940  -32.884  -30.332 0.3000000119
41171  28.958  -31.793  -31.460 0.6999999881
41179  29.243  -32.583  -32.181 0.6999999881
123061  44.878  -33.914  -28.840 0.3000000119
39224  45.215  -34.615  -28.728 0.3000000119
38223  45.790  -35.765  -26.554 0.3000000119
39173  44.985  -34.671  -24.581 0.3000000119
38211  46.986  -35.555  -25.388 0.3000000119
39226  42.540  -34.097  -29.621 0.4000000060
42048  28.449  -31.627  -29.300 0.6999999881
38269  44.439  -34.682  -30.719 0.3000000119
39236  44.640  -33.739  -30.507 0.3000000119
39234  45.330  -34.490  -30.122 0.3000000119
39235  44.968  -33.971  -30.569 0.3000000119
42933  29.112  -30.916  -31.090 0.6999999881
38257  45.609  -35.325  -29.304 0.3000000119
40132  47.381  -33.396  -24.222 0.3000000119
40133  46.498  -34.013  -23.941 0.3000000119
40142  47.995  -33.649  -24.953 0.3000000119
40143  47.162  -34.291  -24.452 0.3000000119
42927  28.762  -30.842  -29.904 0.6999999881
39245  45.218  -34.789  -30.946 0.3000000119
42926  29.184  -30.154  -30.571 0.6999999881
37260  46.167  -36.524  -30.952 0.3000000119
38267  45.634  -35.518  -30.442 0.3000000119
42936  29.575  -30.297  -31.630 0.6999999881
41101  48.514  -32.756  -25.398 0.3000000119
37271  45.373  -36.318  -31.787 0.3000000119
43784  29.624  -29.482  -31.177 0.6999999881
41102  47.914  -32.692  -24.637 0.3000000119
47895  42.839  -24.817  -21.946 0.3000000119
125712  30.495  -36.254  -32.446 0.6999999881
37282  31.017  -36.367  -31.827 0.6000000238
37292  30.643  -36.988  -32.282 0.6000000238
125003  30.995  -36.105  -31.110 0.6000000238
40217  28.040  -33.822  -30.519 0.6999999881
118002  28.492  -32.329  -30.033 0.6999999881
38260  41.753  -35.032  -28.533 0.3000000119
41147  28.116  -32.284  -28.990 0.6999999881
38270  43.398  -34.436  -30.046 0.4000000060
42916  28.468  -30.903  -28.486 0.6999999881
38258  43.562  -35.793  -29.880 0.4000000060
43775  28.594  -29.937  -28.139 0.6999999881
38268  45.040  -35.238  -31.330 0.3000000119
124800  44.993  -37.159  -31.763 0.3000000119
36207  44.895  -37.835  -30.578 0.3000000119
40172  43.848  -33.099  -27.898 0.3000000119
38297  31.003  -35.608  -32.220 0.6000000238
36216  45.764  -38.105  -32.990 0.3000000119
35197  33.537  -38.863  -27.919 0.5000000000
36200  31.281  -37.900  -28.170 0.5000000000
35199  31.704  -38.985  -28.185 0.5000000000
35176  32.953  -38.604  -27.092 0.4000000060
31073  27.833  -42.519  -32.234 0.4000000060
120321  27.039  -42.929  -33.326 0.5000000000
36182  31.706  -37.629  -27.051 0.4000000060
36181  32.479  -37.898  -26.738 0.5000000000
30022  26.312  -43.178  -34.715 0.4000000060
28972  25.806  -43.801  -35.532 0.4000000060
123193  27.483  -43.040  -32.700 0.5000000000
37267  30.576  -36.357  -29.925 0.4000000060
30023  25.386  -43.143  -35.075 0.4000000060
28973  24.874  -43.835  -35.642 0.4000000060
31082  26.273  -42.442  -34.216 0.4000000060
31074  27.220  -42.333  -32.761 0.5000000000
31081  26.618  -42.184  -33.485 0.4000000060
124261  28.331  -40.983  -31.877 0.5000000000
35240  29.564  -38.781  -32.458 0.4000000060
37275  30.794  -36.840  -30.896 0.5000000000
36226  30.706  -37.722  -31.915 0.4000000060
35239  30.281  -38.348  -32.244 0.4000000060
124618  30.860  -37.114  -31.621 0.4000000060
31076  22.653  -42.723  -32.329 0.4000000060
32162  26.038  -41.914  -33.957 0.4000000060
32142  23.069  -41.441  -32.809 0.4000000060
119186  26.897  -40.830  -32.241 0.5000000000
32149  26.356  -41.570  -33.034 0.4000000060
33208  22.983  -40.658  -32.658 0.4000000060
33214  27.678  -39.997  -31.988 0.5000000000
128987  24.145  -38.773  -31.755 0.4000000060
35246  23.314  -38.966  -32.048 0.4000000060
34212  28.250  -39.372  -32.327 0.5000000000
128329  28.110  -38.884  -32.727 0.5000000000
36228  24.163  -37.407  -31.502 0.4000000060
135517  23.633  -36.990  -31.457 0.4000000060
34211  28.925  -39.435  -32.235 0.5000000000
35241  28.739  -38.805  -32.719 0.6000000238
35251  29.261  -38.112  -33.088 0.6000000238
36233  30.123  -37.654  -32.764 0.5000000000
31086  22.844  -43.138  -32.904 0.4000000060
31075  23.033  -42.306  -32.857 0.4000000060
31095  24.937  -42.631  -34.555 0.4000000060
33205  26.453  -40.226  -32.031 0.5000000000
33215  25.994  -40.965  -32.592 0.4000000060
33217  23.940  -40.996  -32.996 0.4000000060
34223  27.177  -39.894  -32.029 0.5000000000
34215  24.100  -39.544  -32.089 0.4000000060
122412  23.684  -40.290  -32.514 0.4000000060
34222  27.666  -39.291  -32.315 0.5000000000
36240  28.523  -37.468  -33.357 0.5000000000
37284  24.141  -36.540  -31.409 0.4000000060
36234  29.346  -37.285  -33.269 0.6000000238
37293  29.873  -36.764  -32.922 0.6000000238
31085  23.558  -42.715  -33.451 0.4000000060
32150  25.592  -41.501  -33.355 0.4000000060
32152  23.789  -41.866  -33.309 0.4000000060
32151  24.691  -41.582  -33.466 0.4000000060
34214  25.137  -39.630  -31.965 0.4000000060
35242  27.076  -38.349  -32.454 0.5000000000
35245  24.863  -38.927  -31.678 0.4000000060
35231  24.606  -38.188  -31.542 0.4000000060
35253  27.649  -38.611  -32.664 0.5000000000
135651  24.644  -36.967  -31.492 0.4000000060
38298  30.126  -35.541  -32.546 0.6000000238
38299  29.035  -35.295  -32.572 0.6000000238
133395  28.534  -35.794  -32.998 0.6000000238
28974  23.945  -44.225  -35.228 0.4000000060
31084  24.416  -42.282  -33.879 0.4000000060
33216  25.060  -40.952  -32.870 0.4000000060
33207  24.583  -40.302  -32.442 0.4000000060
35254  26.969  -39.197  -32.138 0.5000000000
120009  25.580  -39.019  -31.686 0.5000000000
35243  26.293  -38.545  -31.912 0.5000000000
35244  25.419  -38.307  -31.618 0.5000000000
37294  27.160  -36.820  -32.855 0.5000000000
36236  26.723  -37.659  -32.411 0.5000000000
36237  25.920  -37.625  -31.895 0.5000000000
36227  25.091  -37.428  -31.558 0.4000000060
37300  27.925  -36.879  -33.297 0.6000000238
37283  25.067  -36.458  -31.606 0.5000000000
38291  24.607  -35.685  -31.335 0.4000000060
118056  28.547  -34.629  -32.050 0.6000000238
37295  26.318  -36.825  -32.332 0.5000000000
133100  25.642  -36.893  -31.877 0.5000000000
38300  27.831  -35.298  -32.503 0.6000000238
38289  26.853  -35.011  -32.098 0.6000000238
37296  25.879  -36.126  -32.094 0.5000000000
131920  28.074  -34.390  -31.483 0.6000000238
39251  28.394  -34.163  -31.330 0.6000000238
42034  26.798  -31.531  -27.325 0.5000000000
41148  27.479  -32.501  -28.536 0.6000000238
41161  26.291  -32.963  -29.002 0.5000000000
41160  27.886  -32.872  -29.313 0.6000000238
40207  26.721  -33.501  -29.558 0.6000000238
40219  26.178  -33.848  -30.249 0.5000000000
40220  25.225  -33.825  -30.210 0.5000000000
39266  27.590  -34.618  -31.862 0.6000000238
39267  26.088  -34.824  -31.526 0.5000000000
38290  25.472  -35.545  -31.653 0.5000000000
39268  25.119  -34.962  -31.144 0.5000000000
39255  24.695  -34.398  -30.614 0.5000000000
42033  27.506  -31.568  -27.525 0.5000000000
42909  27.443  -30.935  -27.080 0.5000000000
42908  28.203  -30.555  -27.392 0.6000000238
42041  27.971  -31.830  -28.204 0.6000000238
39253  26.580  -34.239  -30.941 0.6000000238
39254  25.636  -34.345  -30.809 0.5000000000
40218  27.130  -33.853  -30.299 0.6000000238
36201  30.523  -37.832  -28.960 0.4000000060
36212  30.445  -37.458  -29.876 0.4000000060
38274  30.662  -35.493  -29.488 0.5000000000
120460  30.630  -37.071  -28.894 0.4000000060
39252  27.598  -34.240  -31.052 0.6000000238
35198  32.710  -39.123  -27.733 0.5000000000
34173  31.596  -39.860  -28.316 0.5000000000
35177  32.141  -38.448  -27.370 0.5000000000
32141  27.680  -41.718  -32.227 0.5000000000
31094  25.735  -42.491  -34.498 0.4000000060
31083  25.295  -41.998  -34.062 0.4000000060
33209  22.282  -40.327  -32.492 0.4000000060
36229  23.047  -37.490  -31.583 0.4000000060
33206  25.549  -40.324  -32.254 0.4000000060
30025  23.553  -43.831  -34.391 0.4000000060
123611  26.887  -34.487  -31.612 0.6000000238
32143  22.459  -41.871  -32.228 0.3000000119
35233  22.713  -38.372  -31.881 0.3000000119
33210  21.702  -40.359  -32.233 0.3000000119
35248  21.367  -39.114  -32.260 0.3000000119
36230  21.941  -37.925  -31.700 0.3000000119
35234  21.106  -38.476  -31.882 0.3000000119
30013  23.147  -43.493  -33.617 0.4000000060
30024  24.509  -43.394  -34.917 0.4000000060
31096  24.058  -43.081  -34.110 0.4000000060
32148  27.033  -41.617  -32.650 0.5000000000
33203  28.333  -40.086  -31.981 0.5000000000
33204  27.634  -40.900  -32.042 0.5000000000
34213  26.035  -39.552  -31.849 0.5000000000
34216  22.890  -39.819  -32.415 0.4000000060
34217  21.851  -39.753  -32.441 0.3000000119
34219  20.634  -39.052  -31.948 0.3000000119
35200  30.789  -38.467  -28.649 0.4000000060
35232  23.702  -38.204  -31.665 0.4000000060
35247  22.287  -39.087  -32.319 0.3000000119
35252  28.295  -38.307  -33.088 0.5000000000
36179  34.025  -37.650  -27.133 0.6000000238
36180  33.302  -37.900  -26.765 0.6999999881
36206  45.547  -38.294  -31.739 0.3000000119
36223  46.476  -38.388  -33.052 0.3000000119
36235  27.590  -37.742  -32.993 0.5000000000
37236  30.905  -36.104  -27.590 0.5000000000
37261  44.556  -36.158  -30.995 0.3000000119
37270  46.250  -37.180  -32.175 0.3000000119
37278  46.464  -38.253  -32.808 0.3000000119
37285  23.045  -36.532  -31.363 0.4000000060
38213  31.742  -34.804  -25.542 0.8000000119
38248  34.570  -35.561  -27.160 0.6999999881
38276  45.497  -35.874  -31.356 0.3000000119
38277  45.110  -35.250  -31.320 0.3000000119
38278  44.956  -34.526  -30.991 0.3000000119
38303  35.359  -35.200  -33.520 0.4000000060
39172  45.881  -34.744  -24.320 0.3000000119
39187  46.507  -35.090  -24.775 0.3000000119
39200  44.699  -34.487  -26.669 0.3000000119
39204  31.006  -34.651  -26.156 0.8999999762
39213  45.213  -35.016  -27.255 0.3000000119
39218  30.585  -34.559  -26.949 0.8999999762
39225  45.012  -33.760  -29.732 0.3000000119
39242  35.904  -34.230  -29.482 0.6999999881
39261  36.649  -33.705  -32.268 0.6000000238
39263  31.300  -34.811  -32.306 0.6999999881
39264  30.499  -34.459  -32.631 0.6999999881
39265  29.244  -34.210  -32.203 0.6999999881
39272  36.292  -34.035  -33.260 0.5000000000
39275  39.638  -32.791  -34.193 0.6000000238
40136  43.895  -33.586  -24.496 0.4000000060
40154  44.222  -33.980  -26.122 0.3000000119
40161  32.078  -33.287  -25.606 0.8000000119
40193  27.131  -33.084  -28.971 0.6000000238
40204  31.235  -33.976  -30.580 0.6999999881
40205  28.292  -33.184  -30.214 0.6999999881
40206  27.553  -33.428  -29.731 0.6000000238
40216  31.592  -33.715  -31.952 0.8000000119
40231  31.020  -33.106  -32.566 0.8000000119
40234  41.116  -31.779  -33.424 0.6000000238
40240  37.834  -32.961  -33.691 0.6000000238
41052  43.195  -32.761  -22.430 0.4000000060
41068  46.354  -32.535  -23.329 0.4000000060
41091  36.632  -32.473  -24.480 0.8000000119
41108  35.323  -32.514  -25.455 0.8000000119
41110  33.431  -32.270  -25.445 0.8000000119
41139  27.146  -32.125  -27.795 0.5000000000
41149  26.717  -32.572  -28.349 0.5000000000
41155  42.383  -31.780  -30.276 0.4000000060
41157  41.028  -31.700  -29.934 0.4000000060
41176  40.404  -31.554  -32.329 0.6000000238
41954  46.128  -31.354  -22.740 0.4000000060
41955  45.446  -32.124  -22.390 0.4000000060
41958  41.462  -30.815  -22.491 0.5000000000
41989  48.230  -31.248  -24.667 0.4000000060
41991  41.414  -30.695  -24.752 0.5000000000
42008  40.920  -30.629  -25.428 0.6000000238
42023  31.251  -31.661  -26.719 0.8999999762
42030  41.258  -31.351  -28.280 0.4000000060
42032  28.027  -31.233  -27.605 0.5000000000
42060  30.065  -31.181  -32.248 0.8000000119
42809  42.478  -30.431  -20.271 0.4000000060
42810  41.452  -30.477  -20.329 0.5000000000
42812  39.680  -30.032  -20.652 0.6999999881
42824  43.491  -31.142  -21.170 0.4000000060
42827  38.252  -30.451  -21.358 0.6999999881
42863  40.814  -29.900  -23.438 0.6999999881
42864  40.074  -30.216  -23.121 0.6999999881
42875  48.477  -30.514  -24.705 0.3000000119
42890  32.058  -30.630  -26.118 0.8999999762
42907  31.667  -30.745  -27.648 0.8999999762
43670  41.351  -29.518  -19.713 0.4000000060
43681  43.269  -29.798  -20.458 0.4000000060
43699  37.026  -29.841  -21.015 0.6999999881
43732  49.378  -29.490  -25.161 0.3000000119
43748  33.313  -29.929  -25.344 0.8000000119
43759  33.124  -29.597  -26.076 0.6999999881
43780  32.930  -29.527  -29.656 1.0000000000
43781  29.243  -29.393  -30.099 0.6999999881
43783  32.096  -29.465  -31.334 0.8000000119
43786  31.258  -29.787  -31.855 0.8000000119
43787  30.475  -29.794  -32.034 0.8000000119
44482  39.291  -28.416  -19.615 0.5000000000
44483  38.403  -28.323  -19.698 0.6000000238
44484  37.687  -28.194  -19.833 0.6000000238
44496  36.623  -28.260  -20.792 0.6000000238
44506  45.040  -28.710  -21.732 0.4000000060
44561  34.304  -28.898  -25.704 0.6999999881
44577  29.201  -28.337  -27.455 0.8000000119
44581  34.707  -28.638  -29.402 1.0000000000
44600  30.666  -28.300  -31.585 1.0000000000
45285  37.331  -27.588  -19.971 0.6000000238
45297  44.598  -27.387  -21.492 0.4000000060
45338  36.524  -26.905  -24.153 0.6999999881
45339  35.870  -27.961  -24.606 0.6999999881
45365  35.611  -28.053  -27.866 1.0000000000
45367  29.063  -28.142  -26.460 0.8999999762
45382  35.142  -27.832  -29.701 1.0000000000
45387  33.609  -27.628  -31.206 1.0000000000
45388  31.490  -27.268  -31.193 1.0000000000
46112  39.643  -26.154  -19.380 0.5000000000
46113  38.769  -26.212  -19.391 0.6000000238
46133  44.129  -26.106  -21.689 0.3000000119
46135  42.847  -26.139  -20.757 0.4000000060
46190  36.882  -26.666  -25.681 0.8000000119
46192  28.389  -26.165  -25.096 0.6999999881
46200  31.009  -26.110  -26.774 0.8999999762
46210  31.369  -26.236  -27.614 0.8999999762
46211  30.680  -26.641  -27.267 0.8999999762
46221  30.684  -26.548  -28.326 0.8999999762
46229  30.753  -26.556  -29.469 0.8999999762
46236  31.032  -26.845  -30.495 1.0000000000
46994  39.971  -25.463  -19.468 0.5000000000
47005  41.435  -25.519  -19.934 0.5000000000
47007  37.381  -25.504  -20.011 0.6000000238
47034  36.401  -25.453  -22.346 0.6000000238
47079  37.026  -25.386  -26.589 0.8000000119
47081  30.684  -25.545  -26.272 1.0000000000
47096  36.889  -25.096  -28.913 1.0000000000
47098  37.501  -24.971  -30.662 1.0000000000
47100  34.553  -25.162  -30.125 1.0000000000
47104  36.168  -25.674  -30.706 1.0000000000
47875  38.706  -24.816  -19.582 0.5000000000
47887  37.483  -24.652  -20.079 0.6000000238
47931  48.908  -24.803  -24.559 0.3000000119
47957  28.767  -24.430  -25.398 0.8999999762
47967  32.140  -24.498  -27.340 1.0000000000
47975  37.284  -24.822  -29.864 1.0000000000
48797  40.011  -24.278  -19.780 0.5000000000
48810  38.303  -23.438  -20.146 0.6000000238
48812  36.842  -23.903  -20.879 0.6999999881
48821  41.406  -23.383  -21.324 0.3000000119
48823  37.077  -23.333  -20.829 0.6999999881
48881  26.404  -23.813  -25.244 0.6999999881
48899  29.450  -23.896  -26.012 0.8999999762
48921  33.272  -23.492  -28.843 1.0000000000
48932  37.934  -23.861  -31.768 1.0000000000
48933  37.552  -23.662  -32.125 1.0000000000
49770  37.658  -23.022  -20.588 0.6999999881
49782  36.623  -22.665  -21.768 0.6999999881
49793  36.425  -22.392  -22.465 0.6999999881
49810  42.102  -21.863  -22.812 0.3000000119
49818  35.659  -22.343  -24.608 0.6999999881
49840  35.622  -22.511  -26.402 0.8000000119
49849  35.618  -22.148  -27.249 0.6999999881
49850  32.058  -22.878  -27.889 1.0000000000
49851  31.436  -22.460  -28.096 1.0000000000
49858  25.090  -21.711  -26.980 0.6999999881
49864  32.656  -23.101  -28.305 1.0000000000
49866  30.048  -22.105  -28.388 1.0000000000
49872  37.553  -23.093  -30.131 1.0000000000
49881  37.247  -22.612  -32.017 1.0000000000
50641  40.904  -21.760  -21.797 0.3000000119
50642  40.086  -21.373  -21.543 0.4000000060
50657  36.574  -21.529  -22.639 0.6999999881
50680  36.234  -21.329  -23.445 0.6999999881
50727  26.045  -21.472  -28.531 0.6999999881
50738  25.410  -21.111  -29.132 0.6999999881
50741  37.240  -21.594  -30.310 0.8999999762
50747  27.639  -21.032  -30.043 0.8000000119
50753  37.326  -21.430  -31.227 1.0000000000
50757  28.880  -20.335  -30.651 0.8999999762
51588  39.066  -20.403  -22.375 0.6000000238
51612  36.339  -20.730  -23.630 0.6999999881
51673  23.868  -19.912  -28.650 0.6000000238
51681  28.284  -20.434  -30.422 0.8999999762
51683  26.578  -20.534  -29.660 0.8000000119
51684  25.825  -20.177  -29.418 0.8000000119
52562  39.223  -19.675  -23.650 0.6000000238
52599  30.131  -20.017  -25.598 0.6999999881
52600  29.285  -19.971  -25.608 0.6999999881
52601  28.577  -19.995  -25.935 0.8000000119
52619  26.617  -18.855  -27.210 0.6999999881
52635  26.749  -19.245  -28.039 0.8000000119
52652  24.467  -19.828  -29.005 0.6999999881
52671  36.250  -19.131  -32.202 1.0000000000
52672  34.936  -18.916  -31.617 1.0000000000
53517  36.645  -18.636  -25.554 0.6000000238
53518  32.488  -18.852  -25.591 0.6000000238
53556  25.979  -18.546  -27.172 0.6999999881
53579  31.665  -19.020  -29.845 1.0000000000
53583  37.207  -18.757  -32.162 1.0000000000
54352  34.263  -17.591  -24.589 0.3000000119
54384  34.280  -17.143  -26.705 0.5000000000
54413  32.785  -17.354  -30.536 0.8999999762
54414  36.167  -17.547  -31.598 0.8999999762
55194  35.203  -16.188  -22.885 0.4000000060
55208  34.612  -16.885  -23.209 0.4000000060
55210  32.402  -17.355  -23.416 0.3000000119
55246  29.890  -16.696  -25.466 0.5000000000
55260  26.835  -16.673  -26.444 0.6999999881
55286  35.698  -16.038  -31.423 0.8999999762
55287  34.931  -16.181  -31.537 0.8999999762
56102  35.784  -15.713  -23.474 0.3000000119
56129  31.422  -16.298  -24.320 0.4000000060
56143  36.163  -14.809  -25.093 0.4000000060
56144  35.614  -15.693  -25.136 0.4000000060
56148  29.034  -15.781  -25.899 0.4000000060
56158  34.818  -15.662  -27.385 0.5000000000
56162  26.661  -15.350  -26.811 0.6999999881
56184  37.166  -14.179  -30.458 0.5000000000
56191  34.400  -15.539  -31.253 0.8000000119
56953  34.598  -14.465  -21.746 0.4000000060
56965  32.865  -14.956  -22.319 0.3000000119
57024  27.940  -13.794  -27.115 0.5000000000
57028  24.533  -14.838  -27.420 0.4000000060
57033  37.555  -13.401  -29.116 0.5000000000
57035  34.972  -13.995  -29.274 0.6999999881
57036  37.400  -13.394  -29.835 0.5000000000
57040  35.085  -14.989  -31.179 0.6999999881
57856  36.991  -13.925  -23.097 0.3000000119
57857  32.222  -13.239  -22.835 0.3000000119
57858  31.769  -13.178  -23.536 0.3000000119
57909  36.723  -11.703  -28.177 0.4000000060
57910  37.315  -12.569  -29.553 0.5000000000
57911  36.926  -12.876  -30.049 0.6000000238
57912  36.280  -13.545  -30.275 0.6000000238
58718  31.536  -12.357  -23.956 0.3000000119
58741  30.291  -12.566  -25.942 0.3000000119
58755  28.713  -12.463  -27.573 0.3000000119
58766  26.449  -12.071  -28.095 0.4000000060
59518  32.773  -11.149  -21.632 0.3000000119
59573  30.119  -11.007  -27.481 0.3000000119
60359  32.570  -10.358  -21.905 0.3000000119
60407  30.750  -11.058  -26.183 0.3000000119
61240  34.175  -9.235  -20.168 0.3000000119
61274  32.440  -9.552  -22.154 0.3000000119
61308  31.437  -9.233  -25.386 0.3000000119
61313  31.006  -9.921  -27.108 0.3000000119
62180  34.347  -8.569  -20.062 0.3000000119
62181  33.703  -8.813  -20.573 0.3000000119
63125  32.241  -7.702  -22.600 0.3000000119
63154  31.478  -7.814  -26.283 0.3000000119
63160  31.125  -7.790  -28.103 0.3000000119
63961  33.329  -6.560  -21.054 0.3000000119
64809  32.966  -5.322  -21.582 0.3000000119
65657  32.651  -4.308  -22.342 0.3000000119
66573  32.651  -3.681  -22.550 0.3000000119
67529  32.274  -2.208  -24.302 0.3000000119
69299  33.412  -0.770  -22.599 0.3000000119
112494  37.374  -11.779  -28.330 0.5000000000
112496  37.577  -11.485  -28.669 0.5000000000
112500  37.514  -11.158  -28.289 0.5000000000
114821  22.347  -40.964  -32.419 0.3000000119
116179  27.114  -21.323  -29.497 0.8000000119
116311  44.154  -33.598  -30.455 0.3000000119
116597  27.781  -36.115  -33.120 0.6000000238
117111  32.230  -5.980  -22.744 0.4000000060
117120  31.041  -29.044  -32.031 0.8999999762
117181  39.652  -32.594  -29.961 0.6000000238
117296  33.711  -0.853  -22.009 0.3000000119
117572  40.656  -32.541  -34.034 0.6000000238
118015  28.703  -27.659  -25.747 0.6999999881
118259  38.399  -32.666  -31.165 0.6000000238
118841  34.173  -13.943  -21.479 0.3000000119
119256  31.456  -31.991  -29.228 0.8999999762
119388  41.304  -31.887  -32.632 0.6999999881
119404  32.705  -2.983  -22.714 0.3000000119
119405  35.348  -33.590  -27.407 0.8000000119
119957  45.748  -28.048  -22.469 0.3000000119
120877  30.737  -20.179  -26.935 0.6999999881
121130  35.584  -19.398  -27.253 0.6999999881
121383  30.755  -22.143  -28.457 1.0000000000
121389  36.410  -24.055  -24.600 0.8000000119
123258  27.169  -15.834  -26.495 0.6000000238
123539  29.636  -16.039  -25.639 0.5000000000
124279  30.644  -34.844  -29.066 0.6999999881
125707  36.514  -30.191  -22.075 0.8000000119
125743  31.136  -10.603  -25.597 0.3000000119
126269  44.455  -37.194  -30.593 0.3000000119
126659  40.632  -20.400  -23.362 0.5000000000
126758  35.863  -25.443  -31.059 1.0000000000
126872  28.757  -36.540  -33.322 0.6000000238
127044  41.220  -15.198  -24.003 0.3000000119
127127  38.424  -36.769  -29.611 0.5000000000
127191  29.475  -12.880  -26.718 0.3000000119
127404  21.840  -38.582  -32.100 0.3000000119
127633  33.249  -9.225  -21.064 0.3000000119
127842  38.414  -26.949  -19.517 0.6000000238
127888  26.202  -35.443  -32.034 0.5000000000
127984  30.851  -7.008  -28.371 0.3000000119
128464  31.504  -18.393  -25.100 0.6000000238
128783  29.503  -35.984  -32.874 0.6000000238
130025  36.220  -15.103  -23.313 0.3000000119
130383  41.132  -27.171  -19.522 0.5000000000
131218  46.462  -26.451  -23.130 0.3000000119
131806  37.569  -19.742  -32.076 1.0000000000
131923  26.814  -35.883  -32.542 0.6000000238
132107  32.972  -17.165  -22.908 0.3000000119
132970  29.501  -28.998  -30.577 0.6999999881
133602  33.027  -11.852  -21.422 0.3000000119
133671  39.323  -21.116  -21.449 0.6000000238
134625  29.041  -19.654  -30.590 0.8999999762
134714  34.304  -15.477  -28.659 0.5000000000
135256  33.015  -15.682  -22.388 0.3000000119
136221  38.681  -31.512  -23.141 0.6999999881
136483  35.680  -13.995  -30.524 0.6000000238
136899  37.387  -33.004  -32.507 0.6000000238
137025  33.582  -12.927  -21.305 0.3000000119
137172  29.880  -38.243  -32.747 0.6000000238
137206  36.839  -33.319  -27.426 0.8000000119
137734  30.073  -26.794  -26.294 0.8999999762
137824  34.901  -28.696  -28.678 1.0000000000
138027  26.715  -21.518  -28.875 0.8000000119
