#!ascii label  , from subject sub-v1s13x0050003_ses-1 vox2ras=TkReg
1719
15263  43.473  -58.279  -28.805 0.2000000030
16147  43.898  -57.801  -28.213 0.2000000030
115395  42.903  -57.576  -28.351 0.2000000030
15262  44.246  -58.489  -28.497 0.2000000030
15272  41.012  -58.469  -29.593 0.1000000015
16124  44.250  -57.405  -26.812 0.3000000119
16136  43.218  -57.187  -27.732 0.2000000030
15271  42.074  -58.553  -29.602 0.1000000015
15270  43.074  -58.709  -29.519 0.2000000030
16148  41.911  -57.427  -28.441 0.1000000015
16165  41.456  -58.029  -28.947 0.1000000015
16166  40.471  -57.889  -29.050 0.1000000015
16150  39.997  -57.146  -28.671 0.1000000015
15273  39.977  -58.403  -29.618 0.1000000015
16151  39.046  -57.168  -28.699 0.1000000015
16167  39.483  -57.702  -29.205 0.1000000015
16168  38.476  -57.667  -29.264 0.1000000015
16152  38.049  -57.338  -28.677 0.2000000030
16976  41.798  -56.324  -27.476 0.1000000015
16977  40.944  -56.109  -27.616 0.1000000015
16137  42.316  -56.905  -27.912 0.2000000030
16993  40.479  -56.562  -28.169 0.1000000015
16149  40.946  -57.284  -28.557 0.1000000015
16995  38.589  -56.818  -28.099 0.1000000015
16963  36.387  -56.985  -26.731 0.2000000030
16980  38.051  -56.688  -27.402 0.2000000030
16964  35.638  -56.673  -26.728 0.1000000015
16997  36.488  -57.398  -27.946 0.2000000030
17847  35.168  -55.839  -26.569 0.2000000030
125494  34.908  -55.425  -27.967 0.1000000015
18887  34.752  -54.468  -28.278 0.1000000015
17856  40.528  -55.679  -27.056 0.1000000015
16994  39.550  -56.581  -28.179 0.1000000015
17846  35.667  -56.114  -26.068 0.2000000030
135299  34.902  -55.269  -26.501 0.2000000030
116841  34.559  -53.596  -26.037 0.2000000030
18869  34.804  -55.154  -27.201 0.2000000030
19879  34.492  -53.546  -27.057 0.1000000015
19888  34.615  -53.497  -28.024 0.2000000030
16978  40.030  -56.019  -27.652 0.1000000015
17857  39.568  -55.727  -26.868 0.1000000015
16979  39.080  -56.267  -27.531 0.1000000015
17858  38.489  -56.181  -26.771 0.2000000030
17833  37.121  -55.841  -25.299 0.2000000030
17845  36.516  -56.490  -26.021 0.3000000119
20889  34.565  -52.676  -26.695 0.3000000119
20896  34.634  -52.673  -27.664 0.2000000030
20907  34.866  -52.662  -28.598 0.2000000030
20921  35.461  -52.625  -29.486 0.2000000030
17834  36.069  -55.798  -25.435 0.3000000119
17859  37.365  -56.680  -26.653 0.2000000030
119110  34.886  -53.491  -24.996 0.3000000119
21910  34.750  -51.833  -25.446 0.3000000119
22847  34.782  -51.050  -25.940 0.3000000119
21922  34.725  -51.819  -26.348 0.3000000119
21933  34.782  -51.845  -27.308 0.2000000030
21952  35.270  -51.999  -28.929 0.2000000030
21951  35.932  -51.603  -29.359 0.2000000030
21872  34.802  -51.370  -23.325 0.4000000060
134210  35.008  -52.969  -24.306 0.3000000119
20866  34.811  -52.515  -24.848 0.3000000119
18838  35.635  -55.096  -25.004 0.2000000030
19873  34.940  -54.482  -25.442 0.2000000030
22857  35.030  -50.946  -26.939 0.3000000119
131373  35.183  -51.180  -27.903 0.2000000030
22868  35.372  -50.428  -27.697 0.2000000030
136166  35.842  -51.072  -28.997 0.2000000030
126636  34.620  -50.713  -23.657 0.3000000119
128866  34.730  -51.797  -24.709 0.3000000119
23810  35.123  -49.476  -26.530 0.2000000030
22877  35.675  -49.800  -28.114 0.2000000030
135097  35.464  -49.927  -27.560 0.2000000030
23831  36.103  -49.144  -28.692 0.1000000015
22876  35.676  -50.646  -28.538 0.2000000030
23840  36.548  -49.736  -29.278 0.2000000030
121639  36.032  -49.999  -28.825 0.2000000030
22883  36.268  -50.662  -29.258 0.2000000030
23782  34.436  -49.421  -24.108 0.3000000119
23796  34.544  -49.560  -24.974 0.3000000119
22837  34.557  -50.343  -24.432 0.3000000119
24772  34.500  -48.076  -25.160 0.2000000030
131582  34.942  -48.991  -26.045 0.3000000119
116177  34.753  -47.679  -26.086 0.2000000030
22848  34.717  -50.318  -25.433 0.3000000119
24785  35.097  -48.576  -26.629 0.1000000015
24799  35.465  -48.423  -27.486 0.1000000015
24811  36.294  -48.317  -28.824 0.1000000015
24812  35.880  -48.325  -28.210 0.1000000015
135394  35.274  -47.241  -27.199 0.1000000015
120005  36.771  -48.784  -29.365 0.1000000015
24747  34.790  -48.307  -23.368 0.3000000119
24760  34.510  -48.129  -24.210 0.2000000030
25764  34.541  -47.398  -24.584 0.2000000030
124482  35.426  -45.909  -24.094 0.2000000030
27820  35.169  -45.339  -24.500 0.1000000015
26816  34.542  -46.662  -24.969 0.1000000015
26815  34.876  -45.968  -24.730 0.1000000015
26835  34.622  -46.782  -25.808 0.1000000015
25787  35.144  -47.727  -26.989 0.1000000015
26876  35.859  -46.899  -27.978 0.1000000015
25805  36.142  -47.497  -28.523 0.1000000015
25750  34.779  -47.582  -23.836 0.2000000030
28861  35.252  -44.626  -24.476 0.1000000015
28874  35.035  -44.237  -25.180 0.1000000015
27832  34.838  -45.157  -25.144 0.1000000015
27847  34.870  -45.458  -26.040 0.1000000015
26851  34.969  -46.908  -26.687 0.1000000015
28898  35.317  -44.844  -26.720 0.1000000015
27869  35.789  -46.171  -27.741 0.1000000015
26866  35.441  -46.788  -27.380 0.1000000015
29919  35.264  -43.389  -25.324 0.1000000015
28897  35.973  -44.563  -27.676 0.1000000015
27868  36.158  -45.505  -28.159 0.1000000015
29909  35.397  -43.696  -24.357 0.1000000015
16992  41.403  -56.710  -28.067 0.1000000015
16983  35.424  -56.823  -27.616 0.1000000015
21776  45.183  -51.462  -14.824 0.5000000000
21764  45.465  -51.173  -13.746 0.5000000000
21777  44.324  -51.453  -14.948 0.5000000000
21786  43.657  -51.571  -15.470 0.5000000000
21752  45.755  -50.869  -12.014 0.2000000030
21751  46.436  -51.257  -12.215 0.2000000030
21753  44.929  -50.554  -12.333 0.3000000119
121664  45.428  -50.853  -12.847 0.3000000119
21765  44.718  -50.850  -13.298 0.5000000000
128630  44.533  -51.208  -14.206 0.5000000000
21767  42.916  -51.057  -14.203 0.5000000000
21778  43.711  -51.293  -14.602 0.5000000000
135610  43.045  -51.399  -14.986 0.5000000000
116347  44.064  -51.749  -16.243 0.5000000000
135905  43.034  -51.518  -16.643 0.5000000000
21797  44.577  -51.784  -17.002 0.5000000000
121683  46.708  -51.950  -18.030 0.5000000000
22698  44.269  -50.235  -11.846 0.3000000119
22712  44.078  -50.524  -12.779 0.3000000119
21766  43.848  -50.930  -13.735 0.5000000000
21788  41.857  -51.434  -15.692 0.5000000000
21787  42.725  -51.544  -15.633 0.5000000000
21798  43.600  -51.623  -16.928 0.5000000000
21806  44.071  -51.609  -17.591 0.5000000000
20804  49.578  -52.780  -19.398 0.4000000060
21814  49.157  -52.394  -19.536 0.5000000000
21815  48.414  -52.026  -19.012 0.5000000000
118087  47.172  -51.830  -18.826 0.5000000000
126013  45.829  -51.898  -17.976 0.5000000000
121486  49.568  -52.994  -20.221 0.4000000060
21739  44.953  -50.796  -11.384 0.3000000119
22713  43.468  -50.047  -12.239 0.4000000060
22740  41.979  -50.997  -14.231 0.5000000000
22741  41.461  -51.138  -14.995 0.5000000000
22748  41.077  -51.094  -15.709 0.5000000000
22755  41.564  -51.168  -16.358 0.5000000000
21808  42.861  -51.324  -17.069 0.5000000000
133101  44.747  -51.712  -17.919 0.6000000238
21816  46.169  -51.777  -18.704 0.5000000000
21817  45.270  -51.675  -18.506 0.5000000000
123053  49.639  -54.091  -20.879 0.4000000060
18768  49.729  -53.817  -20.069 0.4000000060
20805  49.246  -52.637  -20.392 0.5000000000
17717  43.694  -54.942  -9.928 0.1000000015
19721  42.826  -53.492  -9.499 0.1000000015
20724  42.511  -52.574  -9.361 0.1000000015
19720  43.685  -53.514  -9.703 0.1000000015
20723  43.380  -52.660  -9.660 0.1000000015
21719  42.181  -51.654  -9.524 0.1000000015
20734  43.059  -51.746  -9.775 0.1000000015
21729  41.782  -50.794  -9.862 0.1000000015
21726  44.428  -51.250  -10.607 0.2000000030
21740  44.199  -50.566  -11.055 0.3000000119
22726  42.438  -50.724  -13.561 0.5000000000
22699  43.621  -50.077  -11.286 0.4000000060
22727  41.743  -50.558  -13.444 0.4000000060
22742  41.183  -50.691  -14.220 0.5000000000
22749  40.616  -50.696  -15.026 0.5000000000
23696  40.086  -50.309  -15.459 0.5000000000
121947  40.512  -50.638  -15.754 0.5000000000
21807  43.405  -51.274  -17.701 0.5000000000
116431  48.458  -52.111  -20.039 0.5000000000
137151  49.692  -53.569  -21.357 0.4000000060
17794  48.789  -55.206  -20.496 0.5000000000
16008  42.449  -57.761  -9.913 0.1000000015
118580  42.915  -56.792  -10.073 0.1000000015
120929  43.467  -55.911  -10.034 0.1000000015
17718  42.830  -55.191  -10.011 0.1000000015
18679  43.214  -54.291  -9.726 0.1000000015
19722  41.768  -53.486  -9.240 0.1000000015
18680  42.295  -54.431  -9.692 0.1000000015
20725  41.592  -52.420  -9.117 0.1000000015
23651  39.664  -49.299  -11.438 0.2000000030
23652  38.751  -49.226  -11.542 0.2000000030
20733  43.894  -51.888  -10.044 0.1000000015
21728  42.630  -50.862  -10.094 0.1000000015
22690  41.401  -50.022  -10.263 0.1000000015
23642  40.922  -49.514  -10.767 0.2000000030
21727  43.572  -50.864  -10.429 0.2000000030
22689  42.156  -50.071  -10.470 0.1000000015
137772  42.386  -49.614  -11.089 0.2000000030
23660  40.167  -49.457  -12.261 0.2000000030
22688  42.933  -50.048  -10.747 0.2000000030
22700  42.873  -49.715  -11.633 0.2000000030
22714  41.520  -50.040  -12.628 0.3000000119
23674  40.152  -49.844  -13.322 0.3000000119
137035  39.782  -49.982  -14.103 0.4000000060
23687  40.405  -50.323  -14.146 0.5000000000
22763  44.098  -51.316  -18.333 0.5000000000
123262  39.894  -50.182  -14.800 0.4000000060
22768  45.152  -50.872  -19.876 0.5000000000
22769  44.329  -50.560  -19.595 0.5000000000
137367  43.966  -50.838  -18.964 0.5000000000
21842  46.100  -51.154  -20.238 0.5000000000
21828  45.624  -51.417  -19.330 0.5000000000
21829  44.700  -51.239  -19.043 0.5000000000
119738  41.405  -50.550  -16.963 0.5000000000
22756  40.869  -50.655  -16.312 0.5000000000
21840  47.684  -51.689  -20.529 0.5000000000
115465  46.945  -51.433  -20.139 0.5000000000
21827  46.559  -51.580  -19.494 0.5000000000
22764  43.228  -50.719  -18.500 0.5000000000
20810  49.580  -53.038  -21.192 0.5000000000
21826  47.525  -51.767  -19.669 0.5000000000
18769  49.364  -54.395  -21.448 0.4000000060
130218  41.842  -58.166  -9.446 0.1000000015
117200  41.993  -56.739  -10.219 0.1000000015
17720  40.761  -55.591  -9.641 0.1000000015
17721  39.859  -55.598  -9.214 0.1000000015
16868  42.586  -56.041  -10.137 0.1000000015
17719  41.814  -55.593  -9.995 0.1000000015
18681  41.302  -54.614  -9.561 0.1000000015
19723  40.878  -53.060  -8.899 0.1000000015
20726  40.776  -52.200  -8.983 0.1000000015
21720  41.310  -51.525  -9.378 0.1000000015
22681  40.214  -50.526  -9.692 0.1000000015
21730  40.996  -50.702  -9.738 0.1000000015
23643  39.978  -49.632  -10.441 0.2000000030
114547  39.220  -49.428  -10.848 0.2000000030
126240  39.567  -49.479  -12.950 0.3000000119
23662  38.584  -49.135  -12.374 0.2000000030
23675  39.359  -49.615  -13.695 0.3000000119
24639  38.808  -49.231  -13.138 0.2000000030
23688  39.245  -49.741  -14.547 0.4000000060
24653  38.701  -49.244  -14.114 0.3000000119
24664  38.695  -49.229  -15.041 0.4000000060
23722  43.172  -49.397  -19.688 0.5000000000
23723  42.367  -49.247  -19.121 0.5000000000
23716  42.762  -49.986  -18.970 0.5000000000
23697  39.427  -49.774  -15.475 0.5000000000
24707  41.881  -48.505  -19.113 0.5000000000
25692  41.436  -47.610  -19.195 0.5000000000
23718  41.711  -49.185  -18.594 0.5000000000
23717  42.164  -49.734  -18.645 0.5000000000
22765  42.362  -50.294  -18.313 0.6000000238
23705  40.131  -50.060  -16.175 0.5000000000
23706  39.560  -49.371  -16.231 0.5000000000
25693  40.702  -47.426  -18.537 0.5000000000
24702  41.093  -48.394  -18.448 0.5000000000
22759  42.636  -50.846  -17.716 0.5000000000
22766  41.709  -49.854  -18.177 0.5000000000
22760  41.892  -50.441  -17.654 0.5000000000
135493  47.796  -56.111  -19.715 0.4000000060
17795  47.825  -55.479  -20.211 0.4000000060
17793  49.306  -54.842  -20.523 0.4000000060
18670  37.693  -54.684  -8.327 0.1000000015
18668  39.406  -54.725  -9.018 0.1000000015
136836  38.563  -53.514  -8.766 0.1000000015
18682  40.358  -54.693  -9.304 0.1000000015
126067  39.970  -53.714  -8.941 0.1000000015
19709  39.169  -53.076  -8.744 0.1000000015
119619  40.098  -52.716  -8.807 0.1000000015
20713  39.493  -52.213  -8.805 0.1000000015
20727  40.119  -51.976  -8.982 0.1000000015
21722  39.656  -51.342  -9.221 0.1000000015
22682  39.297  -50.357  -9.716 0.1000000015
23630  38.353  -49.828  -10.072 0.2000000030
121125  38.503  -49.444  -10.705 0.2000000030
23653  37.874  -49.078  -11.218 0.2000000030
24631  37.998  -48.931  -12.033 0.2000000030
115268  37.769  -41.487  -16.645 0.2000000030
24640  38.057  -48.881  -12.836 0.2000000030
30882  37.787  -41.936  -17.699 0.2000000030
125851  37.525  -42.704  -17.811 0.2000000030
29834  37.110  -43.377  -17.285 0.2000000030
123083  37.001  -44.204  -16.894 0.2000000030
24654  38.140  -48.779  -13.659 0.2000000030
30896  38.137  -42.465  -18.416 0.2000000030
120912  37.740  -43.674  -18.053 0.2000000030
123656  37.632  -45.109  -17.303 0.2000000030
28756  37.238  -44.924  -16.851 0.3000000119
26738  37.990  -46.343  -16.857 0.2000000030
28786  38.843  -44.144  -19.046 0.2000000030
28787  38.369  -44.409  -18.423 0.3000000119
27757  38.561  -45.266  -18.162 0.3000000119
26743  38.868  -46.069  -17.958 0.4000000060
27747  38.149  -45.705  -17.491 0.3000000119
25677  38.430  -47.202  -16.697 0.5000000000
24674  38.309  -48.444  -15.437 0.4000000060
24673  38.889  -49.025  -15.895 0.5000000000
26750  40.665  -46.283  -19.280 0.5000000000
26751  39.969  -45.878  -18.906 0.4000000060
27756  39.230  -45.582  -18.537 0.4000000060
26736  39.289  -46.778  -17.733 0.4000000060
25689  39.633  -47.493  -17.513 0.5000000000
25690  39.007  -47.177  -17.271 0.5000000000
25676  39.173  -47.815  -16.931 0.5000000000
26741  40.343  -46.640  -18.652 0.5000000000
25694  40.047  -47.055  -18.037 0.5000000000
25688  40.314  -47.908  -17.919 0.5000000000
23713  41.161  -49.275  -18.007 0.5000000000
135781  41.278  -49.922  -17.536 0.5000000000
22761  40.759  -49.979  -16.891 0.5000000000
19702  36.792  -53.770  -7.294 0.1000000015
18657  37.157  -54.529  -7.525 0.1000000015
19711  37.294  -53.916  -8.109 0.1000000015
20711  36.959  -52.418  -7.866 0.1000000015
20715  37.891  -52.399  -8.480 0.1000000015
21712  37.544  -51.634  -8.286 0.1000000015
21723  38.777  -51.091  -9.153 0.1000000015
22672  37.904  -50.920  -8.783 0.1000000015
23631  37.679  -49.878  -9.599 0.2000000030
23632  36.940  -49.432  -9.577 0.2000000030
23644  37.581  -49.385  -10.355 0.2000000030
24632  37.260  -48.681  -11.756 0.2000000030
24641  37.427  -48.499  -12.497 0.2000000030
31954  37.459  -41.756  -17.038 0.2000000030
30883  37.227  -42.356  -17.267 0.2000000030
24655  37.568  -48.323  -13.251 0.2000000030
31921  37.864  -41.244  -15.754 0.1000000015
31939  37.090  -41.513  -16.261 0.1000000015
31940  36.613  -42.073  -16.165 0.1000000015
29814  36.716  -43.657  -16.433 0.1000000015
26717  37.558  -46.103  -16.406 0.2000000030
127494  38.170  -48.653  -14.542 0.3000000119
24665  37.653  -48.155  -14.049 0.2000000030
27726  36.888  -44.588  -16.282 0.1000000015
27710  37.183  -45.500  -16.174 0.1000000015
25669  37.756  -46.724  -16.165 0.3000000119
25668  37.755  -47.861  -14.899 0.2000000030
24699  39.867  -48.301  -17.258 0.5000000000
24683  38.672  -48.125  -16.254 0.5000000000
24698  40.548  -48.759  -17.678 0.5000000000
23714  40.147  -49.216  -16.890 0.5000000000
19694  36.327  -53.557  -6.419 0.1000000015
20703  35.856  -52.715  -6.103 0.1000000015
119027  35.980  -51.992  -6.916 0.1000000015
21705  35.999  -51.010  -7.124 0.1000000015
21704  36.723  -51.432  -7.721 0.1000000015
22674  36.457  -49.870  -8.143 0.1000000015
22659  35.945  -50.221  -7.351 0.1000000015
23616  37.123  -49.858  -8.920 0.1000000015
23645  36.602  -48.982  -10.230 0.2000000030
24622  36.171  -48.489  -10.797 0.2000000030
24621  36.996  -48.849  -10.994 0.2000000030
24633  36.488  -48.355  -11.540 0.2000000030
24642  36.802  -48.258  -12.181 0.2000000030
25633  36.873  -47.857  -12.864 0.2000000030
31897  37.582  -40.867  -14.858 0.1000000015
31922  37.089  -41.175  -15.449 0.1000000015
30842  36.288  -42.361  -15.381 0.1000000015
135090  36.526  -43.557  -15.860 0.1000000015
28746  36.560  -44.139  -15.726 0.1000000015
25663  36.900  -46.736  -14.301 0.1000000015
25662  37.265  -47.403  -14.261 0.2000000030
136633  37.204  -47.778  -13.601 0.2000000030
27711  36.753  -45.015  -15.505 0.1000000015
26706  36.961  -45.894  -15.347 0.1000000015
26705  37.334  -46.229  -15.877 0.2000000030
26689  37.357  -46.822  -15.169 0.2000000030
21678  35.794  -51.233  -5.279 0.1000000015
118674  35.655  -51.901  -5.865 0.1000000015
125001  36.547  -50.062  -4.685 0.1000000015
21692  35.640  -51.195  -6.219 0.1000000015
22629  35.730  -49.774  -5.467 0.1000000015
22645  35.551  -49.810  -6.137 0.1000000015
23605  35.680  -49.476  -7.435 0.1000000015
24596  35.845  -48.867  -8.837 0.1000000015
24610  36.183  -48.947  -9.471 0.1000000015
24611  35.500  -48.398  -9.259 0.1000000015
24623  35.825  -48.479  -10.042 0.1000000015
25616  35.545  -48.054  -10.546 0.2000000030
25628  35.751  -47.899  -11.238 0.2000000030
117995  36.157  -47.690  -12.089 0.2000000030
25634  35.746  -46.869  -12.312 0.2000000030
127440  36.351  -47.199  -12.750 0.2000000030
26658  36.176  -46.543  -12.991 0.1000000015
32973  38.822  -39.685  -13.808 0.1000000015
32999  37.261  -40.248  -14.216 0.1000000015
31899  36.094  -41.027  -14.472 0.1000000015
25648  36.755  -47.082  -13.503 0.2000000030
29771  35.994  -42.746  -14.564 0.1000000015
29789  36.333  -43.438  -15.240 0.1000000015
28736  36.374  -44.453  -14.918 0.1000000015
26690  36.782  -46.235  -14.671 0.2000000030
23562  36.471  -49.247  -4.735 0.1000000015
24554  35.685  -48.387  -5.411 0.1000000015
24573  35.331  -48.381  -6.225 0.1000000015
24588  35.313  -48.502  -7.316 0.1000000015
24597  35.354  -48.367  -8.383 0.1000000015
122224  35.061  -47.852  -9.875 0.1000000015
26641  34.456  -46.270  -10.542 0.1000000015
121716  35.034  -47.441  -10.692 0.1000000015
26640  34.698  -46.664  -11.052 0.2000000030
25629  35.339  -47.187  -11.571 0.2000000030
26649  35.065  -46.358  -11.835 0.1000000015
32977  35.652  -40.612  -12.766 0.1000000015
31879  35.507  -41.177  -13.252 0.1000000015
31875  35.363  -41.379  -12.446 0.1000000015
121640  35.335  -43.059  -12.829 0.1000000015
135056  35.241  -43.864  -12.610 0.1000000015
126422  35.632  -45.498  -12.856 0.1000000015
26659  35.590  -46.118  -12.554 0.1000000015
32974  37.909  -39.649  -13.656 0.1000000015
33000  36.420  -40.358  -14.002 0.1000000015
31900  35.680  -41.432  -13.946 0.1000000015
30799  35.430  -42.054  -13.232 0.1000000015
29772  35.670  -42.960  -13.717 0.1000000015
126104  35.558  -43.846  -13.346 0.1000000015
28720  35.834  -44.497  -13.662 0.1000000015
27681  35.989  -45.305  -13.605 0.1000000015
26674  35.967  -45.936  -13.157 0.1000000015
30817  35.661  -42.155  -14.082 0.1000000015
123718  35.993  -43.828  -14.238 0.1000000015
28737  36.163  -44.719  -14.193 0.1000000015
26673  36.378  -46.207  -13.858 0.1000000015
25547  36.140  -47.682  -4.998 0.1000000015
25548  35.543  -47.561  -5.712 0.1000000015
26601  35.183  -46.611  -7.070 0.1000000015
25591  34.991  -47.463  -7.837 0.1000000015
25592  34.658  -47.053  -8.631 0.1000000015
26631  34.444  -46.327  -9.809 0.1000000015
31864  36.455  -41.204  -10.230 0.1000000015
30785  35.856  -41.932  -10.058 0.1000000015
29744  35.123  -43.498  -10.027 0.1000000015
123184  34.912  -44.188  -10.498 0.1000000015
27660  34.456  -45.631  -10.215 0.1000000015
32963  36.897  -39.812  -11.086 0.1000000015
32952  37.092  -40.509  -10.304 0.1000000015
30786  35.243  -42.183  -10.706 0.1000000015
119098  34.908  -43.939  -11.270 0.1000000015
28713  34.764  -44.780  -11.316 0.1000000015
121054  36.266  -40.071  -11.593 0.1000000015
31873  35.679  -40.717  -11.722 0.1000000015
30794  35.031  -42.478  -11.352 0.1000000015
29752  34.986  -43.277  -11.841 0.1000000015
123449  35.065  -44.347  -12.033 0.1000000015
27676  35.114  -45.395  -12.125 0.1000000015
27620  35.360  -45.741  -7.451 0.1000000015
28680  35.380  -44.839  -8.516 0.1000000015
27649  34.634  -45.590  -9.332 0.1000000015
28695  35.475  -44.367  -9.096 0.1000000015
27648  34.986  -45.003  -8.997 0.1000000015
133518  37.227  -41.285  -9.832 0.1000000015
30767  36.168  -42.626  -9.490 0.1000000015
130340  34.597  -45.033  -10.609 0.1000000015
30768  35.348  -42.738  -9.980 0.1000000015
133573  42.439  -51.471  -16.388 0.5000000000
22725  43.183  -50.634  -13.194 0.4000000060
133318  42.450  -50.232  -12.649 0.4000000060
18678  43.939  -54.200  -9.746 0.1000000015
22728  40.949  -50.278  -13.395 0.4000000060
16009  41.453  -57.478  -9.876 0.1000000015
23650  40.406  -49.349  -11.327 0.3000000119
22701  41.713  -49.519  -10.989 0.2000000030
23659  41.110  -49.500  -11.781 0.2000000030
22715  40.789  -49.832  -12.681 0.3000000119
23661  39.265  -49.326  -12.291 0.2000000030
22770  43.537  -50.262  -19.319 0.5000000000
16869  41.076  -56.559  -9.980 0.1000000015
127351  40.857  -53.889  -9.177 0.1000000015
21721  40.511  -51.389  -9.331 0.1000000015
22691  40.729  -49.983  -10.093 0.1000000015
22692  39.050  -49.776  -10.279 0.2000000030
24706  42.587  -48.598  -19.706 0.5000000000
25699  40.922  -46.931  -19.027 0.5000000000
19710  37.992  -53.898  -8.745 0.1000000015
128117  38.890  -53.964  -8.893 0.1000000015
20714  38.714  -52.362  -8.685 0.1000000015
21710  39.029  -51.739  -8.852 0.1000000015
21711  38.327  -51.685  -8.702 0.1000000015
22683  38.351  -50.367  -9.514 0.1000000015
31953  38.147  -41.444  -17.309 0.2000000030
28780  37.392  -44.367  -17.395 0.2000000030
29844  38.348  -43.533  -18.671 0.2000000030
28779  37.947  -44.783  -17.823 0.3000000119
120296  37.990  -47.565  -15.813 0.4000000060
124643  38.889  -44.898  -18.688 0.4000000060
26737  38.598  -46.560  -17.357 0.5000000000
27767  40.386  -45.476  -19.553 0.5000000000
27768  39.532  -44.956  -19.207 0.5000000000
26742  39.625  -46.332  -18.291 0.5000000000
19703  36.374  -52.991  -7.110 0.1000000015
122379  36.957  -53.272  -7.776 0.1000000015
127521  37.547  -53.177  -8.328 0.1000000015
22658  36.652  -50.628  -7.798 0.1000000015
22673  37.205  -50.425  -8.481 0.1000000015
22684  37.661  -50.305  -9.081 0.2000000030
30866  36.805  -42.700  -16.706 0.1000000015
22644  35.652  -50.434  -6.553 0.1000000015
23617  36.426  -49.359  -8.846 0.1000000015
32998  38.217  -40.412  -14.271 0.1000000015
31898  36.762  -40.839  -14.757 0.1000000015
31923  36.505  -41.477  -15.372 0.1000000015
21660  36.369  -51.546  -4.558 0.1000000015
22610  36.197  -50.801  -4.770 0.1000000015
136915  36.015  -49.718  -4.972 0.1000000015
22628  35.897  -50.358  -5.102 0.1000000015
21679  35.636  -50.480  -5.743 0.1000000015
23576  35.872  -49.125  -5.156 0.1000000015
23577  35.532  -49.115  -5.812 0.1000000015
22660  35.610  -49.823  -6.801 0.1000000015
23591  35.466  -49.177  -6.597 0.1000000015
23618  35.805  -49.127  -8.184 0.1000000015
25607  34.917  -47.741  -8.903 0.1000000015
30816  35.947  -41.796  -14.697 0.1000000015
124832  36.483  -45.432  -14.590 0.1000000015
24553  36.306  -48.488  -4.823 0.1000000015
25564  35.183  -47.527  -6.672 0.1000000015
25608  34.568  -47.114  -9.499 0.1000000015
25617  34.550  -46.887  -10.301 0.1000000015
26650  34.552  -45.756  -11.152 0.1000000015
32967  36.756  -39.651  -12.234 0.1000000015
32976  36.164  -40.079  -13.104 0.1000000015
31878  35.814  -40.692  -13.660 0.1000000015
30796  35.192  -42.307  -12.192 0.1000000015
31874  35.287  -41.686  -11.505 0.1000000015
28715  35.460  -44.702  -12.908 0.1000000015
26575  36.106  -46.894  -5.316 0.1000000015
26589  35.586  -46.735  -6.126 0.1000000015
26600  35.793  -45.922  -6.574 0.1000000015
26612  34.863  -46.453  -8.024 0.1000000015
27634  34.983  -45.542  -8.408 0.1000000015
26613  34.576  -46.354  -8.930 0.1000000015
31865  35.692  -41.299  -10.799 0.1000000015
30784  36.734  -41.919  -9.665 0.1000000015
121159  35.226  -44.097  -9.765 0.1000000015
29750  34.909  -43.125  -10.756 0.1000000015
29732  35.705  -43.479  -9.395 0.1000000015
32953  36.271  -40.493  -10.897 0.1000000015
27633  35.646  -44.972  -7.834 0.1000000015
27659  34.815  -44.819  -9.772 0.1000000015
28694  36.346  -43.861  -8.809 0.1000000015
30783  37.868  -42.092  -9.645 0.1000000015
31863  38.051  -40.875  -9.754 0.1000000015
20742  49.808  -52.640  -12.038 0.1000000015
20751  51.083  -52.699  -12.550 0.1000000015
20752  48.827  -51.929  -12.667 0.1000000015
21750  47.698  -51.630  -12.780 0.1000000015
20743  48.526  -52.519  -11.787 0.1000000015
20744  47.556  -52.415  -11.599 0.1000000015
19748  50.731  -53.172  -11.924 0.2000000030
21737  46.281  -51.472  -11.663 0.1000000015
20758  51.435  -52.425  -13.433 0.2000000030
20759  50.281  -52.022  -13.166 0.1000000015
131965  50.953  -51.946  -13.942 0.2000000030
116267  46.073  -51.110  -12.886 0.1000000015
19759  51.977  -53.074  -14.131 0.2000000030
21761  49.261  -51.681  -13.600 0.2000000030
124533  48.255  -51.533  -13.581 0.2000000030
21763  46.369  -51.314  -13.640 0.3000000119
21762  47.249  -51.408  -13.604 0.3000000119
21773  48.880  -51.681  -14.476 0.2000000030
21774  47.701  -51.469  -14.433 0.2000000030
19764  50.415  -52.876  -15.216 0.2000000030
20772  50.926  -52.437  -14.758 0.2000000030
17775  48.306  -55.508  -16.390 0.1000000015
19760  51.412  -52.930  -14.661 0.2000000030
20766  50.665  -52.013  -14.542 0.2000000030
20765  51.515  -52.413  -14.210 0.2000000030
21775  46.719  -51.409  -14.400 0.3000000119
18721  49.120  -54.624  -15.647 0.1000000015
18719  50.877  -53.824  -14.995 0.1000000015
21782  48.109  -51.668  -15.260 0.2000000030
18733  48.071  -55.120  -15.955 0.1000000015
21783  46.104  -51.521  -15.117 0.4000000060
18720  49.657  -53.843  -15.616 0.2000000030
21772  49.731  -51.932  -14.868 0.2000000030
16913  48.875  -56.338  -17.033 0.1000000015
16912  49.541  -56.315  -17.520 0.2000000030
18732  48.616  -54.884  -16.133 0.1000000015
17774  49.281  -55.430  -16.802 0.1000000015
20773  49.898  -52.401  -15.106 0.2000000030
21781  48.927  -51.944  -15.249 0.2000000030
115052  47.073  -51.519  -15.235 0.4000000060
116282  48.943  -54.324  -16.277 0.1000000015
21794  47.500  -51.680  -16.033 0.4000000060
21784  45.407  -51.673  -15.757 0.4000000060
19765  49.241  -53.088  -15.683 0.3000000119
20780  48.928  -52.818  -16.119 0.3000000119
18731  49.189  -53.790  -16.506 0.2000000030
21795  46.388  -51.686  -16.102 0.4000000060
116070  44.806  -51.769  -16.246 0.4000000060
21780  49.153  -52.334  -15.554 0.3000000119
115642  49.130  -52.846  -17.333 0.4000000060
19768  49.233  -53.307  -17.114 0.3000000119
30815  39.857  -42.115  -15.023 0.1000000015
31920  39.000  -41.389  -15.516 0.1000000015
121230  47.857  -51.849  -16.774 0.4000000060
121803  47.029  -51.783  -16.703 0.5000000000
116133  49.047  -52.585  -17.414 0.4000000060
21792  48.855  -52.518  -16.584 0.3000000119
134435  48.610  -52.185  -17.017 0.4000000060
31938  38.478  -41.387  -16.555 0.1000000015
21796  45.458  -51.805  -16.626 0.4000000060
21804  46.268  -51.884  -17.189 0.5000000000
21803  47.248  -51.903  -17.381 0.5000000000
21805  45.353  -51.845  -17.450 0.5000000000
31937  39.266  -41.358  -16.265 0.1000000015
31952  39.068  -41.048  -17.409 0.1000000015
137487  39.656  -41.101  -16.876 0.1000000015
31969  38.545  -41.414  -18.054 0.1000000015
19740  50.002  -53.465  -11.513 0.1000000015
20754  47.101  -51.678  -12.023 0.1000000015
20753  47.946  -51.988  -12.127 0.1000000015
19741  49.015  -53.174  -11.376 0.1000000015
19742  48.040  -53.091  -11.245 0.1000000015
20746  45.931  -51.902  -11.049 0.1000000015
21785  44.567  -51.640  -15.590 0.4000000060
18704  51.483  -54.180  -12.124 0.1000000015
21793  48.516  -51.980  -16.071 0.3000000119
30841  39.742  -41.937  -15.473 0.1000000015
19729  47.641  -53.793  -10.741 0.1000000015
11340  40.083  -61.359  -21.167 0.1000000015
12420  39.651  -61.484  -21.945 0.1000000015
13381  39.805  -59.814  -21.748 0.1000000015
11357  40.303  -62.500  -21.865 0.1000000015
14307  40.020  -59.704  -20.613 0.1000000015
10414  40.371  -62.853  -22.707 0.1000000015
10418  40.623  -63.495  -23.247 0.1000000015
11375  39.967  -62.660  -23.214 0.1000000015
13313  36.556  -59.498  -17.575 0.1000000015
7709  41.930  -66.789  -22.272 0.1000000015
7715  42.130  -66.123  -23.054 0.1000000015
12383  40.052  -60.643  -20.461 0.1000000015
133324  41.805  -65.597  -23.517 0.1000000015
10413  41.422  -64.167  -23.002 0.1000000015
13345  39.905  -59.878  -20.015 0.1000000015
10417  41.008  -64.204  -23.613 0.1000000015
13363  40.032  -59.608  -21.368 0.1000000015
12335  35.923  -60.497  -16.277 0.1000000015
13312  37.249  -60.020  -17.342 0.1000000015
12367  37.619  -60.604  -17.970 0.1000000015
133728  35.460  -62.724  -16.613 0.1000000015
11293  35.628  -61.565  -16.202 0.1000000015
13302  36.684  -60.157  -16.284 0.1000000015
135001  36.813  -59.860  -16.877 0.1000000015
11325  38.469  -62.182  -18.218 0.1000000015
7691  40.060  -66.774  -19.990 0.1000000015
6927  41.586  -67.484  -21.325 0.1000000015
12374  40.379  -60.761  -19.775 0.1000000015
12382  40.731  -61.638  -20.365 0.1000000015
135082  40.934  -63.058  -21.676 0.1000000015
13329  40.299  -60.118  -19.176 0.1000000015
15224  40.706  -58.999  -20.015 0.1000000015
116898  40.414  -59.419  -20.836 0.1000000015
13301  37.391  -60.247  -16.494 0.1000000015
13311  37.874  -60.497  -17.090 0.1000000015
10333  35.877  -63.410  -16.542 0.1000000015
11292  36.028  -62.304  -15.982 0.1000000015
12349  38.448  -61.035  -16.789 0.1000000015
11324  39.043  -62.788  -17.868 0.1000000015
9449  39.620  -64.494  -18.600 0.1000000015
8561  39.941  -65.276  -18.783 0.1000000015
8567  40.106  -66.166  -19.303 0.1000000015
6896  41.557  -67.811  -19.829 0.1000000015
6909  41.155  -67.843  -20.664 0.1000000015
10396  42.187  -64.212  -21.308 0.1000000015
12373  41.322  -61.799  -19.558 0.1000000015
11339  40.986  -62.639  -21.051 0.1000000015
10397  41.482  -63.535  -21.538 0.1000000015
9477  41.832  -64.221  -22.162 0.1000000015
14298  40.226  -59.311  -19.327 0.1000000015
116321  40.231  -59.391  -19.968 0.1000000015
11291  39.050  -61.616  -16.495 0.1000000015
9412  36.388  -64.329  -16.627 0.1000000015
10321  36.415  -63.190  -15.841 0.1000000015
12325  36.474  -60.967  -15.731 0.1000000015
13295  37.194  -60.430  -15.850 0.1000000015
13294  37.825  -60.569  -15.786 0.1000000015
12334  38.575  -60.912  -15.843 0.1000000015
11306  39.332  -62.521  -17.051 0.1000000015
10351  40.204  -63.965  -17.087 0.1000000015
8560  40.495  -65.863  -18.468 0.1000000015
6884  41.753  -68.001  -18.646 0.1000000015
9397  36.899  -63.987  -15.796 0.1000000015
11285  36.673  -61.968  -15.279 0.1000000015
12324  37.404  -60.929  -15.184 0.1000000015
12312  37.891  -61.196  -14.563 0.1000000015
7684  40.949  -67.081  -18.754 0.1000000015
6885  41.339  -67.838  -19.357 0.1000000015
6908  41.819  -67.649  -20.411 0.1000000015
119349  42.579  -66.255  -20.725 0.1000000015
6926  42.221  -67.122  -20.874 0.1000000015
7708  42.306  -66.498  -21.506 0.1000000015
9476  42.609  -64.798  -20.955 0.1000000015
8580  42.573  -65.512  -21.343 0.1000000015
10377  42.316  -63.339  -20.050 0.1000000015
8595  42.395  -65.740  -22.227 0.1000000015
117051  41.571  -62.604  -20.233 0.1000000015
10383  41.856  -63.453  -20.760 0.1000000015
13310  40.337  -59.504  -18.594 0.1000000015
15215  40.815  -58.538  -19.396 0.1000000015
15216  40.478  -58.776  -19.330 0.1000000015
15207  40.808  -58.069  -18.611 0.1000000015
12333  39.232  -61.460  -15.732 0.1000000015
11290  39.689  -62.334  -16.158 0.1000000015
9411  37.042  -65.020  -16.307 0.1000000015
127056  37.414  -64.901  -15.445 0.1000000015
9396  37.317  -63.902  -14.986 0.1000000015
10305  37.472  -62.792  -14.346 0.1000000015
12323  38.235  -60.917  -15.082 0.1000000015
12322  39.020  -61.181  -14.979 0.1000000015
10332  39.800  -63.142  -16.799 0.1000000015
9426  40.370  -64.647  -17.599 0.1000000015
7683  41.634  -67.268  -17.979 0.1000000015
133871  37.181  -64.454  -15.668 0.1000000015
10320  36.946  -62.955  -15.073 0.1000000015
6872  42.370  -67.747  -17.881 0.1000000015
118581  42.359  -68.054  -18.913 0.1000000015
6895  42.107  -67.917  -19.624 0.1000000015
6894  42.712  -67.381  -19.357 0.1000000015
7698  42.451  -67.136  -20.160 0.1000000015
7689  43.227  -66.752  -18.886 0.1000000015
7697  42.951  -66.163  -19.820 0.1000000015
8569  42.917  -64.679  -20.105 0.1000000015
12364  41.497  -61.516  -18.712 0.1000000015
12348  41.662  -61.163  -17.842 0.1000000015
11323  42.054  -62.417  -18.996 0.1000000015
9458  42.942  -63.945  -19.727 0.1000000015
10382  42.544  -64.098  -20.502 0.1000000015
13328  40.842  -60.535  -18.503 0.1000000015
13309  40.856  -59.930  -17.727 0.1000000015
15208  40.401  -58.671  -18.713 0.1000000015
15206  41.708  -57.803  -18.517 0.1000000015
7647  38.127  -67.619  -16.134 0.1000000015
7648  37.613  -66.919  -16.449 0.1000000015
8526  37.054  -66.161  -16.792 0.1000000015
9382  37.730  -64.549  -14.440 0.1000000015
124322  37.688  -63.592  -14.205 0.1000000015
7638  37.998  -66.566  -15.702 0.1000000015
12311  38.503  -61.275  -14.383 0.1000000015
11283  39.688  -61.805  -15.280 0.1000000015
10331  40.348  -63.392  -16.197 0.1000000015
9410  40.778  -64.225  -16.541 0.1000000015
135957  41.256  -65.550  -17.036 0.1000000015
10319  40.694  -63.365  -15.428 0.1000000015
8524  41.826  -66.222  -16.629 0.1000000015
7673  42.811  -67.598  -16.911 0.1000000015
6882  42.613  -67.845  -18.205 0.1000000015
7682  43.252  -67.330  -17.864 0.1000000015
136922  43.162  -67.578  -17.171 0.1000000015
8558  43.599  -66.059  -18.274 0.1000000015
8566  43.393  -65.535  -19.108 0.1000000015
130811  43.135  -65.187  -19.779 0.1000000015
10368  43.236  -63.720  -18.900 0.1000000015
9457  43.363  -64.584  -19.208 0.1000000015
12363  42.221  -62.097  -18.266 0.1000000015
12332  42.314  -61.318  -17.098 0.1000000015
12347  42.432  -61.852  -17.650 0.1000000015
114882  41.653  -60.598  -17.144 0.1000000015
14285  40.664  -58.848  -17.407 0.1000000015
134455  40.375  -58.909  -18.119 0.1000000015
127744  40.821  -57.538  -17.913 0.1000000015
16069  41.235  -57.219  -17.904 0.1000000015
11243  38.885  -62.175  -13.067 0.1000000015
11258  39.516  -61.869  -13.160 0.1000000015
121091  38.415  -67.245  -15.084 0.1000000015
8506  38.172  -66.198  -14.534 0.1000000015
130517  38.012  -65.257  -14.083 0.1000000015
10292  37.943  -62.802  -13.706 0.1000000015
12300  38.827  -61.667  -13.705 0.1000000015
122231  40.132  -61.914  -14.067 0.1000000015
10304  40.647  -62.814  -14.635 0.1000000015
8507  37.779  -65.563  -15.059 0.1000000015
11259  38.399  -62.184  -13.485 0.1000000015
12310  39.080  -61.442  -14.305 0.1000000015
9380  41.985  -64.379  -14.693 0.1000000015
8513  42.966  -66.389  -15.433 0.1000000015
9395  41.081  -64.056  -15.883 0.1000000015
9394  41.741  -64.750  -15.479 0.1000000015
7672  43.546  -67.095  -16.924 0.1000000015
9447  43.738  -65.017  -18.397 0.1000000015
11321  43.375  -63.338  -18.079 0.1000000015
10350  43.714  -64.195  -18.155 0.1000000015
12346  42.999  -62.077  -17.187 0.1000000015
11305  42.896  -62.548  -17.857 0.1000000015
13298  42.196  -60.587  -16.404 0.1000000015
13299  41.363  -59.745  -16.853 0.1000000015
8476  38.934  -65.018  -12.053 0.1000000015
7628  38.529  -66.796  -13.897 0.1000000015
8477  38.634  -65.351  -12.716 0.1000000015
9358  38.749  -64.189  -12.477 0.1000000015
10274  38.758  -62.973  -12.608 0.1000000015
11241  40.096  -61.967  -12.504 0.1000000015
6845  39.095  -68.846  -14.670 0.1000000015
6840  38.895  -67.834  -14.384 0.1000000015
8488  38.336  -65.795  -13.533 0.1000000015
9366  38.464  -63.733  -13.038 0.1000000015
10291  38.384  -62.892  -13.180 0.1000000015
11257  40.213  -61.903  -13.158 0.1000000015
11269  40.811  -62.442  -13.657 0.1000000015
10303  41.417  -63.407  -14.212 0.1000000015
7637  43.695  -66.422  -15.282 0.1000000015
7658  43.520  -67.043  -16.195 0.1000000015
7657  43.946  -66.621  -16.340 0.1000000015
8557  43.893  -65.502  -17.623 0.1000000015
9425  43.950  -64.758  -17.639 0.1000000015
132900  43.800  -63.612  -17.496 0.1000000015
12331  42.980  -61.452  -16.514 0.1000000015
11304  43.538  -62.873  -17.375 0.1000000015
13293  42.533  -60.103  -15.679 0.1000000015
14271  42.153  -59.303  -15.469 0.1000000015
122472  39.295  -66.842  -12.386 0.1000000015
9345  39.206  -64.234  -11.712 0.1000000015
11242  39.394  -62.279  -12.523 0.1000000015
7617  38.755  -66.344  -12.948 0.1000000015
10273  39.188  -63.163  -12.026 0.1000000015
117701  41.095  -62.166  -12.793 0.1000000015
10290  41.652  -62.994  -13.411 0.1000000015
10302  42.238  -63.947  -13.968 0.1000000015
9379  42.833  -64.892  -14.440 0.1000000015
8504  43.999  -65.925  -14.698 0.1000000015
7646  43.748  -66.643  -15.654 0.1000000015
8523  44.360  -65.934  -16.172 0.1000000015
117939  44.612  -64.524  -16.337 0.1000000015
117144  44.273  -65.131  -16.817 0.1000000015
11303  44.154  -63.282  -16.887 0.1000000015
10349  44.121  -64.197  -17.024 0.1000000015
12330  44.470  -62.179  -15.992 0.1000000015
12321  43.649  -61.469  -15.938 0.1000000015
117829  43.808  -62.293  -16.656 0.1000000015
13292  43.395  -60.546  -15.323 0.1000000015
126943  42.986  -58.797  -14.573 0.1000000015
16907  43.446  -55.931  -15.048 0.1000000015
120383  39.058  -65.889  -12.160 0.1000000015
8470  39.429  -65.289  -11.439 0.1000000015
11225  39.848  -62.401  -11.903 0.1000000015
115274  40.850  -61.949  -12.246 0.1000000015
6826  39.845  -67.342  -11.853 0.1000000015
10289  42.533  -63.485  -13.284 0.1000000015
9378  43.686  -65.246  -14.274 0.1000000015
7636  44.068  -66.242  -15.220 0.1000000015
8512  44.444  -65.670  -15.454 0.1000000015
8511  44.806  -64.898  -15.533 0.1000000015
11281  45.082  -62.926  -15.879 0.1000000015
10330  44.783  -63.749  -16.245 0.1000000015
11289  44.536  -62.898  -16.377 0.1000000015
13290  43.564  -59.723  -14.713 0.1000000015
14265  43.841  -58.937  -14.247 0.1000000015
16042  44.750  -56.963  -13.911 0.1000000015
17761  46.275  -55.343  -14.990 0.1000000015
8469  40.016  -65.920  -10.898 0.1000000015
7605  39.600  -66.384  -11.611 0.1000000015
9336  39.625  -64.305  -11.060 0.1000000015
10256  40.198  -62.706  -11.212 0.1000000015
11223  41.391  -61.643  -11.527 0.1000000015
11240  41.603  -61.795  -12.074 0.1000000015
10257  39.608  -63.347  -11.405 0.1000000015
11224  40.591  -62.020  -11.786 0.1000000015
9365  43.125  -64.409  -13.788 0.1000000015
9364  44.002  -64.687  -13.689 0.1000000015
8502  44.746  -64.983  -14.906 0.1000000015
9392  45.138  -64.345  -15.156 0.1000000015
10317  45.273  -63.663  -15.559 0.1000000015
15168  49.119  -59.089  -13.054 0.1000000015
14259  47.611  -59.377  -13.399 0.1000000015
13285  47.119  -60.178  -13.602 0.1000000015
13287  46.465  -60.648  -14.027 0.1000000015
12308  45.839  -61.162  -14.428 0.1000000015
11280  45.555  -62.738  -15.158 0.1000000015
15177  48.302  -58.881  -13.339 0.1000000015
134799  47.707  -58.740  -13.443 0.1000000015
13286  46.346  -59.856  -13.932 0.1000000015
119570  45.024  -62.157  -15.526 0.1000000015
15176  49.605  -58.446  -13.038 0.1000000015
16039  48.880  -58.106  -13.337 0.1000000015
125700  47.717  -57.991  -13.429 0.1000000015
14261  45.777  -59.160  -13.800 0.1000000015
13289  44.451  -59.857  -14.464 0.1000000015
12320  44.431  -61.339  -15.345 0.1000000015
16038  49.726  -57.688  -13.204 0.1000000015
133464  49.175  -57.269  -13.444 0.1000000015
126590  46.676  -57.663  -13.464 0.1000000015
16899  46.308  -56.796  -13.597 0.1000000015
16902  48.421  -55.734  -14.162 0.1000000015
16905  45.612  -56.406  -13.989 0.1000000015
17760  47.368  -55.456  -14.582 0.1000000015
8459  40.423  -65.277  -10.350 0.1000000015
8460  39.862  -65.037  -10.794 0.1000000015
9335  40.100  -64.298  -10.480 0.1000000015
10249  40.543  -63.243  -10.435 0.1000000015
10250  39.939  -63.553  -10.848 0.1000000015
11207  40.879  -62.177  -11.053 0.1000000015
12283  42.059  -61.305  -11.502 0.1000000015
11256  41.951  -62.550  -12.680 0.1000000015
10272  42.874  -62.990  -12.596 0.1000000015
10288  43.474  -63.887  -13.195 0.1000000015
9363  44.728  -64.713  -13.668 0.1000000015
9362  45.320  -64.412  -14.247 0.1000000015
10301  46.015  -63.059  -14.346 0.1000000015
120448  47.772  -60.125  -13.119 0.1000000015
127822  47.051  -60.989  -13.598 0.1000000015
12307  46.636  -61.603  -13.919 0.1000000015
14258  48.350  -59.663  -13.007 0.1000000015
17746  51.225  -55.730  -12.509 0.1000000015
16895  50.736  -56.335  -13.261 0.1000000015
8458  41.218  -65.502  -9.870 0.1000000015
10248  41.273  -63.487  -9.762 0.1000000015
9334  40.748  -64.394  -9.935 0.1000000015
11206  41.300  -62.375  -10.390 0.1000000015
11205  42.014  -61.447  -10.498 0.1000000015
136623  41.461  -61.608  -10.942 0.1000000015
11239  42.372  -61.898  -12.059 0.1000000015
11238  43.340  -62.329  -12.050 0.1000000015
9357  44.414  -64.223  -13.096 0.1000000015
133270  45.195  -64.553  -13.693 0.1000000015
9356  45.217  -64.333  -13.063 0.1000000015
10300  46.263  -63.374  -13.531 0.1000000015
122665  45.834  -63.807  -14.021 0.1000000015
13283  48.030  -60.386  -12.614 0.1000000015
12291  47.656  -61.280  -12.470 0.1000000015
11267  46.474  -62.542  -13.817 0.1000000015
120331  45.589  -63.695  -14.767 0.1000000015
15167  49.755  -58.951  -12.395 0.1000000015
14254  48.829  -59.786  -12.394 0.1000000015
11268  46.060  -62.126  -14.528 0.1000000015
15156  50.264  -58.183  -11.838 0.1000000015
9326  41.625  -64.649  -9.547 0.1000000015
11193  41.956  -62.629  -9.715 0.1000000015
12265  42.580  -60.968  -10.941 0.1000000015
11222  42.844  -61.289  -11.470 0.1000000015
11237  44.379  -62.844  -12.030 0.1000000015
10270  44.879  -63.753  -12.528 0.1000000015
10286  46.391  -63.433  -12.766 0.1000000015
10287  45.795  -64.103  -13.319 0.1000000015
11255  46.786  -62.828  -13.049 0.1000000015
124827  46.914  -62.182  -13.343 0.1000000015
16033  50.501  -57.319  -12.273 0.1000000015
17740  51.520  -54.919  -12.347 0.1000000015
10242  42.186  -63.878  -9.343 0.1000000015
11192  42.769  -61.950  -9.696 0.1000000015
12244  43.688  -61.266  -9.643 0.1000000015
12245  42.840  -61.128  -10.329 0.1000000015
12282  43.483  -60.897  -10.947 0.1000000015
11221  43.867  -61.758  -11.461 0.1000000015
10269  45.772  -63.732  -12.496 0.1000000015
11236  46.915  -62.671  -12.307 0.1000000015
11254  47.225  -62.147  -12.692 0.1000000015
14253  49.464  -59.606  -11.755 0.1000000015
13281  48.226  -60.590  -12.073 0.1000000015
17741  51.097  -55.590  -11.862 0.1000000015
19739  50.912  -53.841  -11.744 0.1000000015
12264  43.490  -60.892  -10.449 0.1000000015
12281  44.432  -61.125  -10.957 0.1000000015
11220  45.057  -62.256  -11.539 0.1000000015
10255  45.262  -63.258  -12.069 0.1000000015
10254  45.957  -63.062  -11.860 0.1000000015
10268  46.369  -63.164  -12.214 0.1000000015
17727  49.982  -56.082  -10.976 0.1000000015
15146  50.213  -58.197  -10.759 0.1000000015
17742  50.436  -55.312  -11.432 0.1000000015
12263  44.216  -60.774  -10.433 0.1000000015
12280  45.454  -61.411  -10.881 0.1000000015
127761  44.918  -60.817  -10.455 0.1000000015
11203  47.294  -61.737  -11.200 0.1000000015
11204  46.596  -61.737  -10.918 0.1000000015
11219  46.026  -62.266  -11.413 0.1000000015
11218  46.685  -62.473  -11.734 0.1000000015
16027  50.187  -57.505  -10.633 0.1000000015
16016  49.716  -58.003  -10.029 0.1000000015
15157  50.012  -59.015  -11.252 0.1000000015
13280  48.885  -60.146  -11.629 0.1000000015
13278  48.395  -60.646  -11.523 0.1000000015
11235  47.458  -61.917  -12.083 0.1000000015
18688  49.365  -55.036  -11.023 0.1000000015
14247  49.440  -59.732  -10.747 0.1000000015
136708  47.807  -60.499  -9.937 0.1000000015
12279  48.152  -61.009  -11.203 0.1000000015
14243  49.214  -59.510  -9.775 0.1000000015
133657  48.629  -60.584  -11.159 0.1000000015
11217  47.591  -61.525  -11.502 0.1000000015
12258  49.021  -60.201  -11.067 0.1000000015
12290  47.854  -61.187  -11.808 0.1000000015
6928  40.766  -67.866  -21.463 0.1000000015
12402  39.614  -60.479  -21.801 0.1000000015
9493  42.070  -65.039  -22.841 0.1000000015
13362  39.865  -60.112  -21.012 0.1000000015
10398  40.986  -63.443  -22.299 0.1000000015
116776  36.202  -59.723  -16.776 0.1000000015
7716  41.596  -67.070  -23.088 0.1000000015
6935  41.181  -67.602  -22.231 0.1000000015
9503  41.496  -64.835  -23.594 0.1000000015
11307  38.745  -61.906  -17.348 0.1000000015
7690  40.624  -67.224  -19.633 0.1000000015
6897  40.964  -67.697  -20.140 0.1000000015
13300  38.047  -60.518  -16.351 0.1000000015
9427  39.866  -64.176  -17.886 0.1000000015
10369  39.328  -63.640  -18.294 0.1000000015
10352  39.579  -63.381  -17.507 0.1000000015
9448  40.163  -64.969  -18.169 0.1000000015
123129  41.912  -68.206  -19.119 0.1000000015
9492  42.437  -64.880  -21.879 0.1000000015
12365  40.854  -60.936  -19.144 0.1000000015
11334  41.988  -62.696  -19.634 0.1000000015
8542  40.800  -65.477  -17.693 0.1000000015
8559  41.075  -66.380  -18.087 0.1000000015
11284  37.343  -61.832  -14.626 0.1000000015
8570  42.820  -65.357  -20.486 0.1000000015
11333  42.586  -63.198  -19.324 0.1000000015
8515  37.496  -65.880  -16.081 0.1000000015
11260  37.979  -61.800  -13.972 0.1000000015
8525  40.819  -64.779  -17.076 0.1000000015
7674  42.167  -67.180  -17.136 0.1000000015
11322  42.758  -62.908  -18.581 0.1000000015
9367  38.085  -63.857  -13.664 0.1000000015
11282  40.222  -62.618  -15.425 0.1000000015
11271  39.581  -61.616  -14.525 0.1000000015
9409  41.389  -65.041  -16.361 0.1000000015
11270  40.096  -62.078  -14.781 0.1000000015
8514  42.173  -65.854  -15.831 0.1000000015
7660  42.640  -67.017  -16.223 0.1000000015
7659  43.094  -67.396  -16.356 0.1000000015
8540  43.696  -66.437  -17.521 0.1000000015
14275  41.787  -59.562  -16.060 0.1000000015
14276  41.081  -58.748  -16.543 0.1000000015
15199  40.784  -57.895  -17.322 0.1000000015
12299  39.536  -61.705  -13.827 0.1000000015
9381  38.306  -64.713  -13.320 0.1000000015
10318  41.253  -63.814  -15.048 0.1000000015
9393  42.514  -65.386  -15.091 0.1000000015
8539  44.004  -66.141  -16.894 0.1000000015
13297  42.890  -60.908  -15.886 0.1000000015
14272  41.564  -58.622  -15.744 0.1000000015
8505  43.362  -65.834  -14.818 0.1000000015
7645  44.065  -66.477  -15.764 0.1000000015
14266  42.779  -59.529  -15.084 0.1000000015
14267  42.172  -58.521  -15.024 0.1000000015
9408  44.696  -65.111  -15.995 0.1000000015
9407  44.989  -64.407  -15.824 0.1000000015
15184  43.251  -57.941  -14.240 0.1000000015
15185  42.542  -57.956  -14.571 0.1000000015
16043  43.708  -56.913  -14.288 0.1000000015
16906  44.205  -56.022  -14.672 0.1000000015
8503  44.345  -65.554  -14.791 0.1000000015
13291  44.124  -60.477  -14.871 0.1000000015
17762  45.547  -55.672  -14.665 0.1000000015
15183  44.229  -58.045  -13.973 0.1000000015
16040  45.752  -57.392  -13.598 0.1000000015
16904  46.531  -55.980  -14.082 0.1000000015
14260  46.690  -59.260  -13.667 0.1000000015
13288  45.541  -60.073  -14.260 0.1000000015
12309  44.945  -60.781  -14.722 0.1000000015
12319  45.331  -61.715  -14.973 0.1000000015
15178  47.091  -58.583  -13.506 0.1000000015
16034  50.042  -57.983  -12.680 0.1000000015
118926  48.233  -57.103  -13.476 0.1000000015
14264  44.816  -59.071  -14.031 0.1000000015
15182  45.220  -58.204  -13.737 0.1000000015
16892  50.858  -56.501  -12.683 0.1000000015
16898  47.161  -56.859  -13.472 0.1000000015
16903  47.704  -56.139  -13.793 0.1000000015
115188  48.262  -55.270  -14.731 0.1000000015
13284  47.557  -60.815  -13.114 0.1000000015
12298  47.253  -61.564  -13.202 0.1000000015
10271  43.894  -63.373  -12.596 0.1000000015
16026  50.475  -57.442  -11.395 0.1000000015
133450  50.628  -56.085  -11.414 0.1000000015
120457  47.204  -62.127  -11.808 0.1000000015
135334  48.080  -51.973  -17.439 0.4000000060
20787  49.533  -53.093  -18.085 0.3000000119
21801  49.403  -52.723  -18.103 0.3000000119
21802  48.775  -52.312  -17.970 0.3000000119
123089  47.728  -51.973  -18.106 0.4000000060
122908  49.379  -52.486  -18.796 0.3000000119
15243  45.345  -59.393  -24.040 0.1000000015
15240  45.648  -59.416  -23.199 0.1000000015
15231  45.797  -58.560  -21.846 0.2000000030
16929  46.124  -56.832  -19.664 0.3000000119
21841  46.929  -51.259  -20.850 0.4000000060
18730  49.963  -54.032  -17.386 0.3000000119
19806  49.627  -54.007  -21.838 0.4000000060
16086  46.085  -57.672  -20.011 0.2000000030
17790  46.958  -56.217  -19.646 0.3000000119
18770  49.032  -54.706  -21.439 0.4000000060
20817  49.661  -53.417  -22.042 0.4000000060
21839  48.543  -52.136  -20.976 0.4000000060
14344  45.324  -59.958  -24.400 0.1000000015
15222  45.947  -58.225  -20.818 0.3000000119
19822  49.452  -53.872  -22.603 0.4000000060
20818  49.415  -52.843  -22.058 0.4000000060
21850  48.722  -52.224  -21.897 0.4000000060
15247  45.283  -59.151  -24.923 0.1000000015
16098  45.098  -57.558  -21.337 0.2000000030
135974  45.621  -57.037  -19.977 0.3000000119
124868  49.449  -53.273  -22.775 0.4000000060
125355  45.487  -50.538  -20.709 0.4000000060
17803  48.407  -54.888  -21.243 0.4000000060
18785  48.724  -54.629  -22.287 0.4000000060
21864  48.997  -52.581  -22.760 0.4000000060
21865  48.085  -51.758  -22.596 0.4000000060
21851  47.747  -51.579  -21.502 0.5000000000
15248  45.195  -58.542  -25.318 0.2000000030
15244  45.263  -58.762  -23.740 0.2000000030
15241  45.463  -58.652  -22.832 0.2000000030
16087  45.231  -57.182  -20.464 0.2000000030
17796  46.631  -55.341  -20.135 0.3000000119
18771  47.299  -54.840  -20.798 0.3000000119
15250  45.264  -58.796  -25.811 0.1000000015
132139  49.253  -53.713  -23.215 0.4000000060
17791  46.064  -56.012  -19.838 0.3000000119
18786  47.884  -54.777  -21.991 0.4000000060
20834  49.021  -53.164  -23.568 0.4000000060
21852  46.909  -51.120  -21.548 0.5000000000
22789  46.229  -50.859  -21.178 0.5000000000
22776  44.722  -50.190  -20.331 0.4000000060
18799  48.222  -54.633  -23.105 0.4000000060
20835  48.553  -52.328  -23.387 0.4000000060
122007  47.258  -51.247  -22.105 0.5000000000
134266  46.440  -50.754  -22.087 0.5000000000
132862  45.218  -58.814  -24.519 0.2000000030
16108  45.043  -57.813  -22.356 0.2000000030
16934  45.386  -56.394  -20.141 0.4000000060
16935  44.654  -56.452  -20.519 0.2000000030
17797  45.596  -55.410  -20.157 0.3000000119
18772  46.137  -54.745  -20.621 0.3000000119
22790  45.619  -50.318  -21.549 0.5000000000
23726  44.391  -49.410  -20.669 0.4000000060
23721  43.985  -49.831  -19.989 0.4000000060
19839  48.887  -53.843  -23.731 0.4000000060
21866  47.136  -51.174  -22.805 0.5000000000
16112  44.879  -58.067  -23.359 0.2000000030
16099  44.283  -57.133  -21.822 0.2000000030
23727  43.790  -49.140  -20.325 0.4000000060
18787  46.720  -54.537  -21.415 0.3000000119
18810  48.327  -54.243  -24.094 0.4000000060
15251  45.272  -58.288  -26.246 0.2000000030
16109  44.222  -57.381  -22.830 0.2000000030
16940  44.405  -56.839  -20.974 0.3000000119
17798  44.584  -55.629  -20.477 0.4000000060
21879  47.759  -51.756  -23.649 0.5000000000
117037  44.884  -58.212  -24.490 0.2000000030
18811  47.462  -54.499  -23.788 0.4000000060
18821  48.427  -53.546  -24.395 0.4000000060
23737  44.932  -49.797  -21.854 0.5000000000
16123  44.985  -57.874  -27.309 0.2000000030
16113  44.215  -57.530  -23.880 0.2000000030
16941  43.656  -56.485  -21.383 0.2000000030
18788  45.514  -54.221  -21.231 0.4000000060
21892  47.736  -52.287  -24.670 0.5000000000
116704  46.280  -50.730  -22.998 0.5000000000
14356  44.693  -58.643  -28.103 0.2000000030
18773  45.025  -54.751  -20.532 0.4000000060
18800  47.188  -54.590  -22.635 0.3000000119
20862  48.088  -52.997  -24.847 0.5000000000
134501  46.878  -51.197  -23.500 0.5000000000
22791  45.026  -49.831  -21.034 0.5000000000
15261  44.716  -58.054  -27.921 0.2000000030
28798  39.483  -43.874  -19.629 0.2000000030
25697  42.112  -47.979  -19.679 0.4000000060
24705  43.302  -48.587  -20.317 0.4000000060
16116  44.948  -57.996  -25.614 0.2000000030
16936  43.952  -56.110  -20.753 0.4000000060
23738  44.493  -49.227  -21.305 0.4000000060
24709  43.991  -48.610  -20.901 0.4000000060
16119  45.052  -57.869  -26.560 0.2000000030
16946  43.470  -56.922  -23.327 0.2000000030
16944  43.525  -56.748  -22.302 0.2000000030
16120  44.234  -57.457  -25.929 0.2000000030
25706  42.017  -47.252  -19.992 0.4000000060
24710  42.718  -47.857  -20.375 0.4000000060
127455  43.425  -48.056  -20.842 0.4000000060
18823  47.496  -54.158  -24.772 0.3000000119
22807  45.535  -50.284  -22.437 0.5000000000
18774  44.021  -54.796  -20.610 0.4000000060
18801  46.238  -54.318  -22.126 0.4000000060
18824  46.718  -54.294  -24.270 0.3000000119
19856  47.828  -53.526  -25.040 0.4000000060
18789  44.427  -54.189  -20.876 0.4000000060
21880  47.040  -51.546  -24.316 0.5000000000
16949  43.420  -57.035  -24.347 0.2000000030
26758  41.834  -46.361  -20.433 0.4000000060
23754  44.564  -49.813  -22.842 0.5000000000
135469  47.559  -53.847  -25.131 0.4000000060
22820  45.399  -50.401  -23.423 0.5000000000
21893  47.164  -51.995  -25.286 0.5000000000
19869  47.276  -53.452  -25.424 0.5000000000
20811  49.166  -52.627  -21.338 0.4000000060
25698  41.340  -46.734  -19.615 0.4000000060
22819  46.223  -50.925  -23.924 0.5000000000
17784  50.281  -55.581  -18.199 0.3000000119
18752  50.000  -54.175  -18.468 0.3000000119
19782  49.733  -53.495  -18.755 0.2000000030
20803  49.646  -52.823  -19.098 0.2000000030
16058  49.254  -57.110  -18.045 0.2000000030
17785  49.876  -55.985  -18.579 0.3000000119
17788  49.553  -55.380  -19.435 0.3000000119
18761  49.723  -54.552  -19.890 0.3000000119
16076  48.145  -57.517  -18.894 0.2000000030
16926  48.775  -56.586  -19.124 0.2000000030
17789  49.115  -55.676  -19.741 0.2000000030
14364  43.781  -59.399  -29.367 0.1000000015
14365  43.353  -59.371  -29.858 0.1000000015
17822  40.683  -55.394  -24.629 0.1000000015
18743  49.931  -54.748  -16.976 0.1000000015
18742  50.318  -54.175  -18.019 0.2000000030
19781  49.789  -53.709  -18.299 0.2000000030
16918  50.183  -56.131  -18.080 0.2000000030
17780  50.353  -54.818  -18.160 0.2000000030
16059  48.572  -57.751  -17.921 0.1000000015
16919  49.859  -56.631  -17.964 0.2000000030
16921  48.355  -57.086  -17.378 0.1000000015
15194  47.961  -58.572  -17.995 0.1000000015
15254  45.332  -58.121  -26.972 0.1000000015
14357  44.229  -58.966  -28.828 0.1000000015
16953  42.812  -56.351  -25.723 0.1000000015
16950  42.764  -56.429  -24.814 0.1000000015
17816  42.038  -56.054  -23.267 0.1000000015
17810  42.056  -55.987  -22.223 0.1000000015
16961  42.658  -56.313  -26.531 0.1000000015
17820  42.079  -56.023  -24.300 0.1000000015
17817  41.349  -55.716  -22.696 0.1000000015
17801  41.988  -55.043  -20.793 0.1000000015
122749  41.534  -55.631  -24.730 0.1000000015
17812  40.431  -55.532  -22.172 0.1000000015
19798  41.827  -53.948  -20.515 0.1000000015
17807  40.749  -55.232  -21.252 0.1000000015
19810  41.318  -53.500  -20.837 0.1000000015
17782  50.090  -55.770  -17.657 0.2000000030
16920  49.211  -56.988  -17.775 0.1000000015
17799  43.548  -55.351  -20.694 0.1000000015
19840  45.555  -53.896  -23.364 0.3000000119
16952  43.453  -56.945  -25.337 0.1000000015
16942  42.847  -56.213  -21.775 0.1000000015
18790  43.633  -54.221  -20.677 0.2000000030
19824  44.621  -53.469  -22.578 0.3000000119
114857  46.226  -53.614  -25.483 0.3000000119
19871  45.875  -53.091  -26.235 0.3000000119
15269  43.835  -58.902  -29.212 0.1000000015
125834  44.145  -57.528  -27.552 0.1000000015
16945  42.767  -56.400  -22.778 0.1000000015
17800  42.681  -55.161  -20.715 0.1000000015
118526  43.984  -53.429  -21.737 0.2000000030
19841  44.944  -53.448  -23.794 0.3000000119
16975  43.393  -56.907  -27.050 0.1000000015
18776  42.288  -54.541  -20.588 0.1000000015
20836  43.147  -52.632  -22.536 0.2000000030
20852  44.377  -52.900  -24.262 0.3000000119
19826  42.481  -52.824  -21.729 0.1000000015
20864  43.824  -52.252  -24.788 0.4000000060
132836  40.191  -54.542  -20.929 0.1000000015
19827  41.697  -52.840  -21.528 0.1000000015
20854  42.708  -52.022  -23.289 0.3000000119
124500  51.903  -54.066  -12.809 0.1000000015
18711  51.479  -54.307  -14.303 0.1000000015
22832  46.404  -51.323  -24.917 0.4000000060
19857  47.063  -53.821  -25.383 0.3000000119
20874  46.912  -52.874  -25.787 0.4000000060
132131  46.587  -51.752  -25.733 0.4000000060
20875  45.576  -52.576  -26.767 0.4000000060
21918  45.989  -51.652  -27.422 0.4000000060
20876  45.175  -52.700  -26.373 0.4000000060
20888  44.375  -52.227  -26.751 0.5000000000
20865  43.129  -51.879  -24.083 0.3000000119
21894  43.630  -51.876  -25.770 0.5000000000
19812  39.527  -53.886  -20.885 0.2000000030
19811  40.407  -53.765  -20.783 0.1000000015
21895  43.030  -51.586  -24.854 0.4000000060
18802  39.024  -54.748  -22.310 0.1000000015
123538  38.704  -54.416  -21.445 0.1000000015
20820  39.848  -53.147  -21.210 0.2000000030
20838  41.239  -52.323  -22.274 0.2000000030
17824  38.666  -55.089  -24.453 0.1000000015
18812  38.967  -54.817  -23.462 0.1000000015
17832  38.244  -55.613  -25.267 0.1000000015
18825  37.958  -54.814  -23.678 0.1000000015
135505  44.345  -49.334  -22.062 0.3000000119
22833  45.955  -51.201  -25.729 0.4000000060
123441  45.389  -50.632  -24.648 0.4000000060
21907  46.195  -51.670  -26.537 0.4000000060
20887  45.237  -52.337  -27.540 0.4000000060
21930  45.248  -51.771  -28.630 0.4000000060
21929  45.747  -51.694  -28.118 0.4000000060
21919  44.297  -52.042  -27.906 0.5000000000
21908  42.746  -51.418  -25.840 0.4000000060
20856  40.875  -51.825  -22.876 0.3000000119
20855  41.735  -51.732  -23.224 0.4000000060
21896  42.218  -51.210  -24.933 0.4000000060
18814  37.001  -54.512  -23.024 0.2000000030
18792  37.832  -54.189  -21.391 0.2000000030
20839  40.264  -52.352  -22.186 0.2000000030
18826  36.970  -54.802  -23.883 0.1000000015
18813  37.657  -54.618  -22.870 0.2000000030
16169  37.395  -57.802  -29.243 0.1000000015
23755  43.736  -49.109  -22.702 0.4000000060
23739  43.954  -48.717  -21.755 0.4000000060
135950  43.952  -49.756  -24.294 0.4000000060
22845  45.393  -50.411  -27.036 0.4000000060
23777  44.277  -50.014  -25.039 0.4000000060
22855  45.739  -50.260  -28.234 0.4000000060
133733  45.841  -51.223  -28.905 0.4000000060
115291  43.419  -51.761  -26.863 0.3000000119
128480  41.547  -50.939  -24.955 0.4000000060
20840  39.313  -52.359  -21.808 0.3000000119
21867  40.180  -51.605  -23.059 0.3000000119
21882  41.648  -51.231  -24.195 0.4000000060
18815  36.336  -54.307  -23.432 0.2000000030
18805  36.617  -54.226  -22.604 0.2000000030
127026  37.621  -53.464  -20.993 0.2000000030
20821  38.971  -53.185  -21.050 0.2000000030
17826  36.537  -55.318  -24.718 0.2000000030
16170  35.865  -57.582  -29.681 0.1000000015
122119  36.467  -57.695  -29.233 0.1000000015
16154  35.942  -57.376  -28.632 0.1000000015
25705  42.543  -46.996  -20.816 0.3000000119
24728  43.302  -48.284  -22.460 0.4000000060
25716  43.074  -47.481  -22.117 0.3000000119
23768  43.695  -49.466  -23.723 0.4000000060
23792  43.773  -49.307  -25.689 0.4000000060
23778  43.510  -49.420  -24.656 0.4000000060
23806  45.121  -49.528  -27.632 0.4000000060
23791  44.572  -49.854  -26.326 0.4000000060
131222  45.295  -50.995  -29.236 0.4000000060
21920  42.477  -51.246  -26.929 0.4000000060
21940  44.397  -50.663  -29.259 0.3000000119
21885  38.885  -50.899  -22.942 0.3000000119
21884  39.634  -51.034  -23.420 0.3000000119
21898  40.311  -51.003  -23.908 0.3000000119
22835  41.070  -50.562  -25.358 0.3000000119
21909  41.813  -50.936  -25.927 0.3000000119
20857  35.246  -52.972  -23.567 0.2000000030
20842  35.750  -53.118  -22.596 0.2000000030
20823  36.822  -52.345  -20.998 0.3000000119
21853  37.967  -51.809  -21.226 0.2000000030
21883  40.936  -51.399  -23.655 0.3000000119
130496  35.800  -54.135  -24.014 0.2000000030
135049  37.222  -52.934  -20.894 0.2000000030
18827  36.084  -54.711  -24.278 0.2000000030
26770  41.940  -45.646  -21.059 0.3000000119
26769  42.418  -46.281  -21.302 0.3000000119
25717  42.828  -46.856  -21.717 0.4000000060
25704  43.108  -47.491  -21.220 0.3000000119
25745  42.789  -47.776  -24.221 0.3000000119
25728  42.763  -47.669  -23.162 0.4000000060
24768  43.079  -48.657  -25.016 0.4000000060
24757  43.148  -49.111  -24.262 0.4000000060
120539  43.829  -48.551  -26.377 0.4000000060
24795  44.705  -49.000  -28.945 0.3000000119
23819  45.360  -49.436  -28.720 0.4000000060
23807  44.344  -49.033  -26.907 0.4000000060
23779  40.001  -49.619  -25.071 0.3000000119
22846  40.608  -49.900  -25.642 0.2000000030
23793  41.257  -50.178  -26.444 0.2000000030
133462  42.346  -49.754  -28.326 0.2000000030
22866  43.343  -50.656  -28.793 0.3000000119
23829  44.663  -49.388  -29.255 0.3000000119
22808  38.060  -50.637  -22.444 0.3000000119
22836  40.333  -50.391  -24.706 0.3000000119
21921  41.847  -50.669  -26.965 0.2000000030
21932  42.398  -50.671  -27.906 0.2000000030
21899  34.803  -52.193  -23.955 0.2000000030
21856  35.859  -51.288  -21.707 0.3000000119
21855  36.568  -51.328  -21.334 0.3000000119
21870  37.678  -51.152  -21.643 0.3000000119
27774  40.883  -45.126  -20.208 0.3000000119
26759  41.118  -45.930  -19.887 0.3000000119
25775  43.636  -47.999  -26.058 0.3000000119
24798  42.128  -48.448  -28.022 0.2000000030
116602  42.838  -47.998  -28.145 0.2000000030
24796  43.807  -48.417  -28.406 0.2000000030
24783  44.015  -48.093  -27.449 0.2000000030
24770  40.600  -48.445  -26.387 0.2000000030
23820  41.868  -49.170  -27.946 0.2000000030
24797  42.862  -48.844  -28.536 0.2000000030
28797  40.180  -44.577  -19.889 0.2000000030
17844  37.785  -56.202  -25.950 0.1000000015
17825  37.583  -55.251  -24.575 0.1000000015
21871  35.219  -51.200  -22.457 0.3000000119
18828  35.397  -54.309  -24.625 0.2000000030
19789  49.683  -53.252  -19.578 0.3000000119
18760  49.823  -54.001  -19.239 0.3000000119
16933  48.442  -55.960  -19.751 0.2000000030
19753  52.011  -53.459  -13.542 0.1000000015
20795  49.618  -53.206  -18.485 0.2000000030
19823  45.470  -53.954  -22.292 0.3000000119
24717  43.521  -48.059  -21.497 0.3000000119
19858  45.940  -53.960  -24.463 0.2000000030
16923  49.817  -56.571  -18.119 0.2000000030
17787  49.974  -54.946  -18.810 0.3000000119
16925  49.372  -56.654  -18.534 0.1000000015
115848  49.381  -56.081  -19.077 0.2000000030
137836  40.903  -55.535  -23.023 0.1000000015
124614  50.359  -54.896  -17.770 0.2000000030
16960  43.463  -56.840  -26.260 0.1000000015
17829  42.151  -55.852  -25.343 0.1000000015
16947  42.724  -56.499  -23.812 0.1000000015
17805  42.194  -55.617  -21.288 0.1000000015
17806  41.506  -55.255  -21.105 0.1000000015
115423  43.170  -53.238  -21.478 0.1000000015
19797  42.859  -53.896  -20.674 0.2000000030
19872  45.545  -53.185  -25.752 0.4000000060
20885  46.223  -52.323  -26.437 0.4000000060
19825  43.784  -53.121  -22.292 0.3000000119
19842  44.065  -52.957  -23.170 0.3000000119
20853  43.534  -52.420  -23.663 0.3000000119
22821  44.508  -50.047  -23.944 0.4000000060
22844  45.870  -51.075  -27.465 0.4000000060
18803  38.094  -54.593  -22.103 0.2000000030
19813  38.592  -53.809  -21.056 0.2000000030
120818  45.778  -51.026  -26.569 0.4000000060
19828  37.103  -54.007  -21.356 0.2000000030
21868  39.407  -51.593  -22.647 0.3000000119
20841  38.456  -52.425  -21.194 0.2000000030
20824  36.217  -52.824  -21.597 0.2000000030
24743  42.998  -48.667  -23.656 0.4000000060
132140  39.212  -50.378  -23.696 0.3000000119
21886  35.153  -52.184  -22.969 0.2000000030
125640  36.182  -51.961  -21.406 0.2000000030
136834  44.209  -48.516  -27.281 0.4000000060
23830  43.938  -49.007  -29.111 0.2000000030
23795  39.783  -48.996  -25.236 0.2000000030
23794  40.284  -49.124  -25.748 0.2000000030
23809  40.836  -49.317  -26.485 0.2000000030
22856  41.717  -50.040  -27.528 0.2000000030
25729  42.666  -46.840  -22.740 0.3000000119
26782  42.750  -46.146  -22.165 0.3000000119
132223  41.434  -45.603  -20.503 0.2000000030
27773  41.464  -44.830  -20.957 0.2000000030
15212  47.765  -58.578  -19.036 0.1000000015
16077  47.401  -57.718  -19.291 0.1000000015
16927  47.811  -56.777  -19.390 0.1000000015
135667  46.484  -58.593  -20.212 0.1000000015
16078  46.661  -57.524  -19.642 0.1000000015
29855  39.686  -42.759  -19.898 0.1000000015
120815  40.262  -41.764  -20.134 0.1000000015
28804  40.771  -44.211  -20.538 0.1000000015
137450  40.318  -42.659  -20.461 0.1000000015
29862  40.786  -43.161  -20.805 0.1000000015
28803  41.405  -43.729  -21.087 0.1000000015
132965  42.059  -45.056  -21.466 0.1000000015
120537  42.446  -45.558  -21.718 0.2000000030
29870  41.998  -43.126  -21.404 0.2000000030
26793  42.644  -46.154  -23.245 0.2000000030
29869  42.629  -43.559  -21.840 0.2000000030
27782  42.435  -44.873  -21.921 0.2000000030
27793  42.749  -45.304  -22.581 0.2000000030
28826  42.723  -44.321  -22.333 0.2000000030
123569  42.648  -46.919  -23.729 0.2000000030
24769  43.071  -47.750  -25.100 0.2000000030
26833  43.559  -47.406  -25.668 0.1000000015
30923  42.520  -42.822  -21.252 0.2000000030
125299  42.803  -46.330  -24.173 0.2000000030
26813  42.913  -47.063  -24.679 0.1000000015
27817  43.153  -46.033  -24.392 0.1000000015
120931  40.156  -43.593  -20.223 0.1000000015
30907  39.490  -41.658  -19.385 0.1000000015
31976  40.349  -40.810  -19.391 0.1000000015
30906  41.096  -41.056  -20.339 0.1000000015
30918  41.020  -41.937  -20.982 0.1000000015
28812  42.138  -44.206  -21.540 0.2000000030
22811  35.613  -50.547  -22.009 0.2000000030
22809  37.181  -50.344  -22.003 0.2000000030
22793  36.576  -50.562  -21.656 0.2000000030
22824  34.763  -50.559  -22.981 0.2000000030
23758  35.464  -49.684  -22.295 0.2000000030
23770  37.667  -49.716  -22.747 0.2000000030
23757  36.182  -49.404  -22.144 0.2000000030
23756  36.899  -49.426  -22.318 0.2000000030
23771  34.592  -49.174  -23.343 0.2000000030
23781  38.889  -49.625  -24.027 0.2000000030
122293  37.343  -48.662  -22.951 0.1000000015
24729  36.456  -48.661  -22.496 0.2000000030
23769  38.166  -49.176  -23.545 0.2000000030
24759  38.723  -48.781  -24.331 0.2000000030
24745  36.722  -47.887  -22.893 0.1000000015
118455  37.400  -47.805  -23.270 0.1000000015
24744  38.078  -48.134  -23.770 0.1000000015
26796  36.604  -46.457  -23.387 0.1000000015
26797  35.757  -46.558  -23.537 0.1000000015
30917  42.584  -41.882  -20.679 0.1000000015
24758  39.357  -48.495  -24.977 0.1000000015
25763  38.364  -47.380  -24.155 0.1000000015
25762  38.780  -47.925  -24.594 0.1000000015
26795  37.481  -46.481  -23.533 0.1000000015
25746  37.794  -47.242  -23.659 0.1000000015
27805  36.157  -45.658  -23.614 0.1000000015
27804  37.046  -45.734  -23.432 0.1000000015
28844  36.376  -44.267  -23.454 0.1000000015
30922  43.257  -42.856  -20.931 0.1000000015
30903  43.824  -42.299  -19.574 0.1000000015
24784  41.317  -48.597  -27.325 0.1000000015
24771  40.023  -48.379  -25.575 0.1000000015
25777  39.600  -47.573  -25.208 0.1000000015
27819  38.662  -45.633  -24.000 0.1000000015
28843  37.179  -44.293  -23.326 0.1000000015
126805  37.509  -45.064  -23.459 0.1000000015
30916  43.578  -42.305  -20.270 0.1000000015
29868  43.195  -43.382  -21.778 0.1000000015
120045  41.175  -46.730  -27.056 0.1000000015
25785  41.036  -47.562  -27.002 0.1000000015
26834  40.541  -46.001  -26.011 0.1000000015
25786  40.670  -46.798  -26.450 0.1000000015
25776  40.352  -47.597  -26.035 0.1000000015
118525  39.878  -45.834  -25.185 0.1000000015
123454  40.115  -46.760  -25.634 0.1000000015
121942  39.891  -44.773  -25.036 0.1000000015
26814  39.140  -46.180  -24.540 0.1000000015
130256  39.556  -46.692  -25.026 0.1000000015
29918  40.380  -43.335  -25.529 0.1000000015
28859  39.380  -44.364  -24.321 0.1000000015
27818  39.311  -45.274  -24.470 0.1000000015
30921  44.108  -42.922  -20.708 0.1000000015
25797  41.911  -47.765  -27.773 0.1000000015
29932  40.851  -43.657  -26.244 0.1000000015
27831  40.466  -45.122  -25.728 0.1000000015
25796  42.826  -47.243  -27.979 0.1000000015
24746  35.341  -48.295  -22.851 0.1000000015
25748  36.220  -47.227  -23.104 0.1000000015
28860  38.778  -44.820  -23.885 0.1000000015
29907  38.764  -43.971  -23.676 0.1000000015
120146  41.746  -46.974  -27.576 0.1000000015
19940  36.932  -53.734  -31.049 0.1000000015
19939  37.617  -53.188  -30.891 0.1000000015
19957  37.801  -53.907  -31.359 0.1000000015
130832  37.107  -55.083  -31.806 0.1000000015
18942  38.685  -55.172  -32.075 0.1000000015
17053  38.502  -56.011  -32.489 0.1000000015
16213  39.069  -57.194  -33.422 0.1000000015
18911  36.275  -54.354  -30.964 0.1000000015
19941  36.283  -53.675  -30.634 0.1000000015
132461  37.867  -54.702  -31.762 0.1000000015
17924  37.737  -55.519  -32.091 0.1000000015
20935  37.376  -52.578  -30.526 0.1000000015
19924  35.942  -53.187  -30.176 0.1000000015
131512  35.364  -53.497  -29.718 0.1000000015
18912  35.637  -54.131  -30.260 0.1000000015
18927  36.319  -55.196  -31.386 0.1000000015
19956  38.501  -53.298  -31.201 0.1000000015
19905  34.906  -53.465  -28.987 0.1000000015
18900  35.075  -54.281  -29.373 0.1000000015
20920  36.554  -52.291  -30.049 0.1000000015
21950  36.859  -51.251  -29.813 0.1000000015
125500  38.308  -51.194  -30.526 0.1000000015
21964  37.671  -51.792  -30.370 0.1000000015
22891  37.730  -50.816  -30.136 0.1000000015
17067  39.882  -56.871  -33.578 0.1000000015
6859  43.125  -67.550  -16.771 0.1000000015
6871  42.875  -67.739  -17.392 0.1000000015
6883  42.190  -68.091  -18.575 0.1000000015
7699  40.403  -67.383  -20.271 0.1000000015
8487  44.328  -65.199  -14.277 0.1000000015
8541  41.461  -66.356  -17.419 0.1000000015
9377  44.766  -64.905  -14.242 0.1000000015
12260  47.895  -60.999  -10.657 0.1000000015
12266  41.864  -61.233  -11.105 0.1000000015
13270  48.994  -60.009  -10.042 0.1000000015
14353  45.105  -58.415  -27.264 0.1000000015
15179  46.176  -58.393  -13.580 0.1000000015
15200  40.536  -58.165  -18.100 0.1000000015
16037  50.386  -57.174  -13.017 0.1000000015
16117  44.199  -57.561  -24.928 0.2000000030
16153  36.962  -57.571  -28.600 0.1000000015
16164  42.476  -58.121  -28.915 0.1000000015
16889  50.843  -56.535  -11.860 0.1000000015
16928  46.927  -57.023  -19.469 0.1000000015
16962  41.397  -55.822  -27.003 0.1000000015
16981  36.941  -57.130  -27.298 0.2000000030
16996  37.545  -57.148  -28.017 0.2000000030
17763  44.936  -56.015  -14.393 0.1000000015
17781  50.421  -55.543  -18.037 0.2000000030
17804  43.111  -55.850  -20.988 0.1000000015
17811  41.338  -55.643  -21.757 0.1000000015
17821  41.279  -55.723  -23.745 0.1000000015
17835  35.204  -55.387  -25.866 0.2000000030
17860  35.091  -56.108  -27.320 0.2000000030
18699  51.049  -54.696  -11.770 0.1000000015
18741  50.128  -54.142  -18.143 0.2000000030
18775  43.129  -54.658  -20.588 0.2000000030
18777  41.357  -54.639  -20.795 0.1000000015
18778  40.997  -54.091  -20.631 0.1000000015
18784  49.236  -54.335  -22.194 0.4000000060
18798  48.972  -54.245  -23.124 0.4000000060
18804  37.173  -54.432  -22.070 0.2000000030
18822  47.999  -53.971  -24.827 0.4000000060
18852  34.671  -54.563  -26.477 0.2000000030
18926  37.015  -54.444  -31.475 0.1000000015
19747  51.455  -53.453  -12.277 0.2000000030
19773  49.989  -54.006  -17.951 0.2000000030
19774  49.840  -53.608  -17.903 0.3000000119
19796  49.678  -53.397  -20.580 0.4000000060
19807  44.629  -53.763  -21.534 0.2000000030
19808  43.781  -53.747  -21.057 0.2000000030
19809  42.217  -53.343  -20.978 0.1000000015
19814  36.848  -53.314  -21.148 0.2000000030
19829  36.442  -53.856  -21.904 0.2000000030
19843  36.176  -53.879  -22.776 0.2000000030
19844  35.757  -53.691  -23.429 0.2000000030
19859  45.297  -53.388  -24.889 0.3000000119
19860  35.342  -53.601  -24.174 0.2000000030
19870  46.527  -53.184  -25.878 0.4000000060
19878  45.925  -52.686  -26.490 0.4000000060
20764  51.933  -52.834  -13.678 0.1000000015
20786  49.674  -53.469  -18.236 0.3000000119
20796  49.624  -52.864  -18.637 0.2000000030
20819  40.777  -52.978  -21.386 0.1000000015
20822  37.674  -52.519  -20.890 0.2000000030
20825  35.678  -52.102  -22.074 0.2000000030
20837  42.179  -52.322  -22.391 0.1000000015
20851  48.396  -52.653  -24.166 0.5000000000
20863  44.761  -52.859  -25.334 0.4000000060
20873  47.484  -52.834  -25.356 0.5000000000
20877  44.370  -52.358  -25.784 0.5000000000
20878  34.668  -52.657  -25.712 0.3000000119
20886  45.733  -52.153  -27.150 0.4000000060
20936  36.770  -53.087  -30.567 0.1000000015
21738  45.628  -51.293  -11.374 0.1000000015
21760  50.075  -51.718  -14.152 0.2000000030
21779  42.296  -51.332  -14.970 0.5000000000
21854  37.310  -51.638  -21.106 0.3000000119
21869  38.534  -51.568  -21.987 0.3000000119
21881  42.432  -51.536  -24.057 0.4000000060
21897  40.953  -50.933  -24.473 0.3000000119
21900  34.645  -51.270  -24.187 0.4000000060
21906  46.796  -52.283  -25.872 0.4000000060
21911  34.716  -51.105  -25.047 0.3000000119
21931  44.309  -51.451  -28.831 0.3000000119
21941  35.470  -51.393  -28.678 0.2000000030
22754  42.095  -51.039  -17.042 0.5000000000
22792  37.062  -50.973  -21.435 0.3000000119
22794  36.143  -50.741  -21.652 0.2000000030
22810  36.555  -49.968  -21.973 0.2000000030
22812  35.112  -50.345  -22.473 0.2000000030
22822  39.606  -49.989  -24.385 0.3000000119
22823  38.464  -50.082  -23.259 0.3000000119
22834  45.144  -50.570  -25.879 0.4000000060
22854  45.969  -51.028  -28.361 0.4000000060
22865  45.743  -50.318  -29.053 0.4000000060
22867  43.170  -49.610  -28.914 0.2000000030
22874  45.030  -50.070  -29.333 0.4000000060
22875  44.063  -49.845  -29.292 0.3000000119
23740  36.067  -50.124  -21.853 0.2000000030
23759  34.804  -49.771  -22.813 0.2000000030
23780  39.373  -49.263  -24.696 0.2000000030
23808  41.336  -49.476  -27.179 0.2000000030
23811  34.841  -49.587  -25.789 0.3000000119
23821  35.420  -49.337  -27.350 0.2000000030
23828  45.227  -49.550  -29.151 0.4000000060
23832  35.683  -49.014  -27.997 0.2000000030
24682  39.354  -48.662  -16.602 0.5000000000
24730  35.700  -48.798  -22.451 0.1000000015
24731  35.015  -48.966  -22.748 0.1000000015
24782  44.630  -48.694  -28.054 0.4000000060
24786  34.781  -48.437  -25.873 0.2000000030
25730  35.934  -48.012  -22.731 0.1000000015
25747  37.055  -47.159  -23.246 0.1000000015
25749  35.361  -47.495  -23.261 0.2000000030
25778  34.505  -47.301  -25.325 0.1000000015
25798  35.604  -47.559  -27.684 0.1000000015
26794  38.366  -46.541  -23.991 0.1000000015
26798  34.951  -46.755  -24.086 0.2000000030
26852  34.799  -46.211  -26.210 0.1000000015
26875  36.273  -46.467  -28.543 0.1000000015
27748  37.608  -45.633  -16.863 0.2000000030
27803  37.907  -45.776  -23.628 0.1000000015
27806  35.619  -45.104  -23.995 0.1000000015
27833  34.674  -46.017  -25.474 0.1000000015
27860  35.680  -45.403  -27.459 0.1000000015
28842  38.053  -44.460  -23.495 0.1000000015
28873  40.400  -44.205  -25.624 0.1000000015
28886  40.873  -44.528  -26.320 0.1000000015
29861  41.409  -42.725  -21.181 0.1000000015
29908  35.679  -43.035  -23.874 0.1000000015
30865  36.967  -42.002  -16.760 0.1000000015
30977  35.417  -42.779  -24.593 0.1000000015
32968  36.027  -40.139  -12.276 0.1000000015
114378  46.833  -51.369  -12.840 0.1000000015
116168  43.269  -51.478  -27.961 0.3000000119
116248  43.326  -66.952  -15.818 0.1000000015
117379  34.452  -48.793  -24.616 0.3000000119
118767  34.657  -48.902  -25.412 0.3000000119
118884  34.982  -51.932  -28.198 0.2000000030
119704  43.238  -51.637  -16.223 0.5000000000
120113  34.547  -49.988  -23.505 0.3000000119
120164  39.904  -43.841  -24.904 0.1000000015
122695  46.764  -54.032  -24.986 0.2000000030
122796  38.939  -47.070  -24.625 0.1000000015
124346  34.984  -50.253  -26.288 0.2000000030
124667  37.260  -50.975  -8.187 0.1000000015
125115  38.213  -45.154  -23.662 0.1000000015
125295  46.380  -54.324  -23.205 0.4000000060
126148  39.318  -54.270  -21.084 0.1000000015
126502  36.717  -44.972  -23.437 0.1000000015
127111  51.657  -53.516  -14.411 0.2000000030
127134  38.245  -53.121  -20.911 0.2000000030
127239  50.418  -56.801  -11.023 0.1000000015
128448  38.288  -53.078  -8.670 0.1000000015
128784  34.463  -48.741  -23.887 0.2000000030
129026  42.829  -67.605  -18.636 0.1000000015
129045  45.054  -58.192  -27.482 0.2000000030
130403  42.033  -49.657  -11.782 0.2000000030
130573  45.216  -59.141  -26.083 0.1000000015
130738  34.589  -54.249  -27.412 0.1000000015
130807  35.227  -45.961  -26.913 0.1000000015
131420  40.773  -49.428  -17.420 0.5000000000
131745  38.391  -56.830  -32.866 0.1000000015
132047  42.367  -56.052  -25.980 0.1000000015
132315  35.270  -50.077  -27.063 0.2000000030
132395  36.532  -42.946  -15.991 0.1000000015
135292  50.774  -54.524  -14.730 0.1000000015
135685  44.686  -51.520  -18.466 0.5000000000
135687  37.393  -54.673  -23.383 0.1000000015
135760  38.028  -64.616  -13.860 0.1000000015
135921  45.950  -51.400  -14.350 0.4000000060
136619  45.291  -51.829  -17.969 0.5000000000
136960  39.825  -50.572  -24.039 0.3000000119
137152  38.789  -50.072  -9.900 0.2000000030
137566  34.730  -47.350  -10.101 0.1000000015
137568  42.707  -50.194  -28.548 0.3000000119
137612  38.357  -54.666  -22.910 0.2000000030
138045  46.131  -54.190  -23.860 0.3000000119
138087  39.796  -52.004  -22.473 0.3000000119
138276  34.995  -44.724  -25.820 0.1000000015
138279  51.200  -55.868  -13.015 0.1000000015
