#!ascii label  , from subject sub-v1s13x0050042_ses-1 vox2ras=TkReg
1993
8167  -34.505  -75.539  -20.123 0.1000000015
7427  -33.901  -76.133  -20.166 0.1000000015
6734  -32.711  -77.289  -20.567 0.1000000015
7432  -32.944  -76.616  -21.147 0.1000000015
7440  -32.894  -76.736  -21.834 0.1000000015
7447  -34.176  -76.396  -22.759 0.1000000015
6762  -33.272  -77.305  -23.209 0.1000000015
114289  -34.206  -77.726  -24.007 0.1000000015
6774  -34.861  -77.736  -24.624 0.1000000015
130155  -34.459  -78.182  -24.600 0.1000000015
6083  -34.551  -78.403  -25.037 0.1000000015
114506  -33.989  -79.095  -25.346 0.1000000015
6775  -34.852  -77.719  -25.300 0.1000000015
119654  -34.774  -76.833  -27.480 0.1000000015
6096  -34.457  -78.470  -25.848 0.1000000015
115342  -34.557  -78.134  -26.537 0.1000000015
8907  -34.728  -74.256  -20.555 0.1000000015
8166  -33.993  -75.515  -20.741 0.1000000015
8168  -35.047  -74.893  -20.092 0.1000000015
7433  -33.515  -75.949  -21.071 0.1000000015
130443  -34.268  -74.894  -21.584 0.1000000015
7434  -34.036  -75.315  -21.396 0.1000000015
7442  -33.939  -75.804  -22.085 0.1000000015
8175  -34.234  -75.350  -22.231 0.1000000015
6763  -34.320  -77.007  -23.291 0.1000000015
7453  -35.085  -76.083  -23.582 0.1000000015
6771  -35.114  -77.012  -23.900 0.1000000015
10505  -36.605  -72.413  -28.344 0.1000000015
10522  -36.498  -73.185  -28.524 0.1000000015
9741  -35.799  -73.770  -28.173 0.1000000015
8970  -35.227  -74.746  -28.070 0.1000000015
8969  -34.869  -75.635  -27.833 0.1000000015
8228  -34.679  -76.392  -27.286 0.1000000015
116507  -34.805  -76.970  -26.547 0.1000000015
6788  -34.692  -77.457  -27.107 0.1000000015
6780  -34.753  -77.621  -26.079 0.1000000015
9662  -37.034  -73.057  -19.334 0.1000000015
10416  -34.409  -72.892  -20.596 0.2000000030
10417  -35.251  -72.664  -20.290 0.2000000030
8908  -35.435  -74.091  -19.908 0.1000000015
126692  -33.809  -73.154  -21.013 0.1000000015
9676  -34.293  -73.672  -20.829 0.1000000015
9669  -35.007  -73.468  -20.338 0.1000000015
9683  -33.751  -73.853  -21.641 0.1000000015
8912  -34.230  -74.383  -21.247 0.1000000015
113173  -36.574  -65.790  -27.522 0.1000000015
119986  -37.755  -67.156  -27.750 0.1000000015
8914  -33.530  -74.346  -22.692 0.1000000015
8915  -34.089  -74.785  -22.222 0.1000000015
8181  -34.500  -75.470  -23.015 0.1000000015
14850  -37.170  -67.834  -27.486 0.1000000015
13918  -36.748  -68.548  -27.216 0.1000000015
13037  -36.240  -69.860  -27.127 0.1000000015
12205  -35.959  -70.779  -27.314 0.1000000015
8919  -34.150  -74.940  -23.091 0.1000000015
8929  -34.609  -75.277  -23.677 0.1000000015
130468  -35.268  -76.490  -24.265 0.1000000015
13038  -37.038  -69.493  -27.483 0.1000000015
12206  -36.806  -70.447  -27.678 0.1000000015
11373  -36.104  -71.789  -27.778 0.1000000015
11372  -35.458  -72.229  -27.430 0.1000000015
10487  -34.307  -73.200  -26.891 0.1000000015
8188  -35.031  -75.801  -24.327 0.1000000015
8198  -35.108  -76.420  -24.997 0.1000000015
116799  -36.625  -71.184  -27.859 0.1000000015
10504  -35.974  -72.743  -27.946 0.1000000015
10503  -35.161  -73.006  -27.473 0.1000000015
128243  -33.994  -75.175  -26.415 0.1000000015
8211  -34.350  -75.774  -27.092 0.1000000015
9740  -34.722  -73.968  -27.537 0.1000000015
8212  -34.665  -76.304  -26.140 0.1000000015
7462  -35.065  -77.040  -25.577 0.1000000015
11287  -34.649  -72.112  -20.564 0.1000000015
118162  -37.323  -72.209  -20.073 0.1000000015
10419  -38.108  -72.427  -20.548 0.2000000030
10426  -33.667  -72.314  -20.919 0.1000000015
9675  -33.153  -73.003  -21.545 0.1000000015
17671  -36.713  -64.114  -28.222 0.1000000015
125515  -37.155  -65.469  -27.955 0.1000000015
9682  -32.890  -73.544  -22.341 0.1000000015
9687  -32.854  -73.811  -23.225 0.1000000015
13029  -36.350  -69.118  -27.014 0.1000000015
13028  -35.689  -69.269  -26.572 0.1000000015
8918  -33.716  -74.505  -23.667 0.1000000015
118117  -35.628  -70.096  -26.739 0.1000000015
12192  -35.199  -70.705  -26.640 0.1000000015
11356  -34.748  -72.192  -26.807 0.1000000015
11355  -33.874  -72.513  -26.278 0.1000000015
9726  -33.562  -74.267  -26.159 0.1000000015
8944  -33.646  -74.697  -25.501 0.1000000015
8187  -34.033  -74.933  -24.545 0.1000000015
119855  -35.897  -69.843  -21.019 0.1000000015
12149  -36.212  -70.690  -21.104 0.1000000015
123558  -35.047  -70.641  -20.763 0.1000000015
11300  -35.819  -71.288  -20.747 0.1000000015
11301  -36.800  -71.262  -21.091 0.2000000030
118879  -37.583  -71.294  -21.480 0.2000000030
11288  -35.523  -71.939  -20.445 0.2000000030
11302  -37.654  -71.834  -21.086 0.2000000030
10427  -38.649  -72.612  -21.593 0.2000000030
11298  -33.239  -71.430  -21.060 0.1000000015
10425  -32.614  -72.111  -21.559 0.1000000015
10435  -32.449  -72.838  -22.094 0.1000000015
16732  -36.502  -64.828  -27.726 0.1000000015
15791  -35.903  -66.112  -27.031 0.1000000015
15781  -35.785  -66.957  -26.759 0.1000000015
14832  -34.935  -67.080  -26.180 0.1000000015
16749  -37.297  -64.836  -28.318 0.1000000015
15792  -36.696  -66.829  -27.341 0.1000000015
14834  -36.345  -67.718  -26.985 0.1000000015
13021  -35.137  -69.054  -25.991 0.1000000015
12191  -34.446  -70.709  -26.060 0.1000000015
11333  -32.968  -71.342  -25.087 0.1000000015
10469  -32.693  -73.009  -25.181 0.1000000015
10453  -32.383  -72.707  -24.483 0.1000000015
8917  -33.073  -73.916  -24.103 0.1000000015
17672  -37.416  -64.105  -28.793 0.1000000015
119243  -34.795  -71.338  -26.533 0.1000000015
11343  -33.408  -71.917  -25.701 0.1000000015
10470  -33.165  -72.801  -25.734 0.1000000015
9713  -33.128  -73.730  -25.526 0.1000000015
8928  -33.237  -74.227  -24.823 0.1000000015
18566  -37.592  -63.312  -29.143 0.1000000015
19482  -37.812  -62.510  -29.431 0.1000000015
19483  -38.664  -62.371  -30.024 0.1000000015
20417  -38.100  -61.835  -29.645 0.1000000015
12980  -34.613  -69.096  -20.597 0.1000000015
12989  -35.039  -69.743  -20.731 0.1000000015
13858  -34.181  -68.276  -20.525 0.1000000015
12987  -33.324  -69.896  -20.907 0.1000000015
12990  -36.776  -69.445  -21.254 0.1000000015
12150  -37.086  -70.746  -21.441 0.1000000015
12151  -37.874  -70.805  -21.840 0.2000000030
118302  -32.950  -69.121  -21.096 0.1000000015
12147  -32.862  -70.650  -21.184 0.1000000015
12148  -33.812  -70.681  -20.822 0.1000000015
11303  -38.363  -71.684  -21.996 0.2000000030
13866  -32.397  -69.223  -21.708 0.1000000015
12146  -32.119  -70.673  -21.737 0.1000000015
19478  -35.813  -62.004  -28.123 0.1000000015
19479  -36.331  -62.664  -28.371 0.1000000015
19473  -35.723  -62.815  -27.795 0.1000000015
18553  -35.669  -63.601  -27.512 0.1000000015
17654  -35.713  -64.395  -27.323 0.1000000015
16731  -35.839  -65.244  -27.203 0.1000000015
16720  -35.364  -65.568  -26.750 0.1000000015
13876  -32.275  -68.810  -22.280 0.1000000015
113262  -31.747  -70.069  -23.124 0.1000000015
11311  -31.950  -71.453  -21.927 0.1000000015
10434  -31.950  -72.239  -22.288 0.1000000015
131698  -36.163  -64.072  -27.759 0.1000000015
14818  -35.038  -67.871  -26.055 0.1000000015
13902  -34.132  -68.430  -25.293 0.1000000015
13020  -34.450  -69.208  -25.585 0.1000000015
11332  -32.243  -71.674  -24.272 0.1000000015
11321  -31.685  -71.575  -23.288 0.1000000015
9681  -32.120  -73.015  -22.861 0.1000000015
20407  -35.967  -61.289  -28.264 0.1000000015
13909  -35.402  -68.468  -26.263 0.1000000015
13903  -34.794  -68.441  -25.771 0.1000000015
13019  -33.692  -69.740  -25.226 0.1000000015
12181  -33.327  -70.536  -25.112 0.1000000015
12172  -32.612  -70.677  -24.453 0.1000000015
10442  -31.962  -72.455  -23.614 0.1000000015
19480  -37.040  -62.563  -28.905 0.1000000015
20408  -36.514  -61.749  -28.635 0.1000000015
20409  -37.346  -61.773  -29.192 0.1000000015
21372  -37.920  -60.985  -29.466 0.1000000015
20418  -38.943  -61.529  -30.194 0.1000000015
19485  -39.588  -62.306  -30.532 0.1000000015
13857  -33.396  -68.274  -20.820 0.1000000015
14744  -33.824  -67.460  -20.699 0.1000000015
13859  -35.108  -68.406  -20.581 0.1000000015
122579  -37.368  -70.070  -21.607 0.1000000015
13867  -32.794  -68.446  -21.489 0.1000000015
122243  -33.297  -67.071  -21.684 0.1000000015
122236  -36.931  -68.663  -21.198 0.1000000015
122339  -38.198  -70.051  -22.032 0.1000000015
115485  -32.860  -67.577  -22.966 0.1000000015
13877  -32.806  -67.789  -22.130 0.1000000015
12155  -38.552  -70.943  -22.631 0.2000000030
19472  -35.248  -62.133  -27.478 0.1000000015
18544  -35.073  -63.866  -26.946 0.1000000015
17637  -35.079  -64.782  -26.717 0.1000000015
13896  -32.866  -68.357  -24.053 0.1000000015
13011  -32.348  -69.825  -23.878 0.1000000015
122392  -38.993  -70.181  -22.744 0.1000000015
12998  -39.863  -70.264  -23.230 0.2000000030
19468  -35.118  -63.000  -27.176 0.1000000015
15780  -35.213  -66.242  -26.497 0.1000000015
14817  -34.344  -67.650  -25.587 0.1000000015
13013  -33.797  -68.989  -25.093 0.1000000015
13012  -33.119  -69.179  -24.506 0.1000000015
120644  -33.018  -69.984  -24.659 0.1000000015
21361  -36.604  -60.159  -28.570 0.1000000015
120652  -37.011  -60.964  -28.895 0.1000000015
21362  -37.410  -60.137  -29.053 0.1000000015
22296  -37.934  -59.410  -29.194 0.1000000015
21373  -38.746  -60.481  -29.951 0.1000000015
22301  -39.429  -59.941  -30.200 0.1000000015
15722  -33.607  -66.458  -22.024 0.1000000015
15699  -34.267  -66.521  -21.482 0.1000000015
125304  -34.230  -66.913  -20.842 0.1000000015
16661  -33.652  -65.876  -22.753 0.1000000015
14753  -33.245  -67.572  -21.197 0.1000000015
14754  -35.116  -66.799  -21.121 0.1000000015
13868  -36.074  -68.719  -20.866 0.1000000015
14769  -33.173  -67.018  -22.493 0.1000000015
14755  -36.210  -67.170  -21.426 0.1000000015
12991  -37.703  -69.142  -21.540 0.1000000015
14802  -33.110  -67.600  -24.380 0.1000000015
115376  -32.967  -66.996  -23.477 0.1000000015
13870  -37.436  -68.184  -21.480 0.1000000015
20396  -35.492  -61.295  -27.768 0.1000000015
20395  -34.871  -61.340  -27.166 0.1000000015
19467  -34.524  -62.260  -26.731 0.1000000015
17636  -34.405  -64.836  -26.113 0.1000000015
15779  -34.454  -66.203  -25.952 0.1000000015
15769  -33.740  -66.196  -25.341 0.1000000015
14816  -33.492  -67.023  -25.088 0.1000000015
14785  -32.837  -67.764  -23.614 0.1000000015
13871  -38.249  -68.395  -21.884 0.1000000015
12992  -38.682  -69.248  -22.033 0.1000000015
16719  -34.741  -65.498  -26.291 0.1000000015
119416  -34.165  -66.833  -25.664 0.1000000015
13897  -33.474  -68.403  -24.742 0.1000000015
13880  -40.290  -69.243  -22.988 0.1000000015
21360  -35.832  -60.455  -28.105 0.1000000015
22271  -36.139  -59.354  -28.010 0.1000000015
22286  -37.139  -59.216  -28.603 0.1000000015
23203  -38.314  -58.146  -28.677 0.1000000015
23214  -38.684  -58.669  -29.375 0.1000000015
23215  -39.875  -58.227  -29.747 0.1000000015
15723  -34.340  -65.979  -22.449 0.1000000015
15700  -34.978  -66.300  -21.940 0.1000000015
16662  -34.043  -65.204  -22.963 0.1000000015
15701  -35.842  -66.504  -22.089 0.1000000015
15740  -33.264  -66.266  -22.922 0.1000000015
16677  -33.327  -65.416  -23.398 0.1000000015
14770  -36.767  -66.811  -22.323 0.1000000015
114725  -37.118  -67.470  -21.741 0.1000000015
15768  -33.217  -66.172  -24.610 0.1000000015
15757  -33.060  -66.129  -23.774 0.1000000015
14786  -37.647  -67.100  -22.726 0.1000000015
22269  -34.970  -59.657  -27.048 0.1000000015
119830  -34.440  -64.120  -26.278 0.1000000015
16708  -33.965  -65.354  -25.573 0.1000000015
16707  -33.376  -65.559  -24.878 0.1000000015
16693  -33.130  -65.411  -24.166 0.1000000015
13878  -39.056  -68.485  -22.409 0.1000000015
121912  -35.504  -59.798  -27.640 0.1000000015
21345  -34.600  -60.500  -26.866 0.1000000015
20386  -34.304  -61.270  -26.482 0.1000000015
18543  -34.477  -63.264  -26.503 0.1000000015
117374  -33.846  -63.517  -25.649 0.1000000015
14771  -39.303  -67.730  -23.043 0.1000000015
23186  -36.118  -58.613  -27.267 0.1000000015
24109  -37.643  -57.924  -27.465 0.1000000015
23201  -36.828  -58.509  -27.862 0.1000000015
23202  -37.583  -58.366  -28.314 0.1000000015
24125  -38.129  -57.871  -28.040 0.1000000015
24143  -39.151  -57.762  -29.087 0.1000000015
24126  -38.842  -57.592  -28.234 0.1000000015
17585  -33.599  -64.125  -23.757 0.1000000015
113361  -33.678  -64.608  -23.433 0.1000000015
17586  -34.241  -64.455  -22.992 0.1000000015
15741  -35.855  -65.651  -23.104 0.1000000015
18520  -33.631  -63.260  -23.762 0.1000000015
16678  -36.723  -65.821  -23.270 0.1000000015
19464  -33.573  -62.576  -25.272 0.1000000015
18534  -33.502  -63.375  -24.735 0.1000000015
17600  -33.472  -64.063  -24.302 0.1000000015
118152  -33.254  -64.700  -23.908 0.1000000015
15725  -36.445  -66.224  -23.015 0.1000000015
23169  -35.440  -58.846  -26.623 0.1000000015
122164  -34.417  -59.888  -26.527 0.1000000015
20372  -33.856  -61.947  -26.015 0.1000000015
17617  -33.903  -64.437  -25.552 0.1000000015
17616  -33.547  -64.040  -24.992 0.1000000015
15743  -37.926  -66.243  -23.457 0.1000000015
14756  -38.478  -67.667  -22.562 0.1000000015
120689  -40.392  -67.453  -23.372 0.1000000015
23170  -36.283  -58.371  -26.447 0.1000000015
23187  -36.873  -58.116  -27.011 0.1000000015
131145  -37.567  -57.983  -26.742 0.1000000015
24098  -38.313  -57.915  -26.822 0.1000000015
24110  -38.570  -57.770  -27.482 0.1000000015
24099  -39.047  -57.898  -27.049 0.1000000015
23188  -39.923  -58.104  -27.041 0.1000000015
24111  -39.587  -57.618  -27.680 0.1000000015
17587  -35.125  -65.036  -23.077 0.1000000015
17572  -35.669  -64.699  -22.880 0.1000000015
17573  -36.495  -64.859  -22.784 0.1000000015
22235  -34.414  -59.202  -25.489 0.1000000015
117415  -33.587  -61.609  -25.281 0.1000000015
121145  -33.485  -62.704  -24.408 0.1000000015
23153  -36.513  -58.463  -25.604 0.1000000015
130548  -35.752  -58.539  -25.926 0.1000000015
121187  -35.076  -58.824  -25.783 0.1000000015
21332  -34.115  -60.431  -26.235 0.1000000015
20385  -33.844  -61.073  -25.825 0.1000000015
19465  -33.969  -62.736  -26.081 0.1000000015
15742  -37.262  -66.185  -23.336 0.1000000015
23171  -37.106  -58.202  -26.286 0.1000000015
23172  -37.999  -58.274  -26.281 0.1000000015
23155  -38.523  -58.869  -25.776 0.1000000015
125107  -39.206  -59.094  -25.887 0.1000000015
117638  -39.130  -58.493  -26.413 0.1000000015
22255  -39.887  -59.405  -26.017 0.1000000015
23173  -40.455  -58.958  -26.530 0.1000000015
121776  -41.502  -59.176  -26.508 0.1000000015
18508  -33.856  -63.284  -22.942 0.1000000015
18509  -34.352  -63.821  -22.598 0.1000000015
17571  -34.894  -64.458  -22.803 0.1000000015
18491  -35.330  -63.986  -21.453 0.1000000015
19435  -33.631  -62.479  -22.856 0.1000000015
23138  -37.150  -58.765  -25.083 0.1000000015
23137  -36.386  -58.669  -24.651 0.1000000015
23154  -37.531  -58.573  -25.674 0.1000000015
22237  -39.285  -59.659  -25.510 0.1000000015
22256  -40.821  -59.772  -26.050 0.1000000015
18490  -34.599  -63.512  -21.825 0.1000000015
19450  -33.501  -62.231  -23.731 0.1000000015
23152  -35.548  -58.597  -25.150 0.1000000015
23135  -34.941  -58.661  -24.530 0.1000000015
22234  -33.813  -59.627  -25.141 0.1000000015
21316  -33.505  -60.258  -24.842 0.1000000015
117597  -33.425  -61.328  -23.849 0.1000000015
22236  -38.141  -59.258  -25.086 0.1000000015
22221  -39.063  -60.029  -24.867 0.1000000015
22238  -40.236  -60.229  -25.716 0.1000000015
22240  -41.426  -59.744  -25.802 0.1000000015
114444  -33.652  -62.414  -22.027 0.1000000015
118246  -33.258  -60.602  -23.183 0.1000000015
109591  -33.364  -61.537  -22.999 0.1000000015
118950  -33.433  -61.737  -22.139 0.1000000015
22219  -36.670  -58.950  -23.978 0.1000000015
23119  -36.058  -58.682  -23.977 0.1000000015
22218  -34.239  -59.041  -24.591 0.1000000015
22217  -33.609  -59.623  -24.143 0.1000000015
124165  -33.295  -59.925  -23.403 0.1000000015
22220  -37.311  -59.116  -24.435 0.1000000015
22239  -40.967  -60.586  -25.721 0.1000000015
21318  -41.650  -60.897  -25.401 0.1000000015
22223  -41.917  -60.378  -25.291 0.1000000015
21271  -33.225  -59.906  -22.578 0.1000000015
23118  -35.392  -58.632  -23.643 0.1000000015
23100  -34.755  -58.707  -23.057 0.1000000015
23099  -34.064  -58.937  -23.051 0.1000000015
119224  -38.206  -59.672  -24.239 0.1000000015
21303  -39.725  -60.720  -24.854 0.1000000015
21317  -40.381  -60.859  -25.434 0.1000000015
20373  -41.119  -61.198  -25.406 0.1000000015
118709  -42.617  -61.298  -24.988 0.1000000015
22198  -37.342  -59.367  -23.507 0.1000000015
21304  -40.430  -61.237  -24.875 0.1000000015
20356  -41.950  -61.449  -25.088 0.1000000015
20357  -42.670  -61.804  -24.792 0.1000000015
122947  -42.016  -61.775  -24.703 0.1000000015
21284  -39.015  -60.321  -24.114 0.1000000015
21286  -40.616  -61.395  -23.924 0.1000000015
20355  -41.269  -61.540  -24.778 0.1000000015
20312  -41.521  -61.741  -23.961 0.1000000015
7426  -33.289  -76.726  -20.340 0.1000000015
6742  -32.418  -77.127  -21.350 0.1000000015
7441  -33.440  -76.303  -21.916 0.1000000015
6751  -33.466  -76.781  -22.601 0.1000000015
6770  -32.953  -77.877  -23.851 0.1000000015
124530  -34.794  -76.502  -23.319 0.1000000015
121839  -34.400  -74.937  -20.856 0.1000000015
7448  -34.589  -75.963  -22.873 0.1000000015
8986  -36.105  -74.737  -28.839 0.1000000015
8985  -35.494  -75.414  -28.486 0.1000000015
9670  -35.805  -73.204  -19.781 0.1000000015
10418  -36.192  -72.378  -19.989 0.2000000030
11357  -35.367  -71.494  -27.086 0.1000000015
10486  -33.591  -73.447  -26.279 0.1000000015
117038  -34.385  -74.945  -27.375 0.1000000015
9727  -33.967  -74.174  -26.854 0.1000000015
8197  -34.477  -75.602  -25.320 0.1000000015
122534  -35.034  -71.464  -20.614 0.1000000015
11289  -36.479  -71.718  -20.541 0.2000000030
11299  -34.223  -71.434  -20.717 0.1000000015
130634  -33.509  -74.367  -24.307 0.1000000015
13910  -36.019  -68.468  -26.760 0.1000000015
13027  -34.983  -69.853  -26.188 0.1000000015
11344  -34.171  -71.615  -26.162 0.1000000015
11297  -32.495  -71.271  -21.466 0.1000000015
14833  -35.599  -67.752  -26.494 0.1000000015
9686  -32.445  -73.267  -23.824 0.1000000015
18562  -36.864  -63.368  -28.580 0.1000000015
120859  -34.287  -69.970  -25.753 0.1000000015
12182  -33.896  -70.405  -25.571 0.1000000015
118120  -33.724  -71.087  -25.607 0.1000000015
11342  -32.709  -72.254  -25.133 0.1000000015
9697  -32.743  -73.481  -24.702 0.1000000015
18567  -38.378  -63.209  -29.715 0.1000000015
13860  -35.665  -67.702  -20.808 0.1000000015
130107  -35.357  -69.168  -20.708 0.1000000015
12988  -34.260  -69.871  -20.702 0.1000000015
119201  -31.909  -69.929  -22.306 0.1000000015
12156  -39.305  -71.005  -23.296 0.2000000030
12154  -31.749  -70.870  -22.258 0.1000000015
13885  -32.463  -68.310  -23.127 0.1000000015
12171  -31.926  -70.756  -23.617 0.1000000015
12161  -31.593  -70.769  -22.833 0.1000000015
10433  -31.702  -72.222  -22.896 0.1000000015
14803  -33.720  -67.836  -25.026 0.1000000015
13005  -32.516  -68.970  -23.744 0.1000000015
13879  -39.748  -68.567  -22.849 0.1000000015
23213  -37.884  -58.760  -28.860 0.1000000015
115247  -33.371  -64.777  -24.743 0.1000000015
23189  -41.146  -58.611  -27.093 0.1000000015
20354  -33.498  -61.089  -24.640 0.1000000015
19275  -44.455  -62.577  -10.261 0.5000000000
18364  -46.920  -63.177  -12.465 0.5000000000
17429  -46.604  -64.092  -12.252 0.5000000000
110048  -43.942  -61.649  -10.352 0.5000000000
20173  -44.976  -61.884  -10.101 0.5000000000
109128  -46.293  -62.982  -9.866 0.5000000000
21070  -42.070  -59.888  -9.986 0.5000000000
21097  -42.550  -60.697  -10.331 0.5000000000
18346  -48.646  -63.888  -11.572 0.5000000000
21098  -43.416  -60.782  -10.255 0.5000000000
21071  -43.035  -60.043  -9.910 0.5000000000
21099  -44.098  -60.804  -10.084 0.5000000000
21072  -43.823  -60.205  -9.774 0.4000000060
124136  -45.231  -60.606  -9.562 0.4000000060
19337  -48.264  -62.745  -14.774 0.5000000000
18408  -48.253  -63.400  -15.757 0.5000000000
127596  -49.135  -62.847  -15.560 0.5000000000
18409  -49.005  -63.162  -16.162 0.5000000000
20257  -49.306  -62.142  -16.455 0.5000000000
19372  -49.826  -62.165  -16.060 0.5000000000
21207  -48.319  -61.450  -16.398 0.4000000060
21186  -47.778  -60.971  -15.810 0.4000000060
15592  -45.989  -67.123  -12.763 0.1000000015
128440  -46.509  -64.972  -12.281 0.5000000000
20171  -42.949  -61.459  -10.471 0.5000000000
130846  -43.168  -62.153  -10.502 0.5000000000
130288  -46.619  -63.830  -9.630 0.4000000060
18345  -47.590  -64.002  -11.923 0.5000000000
22009  -41.228  -60.125  -10.201 0.5000000000
21096  -41.644  -60.728  -10.378 0.5000000000
21988  -40.113  -59.372  -9.688 0.5000000000
131177  -38.873  -58.855  -9.358 0.5000000000
22957  -39.668  -58.737  -9.323 0.5000000000
21989  -41.159  -59.403  -9.707 0.5000000000
23897  -39.073  -58.095  -9.016 0.4000000060
22958  -40.610  -58.708  -9.243 0.3000000119
21990  -42.005  -59.142  -9.476 0.5000000000
122169  -42.755  -59.287  -9.461 0.4000000060
21073  -44.557  -60.385  -9.632 0.4000000060
128401  -41.541  -58.637  -9.126 0.3000000119
20152  -46.623  -61.336  -9.574 0.6999999881
126147  -48.276  -62.083  -9.515 0.5000000000
23898  -40.099  -58.062  -8.903 0.3000000119
23899  -41.039  -58.065  -8.722 0.3000000119
22959  -42.425  -58.586  -8.996 0.3000000119
21991  -43.558  -59.497  -9.381 0.4000000060
21074  -46.172  -60.466  -9.208 0.5000000000
20153  -47.842  -61.424  -9.323 0.6000000238
109890  -50.122  -62.715  -9.339 0.6000000238
18316  -49.930  -63.662  -9.584 0.6000000238
19308  -47.847  -62.771  -12.709 0.5000000000
19336  -47.339  -62.561  -14.107 0.3000000119
22932  -41.917  -58.028  -8.572 0.3000000119
22960  -43.405  -58.685  -8.864 0.3000000119
21993  -45.277  -59.841  -9.041 0.4000000060
21076  -48.706  -60.617  -8.652 0.5000000000
121084  -50.560  -61.748  -9.357 0.6000000238
19293  -51.446  -62.039  -11.206 0.6000000238
19309  -49.732  -62.552  -12.862 0.5000000000
111224  -49.321  -62.648  -14.748 0.5000000000
21961  -44.767  -59.139  -8.673 0.4000000060
121135  -48.131  -59.943  -8.277 0.5000000000
21077  -49.996  -60.309  -8.445 0.5000000000
119974  -51.436  -61.452  -11.742 0.5000000000
19311  -51.289  -61.922  -12.406 0.5000000000
115388  -50.100  -62.460  -14.613 0.5000000000
120567  -43.912  -57.974  -8.306 0.4000000060
22935  -45.150  -58.465  -8.178 0.4000000060
21963  -47.008  -58.585  -7.724 0.5000000000
21050  -50.189  -59.320  -8.006 0.5000000000
21101  -50.882  -60.540  -10.148 0.4000000060
20198  -51.218  -61.468  -12.643 0.5000000000
20215  -50.560  -61.872  -14.811 0.5000000000
123272  -46.020  -58.300  -7.798 0.4000000060
22936  -48.444  -58.514  -7.517 0.5000000000
22012  -50.351  -59.814  -9.246 0.5000000000
21117  -50.703  -60.621  -11.317 0.4000000060
126793  -50.296  -61.230  -13.987 0.4000000060
20231  -50.060  -61.768  -15.548 0.5000000000
22916  -49.834  -58.174  -7.751 0.5000000000
22027  -49.035  -59.852  -10.788 0.4000000060
21131  -48.985  -60.544  -12.575 0.4000000060
21164  -48.453  -60.868  -14.895 0.4000000060
22974  -49.318  -58.632  -9.465 0.3000000119
21115  -48.378  -60.211  -11.733 0.4000000060
21130  -47.788  -60.339  -12.567 0.3000000119
110796  -47.139  -60.428  -13.283 0.3000000119
21163  -46.916  -60.565  -14.975 0.3000000119
13787  -46.301  -68.897  -12.256 0.1000000015
14664  -46.140  -68.256  -12.615 0.1000000015
13770  -46.624  -68.550  -11.743 0.1000000015
13788  -46.690  -68.341  -12.062 0.1000000015
113419  -47.466  -67.359  -11.422 0.4000000060
15578  -47.426  -66.779  -11.851 0.4000000060
16528  -46.972  -65.821  -12.093 0.5000000000
15579  -48.187  -66.839  -11.001 0.4000000060
16511  -48.690  -66.078  -10.978 0.5000000000
17413  -47.367  -64.986  -11.947 0.5000000000
126204  -42.433  -62.192  -10.515 0.5000000000
124542  -42.858  -62.838  -10.527 0.5000000000
19274  -43.650  -62.654  -10.423 0.5000000000
18312  -45.580  -63.724  -9.846 0.4000000060
17414  -48.571  -65.086  -11.388 0.5000000000
21069  -40.455  -60.028  -10.139 0.5000000000
21095  -40.741  -60.788  -10.362 0.5000000000
117969  -41.580  -62.219  -10.499 0.5000000000
122828  -39.193  -59.419  -9.643 0.5000000000
128469  -49.273  -65.198  -9.267 0.6000000238
24773  -38.164  -56.917  -8.639 0.4000000060
109621  -38.827  -57.319  -8.775 0.2000000030
125339  -38.145  -55.158  -8.520 0.2000000030
23877  -39.638  -57.319  -8.744 0.3000000119
23878  -40.594  -57.358  -8.610 0.3000000119
23879  -41.494  -57.399  -8.450 0.4000000060
25647  -38.879  -55.414  -8.665 0.3000000119
125747  -40.176  -56.525  -8.622 0.3000000119
26561  -38.632  -54.566  -8.559 0.3000000119
111764  -40.818  -55.760  -8.556 0.4000000060
117967  -42.022  -56.788  -8.292 0.4000000060
111787  -41.798  -55.954  -8.405 0.3000000119
119597  -42.831  -57.020  -8.202 0.4000000060
23883  -45.603  -57.644  -7.715 0.4000000060
22913  -46.885  -57.581  -7.463 0.4000000060
24776  -42.707  -56.207  -8.255 0.3000000119
24778  -44.536  -56.604  -7.858 0.3000000119
22915  -49.342  -58.072  -7.594 0.4000000060
23864  -47.732  -56.635  -7.523 0.3000000119
23901  -49.015  -57.295  -8.291 0.3000000119
22010  -48.624  -59.086  -10.343 0.4000000060
127590  -47.482  -59.983  -11.840 0.3000000119
24767  -47.937  -55.982  -7.721 0.2000000030
23884  -48.593  -56.578  -8.020 0.2000000030
22989  -47.544  -58.938  -10.709 0.3000000119
22039  -46.713  -60.020  -12.331 0.3000000119
24790  -47.872  -55.899  -8.488 0.1000000015
23914  -47.142  -57.407  -9.816 0.2000000030
114224  -46.997  -59.453  -11.470 0.4000000060
25660  -46.674  -54.945  -9.033 0.1000000015
13754  -46.507  -68.371  -11.116 0.1000000015
14645  -47.086  -68.063  -11.333 0.1000000015
14632  -46.935  -67.870  -10.166 0.2000000030
15567  -47.550  -67.409  -9.731 0.5000000000
15569  -48.805  -66.378  -10.203 0.4000000060
112145  -41.954  -63.044  -10.572 0.5000000000
18330  -43.338  -63.422  -10.364 0.4000000060
17404  -44.596  -63.986  -9.913 0.4000000060
17388  -46.405  -64.670  -9.524 0.4000000060
112441  -48.059  -66.160  -9.118 0.5000000000
15557  -48.495  -66.343  -9.498 0.5000000000
122788  -39.861  -60.728  -10.242 0.5000000000
116148  -40.825  -62.205  -10.473 0.5000000000
110054  -48.807  -65.660  -9.128 0.4000000060
22931  -37.374  -58.483  -8.826 0.4000000060
21987  -38.194  -59.483  -9.516 0.4000000060
21068  -39.580  -60.014  -10.011 0.5000000000
24772  -36.563  -56.754  -7.905 0.4000000060
22956  -38.188  -58.626  -9.153 0.5000000000
127859  -37.768  -57.369  -8.600 0.4000000060
25645  -36.576  -55.932  -7.794 0.3000000119
113767  -37.299  -56.253  -8.266 0.3000000119
109248  -37.330  -55.359  -8.212 0.3000000119
26550  -36.849  -54.533  -7.907 0.2000000030
29549  -36.388  -52.209  -6.975 0.1000000015
28597  -37.697  -52.989  -8.108 0.3000000119
29550  -37.575  -52.214  -7.986 0.1000000015
27549  -38.299  -53.638  -8.376 0.3000000119
25648  -40.452  -54.889  -8.638 0.3000000119
126859  -38.472  -52.576  -8.328 0.2000000030
125244  -39.043  -53.216  -8.466 0.2000000030
27551  -40.631  -53.414  -8.524 0.2000000030
25649  -42.584  -55.321  -8.402 0.2000000030
25651  -44.473  -55.784  -7.840 0.2000000030
27552  -41.510  -53.487  -8.493 0.2000000030
26566  -43.455  -54.719  -8.195 0.2000000030
24764  -45.521  -55.889  -7.534 0.2000000030
27553  -42.395  -53.622  -8.407 0.2000000030
26567  -44.409  -54.974  -7.775 0.1000000015
24766  -47.466  -55.893  -7.458 0.2000000030
24780  -48.137  -55.960  -7.927 0.2000000030
124794  -43.979  -53.417  -7.716 0.1000000015
25638  -46.631  -55.146  -7.210 0.1000000015
24779  -47.940  -55.395  -7.921 0.1000000015
23900  -47.002  -56.575  -9.475 0.1000000015
123228  -46.821  -53.661  -6.921 0.1000000015
26569  -47.490  -54.529  -7.549 0.1000000015
25661  -47.590  -55.177  -8.348 0.1000000015
26577  -47.528  -54.487  -8.074 0.1000000015
26576  -46.470  -54.063  -8.831 0.1000000015
27559  -46.074  -53.247  -8.874 0.1000000015
112751  -46.306  -67.724  -9.655 0.3000000119
126069  -46.837  -67.344  -9.317 0.3000000119
15554  -44.024  -66.978  -9.497 0.3000000119
15555  -45.069  -67.219  -9.570 0.3000000119
15568  -48.225  -67.042  -9.938 0.4000000060
16486  -43.903  -65.935  -9.671 0.3000000119
114045  -44.781  -66.594  -9.441 0.3000000119
16489  -47.055  -66.533  -9.063 0.5000000000
15556  -47.816  -66.948  -9.257 0.5000000000
17401  -41.504  -64.540  -10.326 0.4000000060
17402  -42.402  -64.367  -10.322 0.5000000000
17386  -44.274  -64.900  -9.842 0.4000000060
17387  -45.307  -64.776  -9.690 0.4000000060
16490  -47.304  -65.545  -9.188 0.5000000000
21986  -37.128  -60.004  -9.376 0.4000000060
20166  -38.478  -61.823  -10.074 0.4000000060
20168  -40.083  -61.710  -10.389 0.5000000000
19273  -41.039  -62.899  -10.534 0.5000000000
115490  -35.410  -58.106  -6.824 0.4000000060
22912  -35.879  -58.240  -7.669 0.4000000060
22955  -37.458  -59.157  -9.198 0.4000000060
117633  -37.907  -60.286  -9.721 0.5000000000
24759  -35.444  -56.181  -6.473 0.4000000060
24763  -35.859  -56.475  -7.245 0.4000000060
125694  -35.380  -56.788  -6.058 0.4000000060
25626  -35.508  -54.876  -5.422 0.3000000119
25635  -35.910  -55.598  -7.171 0.3000000119
26544  -35.474  -54.228  -5.923 0.3000000119
26549  -36.084  -54.742  -7.243 0.3000000119
28563  -35.778  -52.755  -5.089 0.3000000119
28576  -35.912  -52.666  -6.111 0.2000000030
30455  -36.796  -50.743  -5.313 0.1000000015
29539  -36.787  -51.311  -7.010 0.1000000015
30495  -37.340  -50.581  -7.390 0.1000000015
116377  -37.896  -50.694  -8.031 0.1000000015
28598  -39.444  -52.585  -8.467 0.2000000030
30501  -37.813  -49.922  -7.701 0.1000000015
128600  -38.340  -50.092  -8.180 0.1000000015
28599  -40.312  -52.664  -8.498 0.2000000030
29559  -39.623  -51.214  -8.465 0.2000000030
115801  -40.869  -51.973  -8.484 0.2000000030
128462  -42.120  -52.839  -8.396 0.1000000015
119291  -41.768  -52.074  -8.399 0.1000000015
129174  -43.581  -52.255  -7.797 0.1000000015
27541  -45.016  -53.341  -7.241 0.1000000015
114938  -47.192  -53.876  -7.390 0.1000000015
28591  -45.412  -52.646  -7.019 0.1000000015
27542  -46.333  -53.203  -6.838 0.1000000015
27555  -47.315  -52.960  -7.354 0.1000000015
28601  -47.441  -52.322  -7.051 0.1000000015
28605  -47.462  -52.199  -7.720 0.1000000015
29568  -46.709  -51.798  -9.027 0.1000000015
29586  -47.088  -51.474  -9.425 0.1000000015
114859  -43.115  -67.336  -9.321 0.3000000119
14621  -43.923  -67.757  -9.659 0.2000000030
15553  -42.334  -66.698  -9.411 0.3000000119
16485  -42.100  -65.213  -10.062 0.4000000060
16484  -41.289  -65.720  -9.785 0.3000000119
20149  -36.859  -61.683  -9.401 0.3000000119
20150  -37.613  -61.733  -9.782 0.3000000119
19256  -37.888  -62.543  -9.861 0.4000000060
17399  -39.650  -64.154  -10.246 0.4000000060
17383  -39.765  -65.058  -9.870 0.3000000119
118198  -35.404  -58.862  -6.710 0.3000000119
21985  -36.356  -60.168  -8.770 0.3000000119
18311  -38.747  -63.898  -10.080 0.4000000060
16482  -39.407  -65.852  -9.381 0.3000000119
24754  -35.888  -56.363  -5.051 0.3000000119
23849  -35.447  -57.579  -6.186 0.3000000119
24753  -35.479  -55.984  -5.622 0.3000000119
26538  -36.414  -54.810  -4.542 0.3000000119
25627  -35.765  -55.386  -4.925 0.3000000119
27504  -36.982  -53.314  -4.096 0.3000000119
26536  -35.539  -54.117  -5.256 0.3000000119
27503  -36.255  -52.871  -4.412 0.3000000119
28546  -36.201  -52.058  -4.772 0.2000000030
30456  -37.211  -50.588  -4.654 0.1000000015
31318  -38.384  -49.562  -4.416 0.1000000015
31319  -39.150  -49.210  -4.061 0.1000000015
30482  -37.099  -50.178  -6.092 0.1000000015
32228  -39.149  -48.082  -5.159 0.1000000015
31344  -37.877  -49.022  -6.126 0.1000000015
32236  -38.253  -48.454  -6.640 0.1000000015
31355  -38.414  -49.266  -8.027 0.1000000015
30503  -39.707  -50.464  -8.523 0.2000000030
31357  -39.835  -49.587  -8.638 0.2000000030
113355  -40.532  -50.221  -8.623 0.2000000030
30505  -41.877  -50.723  -8.598 0.1000000015
31366  -40.700  -49.431  -8.842 0.1000000015
30506  -42.813  -50.741  -8.499 0.1000000015
29563  -43.440  -51.472  -7.995 0.1000000015
30507  -43.855  -50.656  -8.181 0.1000000015
29552  -45.396  -51.399  -7.141 0.1000000015
29564  -44.417  -51.194  -7.621 0.1000000015
29553  -46.590  -51.755  -6.751 0.1000000015
29565  -47.625  -51.749  -7.225 0.1000000015
30510  -47.811  -50.632  -7.085 0.1000000015
29569  -47.710  -51.719  -8.000 0.1000000015
29566  -48.225  -51.136  -7.241 0.1000000015
113381  -48.146  -51.344  -8.112 0.1000000015
29587  -48.138  -51.354  -9.139 0.1000000015
29606  -47.173  -51.427  -10.419 0.1000000015
14620  -42.690  -68.188  -9.245 0.2000000030
14602  -41.726  -68.689  -8.702 0.2000000030
14619  -42.088  -67.727  -9.025 0.3000000119
13703  -40.490  -68.510  -7.758 0.2000000030
15537  -41.333  -67.133  -9.122 0.3000000119
19255  -37.101  -62.479  -9.489 0.3000000119
18310  -38.248  -63.252  -9.929 0.3000000119
16483  -40.281  -65.819  -9.616 0.3000000119
21933  -35.595  -59.557  -7.043 0.3000000119
21045  -35.822  -60.200  -7.761 0.3000000119
20148  -36.418  -61.640  -8.840 0.3000000119
18309  -37.385  -63.380  -9.476 0.3000000119
17381  -38.268  -64.563  -9.526 0.3000000119
16481  -38.713  -65.366  -9.344 0.3000000119
122617  -36.123  -57.130  -5.220 0.3000000119
22889  -35.764  -58.577  -5.793 0.3000000119
17380  -37.562  -64.272  -9.146 0.3000000119
17369  -37.984  -65.051  -8.884 0.3000000119
16468  -38.336  -65.715  -8.670 0.2000000030
16469  -38.841  -66.185  -8.834 0.2000000030
25606  -37.514  -55.161  -4.534 0.2000000030
25628  -36.589  -55.787  -4.709 0.2000000030
27505  -37.998  -53.598  -4.043 0.3000000119
121477  -37.609  -52.663  -3.858 0.3000000119
129595  -36.853  -52.696  -4.066 0.3000000119
28548  -37.725  -51.769  -3.802 0.2000000030
30457  -37.949  -50.399  -4.103 0.1000000015
29497  -39.530  -51.371  -3.519 0.2000000030
30436  -39.493  -50.446  -3.543 0.1000000015
31296  -39.647  -49.681  -3.644 0.1000000015
32207  -41.090  -48.238  -3.968 0.1000000015
32180  -43.376  -48.917  -3.680 0.1000000015
32182  -45.566  -48.387  -3.526 0.1000000015
32206  -40.284  -48.261  -4.144 0.1000000015
120185  -41.535  -47.708  -4.292 0.1000000015
33083  -43.337  -47.423  -4.286 0.1000000015
33085  -45.231  -47.152  -3.880 0.1000000015
33955  -46.063  -47.587  -3.615 0.1000000015
33057  -48.110  -47.563  -3.469 0.1000000015
33100  -39.483  -47.410  -5.543 0.1000000015
33102  -40.918  -46.893  -5.044 0.1000000015
33995  -42.483  -46.147  -5.196 0.1000000015
33975  -44.635  -46.497  -4.306 0.1000000015
126242  -46.162  -46.068  -4.187 0.1000000015
33977  -46.902  -46.278  -3.985 0.1000000015
33113  -38.645  -47.823  -7.080 0.1000000015
121222  -39.532  -46.470  -6.872 0.1000000015
33120  -38.818  -47.864  -7.704 0.1000000015
33122  -39.831  -47.810  -8.851 0.2000000030
32248  -40.021  -48.675  -8.837 0.1000000015
32253  -40.926  -48.682  -9.173 0.1000000015
31359  -42.205  -50.071  -8.859 0.1000000015
31368  -42.495  -49.365  -9.229 0.1000000015
31361  -44.339  -49.877  -8.527 0.1000000015
30497  -46.156  -50.913  -6.996 0.1000000015
30509  -46.777  -50.486  -7.141 0.1000000015
31362  -46.139  -49.890  -7.745 0.1000000015
30511  -48.288  -49.940  -7.296 0.1000000015
30514  -48.745  -50.261  -7.312 0.1000000015
121583  -40.655  -66.178  -6.089 0.2000000030
14600  -39.990  -67.873  -8.135 0.2000000030
15536  -40.340  -67.282  -8.774 0.3000000119
15551  -40.742  -66.496  -9.332 0.3000000119
16431  -40.018  -65.645  -6.371 0.2000000030
15501  -39.592  -66.810  -6.543 0.2000000030
14599  -39.422  -67.405  -7.800 0.2000000030
126688  -39.629  -67.261  -8.408 0.3000000119
15550  -39.701  -66.588  -9.006 0.3000000119
21026  -36.290  -60.582  -7.005 0.3000000119
20130  -36.562  -61.855  -7.540 0.3000000119
18285  -36.715  -63.251  -7.963 0.3000000119
109081  -37.098  -64.046  -7.857 0.3000000119
21921  -36.165  -59.309  -5.855 0.3000000119
21027  -36.725  -60.583  -6.628 0.3000000119
19236  -36.838  -62.612  -7.470 0.3000000119
110892  -37.234  -63.276  -7.327 0.3000000119
17353  -37.537  -64.546  -8.419 0.3000000119
24737  -38.904  -56.219  -5.098 0.2000000030
23836  -36.914  -57.672  -5.244 0.3000000119
15519  -38.473  -66.242  -8.106 0.2000000030
25607  -38.808  -55.438  -4.802 0.2000000030
26518  -38.356  -54.490  -4.366 0.2000000030
26519  -39.432  -54.681  -4.502 0.2000000030
27506  -39.071  -53.846  -4.119 0.3000000119
27507  -40.062  -54.092  -4.191 0.3000000119
27483  -38.705  -52.999  -3.812 0.3000000119
28525  -39.335  -52.292  -3.628 0.2000000030
27484  -39.729  -53.225  -3.838 0.3000000119
28526  -40.369  -52.514  -3.597 0.2000000030
111763  -41.151  -52.008  -3.465 0.2000000030
29499  -41.128  -51.014  -3.369 0.2000000030
30438  -42.990  -49.830  -3.434 0.1000000015
34005  -41.010  -45.796  -5.996 0.1000000015
34937  -42.875  -45.452  -5.629 0.1000000015
34916  -44.196  -45.527  -4.977 0.1000000015
34939  -44.680  -45.051  -5.246 0.1000000015
34011  -39.939  -45.896  -7.144 0.1000000015
34955  -40.616  -45.538  -6.872 0.1000000015
34956  -41.479  -45.238  -6.532 0.1000000015
35881  -43.786  -44.534  -6.251 0.1000000015
34015  -39.554  -46.690  -8.245 0.1000000015
34969  -40.260  -45.554  -7.840 0.1000000015
34979  -40.924  -44.979  -8.367 0.1000000015
35920  -41.612  -44.530  -7.917 0.1000000015
35921  -42.376  -44.173  -7.630 0.1000000015
33126  -39.749  -47.126  -8.738 0.1000000015
34021  -40.599  -46.360  -9.511 0.1000000015
34984  -41.066  -45.023  -9.278 0.1000000015
34034  -41.288  -46.207  -10.036 0.1000000015
122613  -41.084  -47.923  -9.557 0.1000000015
33128  -42.020  -47.766  -9.951 0.1000000015
32274  -43.055  -47.975  -10.191 0.1000000015
32255  -42.756  -48.633  -9.675 0.1000000015
31369  -43.473  -49.314  -9.272 0.1000000015
31370  -44.418  -49.136  -9.297 0.1000000015
30508  -45.320  -50.013  -7.974 0.1000000015
31363  -47.201  -49.960  -7.450 0.1000000015
17340  -42.227  -64.234  -6.447 0.3000000119
128239  -40.550  -63.736  -6.675 0.3000000119
17337  -39.475  -65.190  -6.601 0.3000000119
16430  -38.983  -66.073  -6.766 0.2000000030
15520  -38.923  -66.786  -7.452 0.2000000030
17338  -39.461  -64.317  -6.719 0.3000000119
17355  -38.699  -65.291  -6.911 0.3000000119
16451  -38.369  -65.976  -7.429 0.3000000119
15535  -39.052  -66.840  -8.288 0.2000000030
21934  -36.808  -59.932  -6.120 0.3000000119
20116  -38.294  -61.064  -6.591 0.3000000119
113724  -38.137  -62.894  -6.920 0.3000000119
109171  -38.343  -64.560  -6.992 0.3000000119
23822  -38.852  -57.451  -5.209 0.2000000030
21922  -37.107  -59.283  -5.694 0.3000000119
21923  -38.215  -59.287  -5.810 0.3000000119
112973  -39.686  -56.029  -5.029 0.2000000030
25609  -40.486  -55.758  -4.729 0.2000000030
26520  -40.361  -54.927  -4.531 0.2000000030
128903  -41.203  -53.995  -3.904 0.3000000119
120786  -41.262  -52.861  -3.559 0.2000000030
130215  -41.788  -52.380  -3.438 0.2000000030
34035  -42.123  -46.156  -10.533 0.1000000015
33143  -43.437  -47.379  -10.665 0.1000000015
32257  -44.429  -48.599  -9.897 0.1000000015
18270  -43.095  -63.312  -6.322 0.1000000015
125734  -42.647  -62.680  -6.181 0.2000000030
18269  -42.103  -63.333  -6.417 0.3000000119
18268  -41.302  -63.187  -6.507 0.3000000119
130808  -40.653  -63.004  -6.588 0.3000000119
20132  -38.893  -61.726  -6.694 0.3000000119
20117  -39.794  -61.661  -6.471 0.3000000119
22892  -38.838  -58.711  -5.475 0.3000000119
21029  -38.612  -60.127  -6.215 0.3000000119
110683  -39.279  -60.922  -6.361 0.3000000119
23823  -39.830  -57.501  -4.891 0.2000000030
24738  -40.312  -56.648  -4.696 0.2000000030
24739  -41.145  -56.130  -4.363 0.1000000015
27508  -40.897  -54.384  -4.169 0.2000000030
128854  -42.234  -55.997  -3.762 0.1000000015
25610  -41.958  -55.194  -3.979 0.2000000030
26498  -41.641  -54.451  -3.898 0.2000000030
26499  -42.436  -54.694  -3.709 0.2000000030
128974  -42.871  -54.123  -3.459 0.3000000119
19224  -41.916  -62.564  -6.209 0.3000000119
119930  -41.108  -62.432  -6.336 0.3000000119
20118  -40.743  -61.613  -6.100 0.3000000119
21910  -39.770  -58.907  -5.205 0.3000000119
21924  -39.260  -59.451  -5.745 0.3000000119
21015  -39.715  -60.199  -5.994 0.3000000119
22880  -40.248  -58.369  -4.542 0.2000000030
23824  -40.422  -57.549  -4.133 0.2000000030
24725  -40.857  -56.895  -3.780 0.1000000015
24726  -41.742  -56.401  -3.615 0.1000000015
24727  -42.679  -56.248  -3.366 0.1000000015
25594  -42.553  -55.545  -3.717 0.1000000015
26500  -43.291  -54.892  -3.469 0.1000000015
126243  -41.324  -61.292  -5.653 0.3000000119
120780  -41.432  -60.819  -5.252 0.2000000030
21031  -40.814  -60.840  -5.652 0.3000000119
21030  -40.136  -60.901  -6.020 0.3000000119
130961  -40.355  -60.382  -5.679 0.3000000119
21911  -40.442  -59.260  -4.661 0.3000000119
22875  -40.731  -58.265  -3.483 0.2000000030
23792  -41.873  -57.928  -2.244 0.1000000015
22876  -41.149  -58.150  -2.684 0.1000000015
22866  -42.370  -58.745  -1.336 0.1000000015
24707  -42.112  -56.962  -2.684 0.1000000015
23793  -42.622  -57.641  -1.907 0.1000000015
24708  -43.130  -56.839  -2.579 0.1000000015
24728  -43.475  -56.307  -3.191 0.1000000015
24709  -43.932  -56.652  -2.973 0.1000000015
112527  -41.378  -60.448  -4.739 0.2000000030
126848  -40.716  -59.936  -4.845 0.2000000030
21016  -40.829  -60.350  -5.290 0.2000000030
21903  -40.789  -59.069  -3.784 0.2000000030
21900  -41.253  -59.089  -2.853 0.1000000015
22865  -41.789  -59.036  -2.048 0.1000000015
119922  -43.315  -57.523  -1.799 0.1000000015
23794  -44.067  -57.256  -2.248 0.1000000015
22854  -42.764  -58.824  -0.443 0.1000000015
23777  -43.117  -58.279  -1.152 0.1000000015
22855  -43.541  -58.563  -0.395 0.1000000015
23778  -43.844  -58.022  -1.248 0.1000000015
22836  -42.436  -58.963  -0.070 0.1000000015
22837  -43.128  -58.777  0.051 0.1000000015
22838  -43.955  -58.626  0.017 0.1000000015
19259  -48.085  -62.815  -9.488 0.4000000060
19257  -45.961  -62.058  -9.944 0.5000000000
20172  -44.723  -61.081  -9.984 0.5000000000
20151  -45.581  -61.233  -9.776 0.5000000000
19258  -47.154  -62.270  -9.691 0.6000000238
109745  -48.915  -64.768  -9.083 0.5000000000
19325  -47.060  -62.639  -13.209 0.5000000000
109408  -47.672  -64.507  -9.320 0.4000000060
19260  -49.154  -62.663  -9.333 0.5000000000
17415  -49.533  -64.594  -10.699 0.5000000000
18314  -48.536  -63.710  -9.313 0.6000000238
18347  -49.576  -63.611  -11.247 0.5000000000
18407  -46.995  -63.379  -15.665 0.5000000000
17389  -49.541  -64.504  -9.354 0.5000000000
18382  -45.519  -62.901  -13.286 0.5000000000
18348  -49.981  -63.935  -10.510 0.5000000000
19326  -48.270  -62.571  -13.741 0.4000000060
19350  -50.230  -62.178  -15.510 0.5000000000
21208  -49.120  -61.763  -16.391 0.4000000060
20256  -48.641  -61.914  -16.801 0.4000000060
110036  -49.572  -61.016  -14.355 0.4000000060
110104  -47.455  -60.590  -14.161 0.3000000119
21145  -48.436  -60.639  -13.636 0.4000000060
15593  -46.888  -67.600  -12.151 0.2000000030
18331  -44.790  -63.253  -10.096 0.5000000000
18313  -47.368  -63.354  -9.553 0.4000000060
21992  -44.324  -59.689  -9.262 0.3000000119
21075  -47.357  -60.664  -9.003 0.4000000060
118028  -49.924  -61.916  -9.232 0.6000000238
21960  -44.051  -59.121  -8.924 0.4000000060
121213  -47.056  -60.034  -8.577 0.5000000000
20154  -49.288  -61.451  -9.089 0.6000000238
19261  -50.864  -62.035  -9.679 0.6000000238
19277  -50.540  -62.880  -9.968 0.6000000238
116614  -50.325  -63.187  -10.792 0.5000000000
110634  -48.762  -62.611  -13.006 0.5000000000
21962  -45.715  -59.019  -8.273 0.4000000060
21047  -46.408  -59.574  -8.456 0.4000000060
21049  -49.407  -59.670  -8.023 0.5000000000
20174  -51.360  -61.514  -9.998 0.6000000238
20155  -50.507  -61.005  -8.932 0.5000000000
110249  -50.910  -62.463  -11.574 0.5000000000
131475  -51.000  -62.585  -10.701 0.5000000000
118110  -50.536  -62.253  -13.855 0.5000000000
19292  -49.987  -62.821  -11.846 0.5000000000
22934  -44.307  -58.573  -8.503 0.4000000060
22933  -42.893  -57.864  -8.436 0.4000000060
21048  -47.601  -59.329  -7.976 0.5000000000
21078  -50.706  -60.479  -9.153 0.5000000000
21118  -51.312  -60.974  -11.031 0.4000000060
21102  -51.319  -61.000  -10.024 0.5000000000
19339  -50.884  -61.936  -14.101 0.5000000000
127947  -44.693  -58.023  -8.119 0.4000000060
23881  -43.705  -57.237  -8.136 0.3000000119
21965  -49.771  -58.892  -7.636 0.5000000000
21994  -50.216  -58.816  -7.919 0.5000000000
20206  -50.758  -61.553  -13.954 0.5000000000
21946  -49.879  -58.406  -7.655 0.5000000000
21100  -50.146  -60.161  -10.380 0.4000000060
21146  -49.775  -60.845  -13.443 0.4000000060
21116  -49.560  -60.388  -11.543 0.4000000060
22961  -49.355  -57.950  -8.828 0.4000000060
23885  -49.131  -57.472  -7.892 0.4000000060
125313  -50.069  -58.705  -8.494 0.4000000060
109101  -43.053  -64.075  -10.275 0.5000000000
123398  -49.269  -65.606  -10.454 0.5000000000
115714  -38.712  -60.116  -9.859 0.5000000000
127850  -48.284  -65.421  -9.088 0.5000000000
129577  -37.757  -56.534  -8.478 0.3000000119
26560  -37.750  -54.487  -8.332 0.2000000030
110530  -39.812  -55.623  -8.678 0.3000000119
24775  -41.151  -56.634  -8.460 0.4000000060
26562  -39.219  -53.935  -8.544 0.3000000119
127959  -41.558  -54.954  -8.555 0.3000000119
24777  -43.602  -56.436  -8.106 0.3000000119
23882  -44.630  -57.393  -7.945 0.3000000119
22914  -48.290  -57.507  -7.504 0.3000000119
23862  -45.544  -56.725  -7.598 0.3000000119
25650  -43.522  -55.592  -8.159 0.2000000030
23863  -46.654  -56.733  -7.434 0.3000000119
23865  -48.391  -56.589  -7.813 0.3000000119
24765  -46.588  -55.919  -7.360 0.2000000030
23915  -48.269  -57.593  -9.347 0.3000000119
22973  -48.347  -58.399  -9.855 0.4000000060
24791  -48.190  -56.669  -8.746 0.2000000030
22972  -47.296  -58.198  -10.284 0.3000000119
22988  -46.582  -58.810  -10.994 0.2000000030
25640  -47.746  -55.360  -7.671 0.2000000030
24788  -45.632  -55.672  -9.716 0.1000000015
26568  -47.341  -53.697  -7.651 0.1000000015
128465  -41.939  -63.852  -10.497 0.4000000060
18328  -41.234  -63.709  -10.518 0.4000000060
17403  -43.747  -64.092  -10.087 0.5000000000
16488  -46.142  -65.708  -9.304 0.4000000060
21094  -39.174  -61.286  -10.208 0.5000000000
22930  -36.581  -58.387  -8.348 0.4000000060
25636  -36.543  -55.223  -7.711 0.3000000119
27540  -36.301  -53.774  -7.373 0.2000000030
28589  -36.871  -52.818  -7.624 0.2000000030
128373  -36.973  -51.972  -7.498 0.1000000015
29538  -36.313  -51.779  -6.202 0.1000000015
27550  -39.781  -53.322  -8.515 0.2000000030
116680  -39.080  -51.782  -8.426 0.2000000030
26564  -40.994  -54.164  -8.552 0.2000000030
26565  -42.509  -54.438  -8.445 0.2000000030
28600  -41.199  -52.742  -8.487 0.2000000030
27554  -43.316  -53.877  -8.189 0.1000000015
26551  -44.435  -54.104  -7.641 0.1000000015
131585  -45.331  -54.488  -7.354 0.1000000015
25637  -45.478  -55.109  -7.432 0.2000000030
25639  -47.376  -55.214  -7.342 0.2000000030
26552  -45.827  -53.861  -7.091 0.1000000015
28590  -44.240  -52.760  -7.509 0.1000000015
26554  -47.332  -54.668  -7.280 0.1000000015
26555  -47.555  -54.876  -7.510 0.1000000015
25652  -47.739  -54.922  -7.727 0.1000000015
24789  -46.813  -55.783  -9.235 0.1000000015
129752  -47.398  -53.383  -7.274 0.1000000015
131487  -47.178  -53.052  -8.030 0.1000000015
28604  -46.586  -52.426  -8.694 0.1000000015
14622  -45.314  -67.777  -9.794 0.3000000119
123999  -45.983  -67.380  -9.461 0.3000000119
126705  -43.249  -66.562  -9.508 0.3000000119
114128  -45.869  -66.792  -9.214 0.3000000119
17385  -43.185  -64.927  -10.079 0.3000000119
118003  -42.801  -65.863  -9.757 0.3000000119
16487  -45.026  -65.781  -9.540 0.3000000119
18327  -40.385  -63.527  -10.466 0.4000000060
17400  -40.563  -64.361  -10.325 0.4000000060
17384  -40.816  -65.110  -10.055 0.4000000060
21959  -36.610  -59.280  -8.758 0.4000000060
20167  -39.186  -61.969  -10.262 0.4000000060
18326  -39.565  -63.330  -10.358 0.4000000060
22929  -35.891  -59.038  -8.053 0.4000000060
25631  -35.504  -55.123  -6.337 0.3000000119
26516  -36.271  -53.858  -4.436 0.3000000119
29527  -36.367  -51.465  -5.381 0.2000000030
31317  -37.665  -49.895  -4.818 0.1000000015
116441  -37.027  -50.551  -6.755 0.1000000015
32235  -37.791  -49.079  -6.885 0.1000000015
115802  -39.976  -51.896  -8.477 0.2000000030
32241  -38.335  -48.571  -7.428 0.1000000015
30502  -38.995  -49.850  -8.456 0.2000000030
29560  -40.481  -51.116  -8.504 0.1000000015
29561  -41.421  -51.333  -8.492 0.1000000015
122536  -42.712  -52.162  -8.181 0.1000000015
29562  -42.336  -51.417  -8.382 0.1000000015
29551  -44.552  -51.957  -7.358 0.1000000015
28592  -46.568  -52.511  -6.738 0.1000000015
27543  -47.236  -53.010  -6.997 0.1000000015
28593  -47.219  -52.292  -6.818 0.1000000015
29554  -47.384  -51.837  -6.889 0.1000000015
29555  -47.677  -51.343  -7.058 0.1000000015
13740  -44.228  -68.432  -10.123 0.2000000030
15552  -41.552  -66.384  -9.483 0.3000000119
19254  -36.622  -62.343  -9.073 0.3000000119
18325  -38.943  -63.115  -10.206 0.4000000060
22900  -35.485  -58.395  -6.255 0.3000000119
110800  -35.618  -57.082  -5.618 0.3000000119
28547  -36.826  -52.024  -4.142 0.1000000015
32204  -38.768  -48.803  -4.792 0.1000000015
30435  -38.833  -49.966  -3.810 0.1000000015
32177  -40.639  -48.788  -3.753 0.1000000015
32205  -39.511  -48.489  -4.405 0.1000000015
31333  -38.087  -49.203  -5.237 0.1000000015
32227  -38.480  -48.430  -5.740 0.1000000015
33080  -39.875  -47.765  -4.776 0.1000000015
33108  -39.104  -47.268  -6.476 0.1000000015
31356  -39.189  -48.968  -8.460 0.1000000015
30504  -41.138  -50.693  -8.580 0.1000000015
31358  -41.337  -50.083  -8.756 0.1000000015
31367  -41.573  -49.377  -9.066 0.1000000015
30496  -45.037  -50.615  -7.664 0.1000000015
13720  -41.098  -68.898  -8.125 0.2000000030
14601  -40.915  -68.117  -8.576 0.2000000030
128350  -36.059  -59.914  -6.551 0.3000000119
21037  -36.246  -60.954  -7.582 0.3000000119
19248  -36.424  -62.230  -8.543 0.3000000119
18298  -36.977  -63.700  -8.684 0.3000000119
24755  -36.755  -56.710  -4.967 0.3000000119
22890  -36.513  -58.577  -5.503 0.3000000119
24736  -37.835  -56.169  -4.888 0.3000000119
29496  -38.697  -50.787  -3.648 0.1000000015
29498  -40.397  -51.623  -3.476 0.2000000030
111762  -40.223  -50.819  -3.443 0.1000000015
30437  -40.663  -50.311  -3.417 0.1000000015
32178  -41.432  -49.065  -3.607 0.1000000015
32179  -42.451  -48.990  -3.658 0.1000000015
32209  -42.884  -48.219  -4.028 0.1000000015
32181  -44.235  -48.813  -3.640 0.1000000015
33054  -43.813  -48.128  -3.921 0.1000000015
129019  -45.408  -47.781  -3.680 0.1000000015
33055  -44.775  -48.045  -3.739 0.1000000015
33972  -41.535  -47.104  -4.704 0.1000000015
33973  -42.156  -46.749  -4.828 0.1000000015
33084  -44.266  -47.310  -4.093 0.1000000015
33974  -42.924  -46.719  -4.691 0.1000000015
33976  -46.076  -46.704  -3.860 0.1000000015
121708  -45.457  -46.264  -4.209 0.1000000015
33956  -46.710  -47.029  -3.659 0.1000000015
33056  -47.078  -47.775  -3.482 0.1000000015
33957  -47.472  -46.930  -3.678 0.1000000015
34003  -39.797  -46.731  -5.974 0.1000000015
33994  -41.522  -46.395  -5.299 0.1000000015
33993  -40.596  -46.468  -5.617 0.1000000015
33996  -43.451  -45.905  -4.967 0.1000000015
34936  -41.953  -45.654  -5.793 0.1000000015
34917  -44.900  -45.670  -4.652 0.1000000015
34918  -45.801  -45.595  -4.570 0.1000000015
33978  -47.863  -46.236  -4.008 0.1000000015
33114  -39.157  -47.084  -7.514 0.1000000015
34004  -40.202  -46.098  -6.384 0.1000000015
33121  -39.271  -47.555  -8.269 0.1000000015
122482  -40.357  -47.251  -9.285 0.1000000015
32254  -41.810  -48.629  -9.462 0.1000000015
16432  -41.238  -65.092  -6.372 0.2000000030
124769  -39.473  -67.400  -7.188 0.2000000030
112077  -40.387  -64.638  -6.574 0.3000000119
20114  -36.668  -61.219  -7.081 0.3000000119
17354  -37.701  -64.716  -7.638 0.3000000119
20115  -37.334  -61.229  -6.774 0.3000000119
125198  -37.384  -62.579  -7.093 0.3000000119
18286  -37.778  -63.922  -7.139 0.3000000119
16450  -38.006  -65.444  -8.111 0.3000000119
23821  -37.808  -57.076  -5.168 0.3000000119
25608  -39.791  -55.371  -4.770 0.2000000030
118405  -37.721  -58.488  -5.471 0.3000000119
27485  -40.727  -53.532  -3.837 0.3000000119
124930  -41.332  -50.043  -3.400 0.1000000015
109407  -42.191  -50.650  -3.331 0.2000000030
31298  -42.073  -49.711  -3.461 0.1000000015
34938  -43.793  -45.090  -5.522 0.1000000015
123550  -46.254  -45.054  -4.985 0.1000000015
34970  -41.091  -45.026  -7.420 0.1000000015
34958  -43.158  -44.892  -6.076 0.1000000015
35901  -41.935  -44.644  -7.038 0.1000000015
34983  -40.394  -45.646  -8.887 0.1000000015
120167  -40.897  -45.667  -9.631 0.1000000015
33127  -41.131  -47.069  -9.862 0.1000000015
33141  -41.798  -46.877  -10.224 0.1000000015
32256  -43.673  -48.643  -9.808 0.1000000015
17339  -41.339  -64.035  -6.609 0.3000000119
18288  -39.879  -63.256  -6.722 0.3000000119
18287  -38.816  -63.585  -6.825 0.3000000119
21028  -37.548  -60.474  -6.379 0.3000000119
115149  -37.966  -61.963  -6.888 0.3000000119
19237  -39.236  -62.532  -6.745 0.3000000119
22891  -38.577  -58.117  -5.333 0.3000000119
111199  -39.414  -56.762  -5.086 0.2000000030
26521  -41.236  -55.278  -4.336 0.2000000030
125993  -41.512  -53.631  -3.695 0.2000000030
109893  -42.023  -53.066  -3.483 0.2000000030
28527  -42.570  -52.340  -3.308 0.2000000030
119582  -44.042  -63.556  -6.275 0.1000000015
20120  -42.617  -61.959  -5.806 0.2000000030
19223  -40.271  -62.405  -6.544 0.3000000119
22879  -39.392  -58.173  -5.148 0.3000000119
25593  -41.843  -55.779  -4.029 0.1000000015
20119  -41.623  -61.865  -5.927 0.3000000119
21925  -40.190  -59.758  -5.403 0.3000000119
23811  -40.801  -57.585  -3.299 0.2000000030
23812  -41.272  -57.257  -2.932 0.1000000015
21912  -40.937  -59.809  -4.148 0.2000000030
18406  -45.865  -63.306  -15.646 0.3000000119
17490  -44.647  -64.828  -16.383 0.3000000119
126475  -45.405  -64.178  -16.144 0.3000000119
119557  -40.980  -70.223  -17.433 0.2000000030
11254  -39.398  -71.670  -16.558 0.2000000030
16597  -43.511  -65.688  -16.671 0.4000000060
14728  -43.272  -67.636  -17.440 0.3000000119
109788  -45.551  -64.992  -16.656 0.4000000060
15669  -43.586  -66.674  -17.165 0.3000000119
13844  -41.864  -68.625  -17.469 0.3000000119
18426  -46.713  -64.110  -16.270 0.4000000060
128942  -44.449  -66.876  -17.376 0.4000000060
120534  -42.582  -69.518  -17.508 0.3000000119
12125  -41.560  -71.038  -17.403 0.2000000030
16599  -46.074  -65.500  -17.100 0.4000000060
15659  -45.685  -66.222  -17.355 0.4000000060
131365  -43.935  -68.307  -17.657 0.4000000060
17492  -47.322  -64.623  -16.849 0.4000000060
18427  -47.822  -64.114  -16.336 0.4000000060
11268  -41.207  -71.745  -17.102 0.3000000119
16605  -46.463  -65.945  -17.634 0.4000000060
15670  -45.255  -67.017  -17.628 0.4000000060
119832  -43.510  -69.709  -17.737 0.3000000119
12126  -42.375  -71.033  -17.661 0.4000000060
17493  -48.021  -64.344  -16.924 0.4000000060
14729  -45.111  -67.686  -17.947 0.4000000060
12127  -42.955  -70.835  -17.958 0.3000000119
18429  -48.769  -63.199  -16.597 0.4000000060
14730  -45.734  -67.342  -18.098 0.4000000060
13846  -44.315  -68.816  -18.215 0.4000000060
17500  -47.768  -64.175  -17.643 0.4000000060
14734  -45.015  -67.881  -18.321 0.4000000060
12130  -43.256  -70.617  -18.198 0.3000000119
18447  -48.389  -63.592  -17.217 0.4000000060
15672  -46.598  -66.334  -18.024 0.4000000060
14731  -46.240  -66.984  -18.267 0.4000000060
12970  -44.104  -69.369  -18.372 0.4000000060
16611  -46.692  -65.719  -18.328 0.4000000060
15679  -46.162  -67.079  -18.828 0.4000000060
13848  -45.207  -67.772  -18.830 0.4000000060
118576  -44.523  -68.504  -18.571 0.4000000060
11277  -43.183  -70.649  -18.621 0.3000000119
13855  -44.547  -68.223  -19.185 0.4000000060
12977  -44.162  -69.051  -18.817 0.4000000060
12132  -43.904  -69.776  -18.583 0.3000000119
10413  -42.276  -71.578  -18.740 0.2000000030
18462  -47.873  -63.471  -17.857 0.3000000119
17528  -46.655  -65.177  -18.752 0.4000000060
16619  -46.279  -65.797  -19.090 0.4000000060
14740  -45.130  -67.497  -19.526 0.4000000060
12983  -44.035  -68.792  -19.366 0.4000000060
11282  -42.628  -71.112  -19.044 0.2000000030
11291  -42.125  -70.853  -19.883 0.2000000030
10411  -40.668  -72.819  -19.750 0.3000000119
119203  -47.560  -62.368  -17.659 0.3000000119
18461  -47.210  -63.800  -18.303 0.3000000119
115408  -46.581  -64.511  -18.683 0.3000000119
12982  -43.501  -68.894  -19.984 0.3000000119
11290  -41.462  -71.233  -20.719 0.2000000030
12144  -43.047  -69.604  -19.788 0.2000000030
114354  -41.014  -72.137  -19.939 0.2000000030
9665  -40.365  -73.762  -19.573 0.2000000030
20255  -47.696  -61.519  -16.879 0.3000000119
19395  -46.553  -62.967  -18.221 0.3000000119
14748  -45.415  -67.003  -19.830 0.4000000060
12143  -42.297  -70.133  -20.262 0.1000000015
20254  -46.608  -61.041  -16.816 0.3000000119
18460  -46.145  -63.738  -18.507 0.3000000119
16633  -45.095  -66.194  -20.300 0.2000000030
13861  -43.412  -68.303  -20.564 0.2000000030
10422  -40.954  -71.817  -20.742 0.1000000015
8910  -39.941  -74.156  -20.106 0.2000000030
120792  -44.344  -65.993  -20.792 0.2000000030
13873  -42.825  -68.332  -21.360 0.1000000015
12152  -41.809  -70.167  -21.295 0.1000000015
10429  -40.551  -72.171  -21.634 0.1000000015
9673  -40.194  -73.517  -20.769 0.1000000015
21185  -46.550  -60.640  -16.012 0.2000000030
19387  -45.845  -62.296  -17.691 0.3000000119
18459  -45.054  -63.733  -18.535 0.3000000119
21144  -46.504  -60.404  -13.935 0.2000000030
21205  -45.852  -60.676  -16.403 0.1000000015
20265  -46.208  -61.534  -17.328 0.3000000119
17514  -44.673  -64.405  -19.052 0.2000000030
14759  -43.350  -67.157  -21.068 0.1000000015
11315  -40.886  -71.324  -22.407 0.1000000015
113008  -40.288  -72.306  -22.200 0.1000000015
130939  -40.020  -73.491  -21.373 0.1000000015
110218  -45.996  -60.402  -15.312 0.2000000030
20264  -45.230  -61.589  -17.190 0.2000000030
18446  -44.352  -63.050  -18.050 0.2000000030
16616  -44.050  -65.530  -20.387 0.1000000015
15706  -43.717  -66.281  -21.043 0.1000000015
13872  -42.506  -68.317  -22.359 0.1000000015
12999  -41.529  -69.698  -22.674 0.1000000015
10439  -40.593  -71.853  -22.360 0.1000000015
9677  -39.271  -73.388  -21.447 0.1000000015
130705  -38.189  -74.134  -18.920 0.1000000015
131353  -43.562  -65.119  -19.764 0.2000000030
16647  -43.211  -66.162  -21.109 0.1000000015
14773  -42.373  -67.772  -22.783 0.1000000015
12164  -40.901  -70.253  -22.952 0.1000000015
10438  -40.303  -72.018  -22.828 0.1000000015
10428  -39.352  -72.793  -22.141 0.1000000015
9664  -38.804  -73.543  -19.868 0.1000000015
8889  -37.818  -74.686  -18.751 0.1000000015
14757  -41.932  -67.288  -21.884 0.1000000015
13006  -40.414  -70.460  -23.270 0.1000000015
12162  -39.995  -71.045  -23.538 0.1000000015
10410  -38.111  -72.781  -19.723 0.1000000015
11312  -38.990  -71.721  -22.992 0.1000000015
27487  -43.603  -53.822  -3.171 0.2000000030
21129  -46.276  -60.279  -13.103 0.2000000030
110760  -45.862  -60.341  -14.511 0.1000000015
19370  -44.271  -61.792  -16.946 0.1000000015
127336  -43.199  -65.524  -20.323 0.1000000015
19385  -43.767  -62.497  -17.402 0.1000000015
16632  -42.845  -65.906  -20.902 0.1000000015
130803  -42.155  -67.860  -23.359 0.1000000015
10420  -38.723  -73.169  -20.720 0.1000000015
10437  -39.610  -72.147  -22.872 0.1000000015
13888  -41.557  -68.753  -23.342 0.1000000015
123074  -44.564  -66.234  -17.085 0.3000000119
16598  -45.149  -65.561  -16.871 0.4000000060
12964  -41.519  -69.517  -17.473 0.3000000119
13845  -43.117  -68.700  -17.521 0.3000000119
120344  -44.364  -67.543  -17.594 0.3000000119
120647  -41.972  -70.383  -17.495 0.3000000119
12965  -42.878  -70.343  -17.674 0.3000000119
16600  -46.842  -65.198  -17.302 0.4000000060
123492  -44.552  -68.288  -17.957 0.4000000060
12128  -43.549  -70.268  -18.024 0.3000000119
17499  -47.422  -64.798  -17.408 0.4000000060
14741  -45.752  -67.299  -19.199 0.4000000060
12138  -42.890  -70.466  -19.360 0.2000000030
11281  -41.730  -71.547  -19.666 0.2000000030
16618  -45.627  -65.710  -19.729 0.3000000119
13862  -44.041  -68.283  -19.875 0.2000000030
19388  -46.822  -62.270  -17.770 0.3000000119
17527  -46.124  -65.047  -19.251 0.3000000119
130903  -42.956  -69.089  -20.344 0.2000000030
14747  -44.807  -67.063  -20.328 0.4000000060
17526  -45.346  -64.986  -19.609 0.2000000030
14760  -44.156  -66.810  -20.881 0.2000000030
12981  -42.390  -69.353  -20.847 0.1000000015
8909  -39.546  -74.162  -20.007 0.1000000015
12158  -41.965  -69.583  -22.012 0.1000000015
10430  -40.902  -71.551  -21.658 0.1000000015
19394  -45.463  -63.013  -18.129 0.3000000119
14758  -42.623  -67.704  -21.552 0.1000000015
11323  -40.816  -71.143  -22.951 0.1000000015
9684  -39.937  -72.626  -22.296 0.1000000015
9671  -39.296  -73.731  -20.723 0.1000000015
21204  -45.066  -60.648  -16.272 0.1000000015
18458  -43.912  -63.798  -18.461 0.1000000015
15705  -42.606  -66.831  -21.239 0.1000000015
13000  -42.290  -69.077  -22.852 0.1000000015
12163  -40.530  -71.098  -23.357 0.1000000015
9663  -38.136  -73.473  -19.182 0.1000000015
13889  -42.111  -68.758  -23.312 0.1000000015
129865  -36.876  -73.778  -19.040 0.1000000015
121717  -41.774  -66.728  -21.478 0.1000000015
18457  -42.839  -63.861  -18.340 0.1000000015
17447  -43.629  -64.243  -13.454 0.3000000119
18379  -43.127  -63.753  -14.005 0.2000000030
17459  -42.356  -64.093  -14.283 0.3000000119
18390  -42.990  -63.763  -14.722 0.2000000030
16527  -46.072  -65.539  -12.507 0.4000000060
17427  -44.911  -64.307  -12.941 0.2000000030
17428  -45.697  -64.418  -12.586 0.4000000060
17448  -44.405  -63.830  -13.259 0.3000000119
17473  -42.239  -64.099  -15.045 0.2000000030
18380  -43.959  -63.480  -13.802 0.2000000030
17488  -42.657  -64.465  -15.723 0.2000000030
16577  -41.194  -64.749  -15.554 0.1000000015
16595  -41.788  -65.264  -16.173 0.2000000030
18392  -44.559  -63.040  -14.379 0.3000000119
16594  -40.873  -65.345  -16.156 0.1000000015
16596  -42.645  -65.094  -16.209 0.2000000030
15656  -40.648  -66.117  -16.802 0.1000000015
15666  -40.459  -66.939  -17.309 0.1000000015
15657  -41.609  -66.050  -16.703 0.1000000015
14726  -41.123  -67.741  -17.445 0.1000000015
13841  -38.987  -68.570  -17.284 0.1000000015
14724  -39.353  -67.744  -17.322 0.1000000015
13842  -39.845  -68.565  -17.422 0.1000000015
12961  -38.629  -69.372  -17.153 0.1000000015
12962  -39.473  -69.359  -17.358 0.1000000015
19323  -45.348  -62.740  -14.125 0.3000000119
17489  -43.528  -64.762  -16.159 0.2000000030
15658  -42.580  -65.927  -16.697 0.2000000030
15667  -41.397  -66.875  -17.240 0.2000000030
12123  -39.111  -70.139  -17.205 0.1000000015
12116  -38.278  -70.127  -16.896 0.1000000015
19335  -45.987  -62.680  -14.640 0.2000000030
18405  -44.606  -63.373  -15.303 0.3000000119
11252  -37.666  -71.597  -16.283 0.1000000015
112085  -38.796  -70.897  -16.801 0.1000000015
17475  -44.112  -64.088  -15.773 0.3000000119
15668  -42.427  -66.803  -17.176 0.3000000119
19324  -46.281  -62.584  -13.879 0.2000000030
12963  -40.401  -69.386  -17.448 0.1000000015
11253  -38.506  -71.643  -16.318 0.1000000015
12117  -39.676  -70.906  -17.079 0.1000000015
10371  -37.804  -72.809  -15.697 0.1000000015
109863  -40.081  -72.400  -16.436 0.1000000015
11255  -40.318  -71.662  -16.852 0.1000000015
9621  -37.869  -73.546  -15.468 0.1000000015
10384  -39.114  -72.482  -15.967 0.1000000015
19348  -46.199  -62.864  -15.192 0.2000000030
124470  -40.863  -72.294  -16.763 0.1000000015
10385  -39.998  -73.245  -16.027 0.1000000015
123326  -40.797  -72.955  -16.579 0.1000000015
8115  -36.398  -75.837  -15.544 0.1000000015
112203  -38.347  -74.292  -15.360 0.1000000015
10373  -39.187  -73.260  -15.650 0.1000000015
9624  -40.338  -74.080  -16.023 0.1000000015
8117  -39.362  -75.407  -15.576 0.1000000015
19307  -46.249  -62.813  -12.958 0.3000000119
18362  -45.136  -63.602  -12.989 0.3000000119
18381  -44.749  -63.150  -13.622 0.2000000030
12124  -40.004  -70.150  -17.367 0.1000000015
10383  -38.149  -72.292  -15.910 0.1000000015
18404  -43.641  -63.613  -15.190 0.2000000030
13843  -40.787  -68.591  -17.471 0.1000000015
8861  -36.836  -74.504  -15.571 0.1000000015
8862  -37.606  -74.435  -15.390 0.1000000015
9623  -39.563  -73.929  -15.652 0.1000000015
8860  -36.305  -74.971  -15.711 0.1000000015
8863  -39.076  -74.555  -15.445 0.1000000015
10386  -41.440  -72.511  -17.090 0.2000000030
8129  -40.063  -75.930  -16.325 0.1000000015
6705  -39.272  -77.181  -17.081 0.1000000015
7389  -40.202  -76.062  -17.077 0.2000000030
5987  -38.241  -78.251  -17.273 0.1000000015
9641  -41.108  -73.913  -17.311 0.2000000030
8880  -40.772  -74.750  -16.931 0.2000000030
6704  -38.722  -77.723  -17.767 0.2000000030
8137  -40.474  -75.455  -17.500 0.1000000015
6000  -38.057  -78.108  -18.409 0.1000000015
7397  -40.147  -76.107  -18.141 0.2000000030
8148  -40.283  -75.490  -18.527 0.1000000015
10396  -41.823  -72.132  -17.671 0.2000000030
6712  -39.226  -77.179  -18.288 0.1000000015
7403  -39.593  -76.576  -18.664 0.1000000015
11270  -42.380  -71.447  -17.888 0.2000000030
9642  -41.425  -72.937  -17.404 0.2000000030
8891  -40.641  -74.766  -17.890 0.1000000015
125084  -39.872  -76.014  -19.015 0.1000000015
9654  -41.285  -73.315  -17.875 0.1000000015
130927  -40.353  -74.914  -18.775 0.1000000015
10406  -42.195  -71.858  -18.177 0.2000000030
10405  -41.678  -72.601  -18.031 0.2000000030
8905  -40.167  -74.649  -19.391 0.1000000015
9666  -41.019  -73.097  -18.711 0.1000000015
11276  -42.756  -71.139  -18.302 0.2000000030
120654  -39.407  -75.751  -19.298 0.1000000015
9633  -41.163  -73.375  -16.849 0.1000000015
9632  -40.860  -74.110  -16.581 0.1000000015
16526  -45.117  -65.236  -12.915 0.2000000030
17446  -42.615  -64.391  -13.715 0.1000000015
13753  -45.720  -68.754  -11.215 0.1000000015
13721  -41.590  -69.723  -8.187 0.1000000015
13722  -42.190  -69.041  -9.006 0.1000000015
14580  -39.933  -67.919  -7.409 0.1000000015
120563  -41.560  -65.840  -5.992 0.2000000030
15503  -41.357  -66.748  -5.739 0.1000000015
12851  -41.527  -70.024  -7.147 0.1000000015
15502  -40.399  -67.035  -6.073 0.1000000015
14565  -40.807  -67.648  -5.982 0.1000000015
13691  -40.575  -68.436  -6.741 0.1000000015
13704  -41.016  -69.257  -7.300 0.1000000015
121796  -45.722  -66.170  -12.738 0.2000000030
14631  -46.075  -68.158  -10.325 0.1000000015
14564  -40.028  -67.631  -6.631 0.1000000015
13741  -45.158  -68.409  -10.519 0.1000000015
12868  -42.309  -69.809  -9.108 0.1000000015
14552  -41.702  -67.638  -5.502 0.1000000015
16546  -44.161  -65.249  -13.204 0.1000000015
21017  -42.111  -61.058  -4.949 0.1000000015
20105  -42.875  -61.407  -5.244 0.1000000015
20121  -43.610  -61.707  -5.582 0.1000000015
19227  -44.478  -61.979  -5.949 0.1000000015
20104  -41.999  -61.396  -5.417 0.1000000015
118288  -42.599  -61.261  -4.509 0.1000000015
125194  -43.205  -61.287  -4.719 0.1000000015
20099  -43.862  -61.308  -4.891 0.1000000015
19207  -45.416  -61.777  -4.772 0.1000000015
21004  -42.008  -60.980  -4.600 0.1000000015
20098  -42.956  -61.223  -4.861 0.1000000015
20107  -44.326  -61.481  -5.360 0.1000000015
20100  -44.850  -61.445  -5.073 0.1000000015
19213  -46.080  -61.971  -5.565 0.1000000015
19198  -43.786  -62.601  -3.827 0.1000000015
20087  -42.321  -61.583  -3.956 0.1000000015
112359  -43.282  -61.634  -4.371 0.1000000015
20088  -44.397  -61.749  -4.563 0.1000000015
20989  -41.897  -60.982  -4.050 0.1000000015
21003  -41.491  -60.410  -4.038 0.1000000015
21904  -41.243  -59.856  -3.306 0.1000000015
19196  -41.858  -62.348  -3.529 0.1000000015
19197  -42.742  -62.358  -3.758 0.1000000015
27486  -42.788  -53.324  -3.347 0.1000000015
28528  -43.448  -52.752  -3.119 0.1000000015
29470  -44.791  -51.601  -2.859 0.1000000015
20071  -41.307  -60.667  -3.308 0.1000000015
110519  -41.917  -51.640  -3.361 0.1000000015
29500  -42.658  -51.455  -3.271 0.1000000015
27488  -44.432  -53.896  -2.954 0.1000000015
121669  -45.443  -50.997  -2.897 0.1000000015
124163  -44.026  -51.314  -3.058 0.1000000015
127737  -44.641  -50.798  -3.089 0.1000000015
127420  -42.949  -63.224  -3.502 0.1000000015
29501  -43.266  -50.847  -3.239 0.1000000015
19225  -43.431  -62.343  -6.035 0.1000000015
19226  -43.995  -62.744  -6.176 0.1000000015
110393  -43.348  -51.809  -3.138 0.1000000015
20106  -43.603  -61.339  -5.159 0.1000000015
110065  -45.532  -62.075  -6.058 0.1000000015
19212  -45.199  -61.675  -5.557 0.1000000015
29502  -44.128  -52.167  -2.928 0.1000000015
108950  -43.997  -50.658  -3.214 0.1000000015
22025  -46.088  -59.406  -11.690 0.1000000015
22038  -45.606  -59.931  -12.523 0.1000000015
118239  -42.585  -66.899  -13.438 0.1000000015
15612  -42.041  -66.071  -13.396 0.1000000015
16544  -42.045  -65.121  -13.475 0.1000000015
14682  -42.259  -67.779  -13.462 0.1000000015
121307  -41.695  -66.817  -13.409 0.1000000015
15611  -41.210  -65.754  -13.532 0.1000000015
15613  -42.831  -65.992  -13.368 0.1000000015
14681  -41.326  -67.666  -13.354 0.1000000015
14683  -43.259  -67.843  -13.517 0.1000000015
121231  -43.534  -66.939  -13.416 0.1000000015
14680  -40.482  -67.555  -13.301 0.1000000015
13799  -40.875  -68.341  -13.159 0.1000000015
13785  -41.118  -69.125  -12.997 0.1000000015
13800  -41.843  -68.677  -13.317 0.1000000015
8010  -41.984  -75.899  -5.383 0.1000000015
8018  -41.900  -75.311  -6.704 0.1000000015
8056  -40.153  -75.669  -9.355 0.1000000015
8804  -38.790  -74.632  -9.773 0.1000000015
9560  -38.870  -73.630  -9.805 0.1000000015
10310  -38.153  -73.022  -9.870 0.1000000015
16545  -43.139  -65.112  -13.381 0.1000000015
9580  -37.454  -73.267  -10.197 0.1000000015
11171  -38.227  -72.345  -9.868 0.1000000015
13784  -40.450  -68.779  -12.852 0.1000000015
13783  -39.719  -68.770  -12.534 0.1000000015
17445  -41.765  -64.512  -13.912 0.1000000015
11186  -37.001  -71.654  -10.395 0.1000000015
12884  -36.849  -70.337  -10.740 0.1000000015
12897  -38.026  -69.460  -11.198 0.1000000015
13782  -38.809  -68.490  -12.346 0.1000000015
12905  -39.775  -69.382  -12.087 0.1000000015
12906  -40.497  -69.441  -12.480 0.1000000015
12918  -41.851  -69.502  -13.082 0.1000000015
17458  -41.627  -64.392  -14.535 0.1000000015
11203  -36.223  -72.069  -10.938 0.1000000015
12896  -37.148  -69.525  -11.038 0.1000000015
12898  -39.373  -69.708  -11.605 0.1000000015
12899  -40.142  -69.955  -11.884 0.1000000015
8032  -41.703  -75.292  -7.611 0.1000000015
8045  -41.201  -75.511  -8.487 0.1000000015
8057  -40.772  -75.457  -9.133 0.1000000015
14684  -44.412  -67.941  -13.386 0.1000000015
122743  -44.395  -66.962  -13.317 0.1000000015
15614  -43.820  -66.089  -13.281 0.1000000015
8805  -39.766  -75.072  -9.617 0.1000000015
114054  -39.769  -74.250  -9.739 0.1000000015
12047  -38.353  -70.775  -10.314 0.1000000015
12059  -38.742  -70.092  -11.013 0.1000000015
12907  -41.391  -69.877  -12.722 0.1000000015
12048  -39.291  -70.864  -10.652 0.1000000015
12060  -39.727  -70.381  -11.294 0.1000000015
12067  -40.923  -70.243  -12.220 0.1000000015
8767  -42.400  -74.790  -6.063 0.1000000015
8779  -42.266  -74.715  -7.445 0.1000000015
9518  -43.160  -73.885  -6.022 0.1000000015
9508  -43.603  -73.882  -4.521 0.1000000015
118917  -45.417  -68.460  -13.106 0.1000000015
8046  -41.547  -75.209  -8.240 0.1000000015
8059  -41.658  -74.804  -8.704 0.1000000015
13802  -43.971  -68.820  -13.495 0.1000000015
14663  -45.269  -67.538  -13.122 0.1000000015
13801  -42.925  -68.723  -13.510 0.1000000015
15591  -44.936  -66.346  -13.094 0.1000000015
8806  -40.655  -74.846  -9.510 0.1000000015
9561  -39.717  -73.359  -9.870 0.1000000015
10312  -39.716  -72.702  -9.986 0.1000000015
11188  -38.905  -71.465  -10.165 0.1000000015
11172  -38.657  -72.038  -9.947 0.1000000015
11173  -39.344  -72.121  -10.080 0.1000000015
12049  -40.206  -71.126  -11.045 0.1000000015
12061  -40.578  -70.664  -11.650 0.1000000015
11189  -39.764  -71.595  -10.468 0.1000000015
116749  -44.359  -72.875  -5.005 0.1000000015
13803  -44.985  -69.068  -13.249 0.1000000015
131449  -45.166  -72.106  -4.566 0.1000000015
12920  -43.670  -69.622  -13.373 0.1000000015
12921  -44.509  -69.636  -13.267 0.1000000015
13786  -45.768  -69.146  -12.789 0.1000000015
118011  -42.727  -74.273  -8.066 0.1000000015
8780  -42.907  -74.122  -7.262 0.1000000015
12919  -42.668  -69.541  -13.278 0.1000000015
116381  -41.799  -74.481  -9.139 0.1000000015
8792  -42.146  -74.625  -8.317 0.1000000015
122181  -41.314  -70.873  -11.970 0.1000000015
12908  -42.380  -70.257  -12.874 0.1000000015
9562  -40.628  -73.847  -9.845 0.1000000015
11191  -41.603  -72.137  -10.913 0.1000000015
10313  -40.453  -73.013  -10.053 0.1000000015
10330  -40.173  -72.300  -10.276 0.1000000015
115266  -44.095  -72.981  -6.164 0.1000000015
12909  -43.420  -70.328  -13.051 0.1000000015
11204  -41.226  -71.446  -11.422 0.1000000015
12069  -42.540  -70.915  -12.473 0.1000000015
9581  -41.360  -73.304  -10.102 0.1000000015
111878  -41.562  -74.091  -9.620 0.1000000015
12070  -43.918  -70.803  -12.512 0.1000000015
110439  -44.475  -70.428  -12.517 0.1000000015
11210  -43.205  -71.270  -12.094 0.1000000015
11205  -42.103  -71.848  -11.374 0.1000000015
12062  -42.162  -71.363  -11.996 0.1000000015
119142  -42.797  -71.769  -11.410 0.1000000015
10332  -41.943  -72.781  -10.538 0.1000000015
115966  -42.353  -74.214  -8.941 0.1000000015
9582  -42.243  -73.343  -10.062 0.1000000015
12071  -44.052  -70.787  -12.266 0.1000000015
12063  -44.272  -70.574  -12.204 0.1000000015
10347  -43.208  -71.562  -11.355 0.1000000015
9519  -43.621  -73.417  -7.240 0.1000000015
10334  -43.015  -72.421  -10.419 0.1000000015
10333  -42.657  -72.699  -10.448 0.1000000015
10346  -42.428  -72.248  -10.907 0.1000000015
11193  -43.630  -71.037  -11.921 0.1000000015
11192  -43.133  -71.661  -10.922 0.1000000015
10269  -44.952  -72.486  -6.056 0.1000000015
9583  -42.825  -73.107  -10.029 0.1000000015
8793  -42.805  -73.965  -8.608 0.1000000015
120227  -43.120  -70.687  -10.250 0.1000000015
9529  -43.276  -73.779  -8.098 0.1000000015
10262  -44.492  -72.697  -3.904 0.1000000015
126524  -46.080  -70.247  -2.117 0.1000000015
11971  -46.123  -70.516  -3.041 0.1000000015
110264  -45.470  -71.552  -3.627 0.1000000015
10311  -38.920  -72.737  -9.857 0.1000000015
10329  -37.591  -72.409  -10.067 0.1000000015
11187  -37.997  -71.591  -9.932 0.1000000015
128908  -36.880  -70.966  -10.541 0.1000000015
12046  -37.446  -70.871  -10.334 0.1000000015
12885  -37.748  -70.119  -10.666 0.1000000015
123081  -38.719  -69.442  -11.487 0.1000000015
13766  -38.357  -68.912  -11.735 0.1000000015
14660  -38.405  -67.855  -12.767 0.1000000015
8058  -41.241  -75.147  -8.936 0.1000000015
12068  -41.756  -70.622  -12.439 0.1000000015
11190  -40.672  -71.853  -10.754 0.1000000015
113517  -44.341  -70.292  -13.012 0.1000000015
118640  -43.153  -70.789  -12.646 0.1000000015
11211  -43.702  -71.067  -12.047 0.1000000015
11970  -45.437  -71.309  -2.710 0.1000000015
2604  -29.420  -84.917  -21.621 0.1000000015
124145  -29.445  -85.274  -20.671 0.1000000015
3640  -27.501  -82.687  -26.556 0.1000000015
129398  -27.935  -83.038  -26.206 0.1000000015
3108  -28.554  -83.140  -25.746 0.1000000015
3095  -29.014  -83.894  -25.149 0.1000000015
2643  -28.147  -85.259  -23.947 0.1000000015
108835  -26.913  -82.253  -26.905 0.1000000015
4761  -25.363  -80.417  -26.895 0.1000000015
5394  -25.408  -79.813  -27.089 0.1000000015
2605  -29.955  -84.606  -20.988 0.1000000015
2585  -29.750  -85.196  -19.852 0.1000000015
2626  -30.160  -84.075  -22.234 0.1000000015
2658  -29.307  -84.204  -24.456 0.1000000015
2644  -28.967  -84.682  -23.818 0.1000000015
121029  -29.368  -84.621  -22.870 0.1000000015
2209  -28.949  -85.609  -20.821 0.1000000015
3627  -27.945  -82.472  -25.929 0.1000000015
2657  -28.630  -84.627  -24.579 0.1000000015
123939  -28.270  -84.487  -25.134 0.1000000015
4211  -27.105  -81.800  -26.089 0.1000000015
4193  -26.328  -80.812  -25.946 0.1000000015
4752  -25.928  -80.133  -26.306 0.1000000015
5381  -26.209  -79.631  -26.577 0.1000000015
5984  -31.725  -78.296  -17.476 0.1000000015
5297  -30.801  -80.251  -17.764 0.1000000015
5299  -32.073  -78.709  -16.949 0.1000000015
3028  -30.627  -84.229  -19.298 0.1000000015
2555  -30.160  -84.719  -18.773 0.1000000015
3010  -30.221  -84.138  -18.420 0.1000000015
3529  -30.429  -82.835  -17.741 0.1000000015
4093  -30.296  -81.861  -17.839 0.1000000015
4083  -30.794  -81.442  -17.129 0.1000000015
3043  -30.374  -84.409  -20.130 0.1000000015
111729  -30.065  -83.343  -18.233 0.1000000015
3057  -30.614  -83.837  -21.225 0.1000000015
2569  -29.628  -85.391  -18.891 0.1000000015
3083  -30.156  -83.584  -23.798 0.1000000015
3070  -30.078  -83.976  -23.251 0.1000000015
6702  -32.424  -77.400  -17.064 0.1000000015
5298  -31.637  -79.151  -17.278 0.1000000015
7394  -32.289  -76.775  -17.368 0.1000000015
2994  -30.745  -83.465  -17.901 0.1000000015
3504  -30.979  -82.369  -16.432 0.1000000015
4082  -30.596  -82.423  -17.081 0.1000000015
113106  -30.665  -83.852  -18.607 0.1000000015
3096  -29.761  -83.505  -24.472 0.1000000015
3614  -29.335  -82.922  -25.072 0.1000000015
4195  -28.493  -82.150  -25.190 0.1000000015
128391  -27.631  -81.727  -25.468 0.1000000015
4178  -27.673  -81.159  -24.847 0.1000000015
126035  -30.851  -83.334  -22.121 0.1000000015
5997  -31.304  -78.634  -17.849 0.1000000015
125118  -31.710  -79.912  -16.810 0.1000000015
3603  -30.518  -83.328  -23.092 0.1000000015
5312  -31.070  -79.300  -17.882 0.1000000015
3029  -31.309  -83.579  -19.107 0.1000000015
3044  -31.139  -83.579  -20.296 0.1000000015
5996  -30.746  -78.546  -18.351 0.1000000015
3563  -31.692  -82.758  -20.892 0.1000000015
3564  -32.539  -82.279  -20.488 0.1000000015
3565  -33.352  -81.927  -20.079 0.1000000015
4068  -31.378  -81.522  -16.230 0.1000000015
2995  -31.254  -83.493  -17.020 0.1000000015
3011  -31.393  -83.559  -17.952 0.1000000015
3030  -32.065  -83.145  -18.809 0.1000000015
3516  -32.456  -83.136  -17.088 0.1000000015
3045  -31.906  -82.912  -19.885 0.1000000015
3546  -32.755  -82.524  -19.616 0.1000000015
3506  -32.239  -82.823  -16.377 0.1000000015
4069  -32.063  -82.298  -15.914 0.1000000015
3507  -32.980  -82.496  -16.617 0.1000000015
3581  -32.016  -82.115  -21.152 0.1000000015
3530  -32.834  -82.755  -18.598 0.1000000015
2570  -30.185  -84.949  -19.259 0.1000000015
2645  -29.699  -84.140  -23.862 0.1000000015
2656  -27.755  -85.072  -24.673 0.1000000015
2986  -31.802  -83.337  -16.759 0.1000000015
2996  -31.774  -83.510  -17.214 0.1000000015
3012  -32.231  -83.330  -17.811 0.1000000015
3116  -27.459  -83.313  -26.558 0.1000000015
3505  -31.431  -82.917  -16.327 0.1000000015
3515  -30.818  -83.115  -16.886 0.1000000015
4194  -26.974  -80.953  -25.361 0.1000000015
4664  -31.335  -80.585  -16.871 0.1000000015
5985  -32.254  -78.044  -17.021 0.1000000015
6701  -31.836  -77.413  -17.585 0.1000000015
6711  -38.493  -77.527  -18.808 0.1000000015
7388  -39.727  -76.519  -16.568 0.1000000015
7396  -39.770  -76.652  -17.647 0.2000000030
8116  -37.233  -75.357  -15.407 0.1000000015
8130  -40.419  -75.421  -16.588 0.1000000015
8161  -40.018  -75.390  -19.247 0.1000000015
8807  -41.260  -74.851  -9.221 0.1000000015
8901  -36.833  -74.504  -18.822 0.1000000015
8902  -37.518  -73.862  -18.889 0.1000000015
9501  -43.995  -73.507  -3.756 0.1000000015
9584  -43.089  -73.142  -9.749 0.1000000015
9622  -38.757  -73.747  -15.458 0.1000000015
9653  -40.682  -74.049  -18.473 0.1000000015
9672  -39.774  -73.798  -21.009 0.1000000015
9678  -39.779  -73.233  -21.676 0.1000000015
9679  -40.196  -72.947  -21.628 0.1000000015
10331  -41.045  -72.575  -10.442 0.1000000015
10372  -38.474  -72.999  -15.597 0.1000000015
10421  -40.567  -72.582  -20.787 0.1000000015
10436  -38.957  -72.315  -22.470 0.2000000030
10443  -40.537  -71.567  -23.134 0.1000000015
11269  -41.878  -71.725  -17.491 0.2000000030
11304  -41.341  -70.935  -21.580 0.1000000015
11305  -41.792  -70.673  -20.729 0.1000000015
11310  -31.651  -71.531  -22.554 0.1000000015
11313  -39.629  -71.565  -23.344 0.1000000015
11314  -40.661  -71.652  -22.814 0.1000000015
11322  -40.160  -71.635  -23.320 0.1000000015
12118  -40.615  -70.932  -17.241 0.2000000030
12131  -43.613  -70.271  -18.357 0.3000000119
12139  -43.552  -70.131  -18.948 0.3000000119
12157  -41.246  -70.444  -22.324 0.1000000015
12966  -43.956  -69.641  -18.066 0.4000000060
12967  -44.018  -69.027  -17.852 0.4000000060
12969  -43.878  -69.954  -18.232 0.4000000060
12976  -43.783  -69.426  -19.218 0.4000000060
12979  -33.748  -69.084  -20.682 0.1000000015
12986  -32.519  -69.908  -21.456 0.1000000015
12993  -42.434  -68.840  -21.726 0.1000000015
12994  -42.891  -68.754  -20.802 0.2000000030
12997  -39.491  -69.349  -22.631 0.1000000015
13004  -31.967  -69.257  -23.066 0.1000000015
13007  -40.895  -69.575  -23.047 0.1000000015
13008  -41.608  -69.326  -23.056 0.1000000015
13767  -39.139  -69.085  -11.933 0.1000000015
13869  -36.619  -67.940  -21.108 0.1000000015
13881  -42.382  -68.351  -23.228 0.1000000015
13886  -40.241  -68.093  -23.245 0.1000000015
13887  -40.906  -68.744  -23.257 0.1000000015
14633  -47.666  -67.531  -10.554 0.5000000000
14662  -40.072  -68.180  -13.040 0.1000000015
14725  -40.194  -67.767  -17.439 0.1000000015
14727  -42.181  -67.723  -17.432 0.2000000030
14735  -45.800  -67.411  -18.540 0.4000000060
14745  -34.667  -67.524  -20.614 0.1000000015
14746  -43.953  -67.605  -20.504 0.4000000060
14788  -39.481  -67.166  -23.349 0.1000000015
14790  -41.965  -68.237  -23.517 0.1000000015
15671  -46.138  -66.733  -17.850 0.4000000060
15680  -46.348  -66.490  -18.631 0.4000000060
15685  -45.815  -66.574  -19.553 0.4000000060
15689  -33.686  -66.890  -21.152 0.1000000015
15690  -44.552  -66.444  -20.678 0.2000000030
15691  -45.152  -66.651  -20.208 0.3000000119
15724  -35.397  -65.993  -22.740 0.1000000015
15726  -37.176  -66.549  -23.021 0.1000000015
16501  -49.121  -65.733  -9.614 0.4000000060
16510  -47.944  -65.992  -11.595 0.5000000000
16578  -41.969  -64.622  -15.634 0.2000000030
16606  -46.970  -65.525  -17.772 0.4000000060
16617  -44.871  -65.597  -20.178 0.2000000030
16646  -42.305  -66.290  -21.096 0.1000000015
16679  -37.446  -65.901  -23.432 0.1000000015
17382  -38.996  -64.632  -9.861 0.4000000060
17390  -49.981  -64.325  -9.883 0.5000000000
17405  -49.630  -65.085  -9.759 0.5000000000
17472  -41.544  -64.416  -15.085 0.1000000015
17474  -43.117  -63.999  -15.472 0.2000000030
17491  -46.400  -64.822  -16.745 0.4000000060
17513  -43.481  -64.549  -19.033 0.1000000015
17515  -45.737  -64.402  -18.977 0.3000000119
17516  -47.164  -64.849  -18.140 0.4000000060
17525  -44.380  -65.011  -19.721 0.2000000030
17588  -36.167  -65.260  -23.189 0.1000000015
18273  -46.198  -62.331  -5.946 0.1000000015
18284  -36.619  -62.865  -8.583 0.3000000119
18308  -36.839  -62.996  -9.115 0.3000000119
18315  -49.405  -63.729  -9.284 0.6000000238
18329  -42.590  -63.591  -10.460 0.5000000000
18332  -50.184  -63.647  -10.038 0.6000000238
18363  -45.944  -63.396  -12.656 0.5000000000
18365  -47.881  -63.293  -12.177 0.5000000000
18391  -43.760  -63.440  -14.557 0.2000000030
18428  -48.502  -63.812  -16.481 0.4000000060
18510  -35.128  -64.176  -22.275 0.1000000015
18521  -33.863  -63.879  -23.251 0.1000000015
18554  -36.228  -63.444  -28.047 0.1000000015
19235  -36.475  -62.476  -7.996 0.3000000119
19270  -38.706  -62.534  -10.138 0.4000000060
19271  -39.460  -62.550  -10.339 0.4000000060
19272  -40.233  -62.697  -10.468 0.5000000000
19276  -45.316  -62.738  -10.067 0.5000000000
19278  -51.233  -62.099  -10.296 0.6000000238
19291  -48.823  -62.969  -12.140 0.5000000000
19310  -50.746  -62.289  -12.679 0.5000000000
19327  -49.524  -62.521  -13.826 0.5000000000
19328  -51.075  -62.014  -13.374 0.5000000000
19334  -45.368  -62.842  -14.925 0.2000000030
19338  -50.479  -62.168  -14.800 0.5000000000
19349  -47.005  -62.758  -14.878 0.3000000119
19371  -49.235  -62.619  -16.344 0.5000000000
19386  -44.807  -62.374  -17.564 0.2000000030
19389  -48.098  -62.859  -17.605 0.3000000119
19390  -48.717  -62.640  -16.942 0.5000000000
19396  -47.452  -62.926  -18.069 0.3000000119
19462  -33.467  -61.958  -24.533 0.1000000015
20131  -37.023  -61.969  -7.053 0.3000000119
20140  -36.286  -61.717  -8.125 0.3000000119
20156  -51.085  -61.276  -9.426 0.6000000238
20169  -41.157  -61.515  -10.461 0.5000000000
20170  -42.061  -61.458  -10.477 0.5000000000
20187  -51.494  -61.450  -10.684 0.5000000000
20207  -51.071  -61.708  -13.330 0.5000000000
20230  -49.636  -61.845  -16.158 0.5000000000
20253  -45.593  -60.955  -16.832 0.1000000015
20266  -47.172  -61.715  -17.357 0.3000000119
20267  -48.047  -62.131  -17.286 0.4000000060
21025  -35.946  -60.233  -7.193 0.3000000119
21046  -36.188  -60.854  -8.375 0.3000000119
21065  -36.623  -60.877  -9.174 0.3000000119
21066  -37.349  -60.918  -9.625 0.3000000119
21067  -38.312  -60.951  -9.972 0.4000000060
21132  -50.228  -60.739  -12.463 0.4000000060
21133  -51.068  -61.082  -12.295 0.4000000060
21147  -50.988  -61.374  -13.157 0.5000000000
21165  -49.631  -61.278  -15.133 0.4000000060
21166  -50.272  -61.465  -14.684 0.5000000000
21184  -45.556  -60.481  -15.806 0.2000000030
21187  -49.107  -61.408  -15.840 0.4000000060
21206  -47.365  -61.073  -16.436 0.4000000060
21302  -33.378  -60.441  -24.024 0.1000000015
21331  -33.740  -60.276  -25.571 0.1000000015
21346  -35.191  -60.498  -27.465 0.1000000015
21920  -35.609  -59.130  -6.307 0.3000000119
21935  -37.660  -59.821  -6.034 0.3000000119
21944  -35.650  -59.529  -7.673 0.3000000119
21945  -49.368  -58.579  -7.531 0.5000000000
21947  -49.992  -58.381  -7.699 0.5000000000
21964  -48.841  -59.164  -7.674 0.5000000000
21966  -50.056  -58.587  -7.744 0.5000000000
22011  -49.695  -59.363  -9.712 0.4000000060
22026  -47.941  -59.599  -11.176 0.3000000119
22194  -33.587  -59.423  -23.152 0.1000000015
22195  -33.963  -59.103  -23.737 0.1000000015
22222  -39.764  -60.398  -25.321 0.1000000015
22253  -34.107  -59.738  -25.917 0.1000000015
22254  -34.693  -59.324  -26.263 0.1000000015
22270  -35.586  -59.199  -27.360 0.1000000015
22297  -38.676  -59.619  -29.726 0.1000000015
22911  -35.452  -58.947  -7.299 0.3000000119
22937  -50.040  -58.396  -7.762 0.5000000000
23117  -34.598  -58.747  -23.817 0.1000000015
23136  -35.549  -58.593  -24.351 0.1000000015
23151  -34.805  -58.794  -25.127 0.1000000015
23834  -35.611  -57.920  -5.867 0.3000000119
23835  -35.983  -57.851  -5.488 0.3000000119
23837  -37.985  -57.759  -5.306 0.3000000119
23860  -35.437  -57.093  -6.638 0.4000000060
23861  -35.856  -57.372  -7.380 0.4000000060
23874  -36.574  -57.575  -8.071 0.4000000060
23875  -37.319  -57.767  -8.514 0.4000000060
23876  -38.127  -57.799  -8.786 0.4000000060
23880  -42.223  -57.433  -8.342 0.4000000060
23902  -49.806  -57.890  -8.018 0.4000000060
24774  -39.087  -56.440  -8.695 0.3000000119
25646  -38.113  -56.001  -8.515 0.2000000030
26517  -37.233  -54.209  -4.281 0.3000000119
26537  -35.733  -54.423  -4.860 0.3000000119
26553  -46.569  -54.373  -7.086 0.1000000015
26563  -40.084  -54.084  -8.585 0.3000000119
27522  -35.589  -53.470  -5.568 0.3000000119
27523  -35.731  -53.569  -4.877 0.3000000119
27534  -35.760  -53.545  -6.483 0.2000000030
27548  -37.267  -53.694  -8.043 0.2000000030
28524  -38.607  -51.600  -3.634 0.2000000030
28588  -36.132  -52.962  -7.000 0.2000000030
29515  -36.692  -51.304  -4.651 0.2000000030
29516  -37.331  -51.168  -4.141 0.1000000015
29517  -37.993  -51.103  -3.793 0.1000000015
29557  -38.179  -51.573  -8.219 0.1000000015
29558  -38.810  -50.808  -8.375 0.1000000015
30466  -37.198  -50.177  -5.266 0.1000000015
30481  -36.670  -50.975  -6.138 0.1000000015
30498  -47.142  -51.177  -6.845 0.1000000015
30500  -37.402  -51.373  -7.752 0.1000000015
31297  -40.525  -49.551  -3.529 0.1000000015
31332  -37.526  -49.640  -5.651 0.1000000015
31343  -37.508  -49.537  -6.395 0.1000000015
31350  -37.383  -49.814  -7.000 0.1000000015
31351  -37.906  -49.305  -7.402 0.1000000015
31360  -43.191  -50.033  -8.798 0.1000000015
32176  -39.927  -48.950  -3.818 0.1000000015
32208  -41.957  -48.272  -3.970 0.1000000015
32246  -38.831  -48.372  -8.108 0.1000000015
32247  -39.391  -48.253  -8.537 0.2000000030
33081  -40.766  -47.546  -4.545 0.1000000015
33082  -42.332  -47.452  -4.394 0.1000000015
33099  -38.937  -47.794  -5.869 0.1000000015
33101  -40.216  -47.090  -5.205 0.1000000015
33107  -38.651  -47.934  -6.397 0.1000000015
33142  -42.562  -47.151  -10.451 0.1000000015
34020  -40.006  -46.473  -8.875 0.1000000015
34940  -45.469  -45.075  -5.063 0.1000000015
34957  -42.387  -45.031  -6.285 0.1000000015
110300  -39.503  -54.752  -8.663 0.3000000119
111065  -50.630  -61.136  -13.282 0.5000000000
111256  -36.020  -52.118  -5.460 0.2000000030
112743  -44.671  -61.045  -16.654 0.1000000015
113607  -38.378  -75.226  -15.333 0.1000000015
113687  -43.172  -52.981  -8.091 0.1000000015
113964  -40.102  -50.148  -3.466 0.1000000015
114085  -44.092  -63.320  -10.225 0.5000000000
114388  -43.797  -46.635  -4.480 0.1000000015
114683  -50.249  -59.529  -8.372 0.5000000000
114834  -37.365  -57.012  -8.399 0.4000000060
116298  -44.552  -67.742  -19.851 0.4000000060
116401  -46.549  -66.544  -12.396 0.2000000030
116417  -38.089  -60.127  -29.484 0.1000000015
117734  -45.711  -52.061  -6.855 0.1000000015
118647  -44.411  -64.556  -13.127 0.2000000030
118847  -37.977  -70.873  -16.545 0.1000000015
119140  -50.391  -60.082  -8.497 0.5000000000
119333  -38.588  -56.732  -5.161 0.2000000030
120546  -33.003  -66.777  -24.325 0.1000000015
120552  -37.957  -63.931  -9.675 0.3000000119
120949  -42.208  -53.884  -3.570 0.3000000119
121000  -35.185  -77.080  -24.755 0.1000000015
121407  -43.635  -65.955  -21.032 0.1000000015
121651  -44.266  -65.428  -16.636 0.3000000119
122029  -33.612  -60.865  -25.248 0.1000000015
122225  -36.369  -60.927  -28.495 0.1000000015
122653  -40.427  -48.065  -9.181 0.1000000015
122675  -39.648  -46.235  -7.682 0.1000000015
122728  -43.264  -67.871  -21.032 0.1000000015
123443  -49.937  -62.509  -15.317 0.5000000000
123838  -35.939  -59.766  -8.263 0.4000000060
124451  -35.759  -54.276  -6.674 0.3000000119
125176  -41.781  -54.136  -8.503 0.2000000030
125614  -45.890  -50.355  -7.434 0.1000000015
126096  -39.868  -46.048  -8.330 0.1000000015
126768  -42.022  -65.959  -9.719 0.3000000119
127416  -49.678  -62.613  -15.924 0.5000000000
127548  -34.935  -65.495  -22.866 0.1000000015
127721  -38.143  -65.255  -7.386 0.3000000119
127997  -39.127  -60.607  -10.088 0.5000000000
128470  -31.336  -79.826  -17.365 0.1000000015
128608  -37.708  -66.557  -23.281 0.1000000015
128640  -38.397  -52.270  -3.697 0.2000000030
129227  -35.088  -58.583  -24.103 0.1000000015
129367  -36.012  -60.255  -8.310 0.3000000119
129539  -38.590  -62.272  -6.832 0.3000000119
129822  -37.818  -67.727  -21.997 0.1000000015
130090  -39.920  -51.964  -3.534 0.2000000030
130197  -42.266  -69.962  -17.507 0.3000000119
130379  -42.924  -72.121  -10.842 0.1000000015
130483  -44.187  -46.022  -4.643 0.1000000015
130702  -40.414  -69.965  -23.144 0.1000000015
130732  -41.370  -69.587  -6.775 0.1000000015
130764  -36.661  -70.183  -21.344 0.1000000015
130925  -48.315  -56.192  -8.195 0.2000000030
131076  -31.513  -82.198  -15.992 0.1000000015
131930  -41.436  -65.139  -10.090 0.4000000060
