#!ascii label  , from subject sub-v1s13x0050042_ses-1 vox2ras=TkReg
1825
7166  17.618  -74.652  -31.932 0.6999999881
6494  17.009  -75.941  -31.786 0.8000000119
124092  16.329  -76.249  -31.988 0.8000000119
6496  14.812  -77.497  -32.152 0.6999999881
7187  19.014  -75.522  -33.430 0.6000000238
7188  18.504  -75.546  -33.211 0.6000000238
5888  16.747  -77.049  -32.077 0.6000000238
6507  19.501  -75.867  -33.043 0.6000000238
7168  15.993  -75.788  -32.133 0.8000000119
7178  14.917  -76.740  -32.905 0.6999999881
110631  13.502  -76.582  -33.336 0.6999999881
110411  13.221  -75.993  -32.813 0.6999999881
7176  18.711  -75.253  -32.823 0.6000000238
7167  16.740  -75.196  -31.722 0.6999999881
6509  14.350  -77.016  -32.504 0.6999999881
5901  20.047  -76.757  -33.033 0.6000000238
113127  19.819  -77.392  -31.619 0.6000000238
5908  20.106  -77.252  -34.220 0.6000000238
4755  20.396  -80.044  -32.614 0.6000000238
5334  20.280  -78.423  -34.008 0.6000000238
7889  14.675  -75.557  -34.224 0.8000000119
7202  13.005  -75.821  -35.001 0.8000000119
7879  12.585  -75.253  -33.736 0.6999999881
125326  12.318  -74.557  -34.369 0.6999999881
9465  12.783  -72.679  -33.890 0.6999999881
7877  15.167  -75.311  -33.394 0.8000000119
7191  12.979  -76.131  -33.673 0.6999999881
8664  12.940  -73.697  -33.347 0.6999999881
124529  15.998  -74.759  -32.066 0.6999999881
7189  14.640  -76.341  -33.485 0.8000000119
7853  17.141  -74.136  -31.502 0.6999999881
118512  19.414  -75.625  -32.363 0.6999999881
108946  19.736  -76.661  -31.063 0.6000000238
117415  19.747  -76.288  -32.108 0.6000000238
4745  19.723  -79.303  -31.951 0.6000000238
5328  20.113  -77.696  -33.373 0.6000000238
4744  20.432  -80.174  -31.425 0.6000000238
3708  20.855  -81.428  -30.390 0.6999999881
3717  21.092  -81.446  -31.422 0.6000000238
3144  19.055  -82.697  -28.207 0.5000000000
3175  20.516  -82.057  -30.922 0.6000000238
3145  18.653  -83.561  -28.268 0.5000000000
7896  12.800  -75.436  -35.674 0.8999999762
125543  11.927  -74.578  -35.287 0.8000000119
9478  12.083  -73.292  -34.922 0.6999999881
8662  15.303  -74.266  -33.661 0.6999999881
7198  13.726  -75.915  -34.729 0.8999999762
10326  12.260  -71.784  -34.451 0.6999999881
7855  16.220  -73.774  -31.793 0.8000000119
8649  15.621  -74.222  -32.635 0.8000000119
8639  17.510  -73.472  -31.057 0.8000000119
7834  18.713  -74.462  -30.515 0.6999999881
7852  17.971  -74.052  -31.624 0.6999999881
6493  19.484  -75.708  -31.428 0.8000000119
6476  19.569  -76.256  -30.293 0.8000000119
126319  19.640  -77.397  -30.677 0.6999999881
122000  19.582  -78.595  -31.446 0.6999999881
4735  19.760  -79.501  -30.773 0.6000000238
3699  20.052  -82.033  -28.846 0.6999999881
7895  13.596  -75.325  -35.675 0.8999999762
7904  12.201  -74.904  -36.028 0.8000000119
10339  11.722  -72.280  -35.507 0.6999999881
9449  15.552  -73.267  -33.116 0.8000000119
8672  15.134  -74.236  -34.574 0.8000000119
9448  15.971  -72.823  -32.240 0.6999999881
7818  18.331  -73.575  -29.951 0.6999999881
8622  17.845  -72.928  -30.367 0.6000000238
7835  18.161  -73.741  -30.933 0.8000000119
118799  19.310  -75.770  -29.655 0.8000000119
114449  19.684  -76.973  -30.280 0.8000000119
5297  19.407  -78.490  -29.562 0.6999999881
113089  20.300  -79.587  -28.925 0.8000000119
4726  19.623  -79.240  -29.723 0.6999999881
4718  20.759  -79.666  -28.181 0.8000000119
129337  20.703  -81.228  -27.296 0.6999999881
119788  20.811  -80.736  -28.894 0.6999999881
4725  20.346  -79.929  -29.808 0.6999999881
3687  19.996  -81.665  -27.700 0.6999999881
3698  20.708  -81.420  -29.412 0.6999999881
14588  14.607  -66.675  -29.360 0.6000000238
14626  15.187  -66.206  -30.940 0.6000000238
15472  13.203  -65.635  -30.882 0.6000000238
15493  12.373  -65.408  -31.458 0.6999999881
7903  13.065  -75.035  -36.411 0.8999999762
9489  11.376  -72.769  -36.451 0.6999999881
9436  16.525  -72.166  -31.655 0.6000000238
8606  18.302  -72.837  -29.495 0.6000000238
9422  17.537  -72.181  -30.491 0.6000000238
118763  18.995  -75.031  -29.731 0.6999999881
7128  19.244  -76.094  -28.039 0.6999999881
7140  19.097  -75.248  -28.749 0.6999999881
12012  10.424  -68.834  -37.037 0.6999999881
12886  9.846  -68.412  -35.716 0.6999999881
6449  19.329  -76.985  -28.462 0.8000000119
6461  19.371  -76.234  -29.003 0.8000000119
12904  11.256  -68.455  -37.444 0.6000000238
13770  10.579  -68.254  -35.955 0.6000000238
12874  11.041  -68.224  -34.859 0.6999999881
109489  19.355  -77.950  -28.874 0.6999999881
12884  11.364  -67.962  -35.659 0.5000000000
115966  12.033  -68.267  -34.059 0.6999999881
4709  20.913  -79.337  -27.396 0.8000000119
4719  19.630  -78.926  -28.865 0.8000000119
129392  11.642  -67.507  -36.831 0.5000000000
13768  12.121  -67.433  -36.053 0.5000000000
4195  21.085  -80.564  -27.407 0.6999999881
13767  12.921  -66.833  -36.431 0.5000000000
14671  13.544  -66.217  -36.913 0.6000000238
13757  13.297  -67.329  -35.229 0.5000000000
13748  14.366  -67.447  -34.184 0.6000000238
12849  15.297  -68.310  -31.972 0.6999999881
12826  15.698  -68.029  -29.989 0.6999999881
124534  14.314  -66.778  -34.866 0.5000000000
13739  15.655  -67.785  -32.528 0.6000000238
12838  15.916  -67.883  -31.476 0.6000000238
14608  15.742  -67.021  -30.638 0.6000000238
14660  13.775  -66.409  -35.793 0.6000000238
13738  16.313  -67.125  -32.075 0.6000000238
13722  16.112  -67.263  -31.300 0.6000000238
14659  14.720  -65.947  -35.133 0.5000000000
13756  15.393  -66.687  -34.083 0.5000000000
14625  16.118  -66.515  -31.642 0.6000000238
15492  14.252  -65.580  -31.169 0.6000000238
15507  12.794  -64.881  -32.237 0.6999999881
17228  11.719  -63.569  -34.390 0.6000000238
113220  10.570  -64.556  -34.261 0.6999999881
13746  16.135  -66.942  -33.050 0.6000000238
14640  16.360  -66.209  -32.612 0.6000000238
15491  15.389  -65.651  -31.591 0.6000000238
15506  14.253  -64.951  -31.823 0.6999999881
17227  12.600  -63.055  -34.086 0.5000000000
8690  12.049  -74.136  -36.715 0.8999999762
9462  15.956  -72.322  -33.353 0.6000000238
9463  15.504  -73.206  -33.962 0.6999999881
9496  11.395  -72.738  -37.076 0.8000000119
11138  10.373  -70.832  -35.255 0.6999999881
10345  10.308  -70.961  -36.747 0.6999999881
10347  11.069  -71.782  -37.295 0.8000000119
131046  18.466  -73.387  -29.166 0.6999999881
11160  10.934  -70.473  -37.568 0.8000000119
12003  9.775  -69.159  -36.413 0.6000000238
11159  11.765  -70.386  -37.806 0.6999999881
12010  12.112  -69.143  -37.783 0.6000000238
5272  20.195  -78.896  -27.102 0.8000000119
5264  19.700  -78.335  -26.346 0.8000000119
128433  20.966  -79.130  -26.583 0.8000000119
12903  12.079  -67.926  -37.679 0.5000000000
4703  21.260  -79.569  -26.498 0.8000000119
13794  12.284  -67.216  -37.421 0.5000000000
12901  14.291  -67.667  -37.892 0.5000000000
13792  13.902  -66.895  -38.084 0.6000000238
13793  13.245  -66.795  -37.932 0.6000000238
14680  14.197  -65.868  -37.390 0.6000000238
14670  14.199  -65.700  -36.336 0.6000000238
19042  11.607  -61.963  -34.410 0.5000000000
14658  15.735  -65.794  -34.371 0.5000000000
18138  12.280  -62.457  -34.399 0.5000000000
17238  11.314  -63.146  -34.638 0.6000000238
129079  16.164  -65.591  -33.953 0.6000000238
15505  15.491  -65.055  -32.201 0.6999999881
16332  14.771  -64.354  -32.409 0.6999999881
16343  13.316  -63.683  -33.209 0.6999999881
15538  15.438  -64.748  -35.580 0.6000000238
17215  14.329  -63.560  -32.839 0.6000000238
16354  16.120  -64.024  -34.643 0.6999999881
17214  15.396  -63.500  -33.254 0.6000000238
17225  14.837  -62.729  -33.323 0.5000000000
8679  15.112  -74.171  -35.479 0.6999999881
7902  13.996  -74.647  -36.750 0.6999999881
8689  13.331  -74.415  -37.193 0.6999999881
8703  11.946  -73.444  -37.283 0.8000000119
9501  12.543  -73.237  -37.806 0.6999999881
130700  12.297  -70.890  -38.030 0.6999999881
9509  11.647  -71.895  -37.722 0.6999999881
20018  11.726  -60.473  -32.492 0.5000000000
110828  15.719  -66.947  -37.756 0.5000000000
14693  14.941  -66.364  -37.931 0.6000000238
19034  11.047  -61.724  -34.008 0.5000000000
125882  15.564  -66.285  -37.704 0.5000000000
119176  16.754  -67.302  -37.646 0.5000000000
14679  14.997  -65.828  -37.646 0.6000000238
15539  14.768  -65.280  -35.805 0.6000000238
17226  13.788  -62.727  -33.521 0.5000000000
14691  17.410  -66.522  -37.339 0.5000000000
15559  16.022  -65.868  -37.349 0.6000000238
16381  15.837  -64.864  -36.355 0.6000000238
15548  16.634  -65.189  -36.767 0.6000000238
9488  15.691  -73.433  -35.779 0.6999999881
8688  14.754  -74.181  -37.353 0.6999999881
8702  13.462  -73.728  -37.937 0.6999999881
17248  16.527  -63.511  -35.073 0.5000000000
14690  18.004  -66.777  -37.405 0.5000000000
17224  15.632  -62.452  -33.765 0.5000000000
15558  17.028  -65.940  -37.102 0.5000000000
16380  16.728  -64.456  -36.109 0.5000000000
16368  16.217  -64.352  -35.560 0.5000000000
114585  15.845  -63.360  -33.807 0.5000000000
18148  17.760  -62.439  -35.108 0.5000000000
18135  18.187  -61.766  -34.697 0.5000000000
15537  18.668  -64.975  -36.102 0.5000000000
17245  18.489  -63.255  -35.412 0.5000000000
17236  16.907  -62.630  -34.799 0.5000000000
129822  18.612  -65.812  -36.476 0.5000000000
16366  18.486  -64.039  -35.751 0.5000000000
17258  17.480  -63.901  -35.807 0.5000000000
14677  18.326  -66.274  -36.896 0.5000000000
16378  18.205  -64.671  -36.316 0.5000000000
16353  18.811  -64.178  -35.469 0.5000000000
18091  10.266  -62.071  -30.888 0.6000000238
122687  9.395  -61.361  -32.337 0.6000000238
18994  11.556  -61.378  -30.428 0.5000000000
18983  10.377  -61.791  -29.589 0.6999999881
19007  9.361  -61.108  -31.451 0.6000000238
19008  8.705  -60.736  -32.237 0.6000000238
20008  7.912  -59.697  -31.222 0.6999999881
19991  10.026  -61.220  -29.098 0.6000000238
116866  9.280  -60.733  -30.545 0.6999999881
20019  8.684  -60.328  -31.400 0.6999999881
20032  7.436  -60.355  -32.667 0.6999999881
20939  8.203  -59.531  -30.255 0.8000000119
18063  11.297  -61.679  -27.610 0.5000000000
18973  10.758  -61.451  -28.503 0.5000000000
20007  8.627  -59.955  -30.719 0.8000000119
20001  9.522  -60.564  -29.601 0.6000000238
119304  7.545  -58.284  -28.444 0.6999999881
18040  11.702  -61.857  -26.143 0.5000000000
127744  11.886  -62.037  -27.742 0.5000000000
20926  8.480  -59.112  -29.396 0.6999999881
113130  6.768  -59.318  -29.682 0.6999999881
20925  9.394  -59.600  -29.239 0.6999999881
113773  10.322  -60.587  -28.204 0.6999999881
22790  7.235  -58.003  -27.784 0.6999999881
122239  8.280  -58.364  -28.711 0.6999999881
18951  10.906  -60.740  -26.561 0.6000000238
20914  9.901  -59.505  -28.574 0.8000000119
23691  12.607  -55.185  -26.215 0.6999999881
24611  11.828  -54.629  -26.012 0.8000000119
18914  14.781  -62.273  -24.536 0.4000000060
112602  7.990  -57.341  -27.456 0.6999999881
18934  13.336  -61.392  -24.891 0.5000000000
22789  8.114  -57.786  -28.149 0.6999999881
18936  11.941  -61.406  -25.556 0.6000000238
19967  11.209  -60.350  -25.988 0.6000000238
20915  9.224  -58.601  -28.767 0.6999999881
19982  10.654  -60.266  -27.175 0.8000000119
20913  10.450  -59.525  -27.821 0.8000000119
21673  14.787  -59.198  -14.504 0.5000000000
20747  16.043  -60.318  -15.308 0.5000000000
19827  15.989  -61.019  -15.812 0.5000000000
22730  15.714  -57.803  -24.550 0.5000000000
23689  15.586  -56.675  -26.813 0.6000000238
22758  16.115  -57.248  -26.132 0.6000000238
128661  16.028  -58.171  -23.737 0.6000000238
114294  15.493  -59.865  -19.819 0.6000000238
22746  14.588  -57.194  -25.745 0.6999999881
22745  15.453  -57.448  -25.424 0.6999999881
23675  13.715  -56.641  -25.979 0.6999999881
23676  13.197  -56.986  -25.027 0.6999999881
23708  9.127  -55.977  -27.903 0.6999999881
24647  9.621  -55.074  -27.473 0.6999999881
24645  11.659  -54.941  -27.742 0.8000000119
19950  14.161  -60.853  -25.302 0.5000000000
22774  8.753  -57.036  -27.933 0.6999999881
19952  12.525  -60.644  -25.419 0.6000000238
116768  8.926  -57.732  -28.399 0.8000000119
21838  11.248  -59.187  -26.978 0.6999999881
110824  10.118  -57.484  -28.822 0.8000000119
21863  10.125  -58.544  -28.505 0.8000000119
22616  15.066  -58.125  -15.090 0.5000000000
21686  16.355  -58.529  -15.642 0.6000000238
113429  16.610  -57.815  -16.080 0.5000000000
113367  17.075  -59.640  -16.099 0.6000000238
20755  17.286  -60.130  -16.487 0.6000000238
19840  16.238  -61.121  -16.577 0.6000000238
19853  18.048  -60.371  -17.975 0.6000000238
19864  17.445  -60.638  -18.572 0.5000000000
128657  16.849  -57.590  -25.781 0.5000000000
21814  16.629  -58.094  -24.433 0.5000000000
111413  16.003  -56.220  -27.528 0.6000000238
110056  16.235  -58.524  -23.057 0.6000000238
21780  15.800  -58.809  -22.384 0.6999999881
19873  16.827  -60.586  -19.245 0.6000000238
24640  15.621  -55.656  -28.281 0.6000000238
110667  14.640  -56.492  -26.672 0.6999999881
22731  13.644  -57.609  -24.420 0.6999999881
22715  15.107  -58.079  -23.858 0.6999999881
110153  14.655  -58.658  -22.281 0.8000000119
128908  15.421  -59.261  -20.809 0.6999999881
24641  14.860  -55.534  -28.183 0.6999999881
23690  13.847  -55.763  -26.853 0.6999999881
24642  14.149  -55.366  -28.021 0.6999999881
24626  13.158  -55.127  -27.060 0.8000000119
24660  11.999  -55.689  -28.539 0.8000000119
24644  12.628  -55.083  -27.707 0.8000000119
19964  14.067  -60.221  -26.001 0.5000000000
20898  14.238  -59.377  -27.571 0.6000000238
23723  10.412  -56.517  -29.019 0.8000000119
23707  10.966  -55.630  -28.582 0.8000000119
19966  12.384  -59.851  -25.901 0.6000000238
20885  13.768  -59.663  -26.706 0.6999999881
22787  10.955  -57.364  -29.095 0.8000000119
21837  11.745  -58.909  -27.220 0.6999999881
21848  12.016  -58.555  -28.015 0.6999999881
21850  10.808  -58.988  -27.727 0.8000000119
22631  14.643  -57.162  -15.696 0.4000000060
22630  15.707  -57.752  -15.702 0.5000000000
21698  18.132  -58.684  -17.262 0.4000000060
20769  18.214  -59.692  -17.503 0.5000000000
19863  18.156  -60.289  -18.832 0.5000000000
22773  16.816  -56.469  -27.500 0.5000000000
21813  17.591  -58.342  -24.334 0.6000000238
21779  16.904  -58.942  -22.556 0.6000000238
20790  17.294  -60.245  -19.887 0.6000000238
23718  16.646  -55.542  -29.339 0.6000000238
21759  16.358  -59.243  -21.795 0.6999999881
20806  16.707  -59.928  -20.571 0.6999999881
24667  15.711  -55.570  -29.619 0.6000000238
24658  13.776  -55.656  -28.444 0.8000000119
21846  13.818  -58.829  -28.259 0.6999999881
21861  12.417  -58.097  -28.970 0.6999999881
22786  11.902  -57.360  -29.273 0.8000000119
23721  12.449  -56.538  -29.152 0.8000000119
21847  12.905  -58.626  -28.208 0.6999999881
23561  15.288  -56.886  -16.403 0.4000000060
114614  14.045  -56.578  -16.025 0.4000000060
23563  13.212  -56.498  -16.309 0.4000000060
22629  17.481  -57.992  -16.604 0.5000000000
120717  16.070  -57.196  -16.364 0.4000000060
24510  12.684  -56.056  -16.599 0.5000000000
20780  18.450  -59.784  -18.339 0.5000000000
117949  18.580  -59.341  -21.016 0.5000000000
20805  17.802  -59.866  -20.617 0.5000000000
127979  19.148  -58.841  -22.140 0.5000000000
20828  17.011  -59.647  -21.286 0.6999999881
24668  15.027  -55.931  -29.433 0.6000000238
22801  13.566  -56.788  -29.426 0.8000000119
20912  14.629  -59.046  -28.291 0.6000000238
21859  14.281  -58.511  -28.800 0.6000000238
21874  15.313  -57.962  -29.654 0.6999999881
22799  14.819  -57.244  -29.840 0.6999999881
21860  13.484  -58.153  -29.089 0.6999999881
26138  12.182  -53.868  -15.987 0.3000000119
23574  17.047  -56.385  -17.223 0.4000000060
23575  15.971  -56.553  -17.043 0.3000000119
23576  14.987  -56.262  -17.031 0.4000000060
117065  14.217  -56.193  -16.459 0.4000000060
24509  13.741  -55.856  -16.456 0.4000000060
117480  12.807  -54.606  -16.166 0.5000000000
115039  18.416  -58.272  -17.919 0.4000000060
26137  13.419  -53.879  -15.791 0.3000000119
21697  18.459  -59.117  -17.924 0.4000000060
21778  18.605  -58.934  -22.704 0.5000000000
21719  18.937  -58.880  -19.563 0.4000000060
21812  18.547  -58.442  -24.246 0.6000000238
113448  18.909  -58.025  -19.106 0.4000000060
21796  19.840  -58.289  -23.403 0.4000000060
21738  19.099  -58.648  -20.477 0.5000000000
23719  14.119  -56.187  -29.052 0.6999999881
22800  13.903  -57.376  -29.526 0.6999999881
110657  12.176  -55.416  -16.515 0.4000000060
25322  13.835  -54.445  -16.100 0.4000000060
26123  13.960  -53.216  -15.563 0.3000000119
111321  18.068  -56.957  -17.546 0.3000000119
22655  19.164  -58.123  -19.798 0.4000000060
21776  20.096  -57.994  -22.642 0.4000000060
21757  19.473  -57.988  -21.193 0.4000000060
122859  15.587  -55.937  -17.536 0.3000000119
24508  14.551  -55.666  -17.005 0.3000000119
25321  14.131  -55.063  -16.560 0.4000000060
26135  14.303  -54.039  -16.389 0.3000000119
26136  14.131  -53.758  -15.861 0.3000000119
24525  16.477  -55.820  -17.623 0.3000000119
114244  18.650  -57.008  -18.607 0.3000000119
23611  19.513  -57.088  -21.004 0.3000000119
111910  19.066  -57.268  -19.512 0.3000000119
22702  20.000  -57.431  -21.918 0.3000000119
25320  14.483  -54.847  -17.066 0.3000000119
126341  14.704  -53.308  -16.528 0.3000000119
24526  15.091  -55.626  -17.644 0.3000000119
26153  14.630  -54.021  -17.112 0.3000000119
23595  18.642  -56.303  -19.135 0.3000000119
23612  18.973  -56.589  -20.129 0.3000000119
24562  19.647  -56.479  -21.686 0.3000000119
26124  12.803  -53.149  -15.624 0.3000000119
24537  15.827  -55.258  -18.039 0.3000000119
24538  15.148  -55.063  -18.055 0.3000000119
24556  18.315  -55.603  -20.404 0.3000000119
12861  13.259  -67.983  -34.179 0.6000000238
12860  14.358  -68.071  -33.267 0.6999999881
110309  14.418  -68.647  -31.955 0.6999999881
116806  15.592  -68.269  -30.601 0.6999999881
20804  18.632  -59.535  -20.112 0.4000000060
20846  17.889  -59.255  -22.259 0.6000000238
26122  14.629  -53.066  -15.939 0.3000000119
6508  17.691  -76.047  -32.495 0.6999999881
7865  13.412  -74.523  -32.148 0.6999999881
7164  19.030  -75.041  -32.170 0.8000000119
4237  21.127  -80.788  -31.958 0.6000000238
4217  20.770  -80.659  -29.866 0.6999999881
8623  17.181  -72.838  -30.918 0.6000000238
10341  10.552  -71.177  -36.100 0.6999999881
5286  19.638  -78.595  -28.015 0.8000000119
109894  20.704  -80.113  -28.992 0.6999999881
4203  21.123  -79.842  -27.424 0.8000000119
122540  12.833  -64.398  -32.968 0.6999999881
13708  15.838  -67.672  -30.658 0.6000000238
17239  10.525  -63.372  -34.591 0.6000000238
16342  15.914  -64.362  -33.482 0.6999999881
10348  10.444  -70.765  -37.225 0.8000000119
12021  13.177  -69.451  -37.920 0.5000000000
116141  12.761  -67.419  -37.857 0.6000000238
120104  14.933  -65.305  -36.710 0.6000000238
22788  9.520  -56.826  -28.538 0.8000000119
2612  23.464  -83.922  -22.738 0.4000000060
3076  23.815  -82.374  -22.183 0.4000000060
1710  23.738  -86.539  -24.213 0.3000000119
112604  22.850  -84.429  -22.888 0.4000000060
2613  22.807  -83.591  -22.475 0.4000000060
108949  22.988  -82.910  -22.164 0.4000000060
1717  25.784  -86.000  -25.228 0.4000000060
1708  26.150  -86.148  -24.224 0.5000000000
1697  26.483  -85.906  -23.651 0.5000000000
1718  24.962  -86.070  -25.145 0.3000000119
1698  25.159  -86.640  -23.782 0.4000000060
2598  25.126  -84.238  -22.812 0.4000000060
1719  24.115  -85.986  -24.814 0.3000000119
113830  24.522  -86.296  -23.426 0.3000000119
2611  24.272  -84.489  -22.842 0.3000000119
2173  23.393  -85.859  -24.826 0.3000000119
1727  24.995  -85.445  -26.093 0.4000000060
1726  25.715  -85.886  -26.226 0.4000000060
1725  26.256  -85.664  -26.015 0.5000000000
1734  24.531  -84.752  -27.092 0.3000000119
2178  24.264  -85.118  -25.500 0.3000000119
2181  21.164  -84.262  -25.337 0.4000000060
2627  22.250  -84.062  -25.603 0.3000000119
2190  19.187  -83.713  -26.675 0.4000000060
125422  19.553  -84.288  -26.549 0.4000000060
1733  25.417  -85.470  -27.099 0.4000000060
1739  24.934  -85.125  -28.025 0.4000000060
2205  23.969  -84.362  -28.162 0.4000000060
2672  24.052  -83.684  -29.921 0.5000000000
118752  22.471  -83.719  -26.533 0.4000000060
2663  22.962  -83.603  -28.302 0.4000000060
2182  20.326  -83.911  -25.518 0.4000000060
2629  20.156  -83.003  -25.676 0.5000000000
2649  21.192  -82.539  -26.445 0.4000000060
3137  18.824  -83.027  -27.559 0.4000000060
123393  20.767  -82.064  -32.057 0.6000000238
3164  19.485  -82.648  -30.447 0.4000000060
3153  23.947  -82.836  -30.148 0.6000000238
3685  23.142  -82.297  -28.678 0.6000000238
3134  22.402  -82.839  -28.032 0.6000000238
3679  22.582  -81.871  -27.780 0.6000000238
3135  21.773  -82.129  -27.100 0.6000000238
3672  22.523  -81.358  -26.691 0.6999999881
3120  20.509  -82.317  -26.025 0.5000000000
3674  20.609  -81.745  -26.418 0.6000000238
4189  21.954  -80.751  -25.735 0.6999999881
4193  24.596  -80.507  -27.841 0.6999999881
4187  24.264  -80.575  -26.109 0.6999999881
3678  24.094  -81.288  -28.352 0.6000000238
123413  24.252  -80.834  -27.263 0.6999999881
4694  22.107  -79.565  -24.815 0.6999999881
5263  21.306  -79.104  -25.635 0.6999999881
5849  19.330  -77.763  -27.833 0.6999999881
3662  22.655  -80.877  -25.540 0.6999999881
4180  22.557  -80.326  -24.711 0.6999999881
5261  24.479  -78.942  -25.750 0.5000000000
123588  23.894  -78.647  -25.184 0.6000000238
4169  24.099  -80.071  -24.519 0.6999999881
5248  21.660  -78.688  -25.169 0.6000000238
5249  20.699  -78.381  -25.342 0.6999999881
5817  20.258  -77.768  -24.960 0.6999999881
4179  23.503  -80.532  -24.731 0.6999999881
5250  19.926  -78.207  -25.468 0.6999999881
6420  19.256  -76.939  -26.637 0.6000000238
128542  21.924  -78.241  -25.120 0.6000000238
5815  21.917  -77.472  -25.143 0.6000000238
6409  19.647  -76.915  -25.234 0.6000000238
5801  20.674  -77.047  -24.688 0.6000000238
9421  18.141  -72.178  -29.855 0.5000000000
7169  13.878  -75.960  -31.196 0.6000000238
6497  14.080  -76.602  -31.189 0.6000000238
112292  19.356  -76.507  -26.007 0.6000000238
111187  19.203  -75.122  -27.617 0.6000000238
8590  19.150  -73.319  -27.748 0.5000000000
127204  18.584  -72.871  -28.839 0.5000000000
9437  13.304  -72.666  -32.122 0.6000000238
8663  13.334  -73.384  -32.524 0.6000000238
7856  13.711  -73.851  -31.103 0.6000000238
7089  19.644  -76.031  -25.325 0.6000000238
7801  19.346  -74.114  -27.082 0.5000000000
7807  18.881  -74.235  -28.085 0.5000000000
10315  9.727  -71.082  -33.707 0.6000000238
10328  9.989  -70.881  -34.466 0.6000000238
10314  10.946  -71.288  -34.056 0.6000000238
9450  12.740  -72.302  -32.613 0.6000000238
122334  12.624  -71.841  -33.551 0.6000000238
10327  11.423  -71.170  -34.644 0.6000000238
10313  11.981  -71.396  -33.995 0.6000000238
9476  16.048  -72.531  -35.064 0.6000000238
7789  19.620  -74.617  -26.226 0.6000000238
11130  9.142  -70.349  -34.031 0.6000000238
11973  8.877  -69.193  -33.691 0.6000000238
11983  8.650  -68.863  -35.331 0.6000000238
11139  9.240  -70.197  -34.952 0.6000000238
112804  9.198  -68.407  -35.317 0.5000000000
11146  9.660  -70.183  -35.902 0.6000000238
11153  9.832  -69.995  -36.561 0.5000000000
10301  9.552  -71.650  -33.045 0.6999999881
11127  9.241  -70.566  -32.693 0.6000000238
11131  8.978  -69.946  -33.527 0.6000000238
12864  9.464  -68.635  -33.764 0.6000000238
12863  10.687  -68.437  -33.906 0.6000000238
11081  12.824  -70.967  -27.298 0.6000000238
11126  9.531  -70.233  -32.256 0.6000000238
131225  9.721  -69.615  -32.472 0.6000000238
11963  11.556  -68.938  -32.393 0.5000000000
11950  11.692  -70.181  -30.567 0.6000000238
11949  12.664  -69.651  -30.603 0.6000000238
11940  13.403  -70.161  -28.835 0.6000000238
11096  13.673  -70.378  -27.703 0.6000000238
11121  10.857  -70.145  -31.126 0.6000000238
109076  11.733  -68.556  -33.165 0.6000000238
11956  11.608  -69.483  -31.502 0.6000000238
128735  12.419  -69.041  -31.936 0.5000000000
11948  13.738  -69.272  -30.557 0.6000000238
111188  13.528  -69.665  -29.783 0.5000000000
11925  14.484  -69.742  -28.049 0.5000000000
12851  13.761  -68.530  -32.588 0.6000000238
12840  14.074  -68.955  -31.284 0.6000000238
11939  14.391  -69.496  -28.995 0.6000000238
112500  15.118  -69.151  -28.412 0.6000000238
12799  15.249  -68.535  -28.122 0.6999999881
125072  14.556  -68.441  -26.618 0.6999999881
13649  13.801  -67.905  -26.499 0.6999999881
13661  13.226  -67.428  -27.068 0.6999999881
11947  14.528  -69.185  -29.790 0.6000000238
12815  15.347  -68.693  -28.873 0.6999999881
14569  14.824  -67.124  -28.655 0.6999999881
13659  15.014  -68.067  -27.510 0.6999999881
13660  14.258  -67.545  -27.112 0.6999999881
13676  13.642  -66.926  -27.756 0.6000000238
13692  15.609  -67.603  -29.933 0.6000000238
116634  18.731  -70.974  -30.712 0.5000000000
10273  17.474  -71.600  -30.871 0.5000000000
125726  18.739  -71.179  -33.087 0.5000000000
10287  18.043  -71.013  -31.308 0.5000000000
112330  17.874  -71.008  -33.046 0.6000000238
10322  19.468  -71.859  -34.576 0.6000000238
10309  19.133  -71.426  -33.845 0.6000000238
10310  18.233  -71.239  -33.833 0.6000000238
122578  17.062  -71.584  -34.685 0.6000000238
9487  16.338  -72.913  -35.917 0.6000000238
10335  18.922  -71.892  -35.165 0.5000000000
9485  17.783  -72.235  -36.002 0.6000000238
8687  15.674  -73.756  -37.009 0.6000000238
9499  17.901  -73.521  -37.647 0.6000000238
8699  16.171  -73.822  -38.096 0.5000000000
9495  16.624  -73.336  -36.910 0.6000000238
123373  14.144  -74.085  -37.732 0.6000000238
110519  16.697  -73.710  -38.805 0.5000000000
8700  15.084  -73.889  -38.264 0.6000000238
11171  12.640  -70.327  -38.001 0.5000000000
10353  13.834  -71.593  -38.640 0.5000000000
9508  12.427  -72.277  -38.084 0.6000000238
8714  13.976  -73.140  -38.493 0.6000000238
3136  19.310  -82.340  -27.142 0.6000000238
117464  21.481  -81.180  -26.602 0.6999999881
10299  17.513  -71.079  -32.257 0.5000000000
12852  12.650  -68.734  -32.550 0.6000000238
12798  15.497  -68.108  -29.146 0.6999999881
10312  16.641  -71.573  -33.379 0.6000000238
124064  13.164  -72.985  -38.195 0.6000000238
1700  23.677  -86.171  -23.695 0.3000000119
1699  24.353  -86.626  -23.816 0.3000000119
2159  24.972  -85.648  -23.036 0.4000000060
2179  22.921  -84.840  -25.154 0.3000000119
2188  23.373  -84.326  -25.780 0.4000000060
2628  21.334  -83.824  -25.483 0.4000000060
2204  24.580  -84.659  -28.901 0.4000000060
2648  22.208  -83.378  -27.496 0.3000000119
2662  23.675  -83.884  -29.097 0.5000000000
3142  23.434  -83.039  -29.460 0.6000000238
2634  21.552  -83.328  -26.462 0.5000000000
3122  19.573  -82.440  -26.368 0.5000000000
128445  23.522  -81.444  -27.886 0.6000000238
4692  23.804  -79.707  -24.223 0.6999999881
11964  10.491  -69.240  -32.334 0.6000000238
112922  12.534  -67.057  -27.855 0.6000000238
10323  18.624  -71.546  -34.560 0.6000000238
9492  19.315  -72.888  -36.544 0.5000000000
10337  17.368  -71.825  -35.313 0.6000000238
9486  17.006  -72.434  -36.013 0.6000000238
9493  18.301  -72.847  -36.706 0.5000000000
9494  17.439  -73.013  -36.803 0.6000000238
8697  18.306  -73.821  -38.446 0.5000000000
8712  15.852  -73.612  -38.963 0.5000000000
9506  14.331  -72.478  -38.838 0.5000000000
426  20.593  -89.740  -13.645 0.4000000060
425  21.376  -89.790  -13.606 0.4000000060
643  20.076  -88.635  -14.079 0.5000000000
405  18.057  -90.064  -11.755 0.5000000000
406  17.287  -89.635  -11.417 0.5000000000
407  15.990  -89.181  -11.203 0.5000000000
417  18.457  -89.487  -12.406 0.5000000000
248  18.825  -90.553  -12.109 0.5000000000
424  21.964  -89.579  -13.385 0.4000000060
432  22.662  -88.988  -14.294 0.4000000060
433  21.904  -89.234  -14.170 0.5000000000
2130  25.052  -84.519  -20.562 0.3000000119
1670  25.520  -85.431  -20.514 0.3000000119
2131  24.144  -84.423  -20.640 0.3000000119
2581  23.606  -83.477  -20.938 0.3000000119
240  19.116  -91.059  -11.695 0.4000000060
241  18.400  -91.022  -11.386 0.5000000000
397  16.940  -90.214  -10.848 0.5000000000
107  19.688  -90.853  -12.307 0.4000000060
256  20.155  -90.332  -13.053 0.4000000060
125507  21.500  -90.149  -13.054 0.3000000119
246  21.685  -90.569  -12.102 0.3000000119
661  22.836  -88.649  -15.332 0.4000000060
415  22.324  -89.554  -12.702 0.3000000119
423  22.447  -89.021  -13.686 0.4000000060
120119  22.461  -88.946  -14.833 0.5000000000
414  22.420  -88.972  -13.459 0.3000000119
118485  26.350  -83.736  -20.345 0.3000000119
1669  26.410  -85.653  -20.466 0.3000000119
119990  24.533  -83.632  -20.660 0.3000000119
3055  24.453  -82.396  -21.101 0.3000000119
2589  23.019  -83.082  -21.514 0.3000000119
99  19.626  -91.156  -11.543 0.3000000119
100  18.931  -91.267  -11.102 0.4000000060
97  20.710  -91.024  -11.468 0.3000000119
131278  22.563  -89.286  -12.496 0.3000000119
129843  24.183  -88.710  -14.439 0.4000000060
650  24.027  -88.841  -14.740 0.4000000060
130076  23.554  -88.777  -14.201 0.4000000060
881  22.867  -88.546  -11.762 0.3000000119
2571  27.820  -83.165  -19.358 0.4000000060
119405  27.945  -84.355  -19.745 0.4000000060
2122  27.967  -85.445  -20.014 0.4000000060
1662  28.431  -86.002  -19.583 0.4000000060
1305  28.230  -86.619  -19.097 0.4000000060
950  27.921  -86.985  -18.615 0.5000000000
2578  26.663  -82.788  -20.309 0.3000000119
118667  25.423  -83.695  -20.526 0.3000000119
2579  25.759  -82.802  -20.527 0.3000000119
3062  24.127  -82.150  -21.580 0.3000000119
2599  24.208  -83.224  -22.655 0.3000000119
91  20.319  -91.124  -10.898 0.3000000119
1230  23.006  -86.988  -12.830 0.3000000119
118344  23.681  -87.845  -13.296 0.3000000119
641  25.317  -88.172  -14.217 0.4000000060
1259  25.159  -86.915  -15.439 0.4000000060
878  23.161  -87.981  -11.001 0.3000000119
1231  22.683  -86.933  -12.215 0.3000000119
882  22.630  -87.771  -12.031 0.3000000119
634  22.665  -88.645  -12.623 0.3000000119
1269  27.655  -86.476  -16.189 0.5000000000
1257  27.279  -86.445  -15.354 0.5000000000
3039  30.068  -82.142  -17.118 0.3000000119
3040  29.186  -82.357  -17.668 0.3000000119
3580  29.030  -81.802  -18.276 0.3000000119
120324  28.893  -83.290  -17.916 0.3000000119
2564  28.568  -83.907  -18.896 0.4000000060
1280  29.200  -85.995  -16.924 0.5000000000
1281  28.404  -86.384  -17.222 0.5000000000
3046  28.465  -82.541  -18.493 0.3000000119
2121  28.548  -85.032  -19.419 0.4000000060
118944  28.825  -85.472  -19.058 0.4000000060
1292  28.904  -85.954  -17.891 0.5000000000
3053  26.122  -81.902  -20.604 0.3000000119
3605  24.670  -81.866  -21.327 0.3000000119
3616  24.596  -81.672  -21.772 0.3000000119
130886  25.197  -81.932  -22.544 0.3000000119
3074  25.124  -82.852  -22.686 0.4000000060
888  25.454  -87.614  -13.396 0.4000000060
1220  23.490  -86.967  -10.558 0.3000000119
879  22.705  -86.950  -11.489 0.3000000119
1605  22.722  -86.115  -11.853 0.3000000119
908  26.331  -87.344  -13.950 0.4000000060
919  26.671  -86.632  -14.873 0.4000000060
1636  26.556  -86.209  -15.890 0.5000000000
124629  28.339  -86.178  -13.965 0.4000000060
126389  27.329  -86.638  -14.309 0.5000000000
3027  32.289  -81.848  -16.735 0.3000000119
1255  28.518  -86.231  -15.385 0.5000000000
1256  27.892  -86.373  -15.309 0.5000000000
3028  30.712  -82.489  -16.612 0.3000000119
1630  29.783  -85.749  -15.516 0.4000000060
117920  29.561  -85.848  -14.800 0.5000000000
3579  29.851  -81.681  -18.072 0.3000000119
118432  29.391  -83.037  -17.298 0.4000000060
2097  29.832  -84.496  -17.326 0.4000000060
1629  30.355  -85.369  -15.637 0.5000000000
1267  28.792  -86.217  -16.221 0.5000000000
3591  28.467  -81.560  -19.031 0.3000000119
129130  28.976  -84.023  -18.312 0.4000000060
2109  29.426  -84.838  -17.998 0.5000000000
1643  29.531  -85.343  -17.466 0.5000000000
3603  26.618  -81.143  -20.771 0.3000000119
4134  26.703  -80.809  -21.418 0.4000000060
3630  26.543  -81.102  -22.264 0.3000000119
4135  26.120  -80.916  -21.944 0.4000000060
121281  25.941  -82.364  -22.677 0.4000000060
4779  19.812  -78.990  -37.522 0.5000000000
117525  26.141  -85.261  -23.096 0.3000000119
116786  24.810  -85.152  -10.210 0.3000000119
1600  23.073  -86.124  -11.042 0.3000000119
109742  25.972  -87.014  -12.906 0.3000000119
1599  24.099  -86.041  -10.284 0.3000000119
114619  26.967  -86.814  -12.903 0.3000000119
1240  27.634  -86.535  -13.658 0.5000000000
1619  28.707  -85.804  -13.303 0.4000000060
2047  28.188  -86.058  -12.964 0.3000000119
3026  33.050  -81.760  -17.260 0.3000000119
1618  29.432  -85.465  -13.379 0.5000000000
122187  31.496  -82.039  -16.600 0.3000000119
1626  30.272  -85.503  -14.625 0.4000000060
1617  30.283  -85.228  -13.623 0.4000000060
2555  30.587  -83.324  -16.467 0.4000000060
2549  30.873  -83.797  -16.251 0.4000000060
2086  30.616  -84.786  -16.227 0.4000000060
2081  30.922  -84.965  -15.131 0.4000000060
3590  29.419  -81.427  -18.994 0.3000000119
3602  28.773  -80.963  -19.824 0.3000000119
2087  30.121  -84.934  -16.930 0.4000000060
1635  29.892  -85.487  -16.458 0.5000000000
4133  27.550  -80.658  -21.360 0.3000000119
3629  27.458  -81.304  -22.473 0.4000000060
3073  26.683  -81.775  -22.614 0.4000000060
5347  19.770  -78.190  -37.447 0.5000000000
3090  26.062  -83.729  -22.857 0.4000000060
3089  27.076  -83.156  -22.869 0.5000000000
4775  20.843  -79.785  -37.062 0.5000000000
125906  13.047  -72.576  -31.713 0.5000000000
115631  29.232  -84.965  -12.944 0.3000000119
2063  28.417  -85.127  -12.879 0.3000000119
7836  13.780  -73.886  -29.958 0.5000000000
8642  11.998  -72.929  -31.180 0.6000000238
3575  33.819  -81.617  -17.813 0.3000000119
3020  32.997  -81.936  -16.216 0.3000000119
3035  33.000  -81.705  -18.047 0.3000000119
3021  32.364  -82.425  -16.032 0.3000000119
2547  32.136  -83.036  -15.741 0.3000000119
2060  30.951  -84.653  -13.294 0.4000000060
2061  30.186  -84.891  -13.027 0.4000000060
120778  14.162  -77.202  -31.929 0.5000000000
9452  8.801  -73.016  -32.289 0.5000000000
2548  31.460  -83.344  -15.960 0.3000000119
2085  31.231  -84.203  -15.630 0.3000000119
2080  31.565  -84.379  -14.485 0.3000000119
2520  31.573  -84.076  -13.212 0.3000000119
5889  15.632  -77.716  -32.137 0.5000000000
3601  29.793  -81.123  -19.923 0.3000000119
4119  29.115  -80.764  -20.698 0.3000000119
116975  17.804  -77.185  -33.658 0.5000000000
3613  29.270  -81.001  -21.769 0.3000000119
5917  18.592  -77.283  -36.235 0.5000000000
3628  28.558  -81.347  -22.445 0.4000000060
5916  19.424  -77.327  -35.954 0.6000000238
3071  28.977  -82.303  -23.009 0.4000000060
3088  28.293  -83.131  -23.100 0.5000000000
5343  20.659  -78.484  -36.190 0.5000000000
2608  28.727  -84.056  -23.671 0.4000000060
2609  27.823  -84.277  -23.380 0.3000000119
2610  26.923  -84.458  -23.135 0.4000000060
4771  21.248  -80.153  -35.477 0.6000000238
2646  28.494  -83.735  -27.358 0.3000000119
2185  28.119  -84.355  -26.861 0.4000000060
2177  27.792  -84.996  -25.175 0.4000000060
115470  27.205  -85.247  -23.645 0.3000000119
4253  21.485  -81.065  -34.770 0.6000000238
4255  21.499  -81.086  -35.829 0.5000000000
129552  28.182  -83.572  -28.052 0.3000000119
2647  27.867  -84.139  -27.772 0.5000000000
2193  26.522  -85.103  -27.586 0.4000000060
1732  26.062  -85.596  -27.100 0.4000000060
114694  27.664  -83.702  -28.829 0.3000000119
2213  26.701  -84.279  -29.073 0.5000000000
2202  26.267  -84.894  -28.442 0.4000000060
1738  25.994  -85.329  -27.925 0.4000000060
2669  26.907  -83.732  -29.803 0.4000000060
2214  25.839  -84.599  -29.277 0.5000000000
2203  25.493  -85.069  -28.600 0.4000000060
2215  25.074  -84.618  -29.551 0.5000000000
8651  11.723  -72.281  -32.592 0.6000000238
124618  11.279  -73.151  -31.954 0.6000000238
3564  34.649  -81.164  -17.172 0.3000000119
3565  33.821  -81.565  -16.769 0.3000000119
3556  33.746  -81.557  -15.891 0.3000000119
3015  32.761  -82.623  -15.469 0.3000000119
9451  10.391  -72.285  -33.046 0.6000000238
116473  9.306  -72.344  -32.542 0.6000000238
120680  33.451  -81.641  -18.616 0.3000000119
2998  32.997  -82.582  -14.429 0.3000000119
2980  32.806  -82.731  -13.651 0.3000000119
113636  8.576  -72.098  -32.066 0.6000000238
3597  33.197  -81.583  -20.342 0.3000000119
2541  32.451  -83.208  -14.851 0.3000000119
122819  32.102  -83.775  -14.371 0.3000000119
10275  9.157  -71.417  -30.502 0.6000000238
110945  30.185  -81.128  -21.014 0.3000000119
10238  10.552  -71.521  -28.446 0.6000000238
110557  9.968  -71.589  -29.064 0.6000000238
10239  9.960  -71.573  -28.071 0.6000000238
10219  9.945  -71.609  -26.866 0.5000000000
2607  29.378  -83.705  -24.003 0.4000000060
2176  28.320  -84.454  -25.926 0.4000000060
2678  26.052  -83.715  -30.573 0.4000000060
2670  25.483  -84.246  -30.103 0.5000000000
3563  35.399  -80.658  -17.507 0.3000000119
4093  35.139  -80.419  -16.705 0.3000000119
3555  34.395  -80.871  -16.114 0.3000000119
115551  33.406  -81.799  -14.504 0.3000000119
3530  33.361  -81.546  -13.864 0.3000000119
3516  32.419  -82.076  -13.351 0.3000000119
9467  10.382  -71.610  -33.548 0.5000000000
130144  34.916  -81.179  -18.869 0.3000000119
3586  33.307  -81.617  -19.418 0.3000000119
11123  9.170  -70.931  -31.849 0.5000000000
10302  9.065  -71.510  -32.348 0.6000000238
4108  35.001  -81.063  -19.563 0.3000000119
2981  31.936  -82.844  -13.076 0.3000000119
10289  8.803  -71.453  -31.505 0.6000000238
4118  34.592  -81.040  -20.422 0.3000000119
10260  10.159  -71.436  -29.927 0.6000000238
3086  29.669  -82.970  -23.659 0.3000000119
3070  29.696  -82.432  -23.130 0.3000000119
10218  10.710  -71.527  -27.629 0.6000000238
10185  10.886  -71.664  -24.630 0.6000000238
10274  9.599  -71.150  -30.887 0.6000000238
11114  10.712  -70.819  -30.461 0.5000000000
11108  11.567  -71.099  -29.219 0.6000000238
10237  11.163  -71.437  -28.205 0.6000000238
10217  11.694  -71.393  -27.304 0.6000000238
123342  10.949  -71.551  -26.595 0.6000000238
10184  11.751  -71.518  -24.712 0.6000000238
10202  11.302  -71.580  -25.562 0.6000000238
11867  11.585  -70.461  -23.869 0.5000000000
11122  9.981  -70.540  -31.408 0.5000000000
119157  11.643  -70.718  -29.809 0.5000000000
11082  11.917  -71.193  -28.383 0.5000000000
10200  12.851  -71.019  -25.589 0.6000000238
12775  11.076  -69.034  -26.325 0.5000000000
13677  11.547  -67.489  -28.145 0.6000000238
12785  11.654  -68.480  -26.871 0.6000000238
12786  10.641  -68.798  -27.322 0.5000000000
12800  11.131  -68.163  -27.748 0.6000000238
12787  9.745  -69.100  -27.719 0.6000000238
110956  12.315  -70.715  -29.077 0.5000000000
124791  13.455  -70.492  -25.818 0.5000000000
11876  12.973  -70.031  -24.828 0.5000000000
11866  12.282  -70.614  -24.298 0.6000000238
12772  13.759  -68.587  -25.995 0.6000000238
12762  12.599  -69.401  -25.213 0.5000000000
11894  11.484  -69.341  -25.075 0.5000000000
12773  12.867  -68.170  -26.403 0.6000000238
14570  14.032  -66.678  -28.541 0.6000000238
13662  12.125  -67.744  -27.323 0.6000000238
12816  10.062  -68.409  -28.954 0.5000000000
20879  6.317  -58.782  -25.314 0.5000000000
11107  12.541  -70.195  -29.802 0.5000000000
11064  13.153  -70.874  -26.300 0.5000000000
11893  14.206  -69.278  -25.985 0.6000000238
20850  7.759  -59.077  -23.187 0.5000000000
113835  7.668  -60.153  -22.804 0.6000000238
21815  7.056  -58.139  -24.266 0.6000000238
22732  6.845  -57.542  -24.838 0.6000000238
20873  6.949  -58.846  -24.582 0.5000000000
21829  5.853  -58.716  -25.840 0.5000000000
19970  5.336  -60.144  -26.512 0.5000000000
14629  8.473  -67.274  -32.196 0.5000000000
13710  9.249  -68.190  -30.734 0.5000000000
24612  10.876  -54.413  -25.909 0.6000000238
23678  11.261  -54.904  -25.146 0.6999999881
24613  9.978  -54.561  -25.691 0.6000000238
24600  9.710  -54.920  -24.612 0.6999999881
23638  9.331  -56.781  -22.947 0.6000000238
21783  8.923  -58.807  -22.537 0.6000000238
24601  8.916  -55.238  -24.522 0.6000000238
23652  8.697  -56.099  -23.616 0.6000000238
24629  10.267  -54.511  -26.707 0.6000000238
24631  8.789  -55.432  -26.019 0.6000000238
23653  7.937  -56.702  -23.816 0.6000000238
22707  8.511  -57.127  -23.257 0.5000000000
20848  9.390  -59.942  -22.362 0.6000000238
23692  8.889  -55.519  -26.993 0.6000000238
23679  7.927  -56.123  -24.949 0.6000000238
22718  7.883  -57.468  -23.524 0.5000000000
21784  8.234  -58.231  -23.010 0.6000000238
115165  8.281  -55.924  -25.662 0.6000000238
23667  7.541  -56.729  -24.500 0.6000000238
22760  7.752  -56.991  -26.639 0.6000000238
23680  7.231  -56.923  -25.284 0.6000000238
22761  6.546  -57.884  -26.328 0.6000000238
21852  5.461  -59.096  -27.075 0.5000000000
18967  5.085  -61.088  -27.546 0.5000000000
19993  4.850  -60.591  -28.005 0.5000000000
18066  5.258  -62.050  -29.298 0.5000000000
18079  5.207  -62.226  -30.070 0.5000000000
23650  10.388  -56.012  -22.964 0.6000000238
23637  10.163  -56.648  -22.678 0.6999999881
23709  8.514  -56.472  -27.224 0.5000000000
22776  6.637  -58.079  -27.095 0.6000000238
20916  5.675  -58.997  -27.925 0.6000000238
113522  4.991  -59.775  -27.516 0.5000000000
120575  5.129  -59.857  -28.464 0.6000000238
20002  4.959  -60.687  -29.171 0.5000000000
20010  5.840  -60.358  -30.763 0.6000000238
18997  5.189  -61.769  -30.526 0.6000000238
128037  16.436  -57.316  -30.611 0.4000000060
23648  11.978  -56.870  -23.657 0.6999999881
22685  13.129  -57.872  -21.711 0.5000000000
22672  12.920  -58.364  -21.225 0.5000000000
21873  16.129  -58.012  -29.947 0.6000000238
23735  15.258  -56.476  -30.007 0.5000000000
23623  11.981  -57.424  -22.201 0.6000000238
21762  12.296  -59.026  -21.451 0.5000000000
20924  16.641  -58.603  -29.470 0.5000000000
23664  12.362  -56.522  -24.695 0.6000000238
23634  11.962  -57.157  -22.655 0.8000000119
23677  12.075  -55.495  -25.331 0.6999999881
111164  10.972  -56.279  -22.874 0.8000000119
21763  11.488  -58.504  -21.922 0.6999999881
20928  6.129  -59.102  -28.917 0.6000000238
20929  5.611  -59.774  -29.451 0.6000000238
21742  13.406  -58.964  -20.652 0.5000000000
22813  15.967  -56.216  -30.427 0.5000000000
22717  13.222  -57.915  -23.471 0.6999999881
21743  13.027  -59.505  -20.601 0.5000000000
20923  17.441  -58.844  -29.491 0.4000000060
21872  16.883  -58.076  -30.222 0.4000000060
20910  16.773  -59.156  -28.802 0.4000000060
111633  16.176  -59.358  -28.336 0.5000000000
20897  15.816  -59.765  -27.553 0.4000000060
21761  13.605  -58.383  -21.096 0.5000000000
21722  13.186  -59.928  -19.847 0.5000000000
22812  16.606  -56.489  -30.879 0.3000000119
23733  16.774  -55.611  -30.286 0.3000000119
22704  12.908  -57.858  -22.389 0.6000000238
20896  16.928  -59.745  -27.949 0.4000000060
19981  16.589  -60.316  -27.082 0.4000000060
20884  14.808  -59.889  -26.870 0.4000000060
21760  14.304  -58.666  -21.212 0.6000000238
22716  14.160  -58.069  -23.782 0.6000000238
19963  15.711  -60.350  -26.597 0.4000000060
114914  14.126  -58.748  -20.708 0.5000000000
21721  13.674  -59.458  -20.030 0.5000000000
21883  19.045  -57.843  -31.848 0.3000000119
23743  17.222  -55.902  -30.920 0.3000000119
116789  17.264  -55.611  -29.757 0.3000000119
23702  17.321  -56.097  -28.545 0.4000000060
19949  15.643  -60.878  -25.760 0.3000000119
111426  14.907  -60.501  -25.958 0.4000000060
18932  15.436  -61.583  -25.016 0.4000000060
23717  18.082  -55.939  -29.446 0.4000000060
21739  15.303  -59.078  -21.448 0.6000000238
20792  13.927  -59.983  -19.433 0.4000000060
23701  18.343  -56.694  -28.172 0.4000000060
20935  20.687  -58.894  -31.222 0.3000000119
21890  20.564  -57.110  -32.468 0.3000000119
20808  15.030  -59.322  -19.973 0.5000000000
22772  17.697  -56.864  -27.389 0.4000000060
21828  17.182  -57.968  -25.122 0.4000000060
21798  18.098  -58.704  -23.551 0.5000000000
22757  18.121  -57.462  -26.554 0.4000000060
21827  18.207  -58.157  -25.035 0.4000000060
22740  21.271  -57.104  -26.160 0.3000000119
22728  20.538  -57.551  -24.687 0.3000000119
22741  20.729  -57.422  -25.712 0.3000000119
21811  20.209  -57.974  -23.995 0.3000000119
22714  20.531  -57.356  -23.763 0.3000000119
23674  21.054  -56.388  -25.234 0.3000000119
2982  30.898  -83.063  -12.989 0.3000000119
3087  29.190  -83.198  -23.498 0.4000000060
21826  19.132  -58.162  -25.137 0.3000000119
20941  6.239  -59.767  -30.268 0.6000000238
24511  11.712  -56.111  -16.671 0.4000000060
128182  15.927  -58.743  -29.058 0.5000000000
22742  19.986  -57.907  -25.167 0.3000000119
1707  26.976  -85.565  -24.674 0.3000000119
2186  27.574  -84.891  -26.263 0.4000000060
10216  12.449  -71.211  -26.394 0.5000000000
123314  21.305  -90.526  -12.621 0.4000000060
416  19.270  -90.010  -12.771 0.5000000000
398  16.194  -89.843  -10.644 0.5000000000
123696  22.037  -88.476  -15.248 0.5000000000
110233  27.052  -84.784  -20.216 0.4000000060
105  21.031  -90.863  -12.080 0.4000000060
431  23.556  -88.804  -14.441 0.4000000060
923  23.151  -87.962  -15.735 0.4000000060
118723  27.245  -83.607  -20.077 0.4000000060
1668  27.324  -85.982  -20.369 0.4000000060
1311  27.422  -86.824  -20.209 0.4000000060
92  18.642  -91.302  -10.274 0.3000000119
624  23.655  -88.913  -11.065 0.3000000119
633  23.255  -88.520  -13.643 0.3000000119
642  24.554  -88.544  -14.180 0.4000000060
921  25.053  -88.213  -14.865 0.4000000060
2577  27.342  -82.725  -19.962 0.3000000119
3052  27.026  -81.908  -20.188 0.4000000060
119253  24.656  -88.297  -13.790 0.4000000060
920  25.918  -87.252  -14.703 0.4000000060
1266  29.356  -85.936  -16.123 0.5000000000
5346  18.160  -77.768  -37.263 0.5000000000
3614  25.889  -81.060  -21.497 0.4000000060
2027  23.007  -85.452  -11.498 0.3000000119
1228  26.482  -87.125  -13.159 0.4000000060
907  26.965  -86.961  -13.600 0.4000000060
1247  28.915  -86.060  -14.536 0.5000000000
2554  31.160  -82.892  -16.304 0.3000000119
3589  30.472  -81.500  -19.081 0.3000000119
3592  27.695  -81.144  -19.999 0.3000000119
4120  28.140  -80.691  -20.611 0.3000000119
4778  20.561  -78.735  -37.070 0.6000000238
1609  27.477  -86.323  -12.800 0.3000000119
899  27.048  -86.910  -13.222 0.4000000060
2074  31.007  -84.984  -14.001 0.3000000119
5909  18.402  -76.523  -34.543 0.5000000000
117655  28.175  -81.983  -22.826 0.4000000060
2523  28.492  -84.217  -13.172 0.3000000119
2521  30.842  -84.078  -12.985 0.3000000119
2626  28.966  -84.036  -25.626 0.4000000060
2171  28.312  -84.626  -24.504 0.4000000060
2172  27.543  -85.175  -24.310 0.4000000060
130915  28.599  -82.671  -28.396 0.3000000119
3528  33.932  -80.557  -14.688 0.3000000119
10259  10.920  -71.406  -29.033 0.6000000238
2170  29.051  -84.064  -24.707 0.3000000119
4056  33.602  -80.761  -14.043 0.3000000119
4057  32.797  -80.555  -13.852 0.3000000119
4130  34.636  -80.692  -21.290 0.3000000119
11877  12.144  -69.884  -24.389 0.5000000000
12774  12.169  -68.889  -25.944 0.6000000238
24587  10.769  -55.833  -23.495 0.6999999881
23624  11.518  -57.220  -22.227 0.6999999881
23665  11.441  -55.907  -24.272 0.6999999881
125684  12.356  -57.542  -22.485 0.6000000238
21884  18.075  -57.445  -31.437 0.3000000119
21892  18.874  -56.602  -31.913 0.3000000119
6516  19.480  -76.208  -34.047 0.5000000000
6517  18.783  -75.934  -34.019 0.5000000000
4192  24.867  -79.792  -27.579 0.6000000238
11909  14.457  -69.861  -27.070 0.4000000060
11924  15.005  -69.212  -27.540 0.5000000000
13694  11.082  -67.392  -28.813 0.5000000000
14589  13.341  -66.367  -29.393 0.5000000000
14590  12.159  -66.462  -29.292 0.5000000000
14572  11.832  -66.895  -28.643 0.5000000000
13709  10.071  -67.730  -30.177 0.5000000000
14613  10.595  -66.750  -30.528 0.5000000000
124920  14.026  -66.274  -29.936 0.5000000000
111849  9.187  -67.060  -32.160 0.4000000060
15473  12.154  -65.818  -30.580 0.5000000000
114528  11.537  -66.249  -29.999 0.5000000000
118015  9.961  -66.828  -31.536 0.5000000000
14651  7.728  -66.155  -33.114 0.5000000000
15494  11.404  -65.716  -31.283 0.6000000238
15495  10.623  -65.947  -31.863 0.5000000000
15521  8.794  -65.966  -33.601 0.5000000000
18106  5.532  -62.555  -31.705 0.5000000000
15509  10.545  -65.719  -32.853 0.6000000238
16336  6.418  -64.548  -32.654 0.5000000000
17217  5.665  -63.241  -32.116 0.5000000000
15510  9.646  -65.976  -33.290 0.6000000238
16348  7.806  -65.052  -33.974 0.6000000238
16335  6.815  -65.061  -33.150 0.5000000000
15519  11.152  -65.130  -33.377 0.6000000238
16346  9.726  -64.833  -34.303 0.6000000238
16347  8.741  -65.188  -34.168 0.6000000238
17231  6.286  -63.520  -33.099 0.6000000238
16357  9.195  -64.366  -34.454 0.6000000238
18114  6.161  -62.121  -32.930 0.5000000000
128970  5.734  -61.564  -31.665 0.5000000000
16359  7.743  -64.248  -34.026 0.6000000238
16349  7.083  -64.716  -33.606 0.6000000238
20847  10.538  -60.270  -22.224 0.5000000000
21781  11.067  -59.444  -22.107 0.5000000000
21782  9.915  -58.820  -22.315 0.5000000000
20022  6.343  -60.515  -31.613 0.6000000238
122727  8.491  -63.092  -34.103 0.6000000238
19020  6.408  -61.305  -32.912 0.6000000238
18131  7.275  -62.370  -33.806 0.6000000238
19037  6.771  -61.659  -33.540 0.6000000238
19036  7.573  -61.482  -33.878 0.6000000238
118940  18.523  -57.272  -27.270 0.3000000119
22632  13.607  -57.026  -15.625 0.3000000119
2671  24.766  -84.064  -30.332 0.4000000060
3684  23.864  -81.994  -29.393 0.5000000000
3725  21.378  -81.535  -33.855 0.5000000000
128888  21.462  -81.016  -33.948 0.5000000000
4202  24.527  -80.977  -29.044 0.4000000060
129283  20.817  -80.249  -33.314 0.4000000060
4708  24.774  -79.420  -26.633 0.4000000060
5915  18.938  -76.587  -35.096 0.4000000060
5341  20.421  -78.206  -35.079 0.4000000060
129335  20.092  -77.528  -34.931 0.4000000060
126228  20.933  -79.099  -35.649 0.4000000060
114932  20.669  -79.348  -34.658 0.4000000060
6431  23.803  -76.873  -27.045 0.4000000060
5827  23.387  -77.216  -26.315 0.4000000060
122442  22.799  -77.992  -25.338 0.4000000060
6518  18.180  -76.108  -33.554 0.4000000060
5271  23.948  -77.328  -27.153 0.4000000060
5262  23.811  -77.861  -26.175 0.4000000060
6408  21.430  -76.907  -24.733 0.4000000060
7075  20.971  -75.703  -24.164 0.5000000000
18141  9.963  -62.854  -34.379 0.5000000000
18140  10.940  -62.541  -34.544 0.5000000000
18129  9.191  -62.321  -34.012 0.5000000000
18128  10.178  -62.141  -34.018 0.5000000000
18112  10.440  -61.667  -32.992 0.5000000000
19017  8.611  -61.200  -33.061 0.5000000000
18104  10.333  -61.810  -31.778 0.5000000000
20830  11.851  -59.823  -21.695 0.4000000060
18113  9.406  -61.770  -33.290 0.5000000000
19019  7.186  -60.792  -33.410 0.5000000000
4702  24.593  -79.946  -25.481 0.5000000000
5270  24.414  -78.244  -27.116 0.4000000060
5828  22.712  -77.102  -25.644 0.4000000060
626  16.661  -88.797  -11.711 0.4000000060
627  15.707  -88.649  -11.856 0.4000000060
435  16.696  -90.695  -14.411 0.4000000060
418  17.594  -88.937  -12.093 0.4000000060
636  16.993  -88.331  -12.316 0.4000000060
443  16.618  -89.660  -15.068 0.4000000060
637  16.307  -88.268  -12.428 0.4000000060
932  17.410  -87.392  -15.996 0.4000000060
126585  16.460  -88.680  -15.326 0.4000000060
444  16.025  -88.831  -14.890 0.4000000060
428  18.872  -88.910  -12.994 0.5000000000
635  18.117  -88.508  -12.704 0.5000000000
890  18.457  -88.009  -13.256 0.4000000060
120916  17.467  -88.245  -12.625 0.4000000060
912  16.333  -88.087  -14.941 0.4000000060
427  19.688  -89.358  -13.390 0.5000000000
644  19.185  -88.277  -13.564 0.5000000000
120256  18.074  -87.377  -13.679 0.4000000060
892  16.926  -87.855  -12.931 0.4000000060
654  19.305  -87.524  -14.143 0.4000000060
128203  18.678  -87.552  -13.756 0.4000000060
1634  18.804  -85.439  -16.173 0.4000000060
116869  18.163  -86.035  -15.569 0.4000000060
1265  17.553  -86.796  -15.382 0.4000000060
128137  16.670  -87.569  -14.739 0.4000000060
913  16.223  -87.861  -14.302 0.4000000060
1275  17.838  -86.580  -16.077 0.4000000060
925  16.964  -87.470  -15.235 0.4000000060
1250  19.275  -86.513  -14.754 0.5000000000
910  18.451  -86.886  -14.282 0.4000000060
1241  17.819  -87.037  -14.151 0.4000000060
902  17.345  -87.421  -13.706 0.4000000060
1264  19.761  -85.911  -15.377 0.5000000000
123140  18.955  -85.766  -15.375 0.4000000060
123526  18.497  -86.238  -14.892 0.4000000060
112095  17.809  -86.605  -14.754 0.4000000060
2092  20.954  -84.388  -17.202 0.3000000119
2102  21.402  -84.002  -17.888 0.3000000119
118955  21.933  -83.862  -17.521 0.4000000060
1639  21.018  -85.110  -16.410 0.3000000119
1638  22.770  -85.010  -16.488 0.4000000060
114332  21.861  -84.585  -16.764 0.4000000060
1654  23.967  -84.912  -18.473 0.3000000119
2114  22.517  -83.868  -18.305 0.4000000060
2101  22.285  -83.554  -18.004 0.4000000060
2091  22.787  -83.978  -17.129 0.4000000060
2112  24.428  -84.217  -18.136 0.4000000060
2099  24.000  -83.766  -17.762 0.4000000060
116420  24.602  -84.620  -16.648 0.4000000060
1270  24.920  -85.717  -16.097 0.3000000119
1640  20.155  -84.889  -16.572 0.3000000119
1271  23.768  -85.591  -16.286 0.3000000119
1272  22.845  -86.071  -16.227 0.4000000060
1653  24.993  -85.111  -18.270 0.4000000060
128475  23.558  -84.522  -16.701 0.3000000119
2089  24.596  -84.151  -17.223 0.4000000060
1637  25.956  -85.370  -16.479 0.4000000060
125651  25.420  -85.132  -16.396 0.4000000060
1632  20.329  -85.502  -15.925 0.4000000060
1273  21.935  -85.773  -16.212 0.4000000060
1295  24.455  -86.058  -18.448 0.4000000060
942  26.819  -87.303  -17.859 0.4000000060
120814  25.328  -86.105  -18.229 0.4000000060
1282  27.736  -86.618  -17.088 0.4000000060
1283  27.186  -86.632  -17.027 0.4000000060
2111  25.247  -84.729  -17.854 0.4000000060
1263  20.676  -86.407  -15.541 0.4000000060
1262  21.563  -86.781  -15.776 0.4000000060
1260  23.442  -86.865  -15.932 0.3000000119
1261  22.491  -86.921  -15.884 0.4000000060
125151  24.311  -86.580  -15.894 0.3000000119
952  26.947  -87.938  -18.377 0.4000000060
940  27.792  -86.838  -17.931 0.4000000060
1268  28.185  -86.405  -16.242 0.4000000060
1644  26.528  -86.014  -16.690 0.4000000060
653  20.693  -88.500  -14.592 0.4000000060
434  21.054  -89.209  -14.213 0.4000000060
909  20.181  -87.685  -14.728 0.4000000060
652  21.460  -88.699  -14.819 0.4000000060
662  21.106  -87.668  -15.314 0.4000000060
924  22.186  -87.835  -15.628 0.4000000060
7775  19.781  -75.101  -25.453 0.4000000060
1652  25.697  -85.572  -17.830 0.4000000060
98  20.092  -91.176  -11.352 0.3000000119
106  20.296  -91.073  -11.922 0.4000000060
242  17.677  -90.651  -11.173 0.5000000000
247  20.597  -90.749  -12.567 0.4000000060
254  21.834  -90.209  -12.624 0.3000000119
255  20.969  -90.325  -13.135 0.4000000060
625  22.977  -89.184  -11.771 0.3000000119
649  24.558  -88.608  -14.497 0.4000000060
651  23.298  -88.942  -14.874 0.4000000060
659  24.368  -88.666  -14.946 0.4000000060
660  23.690  -88.683  -15.236 0.4000000060
889  22.746  -87.798  -12.801 0.3000000119
891  17.734  -87.828  -13.119 0.4000000060
900  26.341  -87.273  -13.473 0.4000000060
901  25.500  -87.958  -13.842 0.4000000060
903  16.516  -87.672  -13.631 0.4000000060
911  16.838  -87.389  -14.265 0.4000000060
922  24.233  -87.882  -15.523 0.4000000060
933  16.839  -88.109  -15.622 0.4000000060
941  27.266  -87.129  -17.840 0.4000000060
951  27.454  -87.454  -18.485 0.4000000060
1227  27.590  -86.521  -13.140 0.4000000060
1238  28.914  -85.906  -13.740 0.4000000060
1239  28.198  -86.139  -13.457 0.3000000119
1248  28.102  -86.304  -14.492 0.5000000000
1249  20.186  -86.818  -15.136 0.4000000060
1251  17.409  -87.103  -14.344 0.4000000060
1252  17.155  -87.104  -14.795 0.4000000060
1254  29.154  -86.051  -15.429 0.4000000060
1258  25.876  -86.095  -15.703 0.4000000060
1284  26.431  -86.245  -17.373 0.4000000060
1293  28.308  -86.452  -18.290 0.5000000000
1306  27.909  -86.773  -19.722 0.4000000060
1313  25.842  -86.319  -20.521 0.3000000119
1627  29.618  -85.737  -14.043 0.4000000060
1631  21.101  -85.879  -15.922 0.4000000060
1633  19.514  -85.342  -15.991 0.3000000119
1645  25.846  -85.067  -17.250 0.4000000060
1650  29.066  -85.386  -18.369 0.4000000060
1651  28.716  -86.006  -18.820 0.4000000060
1655  22.878  -84.752  -18.541 0.3000000119
1663  27.891  -86.250  -20.079 0.4000000060
1709  24.630  -86.507  -24.298 0.3000000119
1716  26.438  -85.745  -25.098 0.3000000119
1724  26.982  -85.363  -25.637 0.5000000000
1731  26.762  -85.270  -26.662 0.4000000060
2026  23.682  -85.239  -10.777 0.3000000119
2048  27.703  -85.561  -12.823 0.3000000119
2059  31.435  -84.437  -13.619 0.3000000119
2062  28.777  -85.605  -12.979 0.4000000060
2088  25.363  -84.562  -16.900 0.4000000060
2090  23.805  -83.972  -17.213 0.4000000060
2096  30.338  -84.181  -16.698 0.4000000060
2098  24.929  -84.350  -17.520 0.4000000060
2100  23.072  -83.552  -17.714 0.4000000060
2110  29.032  -84.728  -18.641 0.4000000060
2113  23.469  -84.003  -18.337 0.4000000060
2116  20.851  -84.406  -18.087 0.3000000119
2158  28.129  -84.699  -23.943 0.4000000060
2160  23.730  -85.287  -23.151 0.3000000119
2180  21.986  -84.596  -25.134 0.3000000119
2183  19.658  -83.858  -25.926 0.4000000060
2187  24.195  -84.544  -26.210 0.4000000060
2192  27.350  -84.738  -27.221 0.4000000060
2194  23.382  -83.993  -27.117 0.4000000060
2197  19.198  -84.259  -27.351 0.4000000060
2216  24.425  -84.246  -29.612 0.5000000000
2519  32.219  -83.376  -13.295 0.3000000119
2534  32.511  -83.330  -13.909 0.3000000119
2535  31.979  -83.976  -13.684 0.3000000119
2542  31.827  -83.672  -15.218 0.3000000119
2556  29.950  -83.373  -16.845 0.4000000060
2557  23.785  -83.751  -18.129 0.4000000060
2558  23.166  -83.549  -18.092 0.4000000060
2563  29.361  -84.031  -17.738 0.4000000060
2580  24.891  -82.864  -20.702 0.3000000119
2600  23.466  -82.984  -22.444 0.4000000060
2621  28.761  -84.281  -24.127 0.4000000060
2630  19.846  -83.309  -25.715 0.5000000000
2633  28.789  -83.894  -26.512 0.4000000060
2635  20.777  -83.120  -25.874 0.5000000000
2636  19.444  -83.146  -26.144 0.5000000000
2650  19.035  -82.988  -26.845 0.4000000060
2651  18.827  -83.645  -27.499 0.4000000060
2660  28.295  -83.156  -28.462 0.3000000119
2661  27.095  -84.492  -28.171 0.5000000000
2997  33.276  -82.050  -13.952 0.3000000119
3014  33.299  -81.970  -15.254 0.3000000119
3022  31.824  -82.595  -16.185 0.3000000119
3047  27.766  -82.090  -19.393 0.3000000119
3054  25.196  -81.991  -20.867 0.3000000119
3056  23.753  -82.715  -21.319 0.3000000119
3063  23.446  -82.575  -21.860 0.3000000119
3072  27.540  -82.187  -22.783 0.4000000060
3075  24.491  -82.211  -22.419 0.3000000119
3109  19.783  -82.755  -25.869 0.5000000000
3119  21.146  -81.797  -26.453 0.6000000238
3121  20.026  -82.218  -26.005 0.5000000000
3133  28.629  -83.104  -27.863 0.3000000119
3143  23.014  -83.155  -28.827 0.6000000238
3154  20.277  -82.103  -29.868 0.6000000238
3155  19.184  -82.736  -29.386 0.5000000000
3161  26.884  -83.196  -30.591 0.4000000060
3162  26.238  -83.120  -31.226 0.4000000060
3515  32.957  -82.128  -13.604 0.3000000119
3529  33.606  -81.292  -14.270 0.3000000119
3542  33.884  -81.155  -15.072 0.3000000119
3574  34.698  -81.256  -18.218 0.3000000119
3578  30.761  -81.668  -18.009 0.3000000119
3585  34.224  -81.417  -19.043 0.3000000119
3596  34.050  -81.369  -19.959 0.3000000119
3604  25.180  -81.454  -21.439 0.3000000119
3608  33.902  -81.274  -20.839 0.3000000119
3615  25.249  -81.275  -21.952 0.3000000119
3617  24.064  -82.029  -21.911 0.3000000119
3631  24.501  -81.758  -22.090 0.3000000119
3671  23.517  -81.180  -26.932 0.6000000238
3673  21.863  -81.239  -26.434 0.6999999881
3675  20.067  -81.701  -26.653 0.5000000000
3680  21.021  -81.167  -26.840 0.6999999881
3686  20.609  -81.366  -28.587 0.6999999881
3723  21.293  -81.474  -32.555 0.6000000238
4046  33.001  -81.390  -13.636 0.3000000119
4047  32.125  -81.137  -13.596 0.3000000119
4121  27.328  -80.790  -20.779 0.3000000119
4132  28.428  -80.675  -21.407 0.3000000119
4151  27.910  -80.812  -22.024 0.4000000060
4152  26.991  -80.797  -21.971 0.3000000119
4170  23.403  -80.068  -24.137 0.6999999881
4178  24.126  -80.413  -25.157 0.6999999881
4181  21.783  -80.031  -25.494 0.6999999881
4186  24.704  -80.229  -26.733 0.6999999881
4188  23.538  -80.878  -25.736 0.6999999881
4194  21.450  -80.434  -26.513 0.6999999881
4204  20.928  -80.224  -28.205 0.6999999881
4226  20.980  -80.792  -30.899 0.6999999881
4247  21.120  -80.395  -34.118 0.6000000238
4257  21.016  -80.931  -36.624 0.5000000000
4693  22.787  -79.787  -24.276 0.6999999881
4704  20.386  -78.710  -25.990 0.8000000119
4734  20.529  -80.266  -30.531 0.6999999881
4756  19.918  -78.921  -33.001 0.6000000238
4763  20.393  -79.609  -33.596 0.6000000238
4774  21.084  -79.433  -36.426 0.6000000238
5232  23.271  -79.612  -24.176 0.6999999881
5245  24.225  -79.445  -24.741 0.6999999881
5246  23.515  -79.085  -24.508 0.6999999881
5247  22.579  -79.053  -24.612 0.6000000238
5273  19.557  -78.314  -27.229 0.6999999881
5285  20.391  -79.238  -28.116 0.8000000119
5309  19.473  -78.406  -30.509 0.6999999881
5319  19.887  -78.071  -32.409 0.6000000238
5344  20.068  -77.922  -36.726 0.5000000000
5345  19.122  -77.679  -37.090 0.6000000238
5348  18.843  -78.190  -37.771 0.5000000000
5802  20.061  -77.105  -24.765 0.6000000238
5816  21.119  -77.806  -25.004 0.6000000238
5818  19.801  -77.602  -25.139 0.6000000238
5829  19.458  -77.531  -25.892 0.6999999881
5837  24.137  -77.504  -27.877 0.4000000060
5838  19.323  -77.676  -26.889 0.6999999881
5860  19.528  -76.915  -29.496 0.8000000119
5913  20.129  -77.713  -35.627 0.4000000060
5914  19.719  -77.008  -34.961 0.4000000060
6393  21.940  -76.244  -24.238 0.4000000060
6394  21.185  -76.338  -24.279 0.4000000060
6395  20.489  -76.408  -24.528 0.5000000000
6396  19.958  -76.470  -24.813 0.6000000238
6432  19.225  -76.917  -27.473 0.6000000238
6495  15.990  -77.032  -32.122 0.6000000238
6510  13.819  -76.714  -31.975 0.6000000238
7076  20.202  -75.627  -24.711 0.5000000000
7101  19.419  -75.547  -26.118 0.6000000238
7115  19.243  -76.032  -26.956 0.6000000238
7151  19.239  -75.363  -30.507 0.6999999881
7165  18.362  -74.741  -32.163 0.6999999881
7170  13.595  -75.671  -31.822 0.6000000238
7175  19.162  -75.378  -32.844 0.6999999881
7177  18.054  -75.169  -32.518 0.6999999881
7179  14.073  -76.778  -33.238 0.6999999881
7180  13.691  -76.629  -32.727 0.6999999881
7190  13.758  -76.510  -33.939 0.6999999881
7199  13.183  -76.154  -34.349 0.8000000119
7200  12.645  -75.736  -34.376 0.6999999881
7774  20.248  -74.751  -24.978 0.4000000060
7808  18.695  -73.438  -28.499 0.6999999881
7817  18.660  -74.220  -29.215 0.6999999881
7851  18.595  -74.422  -31.558 0.8000000119
7854  16.518  -74.511  -31.704 0.6999999881
7864  15.497  -75.619  -32.753 0.8000000119
7878  12.860  -75.036  -32.981 0.6999999881
7897  12.311  -75.396  -35.125 0.8000000119
8624  13.377  -73.195  -30.456 0.5000000000
8625  12.110  -73.284  -30.468 0.6000000238
8640  13.357  -72.896  -31.349 0.6000000238
8641  12.820  -72.739  -30.933 0.5000000000
8650  13.503  -73.254  -31.826 0.6000000238
8680  14.462  -74.782  -35.951 0.8999999762
8681  11.637  -73.793  -35.955 0.6999999881
8691  11.629  -73.451  -36.721 0.8999999762
8701  14.330  -73.671  -38.368 0.6000000238
8713  14.940  -73.280  -38.898 0.5000000000
9387  18.721  -72.251  -29.069 0.5000000000
9435  16.949  -72.164  -31.040 0.6000000238
9438  12.425  -72.530  -31.757 0.6000000238
9464  13.120  -72.527  -32.956 0.6000000238
9466  11.721  -71.704  -33.450 0.5000000000
9477  15.537  -73.220  -34.870 0.6999999881
9484  18.681  -72.240  -35.876 0.5000000000
9498  18.754  -73.485  -37.505 0.5000000000
9500  17.070  -73.662  -37.838 0.6000000238
9502  11.795  -72.607  -37.601 0.8000000119
9507  13.426  -72.328  -38.484 0.6000000238
10167  11.398  -71.516  -24.013 0.6000000238
10183  12.413  -71.209  -24.945 0.6000000238
10201  12.122  -71.342  -25.558 0.6000000238
10258  18.618  -71.682  -29.661 0.5000000000
10271  18.978  -71.171  -30.017 0.5000000000
10272  18.161  -71.462  -30.361 0.5000000000
10288  17.096  -71.513  -31.529 0.5000000000
10298  18.432  -70.934  -32.250 0.5000000000
10300  16.583  -71.680  -32.447 0.5000000000
10311  17.278  -71.283  -33.844 0.6000000238
10316  9.320  -70.813  -33.157 0.6000000238
10324  17.765  -71.450  -34.607 0.6000000238
10325  16.448  -71.875  -34.277 0.6000000238
10336  18.161  -71.752  -35.298 0.6000000238
10338  16.698  -72.090  -35.199 0.6000000238
10340  11.310  -71.358  -35.425 0.6999999881
10344  10.932  -71.923  -36.765 0.6999999881
10352  14.615  -71.758  -38.873 0.5000000000
10354  12.844  -71.352  -38.286 0.6999999881
10355  11.908  -71.326  -37.932 0.6999999881
11037  12.079  -71.184  -24.368 0.6000000238
11038  11.734  -71.116  -23.884 0.5000000000
11039  11.045  -71.081  -23.677 0.5000000000
11049  13.585  -69.982  -25.525 0.5000000000
11050  12.837  -70.674  -24.997 0.6000000238
11080  13.733  -70.456  -26.665 0.5000000000
11097  12.824  -70.724  -28.281 0.6000000238
11109  11.016  -71.173  -29.698 0.5000000000
11140  8.710  -69.441  -34.503 0.6000000238
11147  8.821  -69.507  -35.383 0.6000000238
11161  10.259  -69.774  -37.139 0.6000000238
11892  14.681  -69.258  -26.740 0.5000000000
11938  15.092  -69.063  -29.133 0.6000000238
11957  10.314  -69.825  -31.821 0.6000000238
11965  9.540  -69.130  -32.988 0.6000000238
11966  9.145  -69.754  -32.947 0.6000000238
11994  9.127  -69.328  -35.940 0.5000000000
12004  9.303  -68.695  -35.796 0.5000000000
12011  11.030  -69.467  -37.582 0.6999999881
12761  13.432  -69.401  -25.570 0.5000000000
12784  15.020  -68.720  -27.269 0.6999999881
12801  10.291  -68.633  -28.222 0.6000000238
12827  15.346  -68.594  -29.700 0.6999999881
12828  14.808  -68.876  -30.552 0.6000000238
12839  15.113  -68.559  -31.322 0.6999999881
12850  14.764  -68.337  -32.485 0.6999999881
12853  10.508  -68.776  -33.047 0.5000000000
12862  13.000  -68.401  -33.305 0.6000000238
12875  9.686  -68.365  -34.693 0.6000000238
12876  8.804  -68.658  -34.566 0.6000000238
12885  10.317  -68.253  -35.532 0.6999999881
12895  11.080  -68.028  -36.476 0.6000000238
12896  10.261  -68.499  -36.239 0.6999999881
12902  13.423  -67.468  -38.013 0.5000000000
13674  15.242  -67.791  -28.384 0.6999999881
13675  14.592  -67.291  -27.936 0.6999999881
13678  10.728  -67.964  -28.532 0.5000000000
13693  15.314  -67.405  -29.197 0.6000000238
13695  10.408  -67.855  -29.314 0.5000000000
13723  9.773  -67.534  -30.950 0.5000000000
13724  9.064  -67.752  -31.562 0.4000000060
13725  8.222  -67.688  -31.554 0.5000000000
13747  15.308  -67.462  -33.447 0.6000000238
13758  12.239  -67.980  -35.053 0.5000000000
13769  11.320  -67.812  -36.241 0.5000000000
13780  12.912  -66.696  -37.313 0.6000000238
13781  12.100  -67.134  -36.828 0.5000000000
13788  18.202  -67.616  -37.772 0.5000000000
13789  17.515  -67.269  -37.644 0.5000000000
13795  11.479  -67.780  -37.155 0.5000000000
14571  12.930  -66.608  -28.536 0.6000000238
14587  15.364  -67.037  -29.836 0.6000000238
14591  11.014  -66.954  -29.483 0.5000000000
14609  14.895  -66.507  -30.202 0.6000000238
14610  13.192  -66.053  -30.213 0.6000000238
14611  12.460  -66.169  -29.887 0.5000000000
14612  11.230  -66.039  -30.637 0.5000000000
14627  14.114  -66.012  -30.548 0.5000000000
14628  10.747  -66.191  -31.122 0.5000000000
14630  7.845  -67.178  -32.113 0.5000000000
14639  16.390  -65.754  -33.084 0.6000000238
14641  9.810  -66.402  -32.451 0.5000000000
14642  8.822  -66.638  -32.869 0.5000000000
14643  8.046  -66.800  -32.731 0.5000000000
14649  16.286  -66.079  -33.536 0.6000000238
14650  8.219  -66.337  -33.235 0.5000000000
14678  17.814  -66.037  -37.003 0.5000000000
14681  13.611  -66.356  -37.644 0.6000000238
14692  16.546  -66.584  -37.504 0.5000000000
14694  14.172  -66.316  -38.025 0.6000000238
15490  16.108  -65.762  -32.161 0.6000000238
15504  16.141  -65.303  -32.793 0.6999999881
15508  11.540  -65.348  -32.329 0.6000000238
15511  7.328  -65.768  -32.912 0.5000000000
15518  16.230  -65.379  -33.488 0.6000000238
15520  10.320  -65.282  -33.773 0.6000000238
15522  8.039  -65.755  -33.659 0.6000000238
15523  7.382  -65.450  -33.442 0.5000000000
15528  15.918  -64.984  -34.401 0.6000000238
15529  15.283  -65.312  -35.095 0.6000000238
15546  18.239  -65.466  -36.611 0.5000000000
15547  17.671  -65.292  -36.730 0.5000000000
15549  15.626  -65.418  -37.016 0.6000000238
16331  15.488  -64.400  -32.742 0.6000000238
16333  13.714  -64.336  -32.497 0.6999999881
16334  12.036  -64.809  -33.204 0.6999999881
16341  18.915  -64.470  -34.628 0.5000000000
16344  12.340  -64.069  -33.759 0.6000000238
16345  11.409  -64.464  -34.048 0.6999999881
16350  6.467  -64.307  -33.160 0.5000000000
16355  10.947  -63.853  -34.541 0.6999999881
16356  10.106  -64.091  -34.518 0.6000000238
16358  8.399  -64.564  -34.277 0.6000000238
16367  18.132  -63.925  -35.892 0.5000000000
16379  17.570  -64.575  -36.333 0.5000000000
17216  6.037  -63.813  -32.634 0.5000000000
17229  7.899  -63.241  -33.922 0.6000000238
17230  6.941  -63.614  -33.603 0.6000000238
17232  5.955  -62.996  -32.797 0.6000000238
17237  16.229  -62.949  -34.325 0.5000000000
17240  9.606  -63.618  -34.496 0.6000000238
17241  8.627  -63.790  -34.339 0.6000000238
17246  17.933  -63.143  -35.529 0.5000000000
17247  17.245  -63.236  -35.364 0.5000000000
18053  11.716  -62.079  -27.012 0.5000000000
18076  10.656  -62.082  -30.236 0.6000000238
18090  10.858  -61.853  -31.124 0.5000000000
18092  5.667  -62.869  -30.503 0.5000000000
18093  5.388  -62.388  -30.903 0.5000000000
18103  10.936  -61.259  -32.101 0.5000000000
18105  9.901  -61.756  -31.543 0.6000000238
18111  11.292  -61.170  -33.179 0.5000000000
18130  8.241  -62.338  -34.037 0.6000000238
18132  6.536  -62.657  -33.304 0.6000000238
18136  17.342  -61.794  -34.540 0.5000000000
18139  11.736  -62.503  -34.517 0.5000000000
18142  9.052  -63.017  -34.228 0.6000000238
18147  18.412  -62.483  -35.075 0.5000000000
18931  16.311  -61.309  -25.574 0.3000000119
18933  14.351  -61.556  -24.782 0.4000000060
18935  12.562  -61.471  -25.196 0.6000000238
18950  11.331  -61.124  -25.975 0.6000000238
18963  11.224  -61.483  -26.765 0.5000000000
18964  10.761  -61.133  -27.416 0.5000000000
18975  5.064  -61.424  -28.599 0.5000000000
18984  9.810  -61.563  -29.910 0.6999999881
18985  5.059  -61.558  -29.639 0.5000000000
18995  10.147  -62.060  -30.242 0.6999999881
18996  9.809  -61.770  -30.711 0.6000000238
19009  5.444  -61.946  -31.324 0.5000000000
19018  7.938  -60.532  -32.983 0.6000000238
19021  5.809  -61.876  -32.182 0.5000000000
19035  8.417  -61.624  -33.823 0.5000000000
19839  16.961  -60.685  -16.853 0.6000000238
19854  17.243  -60.749  -17.693 0.6000000238
19855  16.455  -61.120  -17.451 0.6000000238
19865  16.501  -61.008  -18.386 0.5000000000
19872  17.626  -60.430  -19.248 0.5000000000
19951  13.435  -60.614  -25.420 0.6000000238
19953  11.775  -60.746  -25.615 0.6000000238
19962  16.413  -60.764  -26.272 0.3000000119
19965  13.172  -60.014  -25.904 0.5000000000
19968  10.891  -60.068  -26.498 0.8000000119
19983  4.935  -60.413  -27.132 0.5000000000
19992  9.839  -60.319  -28.954 0.6000000238
20009  6.805  -59.887  -31.071 0.6000000238
20011  5.231  -61.003  -30.198 0.6000000238
20017  12.318  -60.105  -31.794 0.5000000000
20020  8.031  -60.053  -32.170 0.6999999881
20021  7.234  -60.124  -31.909 0.6999999881
20023  5.614  -61.197  -31.155 0.5000000000
20033  6.728  -60.652  -32.530 0.6000000238
20034  6.045  -61.131  -32.071 0.5000000000
20756  16.640  -60.412  -16.047 0.6000000238
20757  16.549  -59.457  -15.603 0.5000000000
20770  17.714  -60.256  -17.113 0.6000000238
20788  18.598  -59.680  -19.196 0.5000000000
20789  18.100  -60.129  -19.668 0.5000000000
20791  15.792  -60.610  -19.208 0.6000000238
20807  15.634  -59.544  -20.352 0.6999999881
20826  18.578  -59.192  -21.857 0.5000000000
20827  17.902  -59.523  -21.510 0.6000000238
20829  16.040  -59.493  -21.057 0.6999999881
20831  11.304  -60.563  -21.988 0.5000000000
20849  8.319  -59.494  -22.625 0.6000000238
20861  7.401  -58.915  -23.856 0.5000000000
20878  11.760  -60.051  -25.813 0.6000000238
20880  5.604  -59.377  -26.149 0.5000000000
20886  12.832  -59.481  -26.570 0.6999999881
20887  11.894  -59.379  -26.461 0.6000000238
20888  11.231  -59.731  -26.344 0.6999999881
20889  10.861  -59.581  -26.980 0.6999999881
20899  13.344  -59.162  -27.431 0.6999999881
20900  12.438  -58.971  -27.262 0.6999999881
20901  5.152  -59.665  -26.761 0.5000000000
20911  15.426  -59.206  -28.328 0.6000000238
20927  7.698  -59.237  -29.772 0.8000000119
20934  21.627  -58.714  -31.315 0.3000000119
20938  9.007  -59.802  -30.020 0.8000000119
20940  7.323  -59.547  -30.382 0.6000000238
20942  5.456  -60.290  -29.985 0.6000000238
21672  15.815  -59.070  -15.056 0.6000000238
21684  17.653  -59.328  -16.638 0.5000000000
21685  17.001  -58.749  -16.031 0.6000000238
21709  18.728  -58.871  -18.639 0.4000000060
21720  14.327  -59.175  -20.087 0.5000000000
21740  14.848  -59.047  -20.583 0.6000000238
21741  13.747  -58.750  -20.666 0.5000000000
21758  19.151  -58.778  -21.437 0.5000000000
21764  10.654  -58.251  -22.166 0.5000000000
21777  19.475  -58.581  -22.716 0.5000000000
21795  20.288  -57.794  -23.306 0.4000000060
21797  19.052  -58.608  -23.488 0.6000000238
21799  15.415  -58.435  -23.100 0.6000000238
21800  14.618  -58.360  -23.193 0.8000000119
21801  7.574  -58.159  -23.610 0.5000000000
21816  6.249  -58.132  -25.408 0.6000000238
21839  5.979  -58.473  -26.691 0.5000000000
21840  5.613  -58.930  -26.421 0.5000000000
21849  11.312  -58.702  -27.828 0.8000000119
21851  5.983  -58.605  -27.307 0.6000000238
21858  15.005  -58.599  -28.931 0.6000000238
21862  11.503  -58.099  -28.729 0.6999999881
21864  6.707  -58.550  -28.361 0.6999999881
21875  14.447  -57.967  -29.373 0.6999999881
21876  7.403  -58.770  -29.119 0.6999999881
21882  20.083  -58.107  -32.072 0.3000000119
21891  19.675  -57.201  -32.303 0.3000000119
22617  14.184  -57.856  -14.937 0.5000000000
22640  18.378  -57.361  -17.933 0.4000000060
22641  18.061  -57.688  -17.333 0.4000000060
22642  17.545  -57.049  -17.123 0.4000000060
22650  18.618  -57.907  -18.453 0.4000000060
22670  19.338  -57.641  -20.333 0.3000000119
22671  13.215  -58.284  -21.152 0.5000000000
22684  13.625  -58.336  -21.803 0.6000000238
22686  12.620  -57.929  -21.779 0.5000000000
22687  12.249  -57.761  -21.850 0.6000000238
22688  10.893  -57.369  -22.230 0.6999999881
22701  20.379  -57.226  -22.888 0.3000000119
22703  13.819  -58.302  -22.834 0.6000000238
22705  12.391  -57.671  -22.157 0.6000000238
22706  9.948  -57.490  -22.386 0.6000000238
22727  21.115  -57.001  -25.355 0.3000000119
22729  16.318  -57.685  -25.239 0.5000000000
22743  18.633  -57.875  -25.803 0.4000000060
22744  17.656  -57.723  -25.807 0.4000000060
22747  13.954  -57.272  -25.200 0.6999999881
22748  6.607  -57.644  -25.643 0.6000000238
22759  15.250  -57.114  -26.196 0.6000000238
22775  7.349  -57.618  -27.109 0.6999999881
22785  12.917  -57.345  -29.410 0.8000000119
22791  6.426  -58.452  -27.714 0.6999999881
22798  15.691  -57.064  -30.409 0.5000000000
22811  17.671  -56.471  -31.336 0.3000000119
23560  16.827  -57.103  -16.634 0.4000000060
23562  14.610  -56.602  -16.379 0.4000000060
23633  12.488  -57.459  -23.069 0.6000000238
23635  11.399  -56.878  -22.600 0.8000000119
23636  10.875  -56.677  -22.574 0.8000000119
23649  11.369  -56.430  -23.158 0.8000000119
23651  9.593  -55.965  -23.239 0.6000000238
23663  12.709  -57.400  -24.122 0.6999999881
23666  8.112  -56.025  -24.178 0.6000000238
23681  7.085  -57.215  -26.034 0.6000000238
23688  16.329  -56.755  -26.875 0.6000000238
23693  8.354  -56.121  -26.404 0.6000000238
23703  16.409  -55.829  -28.359 0.6000000238
23704  15.195  -55.992  -27.492 0.6000000238
23705  14.397  -55.650  -27.504 0.6999999881
23706  13.769  -55.372  -27.507 0.6999999881
23720  13.286  -56.320  -28.983 0.8000000119
23722  11.397  -56.495  -29.158 0.8000000119
23732  17.832  -55.640  -30.653 0.3000000119
23734  16.124  -55.712  -30.196 0.5000000000
23736  14.423  -56.651  -29.622 0.6999999881
23744  16.520  -55.936  -30.578 0.3000000119
24588  9.994  -55.456  -23.691 0.6999999881
24589  9.180  -55.420  -23.911 0.6999999881
24590  8.635  -55.611  -24.110 0.6000000238
24599  10.599  -55.184  -24.353 0.6999999881
24602  8.452  -55.687  -24.491 0.6000000238
24614  9.206  -54.938  -25.372 0.6000000238
24615  8.615  -55.537  -25.137 0.6000000238
24627  12.268  -54.706  -26.914 0.8000000119
24628  11.287  -54.485  -26.843 0.6000000238
24630  9.417  -54.852  -26.412 0.6000000238
24643  13.441  -55.278  -27.817 0.8000000119
24646  10.595  -54.893  -27.724 0.8000000119
24654  16.234  -55.517  -29.756 0.6000000238
24655  15.985  -55.465  -29.067 0.6000000238
24656  15.304  -55.515  -28.897 0.6999999881
24657  14.557  -55.603  -28.652 0.6999999881
24659  12.922  -55.727  -28.430 0.8000000119
25323  11.585  -54.671  -16.340 0.4000000060
108889  17.712  -58.900  -22.927 0.5000000000
108993  7.770  -56.545  -25.806 0.6000000238
109051  12.854  -68.234  -37.911 0.6000000238
109565  6.022  -58.258  -26.021 0.6000000238
109650  25.760  -81.431  -21.050 0.4000000060
109923  25.380  -86.357  -24.482 0.4000000060
110680  19.361  -75.070  -26.802 0.6000000238
110913  19.659  -58.287  -21.977 0.4000000060
110931  12.641  -74.024  -37.363 0.6999999881
110965  19.486  -77.681  -29.902 0.6999999881
111153  24.996  -81.613  -22.314 0.3000000119
111826  17.020  -58.534  -23.523 0.6000000238
111918  25.759  -81.419  -22.359 0.4000000060
112202  19.461  -57.903  -25.761 0.3000000119
112415  9.947  -55.699  -28.417 0.8000000119
112554  29.897  -82.982  -23.995 0.3000000119
112942  9.797  -73.091  -32.546 0.6000000238
113345  13.346  -55.274  -16.402 0.4000000060
113391  16.300  -60.169  -19.888 0.6999999881
113415  25.729  -86.234  -23.416 0.4000000060
113910  15.865  -72.534  -34.307 0.6999999881
113964  14.510  -75.105  -35.155 0.8999999762
114547  24.197  -82.965  -20.875 0.3000000119
114686  34.309  -80.366  -15.378 0.3000000119
114753  16.854  -73.577  -31.360 0.8000000119
115091  25.971  -84.637  -20.469 0.3000000119
115651  14.121  -69.888  -26.236 0.6000000238
115685  16.614  -89.489  -11.176 0.5000000000
115896  11.731  -57.778  -21.935 0.5000000000
115917  15.002  -74.245  -36.438 0.6999999881
116081  21.323  -80.301  -36.382 0.5000000000
116126  10.888  -64.890  -33.908 0.6999999881
116221  19.500  -58.252  -24.321 0.3000000119
116253  9.524  -57.780  -28.574 0.8000000119
116525  31.891  -80.357  -13.987 0.3000000119
116667  15.307  -76.988  -32.456 0.8000000119
116892  19.066  -74.955  -31.292 0.8000000119
116914  10.721  -58.249  -28.538 0.8000000119
116979  26.220  -84.174  -29.814 0.5000000000
117253  20.674  -83.678  -25.533 0.4000000060
117856  9.067  -57.795  -22.635 0.6000000238
119006  9.515  -71.543  -29.760 0.6000000238
119201  14.692  -57.605  -24.695 0.6999999881
119709  9.457  -65.489  -33.914 0.6000000238
119911  12.164  -61.068  -25.388 0.6000000238
120306  11.189  -71.256  -37.593 0.6999999881
120547  12.649  -74.591  -36.769 0.8999999762
120551  16.554  -72.875  -31.421 0.6000000238
120615  7.392  -57.390  -24.055 0.6000000238
120741  32.520  -82.698  -13.368 0.3000000119
120797  13.332  -65.262  -31.497 0.6999999881
120924  20.938  -58.153  -32.045 0.3000000119
121279  18.636  -83.438  -29.158 0.5000000000
121370  18.996  -72.721  -28.346 0.5000000000
121776  10.484  -54.693  -25.142 0.6999999881
121865  10.389  -71.645  -25.674 0.6000000238
122129  31.587  -83.547  -13.050 0.3000000119
122134  20.861  -80.954  -28.057 0.6999999881
122671  14.993  -59.482  -27.735 0.6000000238
122781  17.075  -57.174  -26.559 0.5000000000
122826  21.738  -82.928  -27.227 0.4000000060
123018  11.184  -71.887  -36.178 0.6999999881
123275  7.889  -60.982  -33.611 0.5000000000
123311  18.388  -77.022  -35.417 0.5000000000
123530  15.622  -55.910  -30.010 0.5000000000
123535  18.691  -63.441  -35.373 0.5000000000
123549  17.157  -71.185  -32.996 0.6000000238
123581  21.285  -80.822  -33.143 0.5000000000
123804  12.947  -69.185  -31.297 0.5000000000
123826  13.372  -68.876  -31.948 0.6000000238
124357  28.511  -84.460  -25.145 0.4000000060
124567  11.906  -62.953  -34.552 0.5000000000
124982  15.011  -63.684  -32.773 0.5000000000
125509  26.869  -85.697  -24.060 0.3000000119
125650  13.060  -68.819  -25.721 0.5000000000
125827  30.595  -81.387  -20.130 0.3000000119
126088  12.859  -56.159  -25.627 0.6000000238
126103  20.087  -57.991  -24.528 0.3000000119
126143  10.874  -68.245  -36.852 0.6000000238
126229  16.805  -63.910  -35.595 0.5000000000
126278  23.963  -82.607  -22.406 0.4000000060
126457  16.120  -90.778  -13.959 0.4000000060
126519  13.028  -56.783  -29.306 0.8000000119
127053  11.713  -71.419  -26.314 0.6000000238
127128  13.235  -55.790  -26.358 0.6999999881
127269  5.748  -62.577  -32.371 0.5000000000
127405  14.911  -61.041  -25.310 0.4000000060
127572  24.775  -78.988  -27.611 0.4000000060
127730  7.081  -57.580  -26.616 0.6000000238
127918  25.120  -86.387  -23.346 0.4000000060
128176  17.233  -59.360  -21.906 0.6999999881
128188  6.582  -58.228  -24.864 0.5000000000
128936  34.043  -81.529  -18.457 0.3000000119
129137  10.684  -72.925  -32.570 0.6000000238
129411  27.130  -86.360  -16.172 0.5000000000
129827  18.845  -58.321  -24.691 0.6000000238
129962  11.861  -71.495  -34.990 0.6000000238
129968  11.417  -70.917  -37.735 0.8000000119
130003  5.875  -59.039  -25.724 0.5000000000
130330  18.451  -55.767  -19.644 0.3000000119
130466  28.315  -85.626  -12.834 0.3000000119
130539  22.511  -83.624  -17.648 0.4000000060
130721  28.542  -80.887  -21.961 0.3000000119
130945  9.903  -61.677  -32.362 0.5000000000
131030  25.404  -86.004  -25.671 0.4000000060
131231  19.483  -71.412  -33.178 0.6000000238
131290  23.631  -85.167  -25.178 0.3000000119
131337  20.806  -88.181  -14.947 0.4000000060
131496  17.945  -91.143  -10.972 0.5000000000
131550  19.485  -76.317  -29.617 0.8000000119
131732  25.665  -85.407  -27.808 0.4000000060
