#!ascii label  , from subject sub-v1s13x0050037_ses-1 vox2ras=TkReg
850
26654  -14.130  -60.633  39.005 0.0000000000
127416  -37.430  -47.544  42.695 0.0000000000
45851  -43.160  -40.020  40.531 0.0000000000
49714  -51.551  -36.624  31.011 0.0000000000
34612  -35.330  -52.223  40.831 0.0000000000
125936  -47.019  -36.730  36.100 0.0000000000
49815  -49.680  -36.342  23.053 0.0000000000
54447  -52.688  -32.106  25.784 0.0000000000
39367  -41.171  -47.295  40.434 0.0000000000
42137  -44.792  -43.448  41.236 0.0000000000
44870  -39.475  -42.070  42.662 0.0000000000
26629  -15.860  -61.124  42.527 0.0000000000
25570  -20.227  -62.014  40.156 0.0000000000
24559  -23.744  -63.229  40.364 0.0000000000
23597  -27.540  -63.934  40.294 0.0000000000
26646  -31.111  -60.193  41.549 0.0000000000
30665  -35.082  -56.479  41.849 0.0000000000
34606  -37.989  -52.418  41.514 0.0000000000
46842  -48.327  -39.339  39.194 0.0000000000
136783  -53.647  -31.212  26.498 0.0000000000
39348  -39.574  -47.797  43.207 0.0000000000
41247  -40.499  -45.316  42.731 0.0000000000
41232  -37.987  -45.238  43.386 0.0000000000
28731  -15.913  -58.992  40.245 0.0000000000
26632  -17.827  -61.692  41.323 0.0000000000
29672  -31.015  -57.937  40.915 0.0000000000
28722  -32.959  -58.232  41.669 0.0000000000
31671  -32.680  -55.918  42.044 0.0000000000
36484  -36.291  -50.129  42.380 0.0000000000
34583  -35.587  -52.288  43.538 0.0000000000
36461  -37.793  -50.102  43.633 0.0000000000
36487  -40.099  -49.686  41.094 0.0000000000
45825  -44.119  -40.454  42.792 0.0000000000
44924  -47.103  -41.699  40.381 0.0000000000
47794  -46.570  -38.670  41.282 0.0000000000
123711  -49.374  -35.520  33.938 0.0000000000
49641  -50.996  -36.384  35.759 0.0000000000
46936  -52.936  -39.174  32.819 0.0000000000
45022  -52.760  -41.797  30.839 0.0000000000
48029  -51.565  -38.271  24.065 0.0000000000
47066  -49.684  -38.957  24.020 0.0000000000
32663  -33.228  -54.431  39.915 0.0000000000
49698  -46.936  -36.641  31.448 0.0000000000
51685  -51.883  -34.291  24.387 0.0000000000
48910  -53.968  -37.256  26.295 0.0000000000
52574  -56.617  -33.942  26.738 0.0000000000
39401  -43.261  -48.000  37.551 0.0000000000
41273  -42.918  -45.133  40.289 0.0000000000
43010  -42.125  -43.008  42.260 0.0000000000
24534  -15.016  -62.525  41.852 0.0000000000
122922  -20.869  -62.810  38.630 0.0000000000
24557  -22.128  -62.973  40.151 0.0000000000
24593  -23.084  -63.208  38.007 0.0000000000
117574  -25.465  -63.973  37.306 0.0000000000
22746  -27.409  -64.577  38.173 0.0000000000
22749  -30.320  -63.881  37.934 0.0000000000
24542  -30.073  -62.378  40.926 0.0000000000
26665  -33.106  -60.317  39.115 0.0000000000
33604  -33.977  -53.982  42.665 0.0000000000
33615  -36.496  -53.978  42.486 0.0000000000
32653  -38.237  -54.437  39.687 0.0000000000
34614  -40.264  -52.137  39.396 0.0000000000
135989  -41.836  -49.922  38.902 0.0000000000
49617  -48.758  -37.152  38.757 0.0000000000
48894  -49.390  -37.615  26.418 0.0000000000
135208  -51.185  -39.449  28.814 0.0000000000
25565  -13.520  -61.601  41.380 0.0000000000
39335  -38.313  -47.477  43.816 0.0000000000
40276  -38.511  -46.109  43.715 0.0000000000
127204  -37.743  -46.818  43.252 0.0000000000
30686  -31.234  -56.678  40.046 0.0000000000
120191  -31.705  -56.993  41.486 0.0000000000
31695  -32.028  -55.669  40.388 0.0000000000
37411  -36.757  -49.266  42.316 0.0000000000
36459  -36.706  -50.225  43.833 0.0000000000
37377  -37.397  -49.015  43.783 0.0000000000
37396  -38.762  -49.071  43.370 0.0000000000
46798  -45.125  -39.557  42.274 0.0000000000
123705  -44.787  -39.112  40.669 0.0000000000
49688  -50.273  -36.224  32.367 0.0000000000
49676  -51.439  -36.194  33.569 0.0000000000
48826  -52.462  -36.879  32.154 0.0000000000
46951  -53.147  -39.565  32.027 0.0000000000
46967  -52.409  -39.224  30.468 0.0000000000
48031  -53.118  -39.073  25.268 0.0000000000
119697  -51.724  -39.933  24.452 0.0000000000
46065  -52.968  -40.977  25.234 0.0000000000
54445  -50.686  -31.185  25.728 0.0000000000
52601  -52.407  -33.544  24.997 0.0000000000
51686  -52.468  -34.771  24.848 0.0000000000
51671  -53.049  -34.174  25.431 0.0000000000
139309  -54.370  -36.516  26.789 0.0000000000
119421  -53.723  -33.876  25.967 0.0000000000
53506  -54.898  -32.549  26.091 0.0000000000
39385  -42.159  -47.375  38.173 0.0000000000
41282  -42.250  -45.927  38.898 0.0000000000
41271  -41.599  -45.704  40.215 0.0000000000
131306  -40.106  -43.807  43.317 0.0000000000
43009  -41.318  -43.423  42.428 0.0000000000
43948  -40.814  -42.235  42.797 0.0000000000
45812  -41.807  -40.959  42.931 0.0000000000
44886  -40.098  -41.036  42.510 0.0000000000
24536  -16.348  -62.833  41.048 0.0000000000
24527  -16.791  -62.621  41.482 0.0000000000
25568  -18.750  -61.855  40.641 0.0000000000
25589  -23.320  -62.522  40.293 0.0000000000
24558  -22.902  -63.160  40.353 0.0000000000
126318  -22.378  -63.275  38.820 0.0000000000
23619  -23.582  -63.731  38.668 0.0000000000
24594  -23.877  -63.416  37.725 0.0000000000
23612  -24.575  -64.164  39.570 0.0000000000
22737  -27.639  -64.522  39.292 0.0000000000
22747  -28.748  -64.445  37.729 0.0000000000
22731  -28.667  -64.251  39.598 0.0000000000
26633  -30.410  -60.292  41.499 0.0000000000
26663  -29.482  -61.127  40.953 0.0000000000
25572  -30.179  -61.572  41.415 0.0000000000
24565  -31.064  -62.551  40.091 0.0000000000
25574  -31.970  -61.271  40.146 0.0000000000
26682  -32.796  -61.124  38.903 0.0000000000
26648  -32.743  -60.090  40.060 0.0000000000
29660  -33.598  -57.097  42.039 0.0000000000
29674  -34.295  -57.917  40.440 0.0000000000
29675  -34.946  -57.437  40.437 0.0000000000
117700  -35.713  -56.414  41.188 0.0000000000
33613  -33.808  -54.000  41.678 0.0000000000
33614  -34.300  -53.389  42.143 0.0000000000
34585  -36.962  -51.860  43.373 0.0000000000
33606  -36.028  -53.557  43.127 0.0000000000
123751  -37.208  -53.036  42.105 0.0000000000
32642  -37.243  -54.309  40.916 0.0000000000
128160  -38.554  -52.881  40.436 0.0000000000
124040  -38.964  -52.066  40.550 0.0000000000
38388  -40.770  -48.762  40.875 0.0000000000
36499  -40.928  -50.078  39.821 0.0000000000
38398  -41.500  -48.504  39.437 0.0000000000
38411  -42.209  -48.331  38.172 0.0000000000
27699  -14.745  -59.565  41.641 0.0000000000
26622  -14.412  -60.967  43.148 0.0000000000
25546  -14.141  -61.828  43.181 0.0000000000
138121  -44.768  -45.065  40.037 0.0000000000
42153  -46.184  -43.888  39.759 0.0000000000
45866  -47.609  -40.472  40.161 0.0000000000
48761  -46.057  -37.825  37.175 0.0000000000
47831  -46.761  -37.935  39.128 0.0000000000
48763  -48.058  -36.913  37.891 0.0000000000
46891  -51.377  -38.733  35.407 0.0000000000
46873  -50.482  -38.439  36.263 0.0000000000
136038  -49.724  -40.163  25.377 0.0000000000
48012  -49.157  -38.661  25.069 0.0000000000
47030  -49.688  -39.295  26.336 0.0000000000
47978  -50.227  -38.230  27.644 0.0000000000
46039  -50.372  -40.411  27.472 0.0000000000
46025  -50.861  -41.099  28.273 0.0000000000
55309  -52.684  -30.803  27.386 0.0000000000
54432  -53.348  -31.803  26.161 0.0000000000
119292  -53.134  -30.570  28.119 0.0000000000
55277  -54.015  -30.209  30.046 0.0000000000
39358  -40.645  -47.427  41.801 0.0000000000
40308  -40.886  -46.587  41.555 0.0000000000
40287  -40.248  -46.175  42.978 0.0000000000
42090  -39.008  -45.080  43.560 0.0000000000
42992  -38.617  -43.782  43.087 0.0000000000
27700  -15.621  -60.056  41.790 0.0000000000
26630  -16.570  -61.553  42.247 0.0000000000
26656  -18.893  -60.945  40.226 0.0000000000
27702  -30.952  -59.351  41.559 0.0000000000
133019  -31.624  -59.234  41.618 0.0000000000
29668  -31.787  -57.910  41.843 0.0000000000
29659  -32.345  -57.282  42.047 0.0000000000
31660  -33.129  -56.010  42.332 0.0000000000
35565  -35.628  -51.555  41.403 0.0000000000
34596  -35.171  -52.139  43.032 0.0000000000
36471  -35.806  -50.804  43.028 0.0000000000
129099  -36.509  -50.893  43.871 0.0000000000
35556  -38.215  -51.072  42.504 0.0000000000
36485  -38.883  -50.708  41.865 0.0000000000
36474  -39.145  -49.994  42.274 0.0000000000
37405  -39.847  -48.393  42.531 0.0000000000
28740  -14.365  -58.422  40.015 0.0000000000
43967  -44.748  -41.851  42.427 0.0000000000
43993  -46.222  -42.861  41.008 0.0000000000
44902  -46.229  -40.803  41.986 0.0000000000
45852  -46.912  -40.303  41.389 0.0000000000
46820  -47.533  -38.885  40.744 0.0000000000
50588  -48.119  -35.716  34.609 0.0000000000
131894  -49.089  -36.052  36.733 0.0000000000
50575  -50.452  -35.598  35.298 0.0000000000
48801  -51.925  -37.109  34.865 0.0000000000
49816  -51.063  -36.895  23.675 0.0000000000
48940  -49.434  -37.797  23.530 0.0000000000
135951  -50.632  -38.987  23.934 0.0000000000
46077  -50.317  -40.433  24.660 0.0000000000
38379  -37.442  -48.023  40.962 0.0000000000
37424  -37.277  -49.221  40.151 0.0000000000
46841  -44.412  -39.516  38.951 0.0000000000
49648  -45.854  -36.497  35.007 0.0000000000
115574  -46.903  -36.076  33.613 0.0000000000
50615  -47.823  -36.059  33.292 0.0000000000
136877  -49.509  -36.377  31.836 0.0000000000
51697  -50.534  -34.820  23.245 0.0000000000
133477  -51.835  -36.567  24.249 0.0000000000
139066  -52.777  -37.360  25.119 0.0000000000
131075  -53.700  -38.701  25.881 0.0000000000
139311  -54.451  -33.176  26.153 0.0000000000
51638  -56.144  -34.978  27.607 0.0000000000
39387  -44.578  -47.407  37.949 0.0000000000
126132  -44.463  -45.675  39.698 0.0000000000
42151  -43.499  -44.573  40.783 0.0000000000
42149  -41.620  -45.007  40.925 0.0000000000
42135  -42.952  -44.051  41.314 0.0000000000
43028  -43.301  -43.423  41.651 0.0000000000
44888  -43.312  -41.391  42.835 0.0000000000
45823  -42.367  -40.742  42.747 0.0000000000
131102  -37.694  -45.651  41.247 0.0000000000
43025  -37.918  -43.907  41.584 0.0000000000
44911  -38.616  -41.188  40.781 0.0000000000
25566  -14.371  -61.592  41.158 0.0000000000
25585  -16.037  -62.436  39.693 0.0000000000
125356  -22.025  -62.404  36.984 0.0000000000
120571  -19.149  -60.437  39.415 0.0000000000
26658  -20.350  -61.302  39.903 0.0000000000
25586  -20.801  -62.288  40.116 0.0000000000
136695  -22.387  -62.847  37.764 0.0000000000
23641  -25.916  -63.643  36.321 0.0000000000
22756  -27.683  -64.416  36.294 0.0000000000
24563  -28.291  -63.259  40.421 0.0000000000
25592  -28.787  -62.520  40.628 0.0000000000
23587  -28.872  -63.156  40.637 0.0000000000
23600  -30.157  -63.626  39.606 0.0000000000
23614  -31.386  -63.491  37.976 0.0000000000
27719  -33.030  -59.367  40.475 0.0000000000
32662  -32.598  -55.101  40.483 0.0000000000
31672  -33.314  -55.311  42.397 0.0000000000
31662  -34.723  -55.228  42.808 0.0000000000
33592  -34.880  -53.335  43.308 0.0000000000
32631  -35.032  -54.357  43.126 0.0000000000
31663  -35.723  -55.065  42.427 0.0000000000
32651  -36.965  -55.105  40.709 0.0000000000
31684  -37.261  -55.372  39.928 0.0000000000
34625  -41.213  -52.068  38.455 0.0000000000
36497  -40.038  -50.880  40.215 0.0000000000
138750  -40.941  -51.252  39.155 0.0000000000
35597  -42.332  -51.432  37.941 0.0000000000
129587  -43.113  -50.522  37.748 0.0000000000
24524  -14.356  -62.144  42.709 0.0000000000
47830  -45.865  -38.375  39.378 0.0000000000
48735  -47.573  -38.205  40.194 0.0000000000
46843  -48.815  -38.459  39.250 0.0000000000
49628  -49.996  -36.385  37.379 0.0000000000
47844  -49.843  -37.836  37.824 0.0000000000
46855  -49.119  -39.011  37.820 0.0000000000
49710  -47.951  -36.697  30.578 0.0000000000
49724  -50.415  -36.500  29.758 0.0000000000
48926  -48.940  -37.897  23.937 0.0000000000
48907  -48.697  -37.061  25.154 0.0000000000
136761  -49.844  -36.770  27.734 0.0000000000
47956  -50.645  -37.673  28.646 0.0000000000
47934  -51.744  -38.437  29.909 0.0000000000
123987  -51.942  -40.657  29.633 0.0000000000
119456  -13.464  -61.116  39.533 0.0000000000
39334  -37.639  -47.849  43.436 0.0000000000
122713  -38.008  -47.244  43.763 0.0000000000
31711  -31.189  -56.359  39.114 0.0000000000
31694  -31.598  -55.969  39.779 0.0000000000
39333  -37.238  -48.171  43.019 0.0000000000
38370  -36.898  -48.865  43.186 0.0000000000
38360  -37.313  -48.607  43.605 0.0000000000
38361  -37.804  -48.282  43.744 0.0000000000
117272  -44.613  -39.325  41.555 0.0000000000
46819  -43.905  -39.494  41.122 0.0000000000
49702  -50.929  -36.390  31.621 0.0000000000
49689  -51.185  -36.302  32.584 0.0000000000
119960  -52.171  -36.832  31.423 0.0000000000
47909  -52.520  -37.603  31.521 0.0000000000
47920  -52.194  -38.108  30.678 0.0000000000
46066  -53.863  -40.746  25.970 0.0000000000
46080  -53.100  -40.041  25.232 0.0000000000
54446  -52.037  -31.832  25.699 0.0000000000
53523  -52.631  -32.717  25.453 0.0000000000
52587  -53.176  -33.339  25.624 0.0000000000
51672  -53.713  -34.563  26.031 0.0000000000
54448  -53.283  -32.554  25.833 0.0000000000
39376  -41.364  -47.462  39.515 0.0000000000
40336  -41.686  -46.662  38.795 0.0000000000
40324  -41.430  -46.512  39.761 0.0000000000
127987  -39.627  -42.683  43.053 0.0000000000
116511  -40.106  -42.918  43.154 0.0000000000
43947  -40.062  -42.152  42.952 0.0000000000
44871  -40.470  -41.542  42.755 0.0000000000
120471  -39.868  -41.578  42.668 0.0000000000
26623  -15.260  -61.522  43.074 0.0000000000
25551  -15.948  -62.149  42.827 0.0000000000
25569  -19.581  -61.893  40.261 0.0000000000
24538  -19.068  -62.224  40.223 0.0000000000
23593  -23.380  -63.519  40.010 0.0000000000
23610  -23.096  -63.639  39.269 0.0000000000
23611  -23.830  -63.864  39.500 0.0000000000
22729  -27.179  -64.354  40.017 0.0000000000
22730  -27.903  -64.316  39.969 0.0000000000
134163  -28.260  -64.477  39.270 0.0000000000
23598  -28.320  -63.795  40.231 0.0000000000
118105  -30.398  -60.887  41.577 0.0000000000
25573  -31.119  -61.230  41.124 0.0000000000
26647  -31.989  -60.604  40.687 0.0000000000
30664  -34.394  -56.762  41.963 0.0000000000
29669  -34.265  -57.460  41.294 0.0000000000
29670  -35.103  -56.970  41.209 0.0000000000
33625  -34.340  -53.439  40.976 0.0000000000
34611  -34.734  -52.782  41.485 0.0000000000
35566  -37.745  -51.703  42.533 0.0000000000
34598  -37.312  -52.365  42.588 0.0000000000
33617  -37.699  -53.435  40.966 0.0000000000
38380  -40.842  -47.975  41.151 0.0000000000
38389  -41.157  -48.236  40.272 0.0000000000
38410  -41.682  -47.795  38.701 0.0000000000
27688  -15.039  -60.467  42.564 0.0000000000
27687  -14.016  -59.894  42.432 0.0000000000
25550  -15.260  -62.188  43.109 0.0000000000
42152  -44.564  -44.409  40.613 0.0000000000
124226  -45.446  -44.584  39.977 0.0000000000
43042  -45.495  -43.890  40.549 0.0000000000
45880  -47.684  -40.201  39.390 0.0000000000
45879  -47.136  -40.783  38.742 0.0000000000
45895  -47.599  -40.030  38.503 0.0000000000
134538  -47.553  -39.921  37.608 0.0000000000
48776  -46.546  -37.260  36.639 0.0000000000
48762  -46.998  -37.325  37.574 0.0000000000
48777  -47.448  -36.867  36.941 0.0000000000
50729  -49.133  -35.714  22.873 0.0000000000
45071  -50.044  -41.055  25.976 0.0000000000
46051  -49.759  -40.269  25.951 0.0000000000
47031  -50.002  -39.896  26.827 0.0000000000
39349  -40.193  -47.636  42.543 0.0000000000
40298  -40.490  -46.836  42.415 0.0000000000
39337  -39.937  -47.025  43.176 0.0000000000
40275  -38.220  -45.890  43.644 0.0000000000
40277  -38.982  -45.662  43.628 0.0000000000
135328  -38.465  -45.050  43.475 0.0000000000
42104  -38.848  -44.466  43.397 0.0000000000
42103  -38.288  -44.656  43.292 0.0000000000
27713  -15.363  -59.277  40.935 0.0000000000
27729  -18.418  -60.177  39.689 0.0000000000
120421  -30.748  -57.881  39.899 0.0000000000
28745  -30.574  -58.706  40.636 0.0000000000
28732  -30.970  -58.728  41.412 0.0000000000
28720  -31.383  -58.665  41.640 0.0000000000
29667  -31.487  -57.693  41.513 0.0000000000
30663  -32.123  -56.489  41.749 0.0000000000
29658  -31.924  -57.146  41.897 0.0000000000
30650  -32.489  -56.589  42.050 0.0000000000
30651  -32.952  -56.763  42.230 0.0000000000
36483  -35.855  -50.854  41.913 0.0000000000
37394  -37.318  -49.648  43.889 0.0000000000
36460  -37.044  -50.526  43.944 0.0000000000
35555  -37.507  -50.990  43.412 0.0000000000
36473  -38.392  -50.443  42.888 0.0000000000
37403  -38.630  -49.712  43.153 0.0000000000
38363  -39.196  -48.504  43.274 0.0000000000
38371  -40.400  -48.179  41.855 0.0000000000
28730  -15.107  -58.658  40.200 0.0000000000
44889  -44.074  -41.206  42.843 0.0000000000
44901  -45.542  -41.513  42.233 0.0000000000
44890  -44.822  -40.926  42.732 0.0000000000
47793  -45.983  -38.856  41.476 0.0000000000
45838  -46.275  -39.712  41.878 0.0000000000
46810  -46.933  -39.167  41.398 0.0000000000
45853  -47.449  -39.833  40.814 0.0000000000
47795  -47.150  -38.576  41.008 0.0000000000
50589  -48.959  -35.495  34.409 0.0000000000
50574  -49.721  -35.467  35.174 0.0000000000
50590  -49.919  -35.490  34.587 0.0000000000
48812  -52.447  -36.953  33.811 0.0000000000
48811  -51.889  -36.526  34.262 0.0000000000
47886  -52.635  -37.817  33.769 0.0000000000
46906  -52.458  -38.938  34.151 0.0000000000
45966  -52.990  -40.346  32.813 0.0000000000
48942  -51.103  -37.671  23.752 0.0000000000
48043  -50.724  -38.198  23.702 0.0000000000
45097  -50.616  -41.237  24.927 0.0000000000
38386  -37.100  -48.971  41.097 0.0000000000
49663  -46.492  -36.111  34.498 0.0000000000
50628  -46.118  -36.329  32.183 0.0000000000
49685  -47.283  -36.419  32.405 0.0000000000
49686  -48.575  -36.304  32.413 0.0000000000
49699  -47.907  -36.604  31.658 0.0000000000
131187  -51.118  -32.245  24.661 0.0000000000
53537  -51.022  -32.793  24.160 0.0000000000
52618  -50.713  -33.426  23.565 0.0000000000
51698  -51.294  -34.764  23.770 0.0000000000
121995  -51.464  -36.008  23.909 0.0000000000
50717  -51.771  -35.170  24.182 0.0000000000
49789  -53.074  -36.064  25.458 0.0000000000
49802  -52.482  -36.821  24.833 0.0000000000
48909  -53.191  -36.958  25.518 0.0000000000
48013  -53.167  -37.966  25.423 0.0000000000
48014  -53.965  -38.115  26.193 0.0000000000
48015  -54.503  -38.803  26.641 0.0000000000
50691  -54.411  -35.758  26.825 0.0000000000
53505  -53.996  -32.422  25.989 0.0000000000
52573  -55.294  -33.749  26.641 0.0000000000
39402  -44.177  -48.087  37.458 0.0000000000
39403  -45.319  -48.056  37.574 0.0000000000
39386  -43.649  -47.464  37.708 0.0000000000
41272  -42.177  -45.502  39.696 0.0000000000
41294  -43.081  -46.097  38.685 0.0000000000
41283  -43.286  -45.651  39.529 0.0000000000
41274  -43.979  -45.183  40.263 0.0000000000
41259  -40.724  -45.919  42.101 0.0000000000
41260  -41.174  -45.714  41.174 0.0000000000
126316  -41.064  -44.933  41.833 0.0000000000
43026  -41.805  -43.664  42.065 0.0000000000
43027  -42.514  -43.560  41.826 0.0000000000
43011  -42.889  -42.915  42.027 0.0000000000
43965  -43.166  -42.176  42.350 0.0000000000
128921  -42.606  -42.404  42.333 0.0000000000
45822  -41.418  -40.640  42.502 0.0000000000
25567  -15.157  -62.014  40.865 0.0000000000
26631  -17.244  -61.671  41.722 0.0000000000
24528  -17.585  -62.391  41.198 0.0000000000
24591  -20.763  -62.609  37.662 0.0000000000
24606  -21.142  -62.321  36.970 0.0000000000
24592  -21.601  -62.807  38.055 0.0000000000
27730  -19.929  -60.632  39.253 0.0000000000
24556  -21.341  -62.693  39.935 0.0000000000
24580  -21.681  -63.075  39.426 0.0000000000
24607  -22.820  -62.534  37.003 0.0000000000
24608  -23.549  -62.726  36.954 0.0000000000
23631  -24.651  -63.693  37.555 0.0000000000
22745  -26.557  -64.547  38.030 0.0000000000
22755  -27.149  -64.546  37.043 0.0000000000
22757  -28.101  -64.548  37.144 0.0000000000
22748  -29.441  -64.233  37.835 0.0000000000
22759  -29.972  -63.907  37.022 0.0000000000
122419  -29.624  -61.878  41.281 0.0000000000
25571  -29.290  -61.974  41.101 0.0000000000
24541  -29.315  -62.460  40.975 0.0000000000
24540  -28.992  -62.655  40.792 0.0000000000
23599  -29.185  -63.759  40.019 0.0000000000
23588  -29.609  -63.101  40.511 0.0000000000
24584  -31.894  -62.462  39.200 0.0000000000
23601  -31.200  -63.223  39.142 0.0000000000
24595  -32.211  -62.895  38.278 0.0000000000
25609  -33.080  -60.990  38.270 0.0000000000
27703  -32.559  -59.002  41.313 0.0000000000
27704  -33.361  -58.706  40.845 0.0000000000
32641  -33.522  -54.658  42.190 0.0000000000
32630  -33.858  -54.647  42.802 0.0000000000
31661  -33.834  -55.399  42.717 0.0000000000
120688  -34.287  -54.669  43.024 0.0000000000
34595  -34.960  -52.812  43.300 0.0000000000
136080  -35.513  -53.924  43.180 0.0000000000
32632  -35.928  -54.281  42.785 0.0000000000
31673  -36.263  -55.619  41.266 0.0000000000
129726  -36.580  -54.634  41.799 0.0000000000
137057  -37.801  -54.128  40.284 0.0000000000
32652  -37.585  -54.778  40.128 0.0000000000
34613  -39.643  -52.448  39.825 0.0000000000
35586  -40.816  -51.814  38.978 0.0000000000
36486  -39.645  -50.270  41.165 0.0000000000
35568  -39.284  -51.127  40.826 0.0000000000
36508  -41.479  -50.016  39.296 0.0000000000
130746  -41.343  -50.741  39.094 0.0000000000
36507  -41.909  -51.140  38.459 0.0000000000
132320  -41.908  -50.449  38.715 0.0000000000
36514  -42.486  -50.809  38.181 0.0000000000
39400  -42.628  -47.904  37.801 0.0000000000
38425  -42.873  -48.701  37.714 0.0000000000
38426  -43.773  -48.822  37.429 0.0000000000
24518  -14.943  -62.482  42.701 0.0000000000
24510  -14.347  -62.076  42.949 0.0000000000
24525  -14.914  -62.528  42.436 0.0000000000
25555  -14.292  -61.984  42.117 0.0000000000
43994  -46.715  -42.264  40.701 0.0000000000
43044  -46.614  -43.014  40.104 0.0000000000
134350  -46.942  -42.322  40.046 0.0000000000
124285  -44.689  -39.243  38.276 0.0000000000
47829  -45.025  -38.942  39.073 0.0000000000
48752  -47.629  -37.462  38.698 0.0000000000
48743  -47.649  -37.859  39.675 0.0000000000
126640  -48.311  -37.631  39.337 0.0000000000
47820  -48.407  -38.086  39.641 0.0000000000
47832  -49.018  -37.776  39.110 0.0000000000
122619  -50.138  -35.808  36.516 0.0000000000
49640  -50.704  -36.548  36.522 0.0000000000
47853  -50.113  -38.075  36.952 0.0000000000
46856  -49.647  -38.647  37.289 0.0000000000
129487  -49.513  -38.440  37.886 0.0000000000
46871  -49.178  -39.346  36.734 0.0000000000
49711  -49.130  -36.449  30.172 0.0000000000
49723  -49.670  -36.346  29.526 0.0000000000
48041  -49.373  -38.369  23.831 0.0000000000
48028  -49.197  -38.535  24.339 0.0000000000
47995  -49.372  -38.570  25.941 0.0000000000
48908  -49.044  -37.805  25.551 0.0000000000
48893  -49.013  -36.924  26.087 0.0000000000
49776  -49.341  -36.854  26.812 0.0000000000
49755  -49.360  -36.491  27.509 0.0000000000
119990  -49.805  -37.278  27.242 0.0000000000
121041  -50.752  -38.872  28.319 0.0000000000
47933  -51.209  -37.603  29.531 0.0000000000
46985  -51.217  -38.590  29.123 0.0000000000
46986  -51.769  -39.586  29.588 0.0000000000
47004  -51.366  -40.354  28.944 0.0000000000
120726  -38.902  -47.904  43.656 0.0000000000
39336  -39.125  -47.210  43.642 0.0000000000
40286  -38.228  -46.632  43.767 0.0000000000
40285  -38.164  -46.481  43.682 0.0000000000
124076  -37.893  -45.932  43.386 0.0000000000
29683  -30.976  -57.303  40.250 0.0000000000
29673  -31.334  -57.159  40.886 0.0000000000
30675  -31.760  -56.395  40.823 0.0000000000
31682  -32.341  -55.811  41.266 0.0000000000
36472  -36.601  -49.687  43.281 0.0000000000
37393  -36.949  -49.322  43.825 0.0000000000
37395  -38.079  -49.338  43.689 0.0000000000
37378  -37.768  -49.033  43.794 0.0000000000
38362  -38.354  -48.508  43.736 0.0000000000
46796  -43.860  -40.181  42.476 0.0000000000
45826  -44.908  -40.096  42.647 0.0000000000
46807  -44.861  -39.421  42.006 0.0000000000
47792  -45.422  -39.018  41.427 0.0000000000
50617  -49.984  -35.767  33.305 0.0000000000
50605  -50.716  -35.770  33.909 0.0000000000
50618  -50.715  -36.032  33.174 0.0000000000
49690  -52.027  -36.494  32.808 0.0000000000
47898  -52.813  -38.104  32.923 0.0000000000
47910  -52.880  -38.432  32.138 0.0000000000
46968  -52.962  -40.007  31.240 0.0000000000
45993  -52.553  -40.536  30.396 0.0000000000
48030  -52.397  -38.624  24.683 0.0000000000
120676  -51.620  -39.214  24.284 0.0000000000
47056  -52.391  -39.536  24.708 0.0000000000
46079  -52.304  -40.395  24.712 0.0000000000
54465  -51.607  -32.033  25.177 0.0000000000
53538  -51.851  -32.702  24.871 0.0000000000
136765  -52.481  -34.189  24.928 0.0000000000
50703  -53.068  -35.112  25.443 0.0000000000
49777  -53.744  -36.325  26.156 0.0000000000
50704  -53.722  -35.424  26.116 0.0000000000
118848  -54.474  -34.843  26.705 0.0000000000
55326  -54.172  -30.744  26.828 0.0000000000
54433  -54.212  -31.522  26.109 0.0000000000
40337  -42.529  -46.560  38.293 0.0000000000
137151  -41.742  -45.984  39.356 0.0000000000
122753  -40.159  -44.705  43.279 0.0000000000
119921  -40.753  -44.605  42.617 0.0000000000
42119  -40.698  -43.967  42.845 0.0000000000
42994  -40.726  -43.176  42.816 0.0000000000
43963  -41.446  -42.646  42.540 0.0000000000
43964  -42.084  -42.151  42.496 0.0000000000
44872  -41.297  -41.417  42.763 0.0000000000
45811  -40.937  -40.966  42.693 0.0000000000
45821  -40.521  -40.626  42.228 0.0000000000
24526  -15.436  -62.719  42.233 0.0000000000
24535  -15.758  -62.820  41.474 0.0000000000
124955  -16.036  -62.802  41.707 0.0000000000
23592  -22.582  -63.362  39.865 0.0000000000
23620  -24.214  -64.023  38.641 0.0000000000
23621  -25.101  -64.361  38.554 0.0000000000
123430  -28.195  -64.543  38.387 0.0000000000
22738  -28.849  -64.427  38.658 0.0000000000
22739  -29.643  -64.149  38.942 0.0000000000
27716  -29.936  -60.341  41.240 0.0000000000
27731  -29.748  -60.358  40.411 0.0000000000
26645  -29.850  -61.184  41.442 0.0000000000
25594  -32.369  -61.687  39.261 0.0000000000
26664  -32.563  -60.871  39.662 0.0000000000
116484  -33.497  -57.690  41.692 0.0000000000
28723  -33.722  -58.065  41.049 0.0000000000
30676  -35.717  -56.916  40.308 0.0000000000
30677  -36.290  -56.245  40.416 0.0000000000
33635  -33.789  -53.846  39.393 0.0000000000
33624  -33.815  -53.973  40.467 0.0000000000
34584  -36.230  -52.088  43.732 0.0000000000
33594  -35.750  -52.858  43.537 0.0000000000
34597  -36.589  -52.762  43.168 0.0000000000
33607  -36.692  -53.460  42.629 0.0000000000
33616  -36.992  -53.813  41.823 0.0000000000
33626  -38.411  -53.668  40.023 0.0000000000
136842  -39.128  -52.642  40.110 0.0000000000
35576  -39.816  -51.696  40.037 0.0000000000
37413  -40.217  -48.999  41.628 0.0000000000
37425  -40.583  -49.505  40.627 0.0000000000
37426  -41.184  -49.243  39.970 0.0000000000
132548  -41.680  -49.407  39.152 0.0000000000
138862  -42.372  -49.653  38.319 0.0000000000
38399  -41.873  -48.738  38.740 0.0000000000
27698  -13.903  -59.128  41.407 0.0000000000
26621  -13.483  -60.659  43.204 0.0000000000
24511  -14.831  -62.254  43.025 0.0000000000
44925  -47.362  -41.236  40.107 0.0000000000
126701  -47.127  -41.832  39.739 0.0000000000
44939  -47.315  -41.060  39.546 0.0000000000
47841  -45.645  -38.340  37.730 0.0000000000
133919  -45.996  -38.217  38.519 0.0000000000
47842  -46.485  -37.828  38.114 0.0000000000
48791  -51.364  -37.068  35.475 0.0000000000
48779  -50.982  -36.985  36.062 0.0000000000
46076  -49.744  -40.022  24.933 0.0000000000
47053  -49.488  -39.263  24.679 0.0000000000
47042  -49.511  -39.514  25.432 0.0000000000
47977  -49.749  -38.343  26.773 0.0000000000
47016  -50.006  -39.038  27.035 0.0000000000
47017  -50.362  -39.393  27.579 0.0000000000
47003  -50.795  -39.924  28.221 0.0000000000
54431  -52.507  -31.616  26.186 0.0000000000
55325  -53.016  -31.228  26.614 0.0000000000
130755  -53.440  -30.815  27.113 0.0000000000
55295  -53.569  -30.381  29.040 0.0000000000
55310  -53.900  -30.511  27.883 0.0000000000
55296  -54.362  -30.246  28.828 0.0000000000
39359  -40.976  -47.160  41.144 0.0000000000
40316  -41.208  -46.450  40.684 0.0000000000
41234  -39.990  -45.548  43.330 0.0000000000
116402  -39.360  -46.221  43.568 0.0000000000
42105  -39.519  -44.492  43.456 0.0000000000
42993  -39.418  -43.564  43.280 0.0000000000
43946  -38.957  -42.804  42.817 0.0000000000
132053  -16.260  -60.654  41.829 0.0000000000
27701  -16.878  -60.829  41.471 0.0000000000
26641  -17.700  -60.971  41.087 0.0000000000
26642  -18.465  -61.464  40.903 0.0000000000
26643  -19.225  -61.533  40.414 0.0000000000
24562  -27.282  -63.549  40.337 0.0000000000
27717  -30.481  -59.533  41.280 0.0000000000
27718  -32.200  -59.784  41.042 0.0000000000
28721  -32.171  -58.494  41.796 0.0000000000
28713  -32.375  -57.872  42.003 0.0000000000
28714  -32.922  -57.503  42.085 0.0000000000
30652  -33.665  -56.313  42.405 0.0000000000
34605  -35.057  -52.092  42.039 0.0000000000
35554  -35.499  -51.481  42.533 0.0000000000
35543  -35.690  -51.506  43.407 0.0000000000
135661  -36.253  -50.335  43.378 0.0000000000
36458  -36.084  -50.856  43.760 0.0000000000
35544  -36.106  -51.490  43.817 0.0000000000
35545  -36.676  -51.301  43.815 0.0000000000
35567  -38.511  -51.505  41.621 0.0000000000
37412  -39.707  -49.608  41.729 0.0000000000
37404  -39.402  -49.197  42.603 0.0000000000
28729  -14.535  -58.899  40.790 0.0000000000
43980  -44.419  -42.659  41.890 0.0000000000
43029  -45.641  -43.286  41.029 0.0000000000
43981  -45.423  -42.577  41.685 0.0000000000
43982  -46.243  -41.973  41.529 0.0000000000
44912  -46.852  -41.380  41.160 0.0000000000
45827  -45.631  -39.945  42.352 0.0000000000
44913  -47.300  -40.866  40.677 0.0000000000
46830  -47.960  -39.411  40.135 0.0000000000
135023  -47.448  -36.280  35.632 0.0000000000
49637  -47.911  -36.377  36.358 0.0000000000
49650  -48.338  -35.871  35.583 0.0000000000
132905  -50.214  -35.589  35.811 0.0000000000
49652  -50.689  -35.901  36.057 0.0000000000
49665  -51.225  -35.969  34.512 0.0000000000
49666  -51.378  -36.412  35.050 0.0000000000
47874  -51.783  -37.957  35.240 0.0000000000
138141  -50.218  -36.836  23.293 0.0000000000
127815  -49.511  -37.078  23.238 0.0000000000
48941  -50.300  -37.574  23.464 0.0000000000
48042  -50.013  -38.370  23.616 0.0000000000
47055  -50.918  -39.856  24.280 0.0000000000
47054  -50.009  -39.669  24.341 0.0000000000
46064  -50.016  -40.719  25.334 0.0000000000
38378  -37.163  -48.308  42.173 0.0000000000
39357  -37.478  -47.395  41.664 0.0000000000
34622  -35.626  -52.397  39.734 0.0000000000
36495  -36.004  -51.039  40.954 0.0000000000
36496  -36.407  -50.396  41.049 0.0000000000
138661  -36.691  -49.704  41.468 0.0000000000
45865  -43.237  -40.395  39.448 0.0000000000
46828  -43.992  -39.660  39.877 0.0000000000
124802  -44.147  -39.719  38.243 0.0000000000
46853  -44.268  -39.500  37.594 0.0000000000
48775  -45.686  -37.628  36.310 0.0000000000
48790  -46.173  -36.963  35.810 0.0000000000
49649  -46.692  -36.404  35.312 0.0000000000
49664  -47.354  -35.981  34.919 0.0000000000
50587  -47.179  -35.937  34.155 0.0000000000
50602  -47.918  -35.764  33.946 0.0000000000
50616  -49.070  -35.734  33.308 0.0000000000
49687  -49.495  -36.052  32.684 0.0000000000
49701  -50.181  -36.377  31.272 0.0000000000
129027  -50.187  -34.092  23.020 0.0000000000
50730  -50.039  -35.589  23.005 0.0000000000
119064  -50.572  -36.197  23.356 0.0000000000
48927  -51.758  -37.328  24.181 0.0000000000
50718  -52.332  -35.782  24.696 0.0000000000
48928  -52.376  -37.722  24.688 0.0000000000
47043  -53.992  -39.653  26.119 0.0000000000
53524  -53.839  -33.165  25.948 0.0000000000
52572  -54.353  -33.777  26.286 0.0000000000
51662  -54.706  -34.246  26.658 0.0000000000
124551  -55.385  -34.589  27.117 0.0000000000
40338  -43.642  -46.742  38.224 0.0000000000
40325  -44.123  -46.218  39.104 0.0000000000
40326  -45.150  -46.088  39.233 0.0000000000
42120  -41.227  -44.109  42.223 0.0000000000
42134  -41.868  -44.198  41.493 0.0000000000
42150  -42.496  -44.632  40.841 0.0000000000
42136  -43.857  -43.884  41.197 0.0000000000
126283  -43.989  -43.241  41.572 0.0000000000
43966  -43.892  -41.995  42.392 0.0000000000
44875  -43.474  -40.863  43.002 0.0000000000
44887  -42.657  -41.683  42.665 0.0000000000
44874  -42.696  -40.991  43.076 0.0000000000
45824  -43.304  -40.665  42.779 0.0000000000
45850  -42.235  -40.278  40.975 0.0000000000
39347  -37.534  -46.734  42.245 0.0000000000
41258  -37.587  -45.389  42.079 0.0000000000
117352  -37.762  -44.788  41.426 0.0000000000
42133  -37.731  -44.588  42.248 0.0000000000
121631  -37.975  -43.733  42.320 0.0000000000
43960  -38.171  -42.892  41.977 0.0000000000
44884  -38.494  -42.236  41.669 0.0000000000
44900  -38.833  -41.523  41.482 0.0000000000
44885  -39.433  -41.319  42.167 0.0000000000
45864  -42.496  -40.598  39.923 0.0000000000
25583  -14.493  -61.101  40.027 0.0000000000
25584  -15.402  -61.605  39.890 0.0000000000
25556  -16.669  -62.208  42.125 0.0000000000
26657  -19.614  -61.120  39.995 0.0000000000
26644  -19.931  -61.650  40.133 0.0000000000
24609  -24.301  -62.924  36.783 0.0000000000
23622  -25.856  -64.437  37.953 0.0000000000
23632  -26.301  -64.309  37.057 0.0000000000
22758  -29.080  -64.296  36.790 0.0000000000
24583  -28.001  -62.725  40.017 0.0000000000
25593  -29.038  -61.791  40.413 0.0000000000
132281  -30.577  -63.758  38.703 0.0000000000
24564  -30.449  -63.044  40.104 0.0000000000
120470  -33.327  -59.513  39.630 0.0000000000
28733  -33.853  -58.378  40.403 0.0000000000
27720  -33.626  -58.873  40.046 0.0000000000
27733  -33.485  -59.570  39.049 0.0000000000
32661  -32.006  -55.264  39.547 0.0000000000
32649  -32.908  -55.237  41.717 0.0000000000
32650  -33.300  -54.592  41.110 0.0000000000
30653  -34.491  -56.033  42.459 0.0000000000
34604  -34.750  -52.764  42.565 0.0000000000
33605  -34.586  -53.407  42.930 0.0000000000
34582  -35.227  -52.968  43.490 0.0000000000
33593  -35.197  -53.532  43.375 0.0000000000
32621  -34.496  -53.965  43.116 0.0000000000
30666  -35.397  -55.875  42.090 0.0000000000
31683  -36.754  -55.712  40.384 0.0000000000
35577  -40.453  -51.449  39.547 0.0000000000
36498  -40.349  -50.190  40.417 0.0000000000
35578  -40.683  -50.761  39.666 0.0000000000
36523  -43.589  -50.974  37.215 0.0000000000
37462  -43.357  -49.686  37.629 0.0000000000
139284  -43.756  -50.366  37.397 0.0000000000
25554  -13.444  -61.950  42.416 0.0000000000
43043  -46.079  -43.424  40.504 0.0000000000
46829  -44.691  -39.176  39.680 0.0000000000
47804  -45.570  -38.694  40.790 0.0000000000
47805  -46.243  -38.556  41.038 0.0000000000
47818  -46.802  -38.176  40.216 0.0000000000
47806  -47.015  -38.341  40.799 0.0000000000
47807  -47.465  -38.420  40.422 0.0000000000
46831  -48.357  -38.703  39.756 0.0000000000
130137  -48.885  -38.918  38.662 0.0000000000
49638  -48.320  -36.535  37.168 0.0000000000
49627  -49.070  -36.600  37.816 0.0000000000
48764  -49.514  -36.953  38.284 0.0000000000
48765  -50.099  -36.974  37.755 0.0000000000
47833  -49.477  -37.452  38.466 0.0000000000
47843  -49.324  -38.234  38.535 0.0000000000
46854  -48.358  -39.489  38.190 0.0000000000
49700  -48.794  -36.525  31.265 0.0000000000
118754  -49.564  -36.437  30.952 0.0000000000
49713  -50.711  -36.458  30.655 0.0000000000
48939  -48.870  -37.206  23.558 0.0000000000
49813  -48.481  -36.468  23.750 0.0000000000
48925  -48.614  -37.198  24.204 0.0000000000
48011  -48.860  -37.916  24.637 0.0000000000
49801  -48.327  -36.323  24.728 0.0000000000
49737  -49.056  -36.208  28.162 0.0000000000
49738  -49.778  -36.507  28.263 0.0000000000
48875  -50.195  -37.120  27.975 0.0000000000
49739  -50.053  -36.460  29.037 0.0000000000
120928  -50.690  -36.836  29.249 0.0000000000
48842  -51.277  -36.781  30.083 0.0000000000
48843  -51.687  -37.565  30.174 0.0000000000
46007  -52.347  -41.401  30.085 0.0000000000
46026  -51.696  -41.567  29.362 0.0000000000
45035  -52.436  -42.558  30.454 0.0000000000
28719  -31.333  -58.372  41.577 0.0000000000
35575  -36.381  -50.937  40.304 0.0000000000
40349  -42.899  -47.268  37.796 0.0000000000
41222  -38.247  -45.292  43.499 0.0000000000
41223  -38.456  -45.523  43.583 0.0000000000
41233  -39.495  -45.278  43.511 0.0000000000
41246  -37.670  -45.255  42.876 0.0000000000
41284  -45.349  -45.307  39.557 0.0000000000
42118  -37.889  -44.539  42.948 0.0000000000
42991  -38.217  -43.992  42.874 0.0000000000
43008  -38.352  -43.255  42.588 0.0000000000
43949  -41.550  -41.916  42.648 0.0000000000
43961  -38.531  -42.610  42.266 0.0000000000
43962  -38.958  -42.069  42.150 0.0000000000
43979  -43.605  -42.733  41.933 0.0000000000
44873  -42.040  -41.394  42.827 0.0000000000
44891  -45.448  -40.644  42.465 0.0000000000
46797  -44.468  -39.826  42.436 0.0000000000
46799  -45.702  -39.399  42.034 0.0000000000
46808  -45.514  -39.224  41.763 0.0000000000
46809  -46.144  -39.058  41.666 0.0000000000
46821  -47.925  -38.537  40.128 0.0000000000
47816  -45.309  -38.740  39.991 0.0000000000
47817  -45.973  -38.409  40.363 0.0000000000
47819  -47.900  -38.188  40.010 0.0000000000
47875  -52.303  -37.986  34.589 0.0000000000
47921  -52.796  -38.790  31.307 0.0000000000
48744  -48.174  -37.929  39.775 0.0000000000
48745  -48.656  -37.675  39.262 0.0000000000
48753  -49.104  -37.377  38.832 0.0000000000
48802  -52.336  -37.191  34.296 0.0000000000
48820  -52.655  -37.077  33.038 0.0000000000
48827  -52.704  -37.574  32.350 0.0000000000
48834  -52.008  -37.093  30.757 0.0000000000
48857  -50.300  -36.825  28.619 0.0000000000
49629  -50.393  -36.582  37.085 0.0000000000
49639  -50.451  -36.227  36.713 0.0000000000
49651  -49.487  -35.599  35.835 0.0000000000
49653  -50.978  -35.876  35.288 0.0000000000
49677  -52.162  -36.573  33.523 0.0000000000
49703  -51.785  -36.554  31.892 0.0000000000
49712  -49.981  -36.352  30.338 0.0000000000
49814  -48.899  -36.486  23.142 0.0000000000
50573  -48.945  -35.510  35.094 0.0000000000
50591  -50.621  -35.645  34.653 0.0000000000
50603  -48.632  -35.656  33.771 0.0000000000
50604  -50.054  -35.567  34.009 0.0000000000
50731  -50.974  -35.429  23.532 0.0000000000
51661  -54.199  -34.251  26.331 0.0000000000
52600  -51.534  -33.473  24.269 0.0000000000
52617  -49.890  -33.300  22.997 0.0000000000
117287  -38.586  -46.724  43.761 0.0000000000
117567  -46.858  -42.559  39.461 0.0000000000
123994  -52.739  -38.784  33.446 0.0000000000
129181  -51.077  -34.133  23.650 0.0000000000
131347  -50.356  -32.801  23.554 0.0000000000
133763  -46.388  -36.024  33.864 0.0000000000
135790  -42.069  -45.112  40.331 0.0000000000
136628  -49.607  -35.611  33.646 0.0000000000
137475  -40.567  -48.503  41.401 0.0000000000
137882  -31.135  -58.801  41.588 0.0000000000
139199  -31.198  -58.200  41.362 0.0000000000
