#!ascii label  , from subject sub-v1s13x0050037_ses-1 vox2ras=TkReg
2255
21002  10.703  -62.028  40.131 0.1111110002
21003  9.738  -61.824  40.030 0.1111110002
123867  8.871  -61.513  40.145 0.2222220004
139498  12.684  -59.892  41.027 0.1111110002
22042  12.035  -61.215  40.995 0.1111110002
21009  11.249  -61.469  39.709 0.1111110002
23099  13.015  -59.226  40.941 0.1111110002
22041  12.378  -60.505  40.585 0.1111110002
117744  11.923  -61.116  40.131 0.1111110002
25071  13.911  -57.804  40.194 0.2222220004
24126  13.455  -58.606  40.497 0.2222220004
23112  12.700  -59.696  40.185 0.1111110002
22051  12.212  -60.405  39.706 0.1111110002
21004  8.073  -61.326  40.262 0.4444440007
126860  7.310  -61.187  40.222 0.4444440007
21005  6.812  -61.091  39.870 0.2222220004
21010  10.389  -61.379  39.522 0.1111110002
24133  13.390  -58.269  39.563 0.2222220004
24127  12.952  -58.995  39.764 0.2222220004
134894  11.667  -60.884  39.495 0.1111110002
26025  13.846  -57.127  38.678 0.2222220004
24134  12.755  -58.646  38.961 0.2222220004
22043  9.380  -60.879  39.709 0.4444440007
27017  14.247  -56.158  37.596 0.2222220004
22044  8.473  -60.686  40.167 0.4444440007
22045  7.711  -60.482  40.398 0.4444440007
22046  6.988  -60.333  40.299 0.3333329856
21006  6.513  -61.054  39.427 0.2222220004
22054  6.114  -60.341  39.327 0.3333329856
22060  5.937  -60.656  37.871 0.2222220004
22052  11.048  -60.933  39.084 0.1111110002
22053  10.187  -60.558  39.111 0.4444440007
139780  12.786  -57.721  38.152 0.2222220004
24142  12.079  -58.933  38.394 0.2222220004
22056  11.709  -60.341  38.998 0.2222220004
134416  10.067  -59.761  38.719 0.4444440007
27984  14.740  -55.365  36.421 0.2222220004
116948  12.491  -58.194  38.276 0.3333329856
25081  11.735  -58.295  37.866 0.3333329856
24143  11.123  -58.931  38.023 0.3333329856
23130  9.393  -59.942  39.390 0.5555559993
23113  8.748  -59.985  40.030 0.5555559993
27039  13.399  -55.732  36.375 0.2222220004
25080  13.166  -57.210  37.979 0.2222220004
26034  12.625  -56.826  37.260 0.3333329856
126699  8.866  -59.245  39.882 0.5555559993
23114  8.129  -59.830  40.428 0.4444440007
131812  14.479  -54.967  35.794 0.4444440007
28014  15.766  -54.594  35.320 0.2222220004
23131  5.730  -59.657  39.121 0.4444440007
120738  5.955  -60.020  37.318 0.1111110002
23142  10.779  -59.567  38.319 0.4444440007
25084  12.273  -57.599  37.676 0.3333329856
24153  10.999  -58.273  37.632 0.3333329856
24144  10.160  -59.007  38.349 0.5555559993
23143  9.331  -59.040  39.028 0.5555559993
27029  12.939  -56.173  36.827 0.3333329856
26035  11.739  -56.985  37.101 0.3333329856
26036  10.767  -56.975  37.061 0.5555559993
25087  9.888  -57.778  37.854 0.5555559993
24128  8.396  -59.159  40.335 0.5555559993
123372  11.762  -55.911  36.271 0.3333329856
26041  11.343  -56.401  36.571 0.5555559993
26042  10.616  -56.174  36.573 0.6666669846
24120  8.593  -58.433  40.306 0.6666669846
23101  7.832  -59.014  40.621 0.6666669846
23116  6.558  -59.463  40.324 0.5555559993
120210  15.851  -53.963  34.695 0.3333329856
28981  14.069  -53.994  34.662 0.4444440007
23102  7.034  -58.876  40.834 0.5555559993
23152  5.844  -59.298  37.513 0.1111110002
28998  15.475  -53.453  34.135 0.6666669846
28980  15.051  -53.988  34.662 0.3333329856
123926  5.638  -58.765  37.853 0.2222220004
24145  9.536  -58.231  38.485 0.5555559993
141083  9.197  -58.385  39.086 0.5555559993
124102  9.987  -57.192  37.488 0.5555559993
137192  9.482  -57.263  38.261 0.5555559993
129584  9.153  -57.740  39.225 0.5555559993
128545  12.850  -54.592  35.228 0.5555559993
27050  11.687  -55.360  35.870 0.6666669846
27042  10.560  -55.355  36.364 0.6666669846
121062  9.769  -55.858  37.532 0.5555559993
131741  9.236  -56.829  39.117 0.7777780294
25072  8.866  -57.701  40.178 0.7777780294
28983  11.613  -53.719  35.289 0.7777780294
28984  10.838  -53.875  35.974 0.8888890147
24121  8.201  -58.311  40.619 0.6666669846
23117  5.988  -59.638  39.795 0.4444440007
29994  15.764  -52.215  33.223 0.6666669846
137339  14.373  -53.258  34.062 0.7777780294
29982  12.687  -53.055  34.491 0.7777780294
122704  5.515  -58.733  38.770 0.2222220004
28018  10.833  -54.744  35.979 0.8888890147
27030  9.991  -55.193  36.984 0.7777780294
27966  9.783  -55.129  37.696 0.8888890147
29964  11.942  -52.999  35.044 0.8888890147
28953  10.391  -53.709  37.058 0.8888890147
29980  14.062  -52.283  33.559 0.6666669846
31009  13.246  -51.686  33.974 0.7777780294
28966  10.830  -52.936  36.646 0.8888890147
31020  16.426  -51.746  32.938 0.6666669846
31022  14.766  -51.810  33.128 0.6666669846
30976  11.882  -51.397  36.147 0.8888890147
29949  11.766  -52.243  35.491 0.8888890147
29965  11.258  -52.952  35.692 0.8888890147
29950  11.313  -52.173  36.351 0.8888890147
28952  10.649  -52.904  37.789 0.7777780294
31008  13.805  -51.219  33.421 0.7777780294
31010  12.723  -52.119  34.464 0.8888890147
31035  16.949  -51.304  32.487 0.7777780294
32068  15.812  -50.651  32.591 0.7777780294
32065  19.390  -50.979  32.058 0.7777780294
32066  18.419  -50.913  31.978 0.7777780294
30965  11.574  -51.537  37.172 0.6666669846
30994  12.719  -51.212  34.687 0.8888890147
32032  12.417  -50.904  35.553 0.8888890147
32016  12.291  -50.594  36.459 0.7777780294
32059  15.181  -50.308  32.859 0.7777780294
32046  13.800  -50.166  33.675 0.8888890147
32063  21.364  -50.715  32.430 0.5555559993
138394  20.842  -50.855  32.289 0.5555559993
32075  19.928  -50.488  31.538 0.7777780294
32076  18.963  -50.421  31.419 0.7777780294
33077  17.563  -49.406  30.928 0.7777780294
123054  16.453  -50.520  32.146 0.7777780294
32074  20.864  -50.447  31.794 0.6666669846
33075  19.510  -49.882  30.929 0.7777780294
33076  18.534  -49.738  30.842 0.7777780294
33089  18.173  -48.961  30.361 0.7777780294
35022  25.874  -47.698  34.088 0.3333329856
35044  26.084  -47.158  33.650 0.4444440007
33035  14.055  -49.251  34.032 0.8888890147
126087  13.041  -49.641  35.743 0.8888890147
33063  22.480  -49.669  32.349 0.4444440007
32062  22.137  -50.409  32.702 0.3333329856
33066  15.698  -49.941  32.445 0.7777780294
33052  14.488  -49.772  33.274 0.8888890147
33020  13.533  -48.947  35.592 0.8888890147
33078  16.808  -49.202  31.338 0.8888890147
33072  22.058  -49.339  31.664 0.6666669846
33064  21.701  -50.059  32.043 0.6666669846
33073  21.297  -49.738  31.294 0.7777780294
33087  20.025  -49.386  30.361 0.7777780294
33088  19.104  -49.265  30.307 0.7777780294
33085  21.673  -49.022  30.900 0.7777780294
33086  20.894  -49.319  30.542 0.7777780294
34071  20.489  -48.802  29.904 0.7777780294
34011  25.574  -48.521  34.485 0.2222220004
33033  24.844  -49.449  34.517 0.3333329856
35023  25.254  -47.932  33.773 0.3333329856
117650  26.666  -46.394  32.750 0.4444440007
36058  26.289  -46.744  33.140 0.4444440007
33050  23.723  -49.469  33.412 0.3333329856
34027  23.924  -48.550  32.917 0.4444440007
33997  13.977  -48.248  35.647 0.7777780294
33008  13.293  -49.006  36.495 0.7777780294
32015  12.705  -49.768  36.764 0.6666669846
37002  26.166  -45.494  31.688 0.5555559993
33062  23.210  -49.197  32.672 0.5555559993
34043  23.399  -48.528  32.317 0.5555559993
33051  15.134  -49.425  32.921 0.8888890147
34029  14.612  -48.847  33.503 0.8888890147
33019  13.897  -48.751  34.875 0.7777780294
34044  22.768  -48.909  32.028 0.6666669846
34058  23.170  -48.183  31.696 0.6666669846
34060  17.057  -48.515  30.971 0.8888890147
34061  16.386  -48.521  31.619 0.8888890147
34046  15.194  -48.399  32.934 0.8888890147
34059  22.432  -48.634  31.291 0.6666669846
34072  19.643  -48.742  29.856 0.7777780294
34084  18.567  -47.742  29.788 0.8888890147
139048  17.587  -48.840  30.612 0.7777780294
34069  22.066  -48.348  30.510 0.7777780294
34081  20.881  -48.206  29.511 0.7777780294
35098  19.828  -47.498  29.194 0.7777780294
130687  24.619  -48.218  33.358 0.5555559993
34012  24.804  -48.670  33.968 0.4444440007
36079  25.360  -46.499  32.434 0.4444440007
36060  25.192  -46.942  32.734 0.5555559993
123585  24.970  -47.536  33.115 0.5555559993
35029  14.641  -47.506  34.837 0.7777780294
37003  25.284  -45.955  31.939 0.5555559993
36080  24.757  -46.523  32.055 0.5555559993
35059  23.874  -47.771  32.256 0.5555559993
35061  15.584  -47.748  32.615 0.8888890147
35028  15.361  -46.783  34.533 0.7777780294
37029  26.716  -44.988  30.892 0.5555559993
37015  25.261  -45.369  31.267 0.5555559993
37017  24.057  -45.898  30.821 0.5555559993
36081  24.150  -46.971  31.969 0.5555559993
35076  23.566  -47.285  31.362 0.5555559993
35079  16.571  -47.765  31.364 0.8888890147
35060  16.056  -47.564  32.031 0.8888890147
134960  26.996  -44.634  30.243 0.5555559993
38006  26.104  -44.426  30.371 0.6666669846
38007  25.237  -44.828  30.629 0.6666669846
38008  24.628  -44.813  30.188 0.6666669846
35088  23.536  -46.502  30.571 0.7777780294
134901  23.103  -47.300  30.550 0.7777780294
35091  17.839  -47.510  30.120 0.8888890147
35078  17.096  -47.335  30.758 0.8888890147
38043  27.357  -44.000  29.043 0.6666669846
38023  26.046  -43.824  29.635 0.6666669846
38024  25.127  -43.967  29.999 0.6666669846
38025  24.261  -44.100  29.614 0.6666669846
37032  23.658  -45.622  29.995 0.7777780294
36126  22.340  -46.471  29.286 0.7777780294
35097  21.168  -47.520  29.218 0.7777780294
36128  20.462  -46.943  28.957 0.7777780294
35099  19.069  -47.199  29.450 0.7777780294
39040  31.444  -43.785  26.898 0.5555559993
39041  30.484  -43.838  26.942 0.7777780294
39042  29.498  -43.799  27.141 0.6666669846
39043  28.561  -43.496  27.170 0.6666669846
39028  27.510  -43.602  28.173 0.6666669846
39029  26.758  -43.461  28.544 0.6666669846
39014  26.181  -43.474  28.970 0.6666669846
39015  25.440  -43.357  29.163 0.7777780294
39044  27.734  -43.209  27.335 0.6666669846
39045  26.814  -42.869  27.573 0.7777780294
35027  15.927  -46.370  33.814 0.8888890147
36099  16.570  -46.763  31.646 0.8888890147
36084  16.251  -46.579  32.383 0.8888890147
38009  23.987  -44.909  29.778 0.6666669846
36115  17.662  -46.496  30.338 0.8888890147
122688  33.034  -43.027  27.251 0.5555559993
39039  32.395  -43.585  27.089 0.5555559993
39016  24.498  -43.396  29.217 0.6666669846
38027  22.698  -44.668  28.824 0.7777780294
37064  21.959  -45.061  28.529 0.7777780294
36137  20.801  -46.062  28.809 0.7777780294
37049  19.459  -45.782  29.045 0.8888890147
36130  18.822  -46.171  29.542 0.8888890147
39052  30.866  -43.250  26.267 0.8888890147
39054  28.927  -43.146  26.317 0.8888890147
40013  25.874  -42.859  28.267 0.7777780294
119234  23.872  -42.745  28.602 0.8888890147
38046  22.064  -44.234  28.498 0.8888890147
39033  20.764  -44.018  28.576 0.8888890147
38048  20.653  -44.713  28.539 0.8888890147
38028  19.928  -44.357  28.916 0.8888890147
40034  29.322  -42.648  25.511 0.8888890147
40035  28.363  -42.440  25.570 0.8888890147
39055  27.997  -42.856  26.423 0.8888890147
140309  27.159  -42.505  26.660 0.8888890147
121917  25.916  -41.985  27.098 0.8888890147
40024  25.012  -42.064  27.751 0.8888890147
40014  24.171  -42.123  28.072 0.8888890147
40036  27.381  -41.880  25.699 0.8888890147
40037  26.597  -41.712  26.347 0.8888890147
36065  16.407  -46.011  33.165 0.8888890147
130840  18.068  -45.263  31.628 0.8888890147
36064  17.426  -45.618  33.386 0.8888890147
37034  18.448  -45.340  30.253 0.8888890147
40023  33.249  -42.200  27.097 0.6666669846
39050  32.554  -42.722  26.660 0.6666669846
128645  22.832  -42.950  28.268 0.8888890147
38045  22.787  -43.855  28.655 0.8888890147
117863  19.646  -43.789  29.678 0.8888890147
38011  19.245  -44.374  29.920 0.8888890147
40030  32.738  -42.063  26.346 0.8888890147
40031  32.084  -42.263  25.857 0.8888890147
40033  30.291  -42.687  25.563 0.8888890147
138050  23.871  -41.696  27.996 0.8888890147
40015  23.367  -42.031  28.152 0.8888890147
40016  22.422  -42.079  28.250 0.8888890147
39032  21.500  -43.730  28.418 0.7777780294
39018  20.864  -43.154  28.522 0.8888890147
39019  20.123  -43.476  29.071 0.7777780294
41043  32.544  -41.540  25.890 0.8888890147
40047  30.697  -42.067  25.064 0.8888890147
40049  28.811  -41.937  24.929 0.8888890147
41044  26.892  -40.963  25.848 0.7777780294
41038  25.219  -41.049  27.303 0.8888890147
41026  24.337  -41.263  27.745 0.8888890147
36063  18.503  -45.461  33.537 0.7777780294
36043  18.077  -45.793  34.358 0.4444440007
118820  17.826  -45.431  32.476 0.8888890147
37006  18.926  -44.514  32.166 0.7777780294
41019  35.625  -41.113  28.394 0.4444440007
41020  34.837  -41.526  28.147 0.5555559993
40022  34.059  -41.911  27.723 0.5555559993
37019  18.748  -44.565  30.875 0.8888890147
37020  18.424  -44.892  31.330 0.8888890147
41035  34.423  -41.168  27.601 0.5555559993
39003  20.197  -42.396  30.742 0.7777780294
39004  19.739  -43.109  30.124 0.7777780294
38010  19.403  -43.687  30.687 0.7777780294
41042  33.137  -41.499  26.496 0.8888890147
132114  23.565  -41.143  28.015 0.8888890147
41027  22.760  -41.183  28.277 0.8888890147
41028  21.874  -41.174  28.534 0.7777780294
41005  21.151  -41.410  29.043 0.7777780294
39982  20.615  -41.872  29.704 0.7777780294
42062  33.542  -40.812  26.683 0.8888890147
42078  32.265  -40.858  25.601 0.8888890147
41054  31.105  -41.378  24.993 0.8888890147
41055  30.227  -41.339  24.796 0.7777780294
41057  28.406  -41.129  24.895 0.7777780294
42068  27.535  -40.277  25.805 0.7777780294
42069  26.784  -40.241  26.364 0.7777780294
42056  25.554  -39.994  27.437 0.7777780294
133260  24.809  -40.367  27.728 0.7777780294
42038  24.093  -40.159  28.189 0.7777780294
42039  23.182  -40.308  28.537 0.8888890147
40050  28.052  -41.709  25.148 0.8888890147
40051  27.635  -41.056  25.285 0.7777780294
36988  19.462  -44.707  33.366 0.5555559993
36062  19.304  -45.247  33.813 0.4444440007
41018  37.056  -41.196  28.979 0.2222220004
42030  36.466  -40.717  28.489 0.3333329856
36082  18.745  -45.003  32.627 0.6666669846
42031  35.809  -40.333  28.071 0.5555559993
41034  35.086  -40.770  27.963 0.5555559993
37991  19.965  -43.330  32.521 0.4444440007
37992  19.438  -43.775  31.922 0.6666669846
38989  19.734  -43.123  31.385 0.7777780294
42048  34.650  -40.471  27.469 0.7777780294
42061  34.006  -40.034  27.019 0.8888890147
42001  22.284  -40.036  30.063 0.7777780294
41004  21.636  -40.692  29.529 0.7777780294
40984  21.099  -41.204  30.176 0.6666669846
136925  20.689  -41.694  30.733 0.6666669846
116929  33.235  -40.128  26.340 0.8888890147
43030  32.556  -40.318  26.012 0.8888890147
43031  31.911  -40.237  25.793 0.8888890147
42080  30.699  -40.731  25.075 0.7777780294
42066  29.522  -40.352  25.511 0.7777780294
42067  28.564  -40.257  25.653 0.7777780294
42054  27.296  -39.826  26.896 0.7777780294
42055  26.446  -39.766  27.176 0.7777780294
42037  25.052  -39.657  28.234 0.7777780294
123192  23.698  -39.642  28.940 0.6666669846
39913  27.182  -41.451  34.699 0.3333329856
39914  26.177  -40.927  35.242 0.2222220004
39902  23.810  -41.240  35.948 0.1111110002
39903  22.738  -41.921  35.795 0.1111110002
37963  21.349  -43.101  35.075 0.1111110002
140017  20.832  -44.018  34.983 0.2222220004
39949  27.774  -42.267  32.293 0.1111110002
39950  27.574  -41.468  32.950 0.3333329856
39933  26.597  -40.861  34.475 0.3333329856
40931  25.746  -40.389  34.145 0.2222220004
40932  24.397  -40.391  34.365 0.2222220004
40933  23.012  -40.854  34.529 0.2222220004
136583  21.357  -42.056  34.079 0.1111110002
38960  20.648  -42.991  33.806 0.2222220004
37964  20.790  -43.497  34.542 0.2222220004
36987  19.912  -44.247  33.549 0.3333329856
42047  38.181  -39.951  27.969 0.2222220004
42029  37.471  -40.465  28.366 0.2222220004
39965  28.158  -42.858  31.178 0.1111110002
39967  27.391  -41.589  31.984 0.2222220004
131285  26.042  -40.363  33.480 0.2222220004
40934  22.444  -40.892  33.647 0.2222220004
39934  21.977  -41.533  34.268 0.2222220004
38975  20.906  -42.241  33.456 0.2222220004
37976  20.292  -43.599  33.557 0.3333329856
131103  38.704  -39.525  27.437 0.3333329856
138019  37.485  -39.815  27.911 0.4444440007
43008  36.691  -39.885  27.960 0.4444440007
39999  29.659  -42.152  29.524 0.1111110002
39981  27.881  -42.098  30.408 0.2222220004
40965  27.266  -41.518  30.892 0.2222220004
40966  26.933  -40.817  31.614 0.3333329856
41967  25.578  -40.096  32.906 0.2222220004
135046  23.821  -40.073  33.163 0.2222220004
40968  22.877  -40.383  32.848 0.2222220004
40955  21.963  -40.941  32.920 0.2222220004
39953  20.650  -42.231  32.605 0.3333329856
38976  20.432  -42.864  33.032 0.4444440007
43007  37.241  -39.444  27.554 0.4444440007
43018  36.698  -39.146  27.302 0.5555559993
132814  35.243  -40.164  27.720 0.6666669846
42032  30.820  -40.685  27.981 0.5555559993
41022  30.388  -41.254  28.293 0.4444440007
41024  28.670  -41.091  28.211 0.4444440007
40979  28.077  -41.474  29.580 0.4444440007
40980  27.481  -41.096  30.084 0.4444440007
136533  26.550  -39.950  30.238 0.5555559993
41998  25.226  -39.608  31.209 0.4444440007
41986  24.093  -39.537  31.804 0.4444440007
41987  22.980  -39.917  31.857 0.3333329856
40969  22.000  -40.641  31.920 0.5555559993
39968  20.645  -41.926  31.710 0.5555559993
129539  20.242  -42.656  32.055 0.6666669846
43009  35.791  -39.569  27.508 0.6666669846
42997  31.277  -39.339  27.693 0.7777780294
42034  28.971  -40.847  27.315 0.6666669846
41002  27.468  -40.087  28.774 0.6666669846
42012  26.332  -39.639  29.424 0.6666669846
118490  24.849  -39.342  30.020 0.5555559993
41999  24.236  -39.390  30.735 0.5555559993
42000  23.195  -39.530  30.713 0.4444440007
40970  21.197  -41.243  31.327 0.5555559993
43019  35.974  -38.644  26.830 0.7777780294
127395  35.216  -39.113  27.101 0.7777780294
43020  34.459  -39.240  26.841 0.8888890147
43022  32.511  -39.475  26.265 0.8888890147
43011  31.334  -39.508  26.799 0.7777780294
42051  30.202  -40.410  26.233 0.7777780294
42052  29.267  -40.376  26.358 0.7777780294
42035  27.005  -39.636  27.932 0.6666669846
42011  26.845  -39.669  28.845 0.7777780294
42013  25.428  -39.461  29.176 0.7777780294
43910  34.095  -38.641  26.290 0.8888890147
133402  33.106  -38.610  26.205 0.8888890147
42046  39.031  -40.157  27.859 0.1111110002
43005  39.684  -39.652  27.346 0.3333329856
43006  37.888  -39.434  27.499 0.4444440007
43017  37.490  -38.951  27.132 0.5555559993
43908  36.997  -38.513  26.682 0.5555559993
43909  35.001  -38.576  26.553 0.7777780294
118677  31.539  -38.845  26.835 0.7777780294
121462  31.358  -38.832  27.196 0.7777780294
43921  35.575  -37.965  26.103 0.8888890147
43911  32.089  -38.512  26.327 0.8888890147
43912  31.637  -38.318  26.660 0.7777780294
43897  39.997  -38.912  26.850 0.4444440007
43015  39.152  -38.971  26.961 0.4444440007
43016  38.289  -38.940  27.032 0.4444440007
42984  32.075  -39.674  29.418 0.3333329856
43906  38.681  -38.462  26.488 0.4444440007
43877  31.370  -38.799  28.629 0.5555559993
43907  37.848  -38.460  26.565 0.5555559993
43887  31.162  -38.431  27.935 0.6666669846
44778  30.988  -37.515  28.055 0.5555559993
43919  37.407  -37.941  26.097 0.6666669846
43920  36.522  -37.966  26.149 0.6666669846
43898  31.220  -38.117  27.171 0.6666669846
44787  30.965  -37.237  27.296 0.6666669846
44804  36.111  -37.455  25.500 0.6666669846
44805  35.197  -37.463  25.385 0.8888890147
44806  34.150  -37.399  25.212 0.8888890147
43924  32.603  -37.874  25.991 0.8888890147
44796  31.019  -36.962  26.579 0.7777780294
44809  31.413  -36.999  25.913 1.0000000000
44824  34.844  -36.984  24.690 0.8888890147
139708  34.131  -36.897  24.526 1.0000000000
44825  33.397  -36.940  24.697 1.0000000000
44808  32.116  -37.255  25.611 1.0000000000
43867  33.050  -38.956  30.495 0.2222220004
43896  40.866  -38.666  26.744 0.2222220004
43875  32.688  -38.307  30.188 0.3333329856
43868  32.486  -39.067  29.958 0.3333329856
124409  32.224  -37.774  29.829 0.4444440007
43905  39.511  -38.457  26.438 0.3333329856
43876  31.956  -38.711  29.457 0.3333329856
44770  31.407  -37.822  29.058 0.4444440007
43917  39.076  -37.919  26.035 0.4444440007
43918  38.242  -37.925  26.049 0.5555559993
120330  30.841  -36.610  27.970 0.6666669846
123577  30.769  -36.531  27.279 0.6666669846
45690  30.877  -36.437  25.846 0.8888890147
126170  30.936  -36.044  25.019 1.0000000000
122366  37.813  -37.434  25.523 0.7777780294
44803  36.979  -37.453  25.532 0.7777780294
44826  32.425  -36.860  24.875 1.0000000000
45704  31.697  -36.201  24.311 1.0000000000
46608  31.202  -35.562  24.403 1.0000000000
44822  36.562  -36.980  24.929 1.0000000000
44823  35.714  -36.999  24.832 1.0000000000
45701  35.312  -36.598  24.140 1.0000000000
45702  33.663  -36.621  23.968 1.0000000000
45703  32.762  -36.535  24.091 1.0000000000
43852  34.713  -38.646  31.828 0.1111110002
42966  33.527  -39.811  31.289 0.2222220004
130824  33.801  -38.892  31.171 0.2222220004
133273  33.464  -38.159  30.656 0.2222220004
44769  33.215  -37.284  30.201 0.3333329856
45650  32.309  -36.791  29.538 0.4444440007
45664  32.062  -36.067  28.905 0.6666669846
45665  31.246  -35.996  28.335 0.6666669846
43903  41.453  -37.971  26.484 0.2222220004
46566  31.303  -35.485  27.816 0.6666669846
43904  40.661  -37.914  26.213 0.3333329856
45681  41.143  -37.107  26.071 0.3333329856
45675  30.781  -35.883  27.621 0.6666669846
46589  31.110  -35.164  26.906 0.6666669846
138518  40.208  -38.399  26.420 0.2222220004
45682  30.685  -36.072  26.704 0.7777780294
47538  31.014  -34.897  25.673 0.8888890147
44801  39.461  -37.370  25.606 0.5555559993
134399  38.638  -37.413  25.533 0.6666669846
46596  30.690  -35.668  25.825 0.8888890147
135840  30.891  -35.474  25.084 1.0000000000
136201  39.013  -36.820  25.151 0.8888890147
44821  37.384  -36.933  24.990 1.0000000000
45725  32.336  -36.076  23.432 1.0000000000
45699  36.952  -36.507  24.365 1.0000000000
45700  36.130  -36.557  24.308 1.0000000000
131549  34.485  -36.619  23.971 1.0000000000
45724  33.139  -36.315  23.324 1.0000000000
45737  32.795  -35.936  22.873 1.0000000000
43866  34.614  -38.031  31.200 0.1111110002
138034  33.990  -38.139  30.965 0.2222220004
44757  34.243  -37.446  30.644 0.3333329856
46565  32.042  -35.561  28.244 0.6666669846
46578  31.907  -35.145  27.636 0.6666669846
45686  41.162  -36.105  25.932 0.2222220004
45687  40.481  -36.482  25.579 0.3333329856
127923  39.765  -36.704  25.334 0.6666669846
46595  39.900  -35.959  25.118 0.7777780294
47549  31.166  -34.939  24.709 1.0000000000
45688  39.324  -36.254  24.939 0.8888890147
46607  38.481  -35.423  24.154 1.0000000000
47560  31.414  -34.999  23.827 1.0000000000
45698  38.596  -36.199  24.599 1.0000000000
139091  38.004  -35.884  24.149 1.0000000000
46643  31.715  -35.068  23.143 1.0000000000
45720  37.299  -35.916  23.862 1.0000000000
45721  36.435  -36.106  23.774 1.0000000000
45722  34.898  -36.221  23.347 1.0000000000
45735  34.209  -36.027  22.784 1.0000000000
45736  33.478  -36.009  22.738 1.0000000000
46654  32.976  -35.499  22.327 1.0000000000
46642  32.258  -35.511  22.851 1.0000000000
44756  35.347  -37.319  30.710 0.2222220004
132469  35.281  -36.513  29.329 0.2222220004
45662  34.561  -36.013  28.189 0.1111110002
44768  34.343  -36.639  29.927 0.3333329856
46576  34.504  -35.783  27.439 0.2222220004
45649  33.562  -36.357  29.554 0.4444440007
46564  33.817  -35.726  27.994 0.4444440007
136565  32.961  -36.078  29.146 0.6666669846
45663  32.974  -35.734  28.506 0.6666669846
46577  32.965  -35.332  27.717 0.5555559993
46588  32.381  -34.843  27.029 0.5555559993
47537  31.852  -34.546  26.211 0.6666669846
46594  40.547  -35.586  25.477 0.3333329856
47548  31.681  -34.318  25.263 0.7777780294
47559  31.590  -34.261  24.238 1.0000000000
46606  39.251  -35.498  24.607 0.6666669846
46623  37.848  -35.379  23.733 0.8888890147
46638  36.924  -34.942  22.984 1.0000000000
46639  36.209  -35.156  22.708 1.0000000000
47576  31.765  -34.340  23.235 1.0000000000
48536  32.090  -33.609  23.845 1.0000000000
46625  36.650  -35.548  23.324 1.0000000000
46640  35.446  -35.250  22.369 1.0000000000
127506  34.725  -35.238  22.072 1.0000000000
47601  33.448  -34.937  21.764 1.0000000000
47602  32.779  -34.819  22.052 1.0000000000
47591  32.160  -34.759  22.558 1.0000000000
123040  32.152  -34.010  22.556 1.0000000000
48547  32.149  -33.372  23.085 1.0000000000
124000  32.612  -34.113  22.031 1.0000000000
121429  33.890  -35.452  27.371 0.4444440007
46587  33.496  -35.049  26.936 0.4444440007
47536  32.961  -34.477  26.383 0.5555559993
126285  32.473  -34.143  25.733 0.7777780294
47556  39.943  -34.311  25.016 0.5555559993
128529  32.550  -33.666  24.869 0.8888890147
46605  39.938  -35.092  25.037 0.4444440007
47557  39.459  -34.579  24.602 0.5555559993
47573  38.607  -34.095  23.788 0.6666669846
47574  38.263  -34.760  23.688 0.6666669846
47588  37.266  -34.275  22.712 0.8888890147
47590  35.888  -34.743  22.149 1.0000000000
46652  35.173  -34.648  21.700 1.0000000000
140303  33.812  -34.390  21.404 1.0000000000
124126  33.269  -34.138  21.569 1.0000000000
48581  33.024  -33.258  21.646 1.0000000000
48564  32.485  -33.336  22.315 1.0000000000
46586  34.487  -35.378  26.789 0.4444440007
47535  34.108  -34.696  26.246 0.4444440007
140636  34.728  -34.675  25.896 0.4444440007
47547  33.432  -34.008  25.708 0.4444440007
48525  33.830  -33.427  25.169 0.6666669846
48535  32.984  -32.953  24.138 1.0000000000
49461  39.967  -33.042  24.961 0.2222220004
49462  39.516  -32.785  24.440 0.3333329856
120946  39.093  -34.095  24.249 0.5555559993
48545  38.450  -33.509  23.477 0.6666669846
49471  39.035  -32.535  23.951 0.3333329856
48544  38.961  -33.349  24.007 0.4444440007
48561  38.097  -33.297  23.065 0.6666669846
48562  37.522  -33.454  22.542 0.7777780294
47589  36.536  -34.527  22.362 1.0000000000
49473  32.551  -32.708  23.076 1.0000000000
50450  38.989  -31.181  23.882 0.3333329856
50456  38.820  -31.924  23.615 0.3333329856
49480  38.519  -32.745  23.396 0.4444440007
48578  36.397  -33.367  21.523 1.0000000000
47599  36.013  -34.122  21.661 1.0000000000
47600  34.491  -34.107  21.188 1.0000000000
47610  33.813  -33.771  21.132 1.0000000000
124596  38.562  -31.290  23.384 0.3333329856
50463  38.180  -31.881  23.000 0.3333329856
49489  37.349  -32.699  22.204 0.8888890147
48577  36.969  -33.213  21.992 0.8888890147
49491  35.935  -32.687  21.057 1.0000000000
49502  34.516  -32.697  20.636 1.0000000000
118814  33.710  -32.260  20.737 1.0000000000
118540  33.006  -32.258  21.504 1.0000000000
50465  32.651  -31.714  22.040 1.0000000000
50457  32.748  -31.958  23.074 0.8888890147
51431  38.040  -30.922  23.017 0.3333329856
124360  37.595  -31.386  22.421 0.5555559993
50472  37.112  -31.970  21.971 1.0000000000
49490  36.731  -32.658  21.631 1.0000000000
49501  35.243  -32.437  20.680 1.0000000000
49504  33.220  -31.847  21.011 1.0000000000
51437  37.480  -30.364  22.478 0.7777780294
51443  36.840  -31.004  21.825 1.0000000000
121677  36.004  -31.047  21.171 0.8888890147
50474  35.611  -31.842  20.859 1.0000000000
126707  34.331  -31.161  20.617 1.0000000000
50488  33.122  -31.145  21.105 1.0000000000
51446  32.896  -30.737  21.414 1.0000000000
127449  32.459  -30.172  22.325 1.0000000000
52399  37.206  -29.505  22.245 0.8888890147
51438  36.867  -30.104  21.998 0.8888890147
51445  35.546  -30.237  21.095 1.0000000000
128864  35.157  -31.065  20.765 1.0000000000
51453  33.198  -30.425  21.120 1.0000000000
52408  32.682  -29.981  21.681 1.0000000000
47546  34.450  -34.173  25.679 0.4444440007
48534  34.054  -32.917  25.145 0.7777780294
49465  33.595  -32.427  24.633 0.8888890147
52385  39.448  -29.630  24.438 0.2222220004
51414  39.644  -30.453  24.654 0.2222220004
50440  39.834  -31.258  24.787 0.2222220004
50449  39.409  -31.857  24.247 0.2222220004
49472  32.998  -32.373  23.854 0.8888890147
52386  38.881  -29.781  23.912 0.3333329856
135167  39.439  -31.046  24.308 0.2222220004
50452  33.358  -31.918  24.170 0.8888890147
52392  38.966  -29.144  23.903 0.2222220004
51422  39.151  -30.420  24.139 0.3333329856
53279  38.597  -28.729  23.274 0.3333329856
52393  38.366  -29.502  23.394 0.3333329856
138359  37.993  -30.145  23.105 0.3333329856
51433  32.571  -30.430  23.002 1.0000000000
51426  32.772  -30.250  23.597 0.8888890147
51432  32.995  -31.114  23.617 0.8888890147
53280  37.988  -28.933  23.008 0.4444440007
52398  37.726  -29.505  22.823 0.4444440007
53286  37.570  -28.893  22.427 0.6666669846
52405  36.601  -29.478  21.805 1.0000000000
52410  35.215  -29.428  21.116 1.0000000000
52411  34.447  -29.261  21.047 1.0000000000
52407  33.137  -29.328  21.379 1.0000000000
52400  32.416  -29.349  22.257 1.0000000000
52394  32.385  -29.616  23.074 1.0000000000
130664  36.328  -28.960  21.637 1.0000000000
53293  35.752  -28.719  21.215 1.0000000000
139136  33.809  -29.034  21.157 1.0000000000
53294  32.929  -28.431  21.670 1.0000000000
138375  32.658  -29.113  21.806 1.0000000000
49453  35.490  -32.786  25.935 0.5555559993
49464  34.244  -32.494  25.258 0.7777780294
53271  39.656  -28.912  24.315 0.1111110002
53278  39.339  -28.539  23.593 0.2222220004
51424  33.700  -31.370  24.646 0.7777780294
50451  34.030  -32.024  24.991 0.8888890147
51425  33.313  -30.516  24.337 0.8888890147
52388  32.780  -29.618  24.051 0.8888890147
53285  38.190  -28.415  22.538 0.4444440007
53287  36.968  -28.917  21.894 0.8888890147
54162  32.496  -27.677  23.670 1.0000000000
129222  32.305  -28.859  22.821 1.0000000000
53272  32.801  -28.881  24.619 1.0000000000
53291  37.502  -28.380  21.808 0.6666669846
123115  34.999  -28.756  21.050 1.0000000000
53288  32.490  -28.472  22.277 1.0000000000
53300  35.960  -28.144  20.880 1.0000000000
54198  33.959  -27.599  20.963 1.0000000000
53302  34.356  -28.358  21.022 1.0000000000
54185  33.334  -27.562  21.429 1.0000000000
50442  35.229  -32.042  25.844 0.5555559993
49463  34.754  -32.301  25.570 0.7777780294
53270  40.409  -28.733  24.688 0.1111110002
53277  40.156  -28.364  23.873 0.2222220004
51417  33.906  -30.705  25.125 0.7777780294
52387  33.329  -29.771  24.890 0.7777780294
130547  32.587  -28.142  24.363 0.7777780294
53267  32.841  -28.187  25.019 0.7777780294
53266  33.287  -28.918  25.530 0.6666669846
53284  39.005  -28.157  22.898 0.2222220004
55086  32.789  -26.989  22.410 1.0000000000
53273  32.427  -28.693  23.667 1.0000000000
138973  38.141  -27.998  21.883 0.4444440007
54183  37.859  -27.887  21.250 0.5555559993
54184  37.195  -28.013  21.164 0.7777780294
55100  33.038  -27.065  21.808 1.0000000000
54186  32.763  -27.684  21.994 1.0000000000
54195  36.617  -27.798  20.564 0.8888890147
54196  35.601  -27.544  20.316 0.8888890147
54197  34.664  -27.525  20.619 1.0000000000
50434  35.578  -31.817  26.291 0.4444440007
51415  35.002  -31.402  26.053 0.5555559993
52372  35.114  -30.454  27.020 0.3333329856
51416  34.437  -30.798  25.797 0.3333329856
53264  41.260  -28.459  24.943 0.1111110002
52379  34.305  -30.165  26.173 0.3333329856
53265  33.866  -29.361  26.239 0.3333329856
52380  33.868  -29.989  25.644 0.4444440007
54160  40.706  -27.753  23.353 0.2222220004
54161  39.834  -27.960  23.147 0.2222220004
54133  33.709  -27.637  26.513 0.4444440007
53260  33.554  -28.428  26.209 0.3333329856
53259  33.932  -28.658  26.818 0.3333329856
54171  39.561  -27.665  22.382 0.3333329856
128164  33.063  -26.473  24.518 0.7777780294
54151  32.800  -27.386  24.688 0.5555559993
54172  38.778  -27.864  22.137 0.3333329856
54182  38.558  -27.637  21.360 0.3333329856
55069  33.010  -26.315  22.785 0.8888890147
55116  34.174  -26.807  20.553 1.0000000000
132696  33.701  -27.033  21.000 1.0000000000
55085  33.163  -26.423  21.990 1.0000000000
54149  41.801  -27.854  24.460 0.1111110002
54150  41.022  -28.137  24.130 0.1111110002
53244  35.063  -28.502  28.806 0.2222220004
139065  34.817  -28.239  28.467 0.3333329856
53252  34.346  -28.828  27.470 0.3333329856
52373  34.432  -29.763  26.799 0.3333329856
127788  34.965  -27.582  28.663 0.3333329856
54122  34.575  -27.860  28.059 0.3333329856
55038  33.250  -26.707  25.404 0.5555559993
55021  33.581  -26.927  26.110 0.4444440007
54193  38.197  -27.508  20.712 0.5555559993
56029  33.568  -25.875  25.120 0.6666669846
55037  33.800  -26.113  25.967 0.5555559993
54208  37.124  -27.355  19.998 0.7777780294
54209  36.366  -27.141  19.823 0.8888890147
55115  34.914  -26.870  20.114 1.0000000000
56082  33.397  -25.677  22.292 0.8888890147
56064  33.367  -25.641  23.265 0.7777780294
55138  36.137  -26.333  19.256 0.8888890147
55139  35.140  -26.236  19.620 0.8888890147
55140  34.504  -26.263  20.089 1.0000000000
56100  33.526  -25.877  21.303 1.0000000000
139548  34.914  -26.936  28.301 0.2222220004
55020  34.090  -26.604  26.797 0.4444440007
56046  33.452  -25.723  24.210 0.7777780294
120707  7.721  -62.010  40.119 0.4444440007
22047  6.471  -60.289  39.853 0.4444440007
23129  10.903  -60.239  38.608 0.3333329856
25077  13.195  -57.830  38.705 0.2222220004
23128  12.377  -59.583  39.151 0.2222220004
26029  13.864  -56.690  38.063 0.2222220004
23141  11.571  -59.657  38.475 0.2222220004
26033  13.433  -56.524  37.441 0.2222220004
27028  13.622  -56.041  37.026 0.2222220004
26028  14.578  -56.532  38.564 0.2222220004
23115  7.389  -59.655  40.564 0.4444440007
22057  5.941  -60.406  38.652 0.2222220004
23144  5.763  -59.654  38.181 0.2222220004
21017  5.996  -61.663  37.713 0.2222220004
27038  14.161  -55.750  36.750 0.2222220004
28001  13.954  -55.277  36.043 0.2222220004
25085  11.321  -57.691  37.404 0.3333329856
24154  10.321  -58.372  37.907 0.5555559993
28000  15.222  -55.020  35.978 0.2222220004
26040  12.135  -56.363  36.643 0.3333329856
28015  14.735  -54.566  35.244 0.4444440007
28016  13.746  -54.666  35.290 0.4444440007
122201  5.632  -58.951  39.663 0.4444440007
22065  6.063  -60.128  36.471 0.1111110002
25086  10.507  -57.743  37.488 0.4444440007
131942  9.013  -58.490  39.704 0.5555559993
27040  12.483  -55.692  36.134 0.3333329856
26037  10.087  -56.461  37.127 0.5555559993
27049  12.282  -54.965  35.517 0.4444440007
28002  13.120  -55.153  35.741 0.4444440007
27041  11.144  -55.746  36.188 0.6666669846
26043  10.111  -55.815  36.825 0.7777780294
24122  7.536  -58.281  41.027 0.5555559993
23103  6.257  -58.599  40.611 0.5555559993
28999  13.482  -53.394  34.325 0.5555559993
28982  13.009  -53.962  34.737 0.5555559993
23158  6.002  -59.317  36.897 0.1111110002
29979  15.085  -52.712  33.574 0.6666669846
29978  16.068  -52.899  33.819 0.5555559993
127225  9.713  -56.633  37.705 0.6666669846
26030  9.504  -56.339  38.355 0.6666669846
132042  9.065  -57.126  39.840 0.7777780294
131453  12.229  -54.236  35.153 0.7777780294
28017  11.456  -54.604  35.549 0.7777780294
27051  11.088  -55.164  35.916 0.7777780294
134716  12.310  -53.599  34.928 0.7777780294
24129  5.635  -58.356  40.255 0.5555559993
29977  16.980  -53.053  34.110 0.4444440007
29981  13.408  -52.654  34.057 0.7777780294
28003  10.375  -54.559  36.556 0.8888890147
27985  10.017  -54.484  37.442 0.8888890147
27019  9.635  -55.475  38.397 0.7777780294
27965  9.825  -54.653  38.344 0.8888890147
132305  12.277  -52.431  34.878 0.8888890147
31021  15.524  -51.265  32.855 0.7777780294
30995  12.259  -51.693  35.164 0.8888890147
32047  13.187  -50.672  34.173 0.8888890147
32067  17.443  -50.778  31.965 0.7777780294
31036  16.237  -51.127  32.609 0.7777780294
32060  14.533  -50.733  33.061 0.7777780294
32078  17.044  -49.967  31.549 0.7777780294
32077  17.978  -50.250  31.387 0.7777780294
32031  12.908  -50.386  35.122 0.8888890147
138735  12.616  -50.239  35.907 0.8888890147
137665  12.371  -50.342  37.316 0.6666669846
131731  12.025  -50.935  37.191 0.6666669846
33065  16.245  -49.423  31.952 0.8888890147
33074  20.442  -49.908  31.068 0.6666669846
132956  18.179  -48.239  30.080 0.7777780294
121825  25.570  -47.344  33.387 0.3333329856
36059  25.674  -46.863  32.975 0.4444440007
33036  13.441  -49.663  34.709 0.8888890147
129540  15.604  -49.155  32.479 0.8888890147
34013  14.322  -48.354  34.341 0.8888890147
34073  18.825  -48.531  29.952 0.7777780294
34070  21.312  -48.694  30.100 0.7777780294
34082  20.097  -48.206  29.429 0.7777780294
34026  24.282  -48.843  33.516 0.3333329856
36078  25.970  -46.217  32.525 0.4444440007
132116  14.224  -48.056  35.066 0.7777780294
32007  12.812  -49.856  37.856 0.6666669846
34028  14.763  -47.796  33.851 0.7777780294
37014  27.319  -45.538  31.393 0.5555559993
37030  25.882  -44.937  31.054 0.6666669846
35077  22.812  -47.919  30.939 0.6666669846
34045  15.833  -48.487  32.259 0.8888890147
34083  19.329  -48.028  29.538 0.7777780294
34074  17.610  -48.281  30.403 0.8888890147
35090  21.674  -48.002  29.758 0.7777780294
35096  22.021  -47.269  29.483 0.7777780294
35089  22.476  -47.685  30.131 0.7777780294
140856  20.478  -47.694  29.213 0.7777780294
120020  24.389  -47.843  32.840 0.5555559993
35058  24.579  -47.226  32.495 0.5555559993
35011  14.518  -47.564  35.718 0.5555559993
35010  15.235  -46.922  35.592 0.5555559993
37016  24.599  -45.839  31.271 0.5555559993
36096  24.084  -46.426  31.422 0.5555559993
35045  15.807  -46.863  32.836 0.8888890147
35046  15.305  -47.249  33.358 0.8888890147
37990  24.742  -45.302  30.794 0.6666669846
37031  24.294  -45.428  30.519 0.6666669846
36098  17.246  -45.910  31.289 0.8888890147
121910  26.816  -44.168  29.731 0.5555559993
36113  23.075  -46.230  29.736 0.7777780294
121089  22.879  -46.977  29.856 0.7777780294
35100  18.300  -46.850  29.801 0.8888890147
38044  26.659  -43.778  29.202 0.6666669846
37046  23.327  -45.009  29.362 0.7777780294
37047  22.704  -45.570  29.132 0.7777780294
36136  21.732  -45.879  28.858 0.7777780294
36127  21.426  -46.720  29.029 0.7777780294
36138  20.078  -46.194  28.828 0.7777780294
36129  19.602  -46.680  29.068 0.8888890147
39053  29.890  -43.283  26.266 0.8888890147
38059  28.913  -44.042  27.784 0.7777780294
39027  28.236  -43.800  27.906 0.6666669846
39030  24.830  -42.730  28.590 0.6666669846
139088  26.600  -42.285  26.864 0.8888890147
36044  16.935  -45.844  34.194 0.7777780294
35009  16.383  -46.199  34.856 0.5555559993
36083  16.828  -45.857  32.372 0.8888890147
38026  23.474  -44.327  29.169 0.8888890147
36097  17.908  -45.588  30.695 0.8888890147
36114  18.136  -46.042  29.989 0.8888890147
39051  31.798  -43.064  26.376 0.7777780294
39017  23.635  -43.547  28.922 0.8888890147
38047  21.335  -44.513  28.455 0.8888890147
37048  20.196  -45.356  28.703 0.7777780294
37065  21.085  -45.265  28.535 0.8888890147
38029  19.496  -45.026  29.118 0.8888890147
37033  18.949  -45.199  29.680 0.8888890147
40032  31.222  -42.577  25.698 0.8888890147
39031  22.152  -43.505  28.352 0.8888890147
40048  29.761  -42.068  24.907 0.8888890147
37993  19.083  -44.095  31.071 0.7777780294
41036  33.726  -41.403  27.157 0.7777780294
40046  31.442  -42.006  25.291 0.8888890147
41029  21.631  -41.956  28.398 0.7777780294
122589  21.758  -42.830  28.226 0.7777780294
40001  20.933  -42.261  28.620 0.7777780294
39983  20.317  -42.662  29.376 0.7777780294
41053  31.868  -41.498  25.393 0.8888890147
41056  29.285  -41.263  24.756 0.8888890147
41037  26.125  -40.782  26.676 0.7777780294
37005  19.420  -44.223  32.660 0.5555559993
37018  19.076  -44.233  31.797 0.6666669846
42049  34.068  -40.794  27.213 0.7777780294
42063  32.922  -40.890  26.097 0.8888890147
42016  22.344  -40.381  28.950 0.7777780294
42079  31.514  -40.785  25.291 0.8888890147
42081  29.830  -40.682  24.982 0.7777780294
42082  28.916  -40.603  25.044 0.7777780294
42083  28.154  -40.588  25.227 0.7777780294
42053  28.221  -40.138  26.573 0.7777780294
37004  19.769  -43.828  32.893 0.4444440007
43021  33.581  -39.346  26.464 0.8888890147
42015  23.010  -39.691  29.462 0.6666669846
40983  21.696  -40.594  30.692 0.5555559993
42064  31.203  -40.377  25.641 0.7777780294
43023  31.667  -39.555  26.423 0.7777780294
42065  30.429  -40.467  25.494 0.7777780294
43024  31.004  -40.147  26.186 0.7777780294
41025  27.960  -40.129  27.756 0.7777780294
42036  26.102  -39.546  28.278 0.7777780294
123665  24.497  -39.456  29.027 0.6666669846
42014  23.915  -39.376  29.800 0.5555559993
39932  27.470  -41.504  33.864 0.3333329856
38941  27.925  -42.002  34.073 0.2222220004
40917  24.065  -40.723  35.128 0.2222220004
40907  24.972  -40.844  35.593 0.1111110002
40916  25.353  -40.512  34.892 0.2222220004
40918  23.109  -41.217  35.314 0.1111110002
39915  22.290  -41.705  35.045 0.1111110002
38942  21.939  -42.584  35.502 0.1111110002
38974  27.909  -42.914  31.933 0.1111110002
132084  28.167  -42.799  32.640 0.1111110002
138241  28.294  -43.292  32.328 0.1111110002
39931  28.002  -42.144  33.160 0.2222220004
40952  26.783  -40.690  32.747 0.3333329856
39951  26.867  -40.830  33.664 0.3333329856
40953  24.806  -40.076  33.609 0.2222220004
40954  23.538  -40.402  33.712 0.2222220004
39916  21.583  -42.291  34.743 0.1111110002
39964  28.687  -42.779  30.570 0.1111110002
39966  27.533  -42.217  31.423 0.2222220004
138200  27.208  -41.684  31.442 0.3333329856
39935  21.598  -41.515  33.499 0.2222220004
40000  28.712  -42.179  29.816 0.3333329856
40981  26.931  -40.625  30.585 0.5555559993
40967  26.018  -40.196  32.040 0.3333329856
40982  26.344  -40.025  31.079 0.3333329856
41985  25.076  -39.745  32.247 0.4444440007
41968  24.476  -39.822  32.799 0.2222220004
41969  23.616  -39.884  32.549 0.3333329856
39952  21.235  -41.515  32.530 0.2222220004
43010  34.888  -39.753  27.340 0.7777780294
41021  31.068  -41.060  28.596 0.4444440007
118899  31.165  -40.037  28.038 0.4444440007
41001  28.890  -41.705  28.914 0.5555559993
41000  30.014  -41.808  28.765 0.4444440007
41023  29.508  -41.329  28.150 0.5555559993
135814  27.609  -40.807  29.384 0.5555559993
122020  28.030  -41.004  28.744 0.5555559993
41003  27.090  -40.199  29.663 0.6666669846
41997  25.796  -39.605  30.212 0.5555559993
41988  22.356  -40.057  31.073 0.4444440007
42050  30.829  -40.184  27.082 0.6666669846
42033  30.026  -40.961  27.234 0.7777780294
43923  33.624  -37.983  25.870 0.8888890147
42985  31.481  -39.514  28.728 0.4444440007
43922  34.626  -37.971  25.945 0.8888890147
44795  31.650  -37.655  26.256 0.7777780294
135686  31.268  -37.673  26.778 0.7777780294
44807  33.063  -37.435  25.349 1.0000000000
45689  31.528  -36.657  25.233 1.0000000000
44794  39.879  -37.897  26.067 0.5555559993
44777  31.315  -36.774  28.757 0.4444440007
44793  40.261  -37.271  25.763 0.3333329856
44802  38.204  -36.866  25.044 1.0000000000
46627  31.719  -35.562  23.633 1.0000000000
122179  35.715  -36.250  23.733 1.0000000000
45723  33.965  -36.381  23.283 1.0000000000
134591  37.756  -36.405  24.475 1.0000000000
46624  37.274  -35.331  23.438 0.8888890147
140131  32.516  -35.189  22.420 1.0000000000
46626  35.748  -35.769  23.117 1.0000000000
45734  34.834  -35.726  22.606 1.0000000000
46641  33.958  -35.563  22.172 1.0000000000
136006  35.042  -36.840  30.170 0.2222220004
45648  34.564  -36.151  29.090 0.1111110002
129840  33.799  -35.894  28.799 0.4444440007
47558  38.860  -34.756  24.182 0.6666669846
47575  37.613  -34.781  23.287 0.7777780294
46653  34.241  -34.865  21.636 1.0000000000
48546  37.997  -34.037  23.194 0.6666669846
48563  36.803  -33.841  22.106 1.0000000000
129593  35.269  -33.991  21.242 1.0000000000
48580  33.484  -33.397  21.240 1.0000000000
49482  32.659  -32.577  22.204 1.0000000000
48533  39.595  -33.691  24.643 0.3333329856
49481  37.922  -32.708  22.757 0.5555559993
135582  35.651  -33.462  21.134 1.0000000000
48579  34.925  -33.481  20.869 1.0000000000
48592  34.292  -33.439  20.877 1.0000000000
49503  33.807  -33.060  20.875 1.0000000000
50464  37.673  -32.131  22.442 0.6666669846
50473  36.412  -31.883  21.351 1.0000000000
50485  34.830  -31.857  20.561 1.0000000000
50487  33.581  -31.331  20.763 1.0000000000
50475  32.926  -31.397  21.433 1.0000000000
51439  32.623  -30.818  21.837 1.0000000000
117396  32.636  -31.030  22.582 1.0000000000
51444  36.321  -30.213  21.510 1.0000000000
51452  33.836  -30.586  20.777 1.0000000000
51451  34.600  -30.221  20.872 1.0000000000
52412  33.785  -29.804  21.007 1.0000000000
52406  35.946  -29.460  21.415 1.0000000000
53303  33.551  -28.384  21.285 1.0000000000
50443  34.464  -31.571  25.447 0.7777780294
53292  36.602  -28.439  21.348 0.7777780294
54173  32.497  -27.647  22.742 1.0000000000
53301  35.224  -28.151  20.873 1.0000000000
54141  33.198  -27.712  25.712 0.5555559993
55070  32.663  -26.942  23.198 1.0000000000
54194  37.508  -27.661  20.569 0.6666669846
55099  33.373  -26.721  21.381 1.0000000000
52378  34.805  -30.696  26.390 0.3333329856
54170  40.348  -27.426  22.630 0.3333329856
54132  34.135  -27.718  27.273 0.4444440007
123970  33.011  -26.331  23.641 0.8888890147
55117  33.695  -26.479  20.893 1.0000000000
53251  34.771  -29.050  28.166 0.2222220004
55008  34.586  -26.802  27.678 0.4444440007
54210  35.619  -26.843  19.764 0.8888890147
127606  33.980  -25.994  20.508 1.0000000000
55137  37.096  -26.795  19.438 0.8888890147
119048  5.945  -59.016  40.162 0.4444440007
24123  6.628  -58.144  41.164 0.4444440007
25067  6.256  -57.284  41.394 0.2222220004
25066  7.190  -57.571  41.450 0.2222220004
25065  7.985  -57.531  41.057 0.3333329856
26018  8.856  -56.630  40.471 0.6666669846
25064  8.506  -57.356  40.623 0.3333329856
27009  9.409  -55.860  39.365 0.6666669846
25057  7.721  -56.823  41.518 0.2222220004
26026  9.148  -56.490  39.879 0.6666669846
27018  9.744  -54.930  39.190 0.7777780294
25056  8.346  -56.596  41.167 0.3333329856
26010  8.686  -56.178  40.962 0.3333329856
126382  8.949  -55.633  40.882 0.6666669846
27008  9.480  -54.983  40.052 0.6666669846
26997  9.165  -55.790  40.343 0.6666669846
131004  9.968  -54.209  39.028 0.6666669846
27948  9.870  -54.213  39.766 0.5555559993
28941  10.148  -53.713  38.286 0.6666669846
28940  10.667  -52.887  38.874 0.4444440007
28924  10.225  -53.523  40.170 0.3333329856
28932  10.260  -53.539  39.349 0.5555559993
29937  11.530  -51.619  38.122 0.5555559993
29925  11.094  -52.220  38.465 0.4444440007
28931  10.728  -52.888  39.738 0.3333329856
29914  11.175  -52.277  39.342 0.2222220004
29924  11.561  -51.704  38.931 0.3333329856
127035  11.889  -51.171  37.874 0.4444440007
30946  11.951  -51.152  39.292 0.2222220004
29913  11.618  -51.769  39.677 0.1111110002
30955  12.380  -50.551  38.938 0.2222220004
30956  11.941  -51.130  38.581 0.3333329856
31997  12.315  -50.589  38.101 0.2222220004
32999  13.314  -49.124  37.498 0.4444440007
31996  12.880  -49.914  38.688 0.1111110002
32998  14.089  -48.586  38.029 0.1111110002
32006  13.492  -49.265  38.456 0.1111110002
33007  13.844  -48.437  37.078 0.4444440007
135123  13.760  -48.480  36.260 0.4444440007
38039  31.558  -44.955  27.905 0.2222220004
38058  30.176  -44.380  27.576 0.5555559993
33977  14.641  -47.922  37.454 0.2222220004
34994  15.226  -47.232  36.696 0.3333329856
33987  14.275  -47.900  36.496 0.5555559993
38037  33.329  -44.441  28.116 0.3333329856
38038  32.453  -44.853  27.912 0.2222220004
38055  32.687  -44.243  27.565 0.4444440007
38056  31.966  -44.390  27.373 0.2222220004
140226  15.949  -46.499  35.412 0.4444440007
117658  16.106  -46.719  36.243 0.3333329856
125108  29.320  -43.135  35.128 0.1111110002
38920  28.768  -42.720  35.503 0.1111110002
38939  28.862  -42.774  34.757 0.1111110002
38940  28.354  -42.380  34.377 0.1111110002
38958  28.401  -42.574  33.467 0.1111110002
33986  17.528  -47.365  37.436 0.2222220004
34980  16.416  -47.106  37.196 0.2222220004
34992  17.967  -46.988  36.722 0.3333329856
137312  16.823  -46.442  35.753 0.3333329856
35008  17.593  -46.207  35.219 0.3333329856
35026  18.659  -46.206  35.170 0.3333329856
40963  33.379  -41.065  31.873 0.1111110002
40978  32.880  -40.918  31.005 0.2222220004
39978  32.068  -41.384  30.918 0.1111110002
39997  31.354  -41.504  29.921 0.2222220004
40997  32.166  -41.027  30.111 0.2222220004
41995  33.189  -40.295  30.961 0.2222220004
42975  33.176  -39.701  30.727 0.2222220004
41996  32.691  -40.399  30.389 0.2222220004
42009  32.126  -40.420  29.633 0.2222220004
42976  32.651  -39.727  30.081 0.2222220004
139019  31.373  -41.545  30.675 0.2222220004
40999  30.891  -41.566  28.944 0.3333329856
40998  31.525  -41.062  29.262 0.2222220004
42010  31.470  -40.392  28.803 0.2222220004
56119  34.032  -25.214  20.763 0.8888890147
57007  34.546  -24.587  20.380 0.7777780294
119295  34.963  -35.054  26.120 0.3333329856
57911  34.744  -23.826  21.005 0.7777780294
57006  34.986  -23.992  20.146 0.7777780294
47545  35.268  -34.365  25.775 0.3333329856
48524  34.771  -33.582  25.542 0.4444440007
57892  35.679  -23.361  23.237 0.7777780294
56992  34.435  -24.117  21.819 0.6666669846
126737  34.237  -24.378  22.530 0.6666669846
58816  37.061  -21.911  22.147 0.6666669846
58806  36.585  -22.431  22.408 0.6666669846
57902  35.563  -23.123  22.368 0.7777780294
57903  34.934  -23.537  21.865 0.7777780294
56099  33.849  -24.925  21.753 0.7777780294
60625  37.704  -20.699  21.259 0.7777780294
57910  35.364  -23.165  21.425 0.7777780294
60636  37.615  -20.663  20.378 0.7777780294
48516  36.096  -34.110  25.955 0.3333329856
48523  35.507  -33.562  25.804 0.3333329856
58785  38.819  -22.804  24.379 0.3333329856
57889  38.075  -23.023  24.020 0.4444440007
57891  36.471  -23.224  23.607 0.4444440007
56984  35.182  -23.770  23.619 0.7777780294
56985  34.483  -24.320  23.519 0.5555559993
56081  33.783  -24.932  22.867 0.7777780294
59678  38.953  -21.001  23.173 0.4444440007
59671  38.657  -21.580  23.532 0.5555559993
57900  36.897  -22.674  23.215 0.5555559993
57901  36.203  -22.896  22.897 0.6666669846
60614  38.594  -20.595  22.513 0.5555559993
59690  37.237  -21.378  21.588 0.6666669846
140957  38.706  -19.579  20.552 0.7777780294
60624  38.303  -20.286  21.740 0.7777780294
62486  39.670  -18.901  19.340 0.7777780294
129710  39.073  -19.228  20.015 0.7777780294
48522  36.111  -33.350  26.078 0.3333329856
57871  40.206  -23.653  25.792 0.1111110002
56044  34.658  -24.824  25.159 0.4444440007
57879  39.964  -23.152  25.135 0.2222220004
57880  38.378  -23.457  24.637 0.3333329856
56973  37.657  -23.911  25.009 0.2222220004
116736  36.829  -24.093  25.135 0.3333329856
56965  35.317  -24.459  25.013 0.3333329856
56045  34.010  -25.151  24.772 0.5555559993
59641  42.776  -20.833  26.055 0.1111110002
119293  42.103  -20.691  25.367 0.1111110002
120957  41.614  -21.245  25.263 0.3333329856
59658  40.346  -21.745  24.623 0.5555559993
58784  39.568  -22.690  24.697 0.3333329856
125617  39.187  -23.283  24.920 0.3333329856
57881  37.670  -23.457  24.361 0.4444440007
56983  35.877  -23.618  24.043 0.5555559993
56063  33.834  -24.961  23.891 0.5555559993
133457  42.605  -20.160  25.466 0.1111110002
59656  41.470  -20.594  24.691 0.2222220004
59668  40.219  -20.921  23.967 0.4444440007
60605  39.588  -20.891  23.527 0.5555559993
60592  42.891  -19.601  25.107 0.1111110002
61508  41.471  -19.500  23.473 0.3333329856
60604  40.146  -20.185  23.215 0.6666669846
60613  39.321  -20.377  22.865 0.6666669846
61531  40.148  -19.113  22.010 0.7777780294
61532  39.426  -19.396  21.713 0.7777780294
60623  38.958  -19.937  22.179 0.7777780294
62473  39.622  -18.677  20.390 0.7777780294
61542  39.204  -19.201  20.902 0.7777780294
139182  36.112  -31.396  27.253 0.2222220004
51409  35.391  -31.175  26.615 0.2222220004
56027  35.231  -24.828  25.857 0.3333329856
56028  34.282  -25.342  25.579 0.4444440007
56961  39.388  -24.074  26.007 0.2222220004
56962  38.662  -23.894  25.430 0.2222220004
139707  37.304  -24.155  25.448 0.2222220004
56964  36.101  -24.376  25.490 0.3333329856
51404  35.765  -30.945  27.300 0.2222220004
56954  39.268  -24.435  26.854 0.1111110002
56009  35.508  -25.095  26.845 0.2222220004
56963  37.753  -24.286  25.930 0.2222220004
128875  36.903  -24.321  25.824 0.2222220004
56026  36.216  -24.587  26.364 0.2222220004
116780  38.602  -24.352  26.394 0.1111110002
56010  34.593  -25.580  26.425 0.3333329856
55019  34.920  -25.873  27.292 0.3333329856
56949  38.524  -24.578  27.397 0.1111110002
56955  37.875  -24.514  27.037 0.1111110002
56956  37.085  -24.506  26.714 0.1111110002
55007  35.257  -26.137  28.067 0.3333329856
55991  36.676  -24.974  28.076 0.2222220004
55992  35.783  -25.351  27.717 0.3333329856
56007  37.264  -24.678  27.601 0.2222220004
56008  36.423  -24.786  27.273 0.2222220004
54997  35.437  -26.516  28.844 0.2222220004
55006  36.066  -25.555  28.490 0.2222220004
29938  11.085  -52.181  37.406 0.5555559993
38057  31.064  -44.444  27.394 0.4444440007
39038  33.185  -43.675  27.620 0.4444440007
36042  19.030  -45.743  34.445 0.3333329856
49454  34.844  -32.962  25.607 0.5555559993
38921  28.159  -42.304  35.207 0.1111110002
34993  17.090  -46.766  36.631 0.2222220004
56999  34.267  -24.514  21.107 0.7777780294
57918  35.341  -23.345  20.491 0.7777780294
56991  34.847  -23.707  22.740 0.6666669846
58805  37.309  -22.131  22.830 0.5555559993
59680  37.601  -21.532  22.471 0.5555559993
58807  35.947  -22.651  21.849 0.6666669846
59689  37.883  -20.893  22.115 0.7777780294
60648  37.718  -20.851  19.523 0.7777780294
127353  37.990  -20.341  19.890 0.7777780294
60635  38.175  -20.110  20.730 0.7777780294
49452  35.983  -32.798  26.215 0.3333329856
58797  37.649  -22.462  23.506 0.4444440007
58796  38.382  -22.256  23.846 0.4444440007
57890  37.290  -23.120  23.823 0.4444440007
56974  36.827  -23.617  24.412 0.5555559993
122906  35.223  -24.107  24.294 0.5555559993
56975  34.564  -24.605  24.466 0.3333329856
59669  39.727  -21.527  24.121 0.4444440007
59679  38.267  -21.214  22.848 0.5555559993
58804  37.948  -21.803  23.222 0.5555559993
58795  39.163  -22.023  24.212 0.3333329856
61543  38.544  -19.875  19.720 0.7777780294
61533  38.758  -19.706  21.340 0.7777780294
62472  40.168  -18.145  19.922 0.7777780294
57878  40.691  -23.051  25.348 0.2222220004
124458  36.028  -24.040  24.766 0.4444440007
59643  41.470  -22.009  25.480 0.5555559993
59657  41.066  -21.532  24.914 0.4444440007
135066  40.783  -21.005  24.391 0.5555559993
58782  40.835  -22.362  25.170 0.5555559993
58783  40.218  -22.580  24.940 0.3333329856
58794  39.815  -22.144  24.571 0.3333329856
60593  42.205  -19.976  24.874 0.2222220004
60603  40.919  -20.215  23.855 0.2222220004
60602  41.741  -19.727  24.204 0.2222220004
61509  40.838  -19.700  23.195 0.2222220004
61520  40.505  -19.468  22.658 0.5555559993
61521  39.735  -19.728  22.465 0.6666669846
62460  39.808  -18.792  21.272 0.7777780294
62459  40.513  -18.486  21.593 0.7777780294
123848  40.241  -18.240  20.815 0.7777780294
140279  6.107  -61.096  38.328 0.1111110002
127178  6.267  -61.037  38.872 0.1111110002
136132  5.919  -61.023  36.928 0.1111110002
120291  7.032  -61.974  39.928 0.3333329856
128268  5.824  -58.765  37.258 0.1111110002
25082  5.308  -57.759  38.700 0.1111110002
24135  5.363  -58.113  39.588 0.2222220004
24124  5.841  -57.856  40.884 0.2222220004
24119  13.553  -58.672  41.655 0.1111110002
25063  14.006  -57.915  41.125 0.1111110002
26016  15.832  -56.610  40.676 0.1111110002
26017  15.186  -56.934  41.171 0.1111110002
25062  14.672  -57.449  41.577 0.1111110002
128815  15.146  -56.736  40.296 0.1111110002
25070  14.662  -56.959  39.945 0.1111110002
122586  14.522  -57.254  40.632 0.1111110002
26024  14.992  -56.595  39.461 0.1111110002
135271  14.260  -57.297  39.918 0.1111110002
132201  9.124  -54.937  41.275 0.4444440007
25076  13.843  -57.558  39.394 0.1111110002
26996  9.304  -54.888  40.735 0.6666669846
26023  15.763  -56.338  39.698 0.1111110002
27926  9.563  -54.215  41.408 0.2222220004
27007  15.403  -56.265  38.784 0.1111110002
27935  9.706  -54.209  40.576 0.4444440007
27016  15.074  -56.057  37.959 0.1111110002
26014  18.092  -56.329  40.670 0.1111110002
26015  16.491  -56.281  40.170 0.1111110002
120044  17.275  -56.284  40.424 0.1111110002
26994  17.949  -55.976  39.870 0.1111110002
26022  16.462  -56.097  39.481 0.1111110002
27934  10.137  -53.529  41.046 0.1111110002
27004  17.693  -55.911  38.985 0.1111110002
27013  17.402  -55.901  38.122 0.1111110002
27015  15.834  -56.004  38.032 0.1111110002
27014  16.601  -55.962  38.039 0.1111110002
27025  16.219  -55.639  37.180 0.1111110002
27002  20.142  -55.654  39.128 0.1111110002
122879  19.449  -55.869  39.382 0.1111110002
27961  19.450  -55.235  37.939 0.1111110002
134699  18.902  -55.607  38.292 0.1111110002
27980  19.258  -54.943  37.202 0.1111110002
27963  17.929  -55.532  37.488 0.1111110002
27964  17.113  -55.624  37.335 0.1111110002
27997  18.292  -54.904  36.266 0.1111110002
27982  17.704  -55.240  36.793 0.1111110002
123007  16.887  -55.263  36.557 0.1111110002
124329  16.054  -55.189  36.244 0.1111110002
28964  18.238  -54.464  35.588 0.1111110002
27999  16.712  -54.809  35.695 0.1111110002
28965  17.368  -54.366  35.282 0.1111110002
28013  16.557  -54.176  35.005 0.2222220004
28996  17.175  -53.737  34.673 0.1111110002
28997  16.362  -53.570  34.377 0.2222220004
27947  20.199  -55.216  38.343 0.1111110002
27979  20.166  -54.781  37.401 0.1111110002
28950  20.386  -54.172  36.618 0.1111110002
36111  29.776  -46.225  30.686 0.2222220004
28962  20.452  -53.635  35.776 0.1111110002
123608  19.712  -54.555  36.745 0.1111110002
36112  29.056  -45.975  30.869 0.3333329856
28978  19.573  -53.820  35.367 0.1111110002
137588  18.654  -54.597  35.988 0.1111110002
29976  18.537  -52.999  34.167 0.2222220004
138523  18.476  -53.518  34.609 0.2222220004
120499  17.979  -53.953  34.892 0.1111110002
29991  18.644  -52.474  33.673 0.3333329856
29992  17.760  -52.609  33.702 0.4444440007
32029  24.751  -50.958  35.633 0.2222220004
29945  24.119  -52.381  36.824 0.1111110002
29946  23.342  -52.762  36.778 0.1111110002
32043  24.407  -50.414  34.834 0.2222220004
30990  24.068  -51.563  35.678 0.2222220004
29935  22.577  -53.185  36.909 0.1111110002
32030  23.943  -51.167  35.118 0.2222220004
30975  23.575  -52.128  36.066 0.1111110002
29947  22.717  -52.700  36.156 0.1111110002
28949  21.855  -53.738  37.012 0.1111110002
28938  21.770  -54.263  37.776 0.1111110002
139757  31.302  -46.980  31.098 0.1111110002
35074  30.748  -46.903  31.271 0.2222220004
33049  24.325  -49.278  33.927 0.2222220004
32044  23.631  -50.755  34.456 0.2222220004
31004  23.196  -51.424  34.840 0.2222220004
30992  22.781  -52.077  35.382 0.1111110002
29960  22.027  -52.666  35.618 0.1111110002
28961  21.175  -53.679  36.441 0.1111110002
31005  22.406  -51.723  34.591 0.1111110002
30993  22.019  -52.217  35.016 0.1111110002
126486  20.795  -53.078  35.228 0.1111110002
37013  28.260  -45.731  31.099 0.3333329856
29962  20.099  -53.223  35.013 0.1111110002
29993  16.718  -52.423  33.463 0.5555559993
35086  32.705  -47.250  30.921 0.1111110002
35087  31.842  -47.061  30.897 0.1111110002
129179  31.210  -46.741  30.679 0.1111110002
116674  23.268  -50.329  33.776 0.2222220004
32057  22.500  -50.728  33.423 0.2222220004
31015  22.034  -51.386  33.863 0.1111110002
134007  21.492  -52.044  34.387 0.1111110002
29974  20.655  -52.655  34.553 0.2222220004
116709  19.875  -52.875  34.427 0.2222220004
36110  30.519  -46.481  30.610 0.2222220004
37026  29.413  -45.709  30.178 0.3333329856
31016  21.203  -51.639  33.567 0.3333329856
31007  20.050  -52.389  33.936 0.2222220004
37027  28.621  -45.421  30.338 0.4444440007
32064  20.802  -51.223  32.808 0.4444440007
31032  19.841  -51.446  32.716 0.5555559993
31033  18.862  -51.499  32.607 0.6666669846
37028  27.695  -45.091  30.491 0.4444440007
31034  17.882  -51.427  32.520 0.6666669846
38022  27.537  -44.516  29.750 0.4444440007
31019  17.335  -51.930  33.037 0.5555559993
36109  31.724  -46.679  30.274 0.1111110002
36108  32.440  -46.801  30.272 0.1111110002
36125  30.227  -45.978  30.037 0.2222220004
130843  20.288  -50.939  32.183 0.4444440007
37042  30.684  -45.740  29.289 0.2222220004
37043  29.827  -45.503  29.437 0.4444440007
37044  29.022  -45.187  29.590 0.4444440007
37045  28.264  -44.849  29.742 0.4444440007
137912  27.980  -44.413  29.222 0.4444440007
35084  34.148  -47.251  30.828 0.1111110002
36107  33.429  -46.903  30.353 0.1111110002
36123  32.040  -46.392  29.663 0.1111110002
37062  29.445  -44.964  28.878 0.4444440007
37063  28.637  -44.613  28.952 0.4444440007
119208  28.061  -44.112  28.606 0.5555559993
36089  35.771  -46.919  30.963 0.1111110002
36106  34.410  -46.722  30.272 0.1111110002
36122  32.949  -46.411  29.626 0.1111110002
37041  31.577  -45.882  29.136 0.1111110002
118836  29.145  -44.488  28.331 0.4444440007
36074  37.907  -47.038  32.003 0.1111110002
35067  37.124  -47.253  31.639 0.1111110002
137065  17.601  -46.568  36.080 0.2222220004
36088  36.615  -46.700  31.166 0.1111110002
118693  35.277  -46.477  30.396 0.1111110002
36120  34.716  -45.973  29.928 0.1111110002
37039  33.398  -45.784  29.133 0.1111110002
37040  32.503  -45.891  29.047 0.1111110002
122751  20.461  -44.209  34.484 0.1111110002
36974  20.472  -44.773  34.994 0.1111110002
37060  31.121  -45.437  28.527 0.1111110002
37059  32.034  -45.493  28.407 0.1111110002
37061  30.255  -45.256  28.708 0.3333329856
38041  29.859  -44.738  28.220 0.4444440007
136875  29.503  -44.307  27.815 0.4444440007
37984  39.713  -44.886  31.103 0.1111110002
36998  39.024  -45.945  31.850 0.1111110002
135732  38.632  -46.997  32.218 0.1111110002
35006  19.165  -46.578  35.910 0.2222220004
35007  18.336  -46.592  35.999 0.2222220004
37985  38.820  -44.918  31.096 0.1111110002
119292  38.456  -45.646  31.385 0.1111110002
36087  37.522  -46.443  31.428 0.1111110002
38001  39.278  -44.311  30.677 0.1111110002
37986  37.962  -44.986  31.018 0.1111110002
135884  37.666  -45.702  31.152 0.1111110002
37012  36.888  -45.916  30.981 0.1111110002
36041  19.690  -45.548  34.671 0.1111110002
35025  19.454  -46.105  35.193 0.2222220004
39976  39.392  -43.081  29.910 0.1111110002
38997  38.855  -43.686  30.271 0.1111110002
38003  37.507  -44.489  30.453 0.1111110002
37023  37.191  -45.212  30.697 0.1111110002
37024  36.416  -45.457  30.412 0.1111110002
37025  35.582  -45.692  30.144 0.1111110002
36040  20.217  -45.265  35.002 0.1111110002
39994  38.978  -42.484  29.441 0.1111110002
39977  38.476  -42.981  29.950 0.1111110002
38998  37.847  -43.644  30.194 0.1111110002
38999  36.949  -43.967  30.098 0.1111110002
38004  36.716  -44.726  30.251 0.1111110002
36975  20.054  -44.725  34.274 0.1111110002
36061  19.767  -45.074  34.234 0.1111110002
41016  38.920  -41.277  28.571 0.1111110002
40995  38.501  -41.810  29.111 0.1111110002
122367  38.089  -42.403  29.525 0.1111110002
39011  37.285  -42.505  29.541 0.1111110002
37038  35.020  -45.128  29.594 0.1111110002
138073  34.437  -45.051  29.222 0.1111110002
37058  32.962  -45.329  28.477 0.1111110002
41017  37.998  -41.167  28.799 0.1111110002
40996  37.604  -41.811  29.235 0.1111110002
39995  36.735  -41.982  29.266 0.1111110002
42028  38.472  -40.632  28.294 0.1111110002
40009  36.173  -41.482  28.917 0.1111110002
38040  30.668  -44.898  28.042 0.2222220004
39012  37.098  -43.207  29.857 0.1111110002
38018  36.356  -43.597  29.668 0.1111110002
129484  36.515  -42.794  29.458 0.1111110002
38019  35.560  -44.170  29.496 0.1111110002
39996  35.908  -42.307  29.153 0.2222220004
39024  35.108  -42.726  28.898 0.1111110002
127850  34.373  -43.200  28.493 0.1111110002
38036  34.156  -44.056  28.636 0.1111110002
40012  33.741  -42.863  27.816 0.3333329856
48532  40.260  -33.674  25.220 0.1111110002
122382  40.606  -32.064  25.458 0.1111110002
51413  40.127  -30.542  25.225 0.1111110002
55114  37.947  -27.143  19.925 0.6666669846
134544  37.868  -25.771  18.782 0.6666669846
56136  37.102  -26.034  18.966 0.7777780294
56147  38.827  -24.857  18.514 0.6666669846
56149  37.257  -25.277  18.623 0.6666669846
56137  36.418  -25.450  18.885 0.6666669846
56138  35.485  -25.485  19.279 0.6666669846
56139  34.582  -25.473  19.942 0.6666669846
129463  38.296  -24.280  18.334 0.6666669846
57023  37.482  -24.516  18.443 0.6666669846
126323  36.928  -23.960  18.550 0.6666669846
57014  35.890  -24.707  19.033 0.6666669846
57015  35.110  -24.647  19.634 0.6666669846
57924  36.375  -23.477  18.968 0.6666669846
57933  38.634  -23.351  18.253 0.6666669846
58847  37.091  -23.104  18.551 0.6666669846
58828  35.815  -22.893  19.986 0.6666669846
58818  35.835  -22.690  20.927 0.6666669846
58832  43.512  -22.306  19.342 0.5555559993
58826  43.183  -23.126  19.835 0.5555559993
57930  41.065  -23.185  18.605 0.6666669846
59699  44.332  -22.099  19.935 0.5555559993
58834  41.903  -22.975  18.797 0.6666669846
58843  40.287  -22.605  18.192 0.6666669846
58846  37.787  -22.269  18.473 0.6666669846
59710  36.797  -21.856  19.668 0.6666669846
58841  42.126  -22.223  18.524 0.5555559993
58842  41.274  -22.361  18.305 0.6666669846
59716  39.096  -21.769  18.161 0.6666669846
59706  44.131  -21.573  19.130 0.5555559993
59707  42.835  -22.126  18.710 0.5555559993
59713  42.476  -21.582  18.247 0.5555559993
59717  38.273  -21.704  18.437 0.6666669846
59700  37.190  -21.183  20.005 0.6666669846
123959  41.636  -21.593  18.067 0.6666669846
117696  39.922  -21.738  17.996 0.6666669846
60647  38.291  -20.544  19.165 0.6666669846
59715  40.476  -20.950  17.891 0.6666669846
60660  39.623  -20.888  18.154 0.6666669846
60661  38.717  -21.054  18.488 0.6666669846
60644  45.511  -20.785  19.351 0.4444440007
60654  45.235  -20.339  18.638 0.4444440007
60645  44.720  -20.915  18.916 0.5555559993
60656  43.874  -20.880  18.336 0.5555559993
60657  42.930  -20.952  18.055 0.6666669846
60658  42.089  -20.911  17.872 0.6666669846
59714  41.265  -20.898  17.808 0.6666669846
60659  40.296  -20.315  18.069 0.6666669846
61563  39.752  -19.802  18.542 0.6666669846
60646  38.961  -20.254  18.766 0.6666669846
60653  46.013  -20.259  18.879 0.3333329856
60655  44.567  -20.417  18.343 0.5555559993
61552  39.154  -19.575  19.233 0.6666669846
61560  44.908  -19.887  18.036 0.4444440007
61561  44.016  -19.984  17.861 0.5555559993
60670  42.582  -20.292  17.723 0.6666669846
60671  41.804  -20.220  17.684 0.6666669846
60672  41.015  -20.141  17.826 0.6666669846
61562  40.511  -19.601  18.186 0.6666669846
61550  47.488  -19.685  19.503 0.3333329856
61557  47.137  -19.382  18.741 0.3333329856
61558  46.437  -19.726  18.398 0.3333329856
136768  40.180  -19.077  18.645 0.6666669846
62500  47.486  -18.844  18.376 0.3333329856
116611  43.733  -19.226  17.415 0.6666669846
61576  41.653  -19.486  17.723 0.6666669846
62503  40.752  -18.829  18.370 0.6666669846
62521  42.937  -19.023  17.444 0.6666669846
61575  42.369  -19.598  17.600 0.6666669846
62448  40.890  -18.786  22.277 0.5555559993
63406  40.828  -17.971  21.190 0.6666669846
63417  41.413  -17.243  20.195 0.5555559993
63418  40.789  -17.716  20.458 0.6666669846
63464  43.375  -17.484  17.390 0.6666669846
64362  41.952  -17.274  18.550 0.6666669846
130757  41.508  -17.184  19.513 0.5555559993
62516  48.046  -17.964  17.698 0.2222220004
62517  47.462  -18.409  17.751 0.4444440007
63462  46.716  -18.323  17.214 0.5555559993
62532  44.704  -18.162  16.970 0.6666669846
127138  42.755  -18.266  17.549 0.6666669846
63448  41.721  -17.830  18.300 0.6666669846
62485  40.374  -18.355  19.039 0.6666669846
62484  47.831  -18.993  19.065 0.2222220004
61571  46.068  -19.428  17.813 0.3333329856
62520  44.264  -18.701  17.187 0.6666669846
125693  43.505  -18.467  17.276 0.6666669846
62522  42.205  -18.878  17.625 0.6666669846
63449  41.045  -18.045  18.644 0.6666669846
62502  41.482  -18.650  17.996 0.6666669846
63416  42.109  -17.008  20.673 0.5555559993
64335  41.955  -16.808  19.853 0.4444440007
64358  50.547  -16.347  18.436 0.2222220004
63446  49.427  -17.349  18.485 0.2222220004
64370  42.869  -16.842  17.991 0.6666669846
64361  42.389  -16.815  18.558 0.5555559993
64347  42.461  -16.476  19.350 0.5555559993
64357  51.271  -15.993  18.775 0.1111110002
62530  45.992  -18.018  16.842 0.5555559993
63463  44.315  -17.492  16.989 0.6666669846
64368  43.954  -16.861  17.224 0.6666669846
64369  43.453  -16.490  17.744 0.6666669846
64366  49.529  -16.534  17.148 0.2222220004
64367  48.712  -16.831  16.791 0.3333329856
63477  47.843  -17.079  16.538 0.4444440007
136002  46.629  -17.748  16.722 0.5555559993
64380  44.627  -16.758  16.856 0.5555559993
64346  43.112  -16.009  19.700 0.5555559993
65207  52.507  -15.072  18.548 0.1111110002
64356  52.036  -15.693  19.043 0.1111110002
66110  53.183  -14.593  18.047 0.1111110002
64364  50.951  -15.737  17.973 0.1111110002
64365  50.254  -16.149  17.585 0.1111110002
64359  49.840  -16.746  18.042 0.2222220004
122972  44.132  -16.148  17.384 0.5555559993
65210  43.741  -15.751  18.139 0.5555559993
66128  53.679  -14.589  16.682 0.2222220004
66120  52.963  -14.664  17.196 0.1111110002
65216  51.456  -15.281  17.423 0.1111110002
64375  49.990  -15.989  16.700 0.2222220004
127949  46.407  -16.519  16.123 0.5555559993
64379  45.466  -16.664  16.444 0.5555559993
66127  54.426  -14.638  16.622 0.2222220004
65226  52.038  -14.957  16.851 0.1111110002
65227  51.226  -15.275  16.492 0.2222220004
64376  49.156  -16.184  16.208 0.4444440007
64388  46.931  -16.017  15.828 0.5555559993
64389  46.400  -15.801  15.976 0.5555559993
116548  45.717  -15.868  16.240 0.5555559993
65232  44.882  -15.845  16.838 0.5555559993
65248  46.867  -15.280  15.733 0.5555559993
65199  43.637  -15.528  19.096 0.4444440007
65219  44.400  -15.410  17.673 0.5555559993
66126  55.180  -14.812  16.537 0.1111110002
118466  53.835  -14.748  15.959 0.2222220004
66144  52.511  -14.850  15.316 0.2222220004
65243  50.924  -15.176  15.575 0.2222220004
65245  49.198  -15.501  15.446 0.3333329856
65246  48.352  -15.258  15.353 0.5555559993
64387  47.693  -15.800  15.667 0.5555559993
65230  46.081  -15.182  16.131 0.5555559993
65218  44.921  -15.090  17.266 0.4444440007
65258  57.635  -15.617  14.743 0.1111110002
66141  55.170  -15.040  15.198 0.1111110002
66142  54.325  -14.844  15.498 0.1111110002
66146  50.484  -14.812  14.918 0.3333329856
118461  48.889  -14.874  15.086 0.4444440007
65247  47.616  -14.928  15.436 0.5555559993
65231  45.417  -15.137  16.655 0.4444440007
65242  55.983  -15.237  14.623 0.1111110002
66143  53.354  -14.758  15.008 0.2222220004
66158  52.379  -14.491  14.339 0.2222220004
66159  50.044  -14.118  14.627 0.3333329856
65259  56.877  -15.479  13.900 0.1111110002
65197  44.998  -14.739  19.781 0.3333329856
66103  44.797  -14.625  18.906 0.3333329856
65185  43.921  -15.616  20.144 0.3333329856
66111  45.285  -14.196  18.328 0.4444440007
65198  44.338  -15.108  19.455 0.4444440007
67012  45.979  -13.904  17.020 0.4444440007
66121  45.379  -14.437  17.347 0.4444440007
66112  44.767  -14.748  17.988 0.4444440007
65209  44.238  -15.160  18.531 0.4444440007
67018  46.330  -14.061  16.462 0.5555559993
67032  49.534  -13.575  14.673 0.5555559993
66160  49.071  -14.156  14.836 0.5555559993
67017  46.886  -13.871  15.999 0.5555559993
66131  46.478  -14.554  16.052 0.5555559993
66132  45.893  -14.510  16.578 0.4444440007
65263  58.461  -15.864  12.617 0.1111110002
65264  57.490  -15.538  12.865 0.1111110002
65260  55.933  -15.140  13.549 0.1111110002
66156  54.448  -14.636  13.682 0.2222220004
133261  52.625  -14.168  13.839 0.2222220004
131472  51.492  -14.074  14.147 0.3333329856
136567  57.995  -15.797  13.787 0.1111110002
66102  45.526  -14.155  19.296 0.3333329856
67001  45.802  -13.752  18.608 0.3333329856
67011  46.348  -13.420  17.443 0.4444440007
67007  45.791  -13.787  17.808 0.4444440007
118097  48.427  -12.315  16.043 0.4444440007
67028  47.575  -13.357  15.767 0.5555559993
125752  46.549  -13.572  16.726 0.5555559993
67033  49.015  -13.369  14.879 0.5555559993
67027  48.297  -13.565  15.194 0.5555559993
116684  55.189  -14.636  13.124 0.2222220004
117297  53.707  -14.280  13.502 0.2222220004
66165  52.176  -13.809  13.768 0.2222220004
67031  50.752  -13.640  14.242 0.4444440007
138953  50.032  -12.749  14.483 0.5555559993
66169  59.651  -15.221  11.769 0.1111110002
65270  58.043  -15.331  12.138 0.1111110002
66161  56.630  -15.226  12.902 0.2222220004
67035  53.709  -13.657  13.074 0.2222220004
66164  52.936  -13.817  13.460 0.3333329856
67037  51.485  -13.164  13.796 0.4444440007
67912  50.602  -12.713  14.190 0.5555559993
119835  59.713  -14.292  11.611 0.2222220004
66171  57.729  -14.565  12.109 0.2222220004
123107  56.686  -14.465  12.381 0.2222220004
66172  55.727  -14.178  12.532 0.2222220004
67044  54.527  -13.393  12.796 0.2222220004
67040  59.086  -13.702  11.985 0.4444440007
66170  58.753  -14.723  11.807 0.3333329856
130686  58.337  -13.922  12.149 0.4444440007
68768  50.406  -11.354  15.125 0.4444440007
134642  49.416  -12.255  15.165 0.4444440007
120873  51.962  -12.511  13.608 0.4444440007
67911  51.370  -12.205  13.921 0.4444440007
67043  55.430  -13.444  12.617 0.3333329856
67918  52.652  -12.243  13.363 0.3333329856
67041  57.496  -13.541  12.480 0.4444440007
67042  56.347  -13.525  12.545 0.3333329856
67925  54.477  -12.385  12.962 0.4444440007
133910  53.836  -12.987  12.975 0.4444440007
121308  58.501  -13.075  12.576 0.4444440007
69597  51.878  -10.648  14.654 0.4444440007
68767  51.119  -10.978  14.864 0.4444440007
68780  53.226  -11.462  13.396 0.4444440007
68781  52.598  -11.429  13.617 0.4444440007
68773  51.539  -11.361  14.210 0.4444440007
67923  56.918  -12.834  12.934 0.4444440007
68785  55.478  -12.190  12.988 0.4444440007
131066  55.146  -12.834  12.733 0.4444440007
67917  53.530  -12.290  13.140 0.4444440007
67922  57.891  -12.550  13.099 0.4444440007
68784  58.617  -12.301  13.017 0.4444440007
70403  53.059  -8.969  18.074 0.1111110002
129577  53.272  -9.236  16.337 0.2222220004
70413  52.661  -9.481  16.664 0.3333329856
70426  53.181  -9.752  14.988 0.2222220004
69586  52.353  -10.073  15.206 0.4444440007
69582  52.100  -9.919  16.092 0.4444440007
69595  53.512  -10.150  14.262 0.4444440007
69587  51.575  -10.415  15.463 0.4444440007
69603  53.768  -10.751  13.661 0.4444440007
69604  52.965  -10.774  13.819 0.4444440007
68772  52.245  -11.013  14.018 0.4444440007
67916  56.432  -12.197  13.147 0.4444440007
68779  54.998  -11.499  13.206 0.4444440007
130581  54.067  -11.499  13.243 0.4444440007
68776  58.782  -11.485  13.304 0.3333329856
69599  58.413  -11.021  14.142 0.4444440007
67914  58.043  -11.792  13.723 0.4444440007
67915  57.314  -12.225  13.392 0.4444440007
68778  55.990  -11.509  13.353 0.4444440007
71229  53.821  -8.510  17.731 0.1111110002
70418  54.592  -8.927  15.711 0.1111110002
70417  56.175  -9.185  15.297 0.2222220004
70424  55.418  -9.785  14.662 0.2222220004
70425  54.262  -9.550  14.908 0.3333329856
70423  56.617  -9.874  14.904 0.2222220004
140619  55.196  -10.350  14.006 0.2222220004
69602  54.628  -10.821  13.589 0.4444440007
69592  57.096  -10.467  14.546 0.2222220004
69593  56.069  -10.370  14.274 0.3333329856
132459  55.544  -10.896  13.688 0.3333329856
69606  59.116  -10.911  12.179 0.3333329856
69600  57.605  -11.065  14.175 0.2222220004
68777  57.013  -11.664  13.683 0.4444440007
71235  54.100  -8.488  17.006 0.1111110002
124902  54.969  -8.299  16.447 0.1111110002
71241  55.656  -8.652  15.774 0.1111110002
125338  55.198  -9.173  15.241 0.1111110002
137747  57.460  -9.946  14.971 0.2222220004
69591  58.017  -10.378  14.668 0.2222220004
72047  54.828  -7.571  18.611 0.1111110002
71218  54.369  -8.001  18.182 0.1111110002
71217  55.238  -7.530  17.832 0.1111110002
71228  54.667  -8.001  17.319 0.1111110002
71227  55.713  -7.736  16.980 0.1111110002
132312  57.011  -8.127  16.190 0.1111110002
71240  56.692  -8.603  15.794 0.1111110002
71234  56.208  -8.111  16.283 0.1111110002
71238  58.000  -8.536  15.619 0.1111110002
71239  57.474  -8.458  15.809 0.1111110002
71244  58.180  -9.105  15.156 0.1111110002
70416  57.247  -9.240  15.361 0.1111110002
71243  58.563  -9.051  14.501 0.1111110002
69590  58.548  -10.372  14.321 0.2222220004
65268  61.542  -15.405  12.209 0.1111110002
66167  61.678  -14.919  11.895 0.1111110002
119965  60.629  -15.525  12.099 0.1111110002
25075  14.377  -56.999  39.334 0.1111110002
27027  14.916  -55.798  37.138 0.1111110002
27983  15.480  -55.465  36.741 0.1111110002
32056  22.895  -49.977  33.051 0.2222220004
33034  24.015  -49.948  34.166 0.2222220004
39026  33.757  -43.649  28.144 0.2222220004
40010  35.365  -41.906  28.661 0.2222220004
40011  34.571  -42.347  28.314 0.2222220004
49451  40.010  -32.176  24.987 0.1111110002
52377  39.898  -29.844  25.025 0.1111110002
38042  28.594  -44.221  28.316 0.4444440007
38021  33.865  -44.966  28.871 0.1111110002
58817  36.537  -22.107  21.435 0.5555559993
126380  37.273  -21.074  20.808 0.6666669846
55974  37.070  -25.115  28.752 0.1111110002
59708  38.050  -21.097  18.850 0.6666669846
63430  40.885  -17.631  19.512 0.6666669846
27006  16.141  -56.083  38.855 0.1111110002
26995  17.108  -55.997  39.674 0.1111110002
27005  16.886  -55.957  38.897 0.1111110002
122405  18.211  -55.772  38.229 0.1111110002
27026  15.544  -55.838  37.385 0.1111110002
27012  19.472  -55.612  38.674 0.1111110002
27962  18.698  -55.365  37.678 0.1111110002
27981  18.477  -55.081  37.002 0.1111110002
27996  19.024  -54.668  36.431 0.1111110002
27998  17.552  -54.951  35.968 0.1111110002
28939  21.056  -54.224  37.210 0.1111110002
28951  19.698  -54.195  36.120 0.1111110002
28963  19.005  -54.304  35.765 0.1111110002
29963  19.243  -53.303  34.666 0.1111110002
28979  18.776  -53.964  35.099 0.1111110002
136360  17.812  -53.313  34.353 0.1111110002
31018  18.300  -52.006  33.142 0.5555559993
30974  24.487  -51.729  36.281 0.2222220004
30991  23.527  -51.697  35.397 0.2222220004
29948  21.290  -53.109  35.778 0.1111110002
29936  21.915  -53.123  36.354 0.1111110002
32045  22.841  -51.061  34.156 0.2222220004
29961  21.403  -52.671  35.067 0.1111110002
29975  19.286  -52.695  34.030 0.2222220004
29990  19.330  -52.042  33.362 0.3333329856
36124  31.132  -46.304  29.931 0.2222220004
32058  21.698  -51.051  33.108 0.3333329856
31006  20.742  -52.090  33.985 0.2222220004
31017  20.343  -51.848  33.373 0.5555559993
36121  33.864  -46.294  29.705 0.1111110002
36105  36.102  -46.202  30.648 0.1111110002
36073  38.398  -46.376  31.810 0.1111110002
38002  38.365  -44.335  30.621 0.1111110002
35024  20.047  -45.900  35.406 0.1111110002
136813  37.752  -42.922  29.864 0.1111110002
38005  35.912  -44.888  30.005 0.1111110002
130645  34.224  -45.574  29.357 0.1111110002
38020  34.648  -44.489  29.149 0.1111110002
39013  35.717  -43.189  29.295 0.1111110002
39025  34.888  -43.601  29.068 0.1111110002
55136  37.855  -26.453  19.221 0.7777780294
56148  38.041  -25.071  18.476 0.6666669846
57024  36.704  -24.704  18.666 0.6666669846
57934  37.718  -23.709  18.332 0.6666669846
57022  39.099  -24.081  18.374 0.6666669846
138196  36.278  -24.134  18.863 0.6666669846
57925  35.646  -23.764  19.502 0.6666669846
133908  36.046  -23.196  19.434 0.6666669846
58845  38.536  -22.463  18.244 0.6666669846
124307  37.889  -22.949  18.301 0.6666669846
58835  37.110  -22.310  18.848 0.6666669846
58836  36.445  -22.688  19.347 0.6666669846
58827  36.310  -22.244  20.342 0.6666669846
58825  43.879  -22.737  20.260 0.5555559993
58833  42.694  -22.735  19.088 0.6666669846
57923  41.626  -23.674  19.229 0.6666669846
59691  36.815  -21.576  20.668 0.5555559993
59712  43.303  -21.608  18.578 0.5555559993
57932  39.546  -23.332  18.300 0.6666669846
58844  39.336  -22.535  18.153 0.6666669846
59709  37.469  -21.535  19.047 0.6666669846
118725  40.771  -21.661  18.007 0.6666669846
136055  43.304  -20.376  17.874 0.6666669846
61559  45.700  -19.883  18.187 0.3333329856
61574  43.141  -19.737  17.617 0.6666669846
61577  41.080  -19.354  17.963 0.6666669846
62501  46.766  -19.019  17.900 0.3333329856
61572  45.380  -19.391  17.629 0.4444440007
61573  44.557  -19.345  17.516 0.5555559993
63405  41.515  -17.552  21.107 0.6666669846
139978  44.019  -18.081  17.057 0.6666669846
63466  42.100  -18.219  17.838 0.6666669846
63465  42.416  -17.505  17.962 0.6666669846
63429  41.453  -17.422  18.913 0.6666669846
63447  48.705  -17.726  18.063 0.2222220004
62499  48.181  -18.369  18.452 0.2222220004
62518  45.927  -18.808  17.284 0.4444440007
62531  45.374  -18.278  16.950 0.5555559993
62519  45.040  -18.810  17.192 0.5555559993
64348  41.892  -16.917  19.091 0.5555559993
64345  50.896  -16.648  19.209 0.2222220004
63445  50.144  -16.965  18.881 0.2222220004
64360  43.027  -16.203  18.623 0.5555559993
63459  49.089  -17.101  17.646 0.2222220004
63461  47.440  -17.770  17.033 0.4444440007
63479  46.106  -17.312  16.459 0.5555559993
63480  45.218  -17.545  16.714 0.6666669846
63478  46.951  -17.222  16.347 0.5555559993
63460  48.331  -17.448  17.268 0.3333329856
65215  52.261  -14.944  17.741 0.1111110002
65208  51.710  -15.414  18.276 0.1111110002
65217  50.722  -15.670  17.073 0.1111110002
66129  52.717  -14.828  16.277 0.2222220004
64377  48.228  -16.445  16.084 0.5555559993
64378  47.330  -16.540  16.024 0.5555559993
118101  53.246  -14.770  15.841 0.2222220004
66130  51.817  -15.026  15.856 0.2222220004
65228  50.464  -15.572  16.194 0.2222220004
65229  49.787  -15.755  15.970 0.3333329856
64386  48.530  -15.872  15.707 0.5555559993
66145  51.490  -14.793  14.846 0.2222220004
65244  50.082  -15.339  15.452 0.3333329856
65241  56.872  -15.400  15.185 0.1111110002
66155  55.174  -15.025  14.118 0.1111110002
125153  50.844  -14.317  14.499 0.3333329856
66147  49.610  -14.835  14.988 0.4444440007
66149  47.062  -14.550  15.687 0.5555559993
66148  48.286  -14.496  15.171 0.5555559993
66157  53.114  -14.448  13.978 0.2222220004
117642  53.900  -14.681  14.332 0.2222220004
116889  50.064  -13.294  14.439 0.5555559993
116616  47.571  -14.121  15.435 0.5555559993
117841  59.574  -16.059  12.411 0.1111110002
65269  58.851  -15.542  11.985 0.1111110002
66162  55.980  -14.827  12.830 0.2222220004
121049  54.567  -14.884  14.567 0.1111110002
134559  46.821  -13.118  17.118 0.3333329856
67909  48.122  -12.882  15.664 0.5555559993
67900  47.760  -12.704  16.298 0.4444440007
67908  48.791  -12.699  15.284 0.5555559993
67892  47.118  -13.172  16.472 0.3333329856
65271  57.267  -15.122  12.379 0.2222220004
66163  54.368  -14.179  13.011 0.2222220004
67907  49.513  -12.850  14.734 0.5555559993
68775  50.025  -12.152  14.729 0.4444440007
134928  60.444  -14.615  11.599 0.1111110002
66173  54.998  -14.021  12.683 0.2222220004
118358  53.128  -13.050  13.156 0.3333329856
67036  52.354  -13.119  13.438 0.4444440007
139461  60.748  -14.295  11.429 0.1111110002
68770  49.112  -12.000  15.773 0.4444440007
68774  50.791  -11.746  14.424 0.4444440007
68769  49.757  -11.691  15.462 0.4444440007
68782  52.039  -11.784  13.742 0.4444440007
67924  55.939  -12.815  12.723 0.4444440007
69596  52.653  -10.334  14.428 0.4444440007
69588  50.858  -10.803  15.676 0.4444440007
70412  53.288  -8.949  17.107 0.1111110002
70411  53.954  -8.843  16.382 0.1111110002
70419  53.668  -9.288  15.673 0.2222220004
70420  52.867  -9.624  15.826 0.2222220004
69583  51.316  -10.339  16.448 0.4444440007
71219  53.625  -8.525  18.579 0.1111110002
69594  54.436  -10.170  14.123 0.3333329856
69601  56.549  -10.985  13.937 0.4444440007
70422  57.937  -9.594  15.116 0.1111110002
70415  57.832  -8.972  15.415 0.1111110002
70421  58.361  -9.792  14.729 0.1111110002
66168  61.101  -14.671  11.697 0.1111110002
21011  6.699  -61.847  39.500 0.1111110002
26985  8.916  -55.297  41.367 0.1111110002
33982  20.827  -47.469  37.649 0.1111110002
33983  20.222  -47.537  37.409 0.1111110002
33984  19.482  -47.663  37.403 0.1111110002
127787  18.836  -47.757  37.545 0.1111110002
33995  19.805  -46.989  36.577 0.1111110002
33996  18.842  -47.216  36.753 0.1111110002
126045  19.771  -46.355  35.837 0.1111110002
35043  26.725  -47.011  33.664 0.3333329856
36095  26.904  -45.953  32.229 0.3333329856
27925  10.085  -53.422  41.864 0.1111110002
32982  19.589  -48.882  38.995 0.1111110002
33972  19.180  -48.230  38.055 0.1111110002
32995  19.454  -48.659  38.613 0.1111110002
138731  20.492  -47.848  37.867 0.1111110002
33974  17.812  -47.907  38.138 0.1111110002
33975  16.890  -47.606  38.060 0.1111110002
35005  20.318  -46.283  36.195 0.1111110002
32983  19.062  -49.165  39.095 0.1111110002
32984  18.208  -48.528  38.627 0.1111110002
33976  15.743  -47.624  37.783 0.1111110002
33962  16.269  -48.004  38.691 0.1111110002
55083  41.387  -26.452  22.537 0.3333329856
55096  41.063  -26.136  21.847 0.3333329856
55097  40.382  -26.530  21.473 0.3333329856
55113  39.309  -26.356  19.911 0.4444440007
55098  38.967  -26.983  20.612 0.5555559993
56097  41.430  -25.421  21.502 0.3333329856
56116  41.138  -25.097  20.565 0.4444440007
56117  40.439  -25.632  20.315 0.5555559993
133566  38.619  -26.564  19.606 0.5555559993
56118  39.820  -25.724  19.664 0.5555559993
56135  38.599  -25.563  18.766 0.5555559993
56096  42.115  -25.031  21.982 0.2222220004
57909  42.908  -23.755  21.216 0.2222220004
138479  41.711  -24.472  20.475 0.3333329856
56133  40.515  -25.087  19.705 0.4444440007
121088  39.944  -25.070  19.159 0.5555559993
57915  43.377  -23.287  20.753 0.2222220004
57917  42.033  -23.996  20.014 0.4444440007
57005  41.209  -24.393  19.695 0.5555559993
57013  40.360  -24.409  18.983 0.5555559993
58824  44.523  -22.446  20.673 0.3333329856
57916  42.695  -23.618  20.399 0.4444440007
57012  40.954  -23.884  18.943 0.5555559993
120440  44.870  -21.968  20.407 0.2222220004
60634  45.797  -21.127  20.148 0.4444440007
60643  46.298  -20.576  19.698 0.2222220004
60642  47.064  -20.295  20.003 0.1111110002
62471  48.979  -18.886  20.128 0.1111110002
62482  49.362  -18.232  19.716 0.1111110002
62483  48.602  -18.610  19.352 0.1111110002
62498  48.998  -17.960  18.912 0.1111110002
62458  41.259  -18.161  21.804 0.4444440007
62457  42.048  -17.793  21.923 0.4444440007
63404  42.285  -17.307  21.375 0.3333329856
64333  43.375  -16.231  20.618 0.2222220004
64334  42.621  -16.500  20.255 0.3333329856
19999  6.649  -62.366  39.185 0.1111110002
21012  6.478  -61.763  39.096 0.1111110002
25998  8.595  -55.703  41.611 0.1111110002
33985  18.288  -47.537  37.385 0.1111110002
36094  27.928  -46.150  31.944 0.3333329856
55135  39.049  -25.998  19.265 0.5555559993
140696  38.409  -26.100  19.086 0.5555559993
56134  39.338  -25.361  18.928 0.5555559993
57922  42.374  -23.383  19.553 0.4444440007
59705  44.955  -21.428  19.804 0.4444440007
61551  46.768  -20.032  19.180 0.2222220004
63428  49.763  -17.612  19.289 0.1111110002
26984  9.313  -54.598  41.776 0.1111110002
56146  39.570  -24.649  18.691 0.5555559993
57021  39.774  -23.998  18.540 0.5555559993
57931  40.330  -23.573  18.522 0.5555559993
26975  9.524  -54.268  42.389 0.1111110002
33971  19.995  -48.172  38.015 0.1111110002
33973  18.473  -48.079  38.049 0.1111110002
32996  18.835  -48.711  38.599 0.1111110002
55112  39.937  -26.306  20.597 0.4444440007
56098  40.716  -25.844  21.069 0.3333329856
122206  39.729  -26.863  21.244 0.3333329856
56998  41.852  -24.726  21.188 0.2222220004
56989  43.171  -23.989  21.957 0.2222220004
57908  43.593  -23.482  21.518 0.2222220004
57899  43.815  -23.677  22.243 0.1111110002
57004  42.265  -24.115  20.856 0.3333329856
56997  42.519  -24.355  21.626 0.2222220004
58815  44.108  -23.045  21.040 0.2222220004
58823  45.095  -22.140  21.024 0.1111110002
59698  45.400  -21.646  20.586 0.2222220004
61549  48.222  -19.272  19.816 0.1111110002
25079  25.381  -58.403  38.177 0.1111110002
35055  30.696  -47.437  32.107 0.1111110002
34042  29.702  -47.869  33.240 0.1111110002
127712  28.722  -48.462  34.375 0.1111110002
140155  27.030  -53.218  40.696 0.1111110002
36091  30.088  -46.605  31.118 0.1111110002
36075  29.309  -46.723  31.977 0.1111110002
34024  28.940  -47.925  33.630 0.2222220004
34008  27.729  -48.144  34.729 0.2222220004
33004  27.539  -49.360  36.499 0.1111110002
32004  27.373  -50.090  37.357 0.1111110002
30953  27.429  -51.243  38.911 0.1111110002
30942  27.238  -51.920  39.695 0.1111110002
36092  29.495  -46.454  31.320 0.2222220004
36076  28.624  -46.595  32.222 0.2222220004
35042  27.579  -46.908  33.220 0.2222220004
34009  26.991  -47.959  34.862 0.2222220004
33981  27.189  -48.917  36.000 0.1111110002
32992  27.308  -49.705  36.834 0.1111110002
26988  24.539  -55.593  41.038 0.1111110002
120992  25.138  -55.135  40.657 0.1111110002
27930  25.598  -54.409  41.032 0.1111110002
28909  26.634  -53.473  40.831 0.1111110002
32005  26.264  -50.850  37.163 0.1111110002
30943  26.415  -52.294  39.574 0.1111110002
33994  26.200  -48.800  35.171 0.1111110002
33006  26.335  -49.786  36.217 0.1111110002
33017  25.935  -49.529  35.579 0.1111110002
27922  24.741  -54.614  41.616 0.1111110002
26971  24.316  -55.149  42.025 0.1111110002
26978  24.437  -55.282  41.768 0.1111110002
26970  24.681  -54.864  41.739 0.1111110002
26987  25.006  -54.889  41.432 0.1111110002
28910  25.926  -53.728  41.085 0.1111110002
29900  25.307  -53.132  40.498 0.1111110002
29899  25.883  -53.034  40.754 0.1111110002
29910  25.758  -52.768  39.992 0.1111110002
29921  25.562  -52.544  38.950 0.1111110002
30963  25.783  -51.614  37.505 0.1111110002
33018  25.205  -50.020  35.229 0.1111110002
28928  24.612  -53.440  40.042 0.1111110002
29911  25.008  -52.937  39.519 0.1111110002
29932  25.270  -52.290  37.966 0.1111110002
30964  24.924  -51.988  37.092 0.1111110002
29903  11.218  -52.321  40.078 0.1111110002
39998  30.578  -41.954  29.539 0.2222220004
41984  33.460  -40.407  31.563 0.1111110002
55084  40.728  -26.802  22.212 0.2222220004
54180  40.012  -27.107  21.925 0.2222220004
54181  39.291  -27.381  21.599 0.3333329856
118789  35.014  -35.824  26.973 0.1111110002
46585  35.365  -35.443  26.545 0.2222220004
50441  35.678  -32.377  26.149 0.2222220004
34010  26.374  -48.109  34.733 0.2222220004
35021  26.501  -47.569  34.214 0.2222220004
33032  25.563  -49.246  35.008 0.1111110002
36077  27.344  -46.440  32.639 0.2222220004
61519  41.244  -19.193  22.834 0.3333329856
36093  28.788  -46.279  31.557 0.2222220004
30973  25.430  -51.183  36.555 0.1111110002
125973  28.011  -46.598  32.563 0.2222220004
131063  25.149  -57.453  38.188 0.1111110002
35075  30.003  -46.912  31.709 0.1111110002
35056  29.755  -47.314  32.485 0.1111110002
125291  29.077  -46.959  32.513 0.1111110002
35040  29.058  -47.403  33.010 0.1111110002
34025  28.204  -47.878  34.045 0.2222220004
34007  29.046  -49.019  35.059 0.1111110002
27929  26.734  -53.742  40.834 0.1111110002
28918  27.223  -53.436  40.605 0.1111110002
29898  26.917  -53.007  40.713 0.1111110002
35057  28.478  -46.937  32.840 0.2222220004
35041  28.275  -47.425  33.457 0.2222220004
33992  27.378  -48.581  35.372 0.1111110002
33991  28.163  -48.745  35.248 0.1111110002
33980  27.821  -48.965  36.044 0.1111110002
33005  26.980  -49.412  36.420 0.1111110002
31992  27.421  -50.596  38.049 0.1111110002
140767  26.899  -50.526  37.511 0.1111110002
30962  26.660  -51.187  38.075 0.1111110002
132440  26.773  -51.669  38.963 0.1111110002
30931  26.939  -52.530  40.253 0.1111110002
30930  27.433  -52.581  40.243 0.1111110002
35020  27.379  -47.512  34.066 0.2222220004
33993  26.816  -48.575  35.320 0.1111110002
33016  26.613  -49.105  35.827 0.1111110002
32013  26.753  -50.066  36.884 0.1111110002
26999  24.602  -55.883  40.002 0.1111110002
26021  24.552  -56.813  39.658 0.1111110002
125489  25.223  -55.242  39.548 0.1111110002
130697  25.677  -54.705  40.427 0.1111110002
29891  26.268  -53.253  40.909 0.1111110002
27920  26.172  -53.946  41.089 0.1111110002
30954  26.072  -51.929  38.478 0.1111110002
32028  25.610  -50.327  35.960 0.1111110002
32014  26.065  -50.438  36.555 0.1111110002
27921  25.294  -54.360  41.284 0.1111110002
28911  25.223  -53.990  41.308 0.1111110002
28919  25.655  -53.435  41.012 0.1111110002
29909  26.411  -52.839  40.495 0.1111110002
28920  24.959  -53.613  40.960 0.1111110002
29922  24.754  -52.825  38.489 0.1111110002
29933  24.488  -52.634  37.586 0.1111110002
45680  41.847  -36.487  26.314 0.1111110002
46593  41.167  -35.192  25.957 0.1111110002
59626  42.711  -21.954  26.305 0.1111110002
59642  42.100  -21.521  25.770 0.1111110002
64324  42.906  -16.820  21.189 0.2222220004
137429  44.631  -15.226  20.180 0.1111110002
67006  46.305  -13.357  18.277 0.2222220004
66101  46.123  -14.056  19.854 0.1111110002
67005  46.920  -12.991  18.706 0.2222220004
67885  47.482  -12.590  18.177 0.2222220004
67886  46.832  -12.950  17.823 0.2222220004
67899  48.181  -12.183  16.871 0.3333329856
67884  48.734  -12.002  18.342 0.2222220004
68763  48.916  -11.840  16.593 0.2222220004
68747  49.442  -11.514  18.066 0.1111110002
68746  50.192  -10.988  17.818 0.1111110002
68752  49.498  -11.408  17.172 0.2222220004
68761  50.207  -11.145  15.932 0.2222220004
67039  60.330  -13.929  11.287 0.2222220004
119610  59.711  -13.482  11.562 0.2222220004
130684  51.004  -10.468  19.047 0.1111110002
69584  50.668  -10.783  16.403 0.2222220004
67048  59.927  -13.265  11.032 0.2222220004
67928  59.631  -12.806  10.625 0.3333329856
67920  59.511  -12.837  11.380 0.3333329856
69573  51.356  -10.183  17.346 0.1111110002
67921  59.149  -12.918  12.231 0.3333329856
119108  59.125  -12.050  12.090 0.3333329856
137523  59.368  -12.859  10.092 0.2222220004
69572  51.937  -9.817  17.007 0.3333329856
68783  59.446  -12.254  11.107 0.3333329856
69605  59.252  -11.452  11.126 0.3333329856
70430  59.036  -9.776  12.030 0.1111110002
69598  58.938  -10.436  13.398 0.1111110002
70437  58.512  -9.287  11.182 0.1111110002
70446  58.249  -9.826  10.723 0.1111110002
69620  57.894  -10.018  10.592 0.1111110002
70447  57.909  -9.434  10.764 0.1111110002
69612  58.808  -10.369  10.982 0.1111110002
71254  58.216  -8.513  11.483 0.1111110002
124597  58.767  -8.828  12.056 0.1111110002
133203  59.013  -9.453  12.958 0.1111110002
71255  57.755  -8.325  11.507 0.1111110002
70438  58.049  -9.032  10.996 0.1111110002
67000  46.351  -13.575  19.218 0.2222220004
67891  47.422  -12.638  17.203 0.2222220004
116977  42.806  -17.391  21.947 0.2222220004
66999  47.239  -13.320  19.476 0.2222220004
67881  47.707  -12.760  18.996 0.2222220004
67890  48.100  -12.235  17.752 0.2222220004
136088  48.125  -12.398  18.496 0.2222220004
68753  48.786  -11.811  17.461 0.2222220004
68762  49.573  -11.467  16.275 0.2222220004
68751  50.156  -11.054  16.801 0.2222220004
69574  50.789  -10.617  17.171 0.1111110002
69566  51.028  -10.383  18.159 0.1111110002
67927  59.907  -13.276  10.240 0.2222220004
68787  59.187  -12.223  10.431 0.2222220004
19039  9.502  -64.244  42.105 0.1111110002
18099  9.581  -64.705  42.379 0.1111110002
19042  9.449  -63.725  41.669 0.1111110002
19991  9.534  -62.991  41.312 0.1111110002
19994  9.046  -62.352  40.444 0.1111110002
18103  9.198  -64.394  41.357 0.1111110002
19044  8.367  -64.016  40.453 0.1111110002
18104  8.788  -64.568  40.695 0.1111110002
19992  8.826  -63.172  40.794 0.1111110002
122743  7.464  -62.746  39.989 0.1111110002
135724  7.599  -63.449  39.828 0.1111110002
19995  8.203  -62.590  40.251 0.1111110002
19996  6.981  -62.725  39.496 0.1111110002
44767  35.863  -36.805  29.885 0.1111110002
47544  40.581  -34.545  25.498 0.1111110002
51390  36.417  -30.289  29.301 0.1111110002
51381  37.369  -30.463  30.794 0.1111110002
52350  36.771  -30.136  30.075 0.1111110002
52365  35.307  -30.093  27.751 0.1111110002
52357  35.387  -29.544  28.564 0.1111110002
133924  36.504  -25.994  29.846 0.1111110002
54113  35.274  -27.604  29.259 0.1111110002
62437  42.509  -18.635  23.162 0.1111110002
62446  42.667  -17.990  22.581 0.1111110002
62447  41.794  -18.517  22.523 0.2222220004
67053  60.793  -13.856  10.090 0.1111110002
67047  60.387  -13.733  10.757 0.1111110002
66181  60.704  -13.969  9.641 0.1111110002
67051  60.324  -13.570  10.184 0.1111110002
52364  35.881  -30.482  28.140 0.1111110002
52366  34.782  -29.705  27.433 0.1111110002
54112  35.775  -26.638  29.593 0.1111110002
54996  36.319  -25.753  29.200 0.1111110002
18100  9.320  -64.781  41.557 0.1111110002
19043  8.927  -63.929  41.052 0.1111110002
18106  7.951  -64.160  39.824 0.1111110002
19047  8.143  -63.371  40.291 0.1111110002
52356  35.918  -29.967  28.978 0.1111110002
51389  36.848  -30.885  29.185 0.1111110002
67050  60.626  -13.844  10.565 0.1111110002
67054  60.371  -13.546  9.834 0.1111110002
66189  60.401  -14.565  8.812 0.1111110002
25073  5.347  -57.440  40.352 0.1111110002
26000  7.440  -56.245  42.140 0.1111110002
26001  6.557  -56.260  42.166 0.1111110002
25059  6.220  -56.655  41.705 0.1111110002
25058  6.870  -56.877  41.810 0.1111110002
46584  36.183  -35.261  26.550 0.1111110002
47525  36.851  -34.993  26.721 0.1111110002
47532  36.985  -34.422  26.616 0.1111110002
46575  35.714  -35.834  26.989 0.1111110002
48514  36.927  -33.972  26.407 0.1111110002
47534  35.800  -34.871  26.115 0.1111110002
54169  41.080  -27.096  22.899 0.1111110002
49441  36.831  -33.381  26.612 0.1111110002
48515  36.632  -33.739  26.204 0.1111110002
55067  42.157  -26.615  23.548 0.1111110002
56080  41.725  -25.749  22.267 0.1111110002
55082  41.976  -26.105  22.959 0.1111110002
47533  36.591  -34.503  26.283 0.1111110002
56079  42.378  -25.403  22.718 0.1111110002
59688  45.703  -21.815  21.292 0.1111110002
59697  45.980  -21.360  20.830 0.1111110002
67116  56.359  -12.987  4.359 0.1111110002
68005  56.959  -12.541  3.618 0.1111110002
67949  59.517  -13.498  9.321 0.1111110002
67937  59.563  -13.168  9.706 0.1111110002
67070  59.051  -14.011  6.753 0.1111110002
67950  58.632  -13.531  8.866 0.1111110002
67938  59.129  -12.864  9.726 0.1111110002
67089  58.556  -13.384  6.457 0.1111110002
67976  58.766  -13.036  5.284 0.1111110002
67114  58.290  -13.170  4.073 0.1111110002
67992  55.495  -12.805  4.794 0.1111110002
67993  54.685  -12.552  5.250 0.1111110002
68003  58.342  -12.760  4.059 0.1111110002
67124  58.136  -12.755  3.852 0.1111110002
68016  57.608  -12.180  3.570 0.1111110002
67936  59.964  -13.373  9.799 0.1111110002
67930  59.304  -13.214  9.637 0.1111110002
68794  59.037  -12.271  10.213 0.1111110002
67071  58.347  -13.735  7.721 0.1111110002
68795  58.342  -11.811  10.172 0.1111110002
68859  53.605  -11.520  5.219 0.1111110002
67939  58.051  -13.024  9.262 0.1111110002
68806  58.657  -12.148  9.994 0.1111110002
68007  55.200  -12.106  4.336 0.1111110002
67991  58.314  -12.394  4.968 0.1111110002
68855  58.212  -12.331  4.199 0.1111110002
68867  57.800  -11.887  3.773 0.1111110002
67977  58.127  -12.655  6.019 0.1111110002
68842  57.758  -12.089  5.520 0.1111110002
69611  58.663  -11.504  10.481 0.1111110002
67951  57.765  -13.283  8.511 0.1111110002
67961  57.586  -13.093  7.302 0.1111110002
67940  57.435  -12.777  9.159 0.1111110002
68805  59.057  -12.567  9.947 0.1111110002
67088  59.216  -13.598  5.518 0.1111110002
67990  58.590  -12.907  4.514 0.1111110002
67113  58.585  -13.254  4.331 0.1111110002
24146  5.430  -58.154  38.086 0.1111110002
36057  26.914  -46.675  33.111 0.2222220004
38959  21.051  -42.707  34.315 0.2222220004
49492  33.367  -32.684  21.106 1.0000000000
50486  34.160  -31.871  20.559 1.0000000000
51423  38.593  -30.468  23.532 0.3333329856
53281  32.309  -28.237  23.024 1.0000000000
55053  32.747  -26.944  23.947 0.7777780294
57872  39.506  -23.598  25.437 0.1111110002
59670  39.226  -21.388  23.733 0.4444440007
68004  58.067  -12.392  3.785 0.1111110002
127133  36.058  -22.741  22.403 0.6666669846
128940  35.272  -32.989  20.758 1.0000000000
131541  8.394  -61.965  40.191 0.1111110002
132983  13.010  -59.117  40.336 0.1111110002
139226  38.002  -46.038  31.449 0.1111110002
139716  18.048  -47.745  37.774 0.1111110002
140211  36.296  -44.266  29.910 0.1111110002
141062  37.480  -22.669  18.503 0.6666669846
