#!ascii label  , from subject sub-v1s13x0050037_ses-1 vox2ras=TkReg
1939
37771  41.210  -45.128  -35.934 0.6000000238
36810  40.070  -46.520  -35.579 0.5000000000
39734  39.930  -43.232  -36.185 0.6999999881
39744  40.229  -43.251  -37.022 0.6000000238
40767  40.168  -42.525  -37.822 0.6000000238
41792  39.748  -41.531  -37.664 0.6000000238
38759  40.885  -44.439  -35.690 0.6999999881
39733  40.645  -43.862  -36.304 0.6000000238
38776  40.872  -44.010  -37.212 0.5000000000
39742  40.897  -43.737  -38.001 0.5000000000
39750  40.720  -43.081  -38.343 0.5000000000
40772  40.636  -42.280  -38.612 0.6000000238
41791  40.205  -41.017  -38.275 0.6000000238
38752  40.618  -44.307  -34.921 0.5000000000
36809  40.780  -45.744  -35.722 0.5000000000
38765  41.456  -44.812  -37.178 0.6000000238
41795  40.730  -41.427  -38.905 0.6000000238
141317  39.038  -47.738  -35.490 0.5000000000
35839  38.536  -47.615  -35.013 0.5000000000
43697  38.721  -40.141  -36.252 0.6000000238
43696  39.122  -39.358  -36.546 0.6999999881
40754  39.251  -42.722  -35.024 0.6000000238
40761  39.316  -42.594  -35.893 0.6999999881
42780  38.914  -40.892  -36.657 0.6000000238
42788  39.411  -40.800  -37.304 0.6000000238
141199  39.824  -40.729  -37.813 0.6000000238
39720  40.282  -43.715  -34.892 0.6000000238
39727  39.802  -43.253  -35.363 0.6999999881
42787  40.125  -40.247  -38.160 0.6000000238
38753  40.326  -44.550  -34.371 0.5000000000
129107  40.312  -43.931  -34.272 0.5000000000
42791  40.599  -40.482  -38.802 0.6000000238
36801  39.512  -46.171  -34.808 0.5000000000
120122  40.951  -39.882  -39.310 0.6000000238
36802  38.600  -46.787  -34.475 0.5000000000
42793  41.541  -39.982  -39.989 0.6000000238
44590  41.832  -38.265  -40.831 0.6999999881
43712  41.676  -39.228  -40.421 0.6000000238
43711  42.472  -39.054  -41.199 0.6000000238
126943  43.600  -38.745  -41.966 0.6000000238
116905  44.422  -37.476  -43.344 0.6000000238
44594  44.503  -38.424  -42.871 0.6000000238
45473  40.111  -37.591  -42.273 0.5000000000
45470  38.414  -37.743  -41.152 0.6999999881
45469  39.199  -37.875  -41.735 0.6000000238
45471  37.759  -37.538  -40.566 0.8000000119
44599  37.792  -38.341  -40.924 0.6999999881
44557  38.581  -38.717  -35.595 0.6000000238
44567  39.007  -38.644  -36.174 0.6999999881
119871  38.351  -41.563  -34.994 0.6999999881
41779  38.473  -41.044  -35.763 0.6999999881
43685  38.282  -40.079  -35.504 0.6000000238
43705  39.606  -39.291  -37.301 0.6999999881
44566  39.386  -38.688  -36.782 0.6999999881
40748  39.308  -42.800  -34.163 0.6000000238
41772  38.153  -41.636  -34.220 0.6000000238
44573  39.727  -38.284  -37.409 0.8000000119
39709  39.497  -43.274  -32.897 0.5000000000
135333  39.355  -42.882  -33.435 0.5000000000
44580  40.177  -38.111  -38.164 0.8000000119
43707  40.413  -39.558  -38.590 0.6000000238
37747  39.430  -45.232  -33.667 0.5000000000
38745  39.939  -44.490  -33.693 0.5000000000
126347  40.451  -37.953  -38.782 0.8000000119
119792  40.775  -39.078  -39.274 0.6000000238
45457  40.647  -37.441  -39.357 0.8000000119
45456  41.164  -37.753  -40.068 0.8000000119
44585  41.199  -38.673  -39.925 0.6999999881
46367  42.785  -36.604  -41.471 0.6999999881
45462  41.814  -37.170  -40.852 0.6999999881
46371  44.133  -35.692  -43.289 0.6999999881
46366  43.663  -36.109  -42.271 0.6999999881
44596  42.649  -37.515  -41.453 0.6999999881
46374  44.124  -35.955  -43.873 0.6000000238
45466  44.159  -36.660  -42.866 0.6000000238
45467  43.701  -37.703  -42.299 0.6000000238
46376  42.627  -36.188  -43.568 0.6999999881
45474  44.124  -36.539  -44.119 0.6999999881
45472  44.325  -36.517  -43.714 0.6000000238
126336  40.597  -36.767  -42.424 0.6999999881
121579  41.997  -37.286  -43.330 0.6000000238
46370  39.000  -37.032  -41.279 0.8000000119
45468  39.817  -36.907  -41.877 0.8000000119
134150  40.911  -37.292  -42.717 0.6000000238
46363  38.673  -36.318  -40.721 0.8999999762
45458  36.237  -37.783  -39.827 0.6999999881
135629  37.835  -36.723  -40.246 0.8000000119
45464  37.038  -38.065  -40.385 0.6999999881
45426  38.794  -37.907  -35.684 0.6000000238
46333  39.170  -37.107  -36.091 0.6999999881
46326  39.139  -36.363  -35.728 0.6999999881
44547  38.187  -38.427  -34.942 0.6000000238
46332  39.366  -36.449  -36.398 0.6000000238
43667  37.396  -39.374  -33.711 0.4000000060
42760  37.564  -40.079  -34.219 0.6000000238
43678  37.756  -39.267  -34.537 0.6000000238
45436  39.345  -37.877  -36.589 0.6999999881
41761  37.652  -40.940  -33.815 0.6000000238
45444  39.653  -37.509  -37.273 0.8000000119
40732  38.752  -42.538  -32.105 0.4000000060
41751  38.442  -42.246  -32.881 0.5000000000
40739  38.698  -42.343  -33.649 0.6000000238
46340  39.855  -36.785  -37.749 0.8000000119
39710  39.375  -43.609  -32.283 0.5000000000
45450  40.268  -37.273  -38.521 0.8000000119
37748  38.729  -45.582  -33.325 0.4000000060
46354  41.165  -36.638  -40.084 0.8000000119
36792  38.258  -46.312  -33.700 0.5000000000
46362  42.188  -36.093  -40.925 0.8000000119
47283  43.285  -33.846  -41.741 0.8000000119
47287  43.236  -35.609  -41.647 0.6999999881
47276  41.778  -35.463  -40.349 0.8000000119
46372  42.964  -35.375  -43.463 0.8000000119
47286  43.519  -34.667  -42.100 0.6999999881
48271  41.950  -34.166  -42.526 0.8999999762
46373  41.832  -35.659  -42.964 0.8999999762
135323  43.804  -34.747  -43.001 0.6999999881
47293  41.555  -34.989  -42.593 0.8999999762
46375  43.756  -35.841  -43.856 0.6999999881
126627  41.466  -36.576  -42.937 0.6000000238
46369  39.538  -36.178  -41.429 0.8999999762
46357  35.689  -36.698  -38.822 0.8000000119
45452  34.863  -37.877  -38.842 0.8000000119
118556  36.231  -36.926  -39.341 0.8000000119
45459  35.430  -37.550  -39.234 0.8000000119
46356  37.088  -36.239  -39.482 0.8000000119
46365  37.020  -37.208  -39.975 0.6999999881
120256  38.784  -37.023  -35.344 0.6999999881
138526  39.237  -35.683  -35.430 0.6000000238
119846  38.434  -37.607  -34.997 0.6000000238
45413  38.402  -36.982  -34.576 0.5000000000
118659  39.588  -34.925  -35.552 0.6999999881
44530  37.325  -38.670  -33.175 0.4000000060
45403  37.581  -37.799  -33.391 0.5000000000
45414  38.043  -37.732  -34.307 0.6000000238
126287  39.605  -36.051  -37.109 0.6999999881
43658  37.232  -39.464  -32.822 0.5000000000
140634  37.297  -40.189  -31.486 0.5000000000
124455  37.475  -41.073  -32.863 0.6000000238
41736  37.631  -41.473  -30.902 0.4000000060
40718  37.966  -42.062  -31.482 0.4000000060
119527  41.268  -34.389  -39.024 0.8000000119
47268  40.588  -35.306  -38.898 0.8000000119
40717  38.672  -42.733  -31.198 0.4000000060
47277  41.511  -34.872  -39.717 0.8000000119
122944  40.830  -35.873  -39.541 0.8000000119
46355  40.550  -36.702  -39.259 0.8000000119
121432  38.429  -45.228  -32.482 0.3000000119
132677  43.047  -33.211  -41.088 0.8000000119
116512  42.649  -34.278  -40.653 0.8000000119
49212  42.927  -33.180  -41.960 0.8000000119
48267  41.420  -33.799  -41.995 0.8999999762
48270  42.704  -33.881  -42.588 0.8999999762
48263  40.827  -33.438  -41.381 0.8999999762
47288  40.908  -34.782  -42.060 0.8999999762
48268  40.178  -34.535  -41.322 0.8999999762
47289  40.059  -35.389  -41.569 0.8999999762
140493  39.271  -35.468  -40.872 0.8999999762
135529  35.297  -36.936  -38.442 0.8000000119
45445  34.859  -37.562  -38.113 0.8000000119
137866  38.633  -35.734  -40.442 0.8999999762
46364  38.087  -35.936  -40.024 0.8999999762
47280  36.110  -36.075  -38.887 0.8000000119
47278  37.648  -35.323  -39.382 0.8000000119
132805  38.676  -35.648  -34.189 0.6000000238
47251  38.810  -36.177  -34.880 0.6000000238
123724  39.451  -34.370  -34.388 0.6000000238
47229  38.348  -35.623  -33.323 0.6000000238
45385  37.593  -37.156  -31.795 0.4000000060
46291  37.738  -36.747  -32.460 0.4000000060
46302  37.949  -36.433  -33.204 0.4000000060
45402  38.002  -37.055  -33.782 0.5000000000
130424  39.833  -34.838  -36.413 0.6999999881
131392  37.296  -38.127  -32.660 0.4000000060
140135  39.723  -35.335  -36.889 0.6999999881
44515  37.426  -38.324  -30.993 0.5000000000
134171  37.258  -38.758  -31.629 0.4000000060
48248  40.079  -34.737  -37.186 0.6999999881
44504  37.625  -38.666  -30.354 0.5000000000
132895  41.208  -33.995  -38.349 0.8000000119
47261  40.430  -34.760  -38.102 0.8000000119
49208  42.662  -32.669  -40.408 0.8000000119
121685  42.302  -31.954  -41.318 0.8000000119
138143  41.352  -32.581  -41.377 0.8999999762
49214  42.085  -32.855  -41.791 0.8999999762
49215  40.994  -32.029  -40.996 0.8999999762
139187  39.321  -34.767  -40.605 0.8999999762
139410  38.982  -34.458  -40.120 1.0000000000
46349  35.233  -36.018  -38.003 0.8000000119
134653  38.233  -34.416  -39.382 1.0000000000
123096  35.546  -36.019  -38.432 0.8000000119
48262  37.183  -34.662  -38.824 1.0000000000
47279  36.669  -35.383  -38.879 0.8000000119
47270  35.856  -35.307  -38.509 0.8000000119
48224  39.183  -34.266  -33.418 0.6000000238
49165  39.709  -33.632  -33.813 0.6000000238
48225  38.685  -34.848  -32.938 0.6000000238
50155  40.177  -32.960  -34.167 0.6999999881
46282  37.884  -36.416  -31.741 0.4000000060
46290  37.975  -35.974  -32.457 0.4000000060
47212  38.362  -35.360  -32.458 0.4000000060
45384  37.846  -36.861  -31.217 0.4000000060
48242  40.249  -34.235  -36.706 0.6999999881
44514  37.930  -37.851  -30.200 0.5000000000
46274  38.814  -36.457  -30.384 0.4000000060
49189  40.654  -33.570  -36.584 0.8000000119
49202  41.594  -33.267  -38.223 0.8000000119
50165  40.993  -32.802  -36.431 0.8000000119
50175  42.098  -31.805  -39.237 0.8000000119
126423  42.267  -32.585  -39.205 0.8000000119
51163  41.844  -31.141  -41.016 0.8000000119
50181  42.342  -31.735  -40.541 0.8000000119
122776  42.015  -31.901  -41.529 0.8999999762
121065  40.288  -33.087  -40.697 0.8999999762
50187  40.387  -31.376  -40.611 0.8999999762
49209  39.190  -33.709  -39.960 1.0000000000
49210  38.419  -33.383  -39.250 1.0000000000
119225  35.769  -34.635  -38.157 0.8000000119
46342  35.116  -36.801  -37.671 0.8000000119
117774  37.501  -33.891  -38.747 1.0000000000
119748  36.325  -34.104  -38.234 0.8000000119
138437  36.776  -34.175  -38.485 0.8000000119
139393  39.394  -33.715  -32.133 0.6000000238
49173  40.483  -32.963  -35.051 0.6999999881
50154  40.472  -32.261  -34.493 0.6999999881
47198  38.937  -34.947  -31.178 0.4000000060
48191  38.703  -34.851  -32.016 0.5000000000
49180  40.562  -33.294  -35.825 0.8000000119
134395  40.685  -32.134  -35.285 0.8000000119
46275  38.259  -36.323  -31.032 0.4000000060
50160  40.754  -32.634  -35.750 0.8000000119
47177  40.041  -35.514  -29.863 0.4000000060
139008  39.667  -35.269  -30.119 0.4000000060
50170  41.747  -32.480  -38.183 0.8000000119
50171  41.358  -32.257  -37.191 0.8000000119
51148  41.628  -31.687  -38.198 0.8000000119
126504  42.033  -31.249  -40.235 0.8000000119
139890  41.567  -31.175  -41.119 0.8999999762
53025  40.613  -29.466  -40.294 0.8000000119
50182  39.564  -32.557  -40.022 1.0000000000
123322  39.163  -31.709  -39.679 1.0000000000
51161  39.662  -30.783  -40.294 1.0000000000
50183  38.448  -32.448  -39.199 1.0000000000
50177  36.757  -32.348  -38.140 1.0000000000
48256  36.108  -33.901  -37.888 0.8999999762
138149  35.322  -35.436  -37.706 0.8000000119
48243  35.672  -34.566  -37.119 0.8999999762
49204  36.535  -33.146  -38.022 1.0000000000
49198  36.282  -33.271  -37.381 1.0000000000
49192  35.973  -33.965  -37.217 1.0000000000
52130  36.852  -30.830  -38.671 1.0000000000
118495  36.736  -29.833  -38.655 1.0000000000
52125  36.613  -30.519  -37.806 1.0000000000
52122  36.559  -30.660  -36.659 1.0000000000
53015  36.614  -29.040  -37.825 1.0000000000
138808  36.605  -29.789  -37.847 1.0000000000
50137  40.050  -32.173  -32.811 0.6999999881
50147  40.270  -32.254  -33.688 0.6999999881
51133  40.193  -31.475  -33.327 0.6999999881
116822  40.208  -31.772  -31.029 0.6000000238
50128  39.933  -32.036  -31.903 0.6000000238
49153  39.621  -33.542  -31.439 0.6000000238
48171  40.063  -33.912  -30.211 0.5000000000
51138  40.489  -31.512  -34.739 0.8000000119
49122  41.613  -33.868  -29.598 0.4000000060
125665  40.611  -31.392  -35.570 0.8000000119
133464  40.727  -31.228  -36.305 0.8000000119
51149  41.103  -31.332  -37.191 0.8000000119
51154  41.222  -30.891  -38.424 0.8000000119
124818  40.704  -30.525  -37.677 0.8000000119
125130  41.000  -29.809  -39.871 0.6999999881
52129  41.326  -30.424  -39.644 0.8000000119
52138  40.833  -29.965  -40.804 0.8999999762
53904  40.404  -28.685  -39.894 0.8000000119
52139  40.102  -29.954  -40.564 0.8999999762
53033  40.151  -28.756  -40.383 1.0000000000
139346  39.839  -29.039  -40.498 1.0000000000
52135  38.894  -30.286  -40.072 1.0000000000
52140  39.309  -29.443  -40.417 1.0000000000
53912  38.888  -28.166  -40.532 1.0000000000
139835  37.946  -30.490  -39.532 1.0000000000
53906  37.952  -28.444  -40.184 1.0000000000
53027  37.575  -29.292  -39.867 1.0000000000
136805  37.028  -29.403  -39.396 1.0000000000
50166  36.424  -32.608  -36.737 1.0000000000
49183  36.010  -34.150  -36.401 1.0000000000
53020  36.814  -28.850  -38.937 1.0000000000
135895  36.552  -31.684  -36.941 1.0000000000
128074  36.535  -32.033  -36.126 1.0000000000
52999  36.404  -29.865  -36.014 1.0000000000
135405  36.435  -28.262  -37.413 1.0000000000
53010  36.534  -29.678  -37.000 1.0000000000
51128  40.053  -31.370  -32.422 0.6999999881
52092  39.941  -30.550  -32.892 0.6999999881
51100  41.239  -30.876  -29.826 0.5000000000
136535  40.097  -31.347  -31.696 0.6999999881
52104  40.173  -30.859  -34.038 0.6999999881
125893  40.633  -31.903  -30.333 0.6000000238
50102  41.570  -32.445  -29.604 0.5000000000
50103  40.860  -32.493  -29.969 0.5000000000
52114  40.272  -30.763  -35.025 0.8000000119
131571  40.311  -30.690  -35.910 0.8000000119
52121  40.502  -30.651  -36.767 0.6999999881
53008  40.273  -30.000  -37.286 0.8000000119
53014  40.359  -29.422  -38.119 0.8000000119
53019  40.595  -29.341  -39.371 0.6999999881
53900  40.242  -27.969  -39.613 0.8999999762
54782  39.878  -27.258  -39.344 0.8000000119
131858  39.269  -25.716  -39.028 0.8000000119
138622  38.992  -24.626  -37.764 0.8000000119
54789  39.746  -27.446  -40.197 0.8999999762
55741  39.555  -26.467  -39.115 0.8000000119
54794  39.223  -27.347  -40.604 1.0000000000
55748  39.472  -26.634  -40.117 0.8999999762
56704  38.774  -24.902  -39.827 0.8999999762
56693  38.706  -24.365  -38.708 0.8000000119
55749  39.036  -26.135  -40.694 0.8999999762
132708  38.258  -26.555  -40.674 1.0000000000
53028  37.251  -28.674  -39.695 1.0000000000
52136  37.267  -30.117  -39.366 1.0000000000
53907  37.102  -27.813  -39.380 1.0000000000
53901  36.692  -28.122  -38.242 1.0000000000
52116  36.455  -30.544  -35.716 1.0000000000
55743  36.792  -26.153  -38.738 1.0000000000
54775  36.376  -27.529  -37.623 1.0000000000
53011  36.259  -29.173  -36.262 1.0000000000
118489  36.389  -26.758  -37.879 1.0000000000
55733  35.922  -25.887  -37.803 1.0000000000
54767  34.869  -27.134  -36.769 1.0000000000
52052  41.038  -30.288  -30.090 0.6999999881
52053  40.585  -30.249  -30.709 0.6999999881
52070  40.290  -30.220  -31.357 0.6999999881
52966  40.027  -29.783  -31.977 0.6999999881
52975  39.745  -29.604  -32.849 0.6999999881
52046  41.718  -30.339  -29.692 0.6000000238
52093  39.771  -29.966  -33.634 0.6999999881
51090  41.193  -31.656  -29.792 0.5000000000
52105  39.822  -30.053  -34.534 0.6999999881
122332  41.949  -31.808  -29.474 0.5000000000
52988  39.610  -29.277  -34.910 0.8000000119
53009  39.906  -29.177  -36.997 0.6999999881
52998  39.700  -29.228  -35.905 0.6999999881
140018  39.796  -28.523  -37.135 0.6999999881
133764  40.068  -28.597  -37.822 0.6999999881
53899  40.370  -28.624  -38.917 0.6999999881
55724  39.538  -26.318  -37.786 0.8000000119
56684  39.458  -25.761  -36.779 0.8000000119
126594  39.187  -24.027  -36.426 0.8000000119
56692  39.162  -25.213  -38.091 0.8000000119
57569  38.762  -24.016  -37.602 0.8000000119
56712  38.556  -25.441  -40.526 1.0000000000
57585  38.247  -23.744  -39.981 0.8999999762
129785  38.416  -23.617  -38.862 0.8000000119
57591  38.165  -24.487  -40.444 1.0000000000
58475  38.052  -23.000  -39.430 0.8000000119
54790  37.675  -27.080  -40.210 1.0000000000
56713  38.050  -25.270  -40.678 1.0000000000
54783  37.260  -26.661  -39.682 1.0000000000
55742  37.419  -25.560  -40.027 1.0000000000
56706  36.720  -24.922  -38.874 1.0000000000
53000  35.837  -29.205  -35.572 1.0000000000
52117  36.122  -30.010  -35.162 1.0000000000
56694  35.637  -24.882  -37.936 1.0000000000
127512  34.770  -25.255  -37.532 1.0000000000
55734  34.847  -26.147  -37.220 1.0000000000
53887  35.639  -28.449  -36.169 1.0000000000
56696  33.533  -24.699  -37.370 1.0000000000
52955  40.455  -29.534  -31.096 0.6999999881
133865  40.922  -28.674  -30.831 0.6999999881
128563  39.861  -29.067  -32.339 0.6000000238
53852  39.634  -28.880  -32.942 0.6000000238
134744  39.540  -28.844  -33.578 0.6000000238
53871  39.483  -28.489  -34.248 0.6999999881
139559  39.492  -27.814  -35.618 0.6999999881
53878  39.520  -28.475  -35.298 0.6999999881
53886  39.616  -28.318  -36.411 0.6999999881
139294  39.605  -27.770  -36.768 0.6999999881
56677  39.480  -25.324  -35.891 0.8000000119
133609  39.620  -27.254  -37.109 0.6999999881
58461  38.750  -23.259  -36.917 0.8000000119
59356  38.059  -22.271  -38.674 0.8000000119
139349  38.083  -23.286  -39.895 0.8000000119
56705  37.693  -24.506  -40.256 1.0000000000
58476  37.727  -22.862  -39.478 1.0000000000
59357  37.507  -21.581  -38.805 0.6999999881
125083  37.291  -23.133  -39.348 1.0000000000
59361  37.009  -21.929  -38.999 0.8999999762
57588  36.086  -23.120  -38.561 1.0000000000
57576  35.814  -24.004  -38.279 1.0000000000
57577  34.353  -23.222  -37.822 1.0000000000
52106  35.776  -30.334  -34.330 1.0000000000
56695  34.519  -24.284  -37.720 1.0000000000
57578  33.458  -23.865  -37.451 1.0000000000
53879  34.519  -27.809  -36.178 1.0000000000
52989  35.195  -29.352  -34.742 1.0000000000
55735  33.888  -25.521  -37.280 1.0000000000
53843  40.228  -28.856  -31.643 0.6999999881
140611  39.493  -27.557  -33.854 0.6000000238
54750  39.515  -26.949  -34.440 0.6999999881
54765  39.539  -27.499  -36.284 0.6999999881
54758  39.526  -27.033  -35.434 0.6999999881
118168  39.552  -26.693  -36.494 0.6999999881
55718  39.535  -26.139  -35.724 0.8000000119
57559  39.454  -24.567  -35.800 0.6999999881
58460  39.344  -23.312  -36.007 0.6999999881
60285  38.749  -21.447  -36.993 0.6999999881
59348  38.440  -22.342  -37.489 0.6999999881
126543  38.113  -21.452  -38.168 0.6999999881
60290  36.438  -20.964  -38.449 0.8000000119
60289  37.444  -20.654  -38.527 0.6999999881
59362  35.720  -21.591  -38.326 0.8999999762
58478  34.993  -22.272  -38.084 1.0000000000
141175  34.486  -21.102  -37.137 1.0000000000
134214  34.142  -28.809  -35.114 1.0000000000
135860  33.856  -22.371  -37.336 1.0000000000
54768  33.790  -27.098  -36.659 1.0000000000
55736  33.079  -25.344  -37.166 1.0000000000
121628  40.507  -27.968  -31.520 0.6000000238
53851  39.851  -28.223  -32.352 0.6000000238
54733  39.686  -27.393  -32.921 0.6000000238
55694  40.001  -26.560  -32.618 0.6000000238
55695  39.646  -26.623  -33.569 0.6000000238
141000  39.572  -26.418  -34.215 0.6000000238
55711  39.534  -26.322  -34.817 0.6000000238
56671  39.576  -25.577  -35.024 0.6999999881
58449  39.802  -23.389  -35.269 0.6999999881
59333  39.665  -22.637  -35.630 0.6999999881
59347  39.052  -22.486  -36.432 0.6999999881
130230  39.431  -20.873  -36.340 0.6999999881
131644  38.876  -20.574  -37.127 0.6999999881
60286  38.285  -20.545  -37.955 0.6999999881
64020  44.571  -17.628  -32.624 0.3000000119
61211  37.380  -19.594  -38.231 0.6999999881
64893  45.847  -17.021  -31.852 0.3000000119
119095  36.403  -20.117  -38.095 0.8000000119
138477  34.485  -32.885  -31.416 0.8999999762
60291  35.168  -20.801  -37.656 1.0000000000
122807  34.821  -31.740  -32.175 1.0000000000
52107  34.850  -29.925  -33.906 1.0000000000
52095  34.544  -30.464  -33.205 1.0000000000
58462  33.830  -22.322  -37.007 1.0000000000
57571  33.088  -24.383  -37.136 1.0000000000
57579  33.150  -24.238  -37.244 1.0000000000
55725  33.519  -26.244  -37.064 1.0000000000
53880  33.434  -28.222  -35.876 1.0000000000
56685  32.797  -25.209  -36.989 1.0000000000
54719  40.899  -27.135  -31.453 0.6000000238
55678  40.599  -26.512  -31.912 0.6000000238
56631  40.981  -25.910  -31.769 0.6000000238
56647  40.491  -25.868  -32.329 0.6000000238
57531  40.828  -24.635  -32.641 0.6000000238
57542  40.745  -24.075  -33.258 0.6999999881
132424  40.273  -24.186  -34.091 0.6999999881
56658  40.235  -24.932  -33.465 0.6000000238
59321  44.169  -22.343  -35.319 0.3000000119
60260  43.594  -21.432  -36.516 0.3000000119
57553  39.793  -24.206  -34.970 0.6999999881
60277  39.520  -21.783  -35.982 0.6999999881
63073  44.276  -18.091  -33.235 0.3000000119
64034  43.814  -17.432  -33.296 0.4000000060
130468  44.125  -17.009  -32.589 0.4000000060
64894  43.498  -16.350  -33.275 0.4000000060
49154  33.909  -33.501  -31.206 0.6999999881
49155  33.005  -33.758  -30.948 0.6999999881
66630  44.163  -14.143  -31.347 0.3000000119
64879  45.155  -16.414  -31.594 0.3000000119
62158  36.918  -18.720  -37.545 0.6999999881
51119  33.729  -31.794  -31.070 0.8999999762
66615  45.018  -14.210  -30.721 0.3000000119
65725  44.418  -15.609  -31.690 0.3000000119
61210  35.491  -20.075  -37.307 0.8000000119
51118  34.086  -31.362  -31.742 0.8999999762
66640  43.914  -14.730  -31.871 0.3000000119
65736  43.615  -15.258  -32.710 0.3000000119
60287  35.293  -20.246  -36.979 0.8000000119
59335  35.296  -21.648  -36.384 1.0000000000
52990  33.957  -29.316  -34.520 1.0000000000
58452  34.485  -22.696  -36.441 1.0000000000
53888  32.387  -27.679  -36.528 1.0000000000
58453  33.903  -23.250  -36.588 1.0000000000
54769  32.654  -26.935  -36.866 1.0000000000
57563  33.113  -24.696  -36.689 1.0000000000
55727  32.328  -25.943  -36.764 1.0000000000
56680  32.746  -25.478  -36.286 1.0000000000
58416  41.386  -23.994  -32.601 0.6999999881
58431  41.285  -23.364  -33.118 0.6999999881
59308  43.955  -22.563  -34.084 0.4000000060
58441  40.710  -23.425  -33.786 0.6999999881
58442  40.251  -23.462  -34.545 0.6999999881
59324  40.208  -22.696  -34.948 0.6999999881
60261  43.189  -21.142  -35.405 0.4000000060
60264  40.094  -22.039  -35.348 0.6999999881
60275  43.440  -20.663  -37.171 0.3000000119
138442  42.787  -21.171  -34.763 0.5000000000
60276  40.223  -21.112  -35.467 0.6999999881
61199  40.077  -20.066  -36.116 0.6999999881
137316  43.206  -20.232  -37.654 0.5000000000
61206  39.286  -20.147  -36.800 0.6999999881
63099  44.178  -19.206  -35.029 0.4000000060
64050  43.273  -17.982  -37.351 0.6000000238
131679  43.301  -17.556  -35.818 0.5000000000
62150  39.408  -19.384  -36.988 0.6999999881
63089  43.747  -18.185  -34.335 0.3000000119
62151  38.716  -18.872  -37.658 0.6999999881
127806  41.265  -12.352  -34.485 0.4000000060
64916  42.767  -16.331  -35.597 0.4000000060
62157  37.891  -18.791  -37.965 0.6999999881
50118  31.914  -32.485  -30.464 0.6999999881
68397  41.846  -12.386  -33.729 0.4000000060
130370  43.246  -17.033  -34.341 0.4000000060
64906  42.939  -16.023  -34.393 0.4000000060
48173  31.894  -34.009  -30.808 0.6000000238
67483  43.523  -13.223  -31.641 0.3000000119
67492  43.079  -13.180  -32.637 0.3000000119
67500  42.326  -12.750  -33.552 0.4000000060
65745  42.998  -15.199  -33.909 0.4000000060
65754  42.546  -15.161  -34.990 0.4000000060
62153  36.216  -18.704  -37.027 0.6999999881
63121  36.831  -18.171  -37.062 0.6999999881
50116  33.349  -32.291  -30.746 0.6999999881
67501  41.803  -12.411  -34.498 0.4000000060
123859  42.073  -14.183  -35.367 0.4000000060
61209  35.704  -19.393  -36.991 0.8000000119
66641  43.432  -14.144  -32.689 0.3000000119
117458  43.013  -14.232  -33.586 0.3000000119
66659  42.499  -14.092  -34.604 0.4000000060
61208  35.952  -19.807  -36.661 0.8000000119
52983  33.646  -29.850  -33.836 1.0000000000
60279  35.881  -20.939  -36.358 0.8999999762
59336  34.391  -21.820  -36.729 1.0000000000
116666  32.180  -26.611  -36.722 1.0000000000
56679  33.751  -25.050  -35.691 1.0000000000
57561  34.286  -24.280  -35.903 1.0000000000
57560  35.214  -23.650  -35.724 1.0000000000
55720  32.233  -25.975  -36.225 1.0000000000
54770  31.818  -27.159  -36.539 1.0000000000
56673  33.410  -25.802  -35.181 1.0000000000
55715  32.068  -26.505  -35.595 1.0000000000
57529  42.202  -24.179  -32.223 0.6000000238
59295  42.472  -22.865  -33.031 0.6000000238
59296  41.835  -22.721  -33.164 0.6000000238
59311  41.237  -22.738  -33.612 0.6999999881
59309  43.176  -22.463  -33.604 0.5000000000
59310  42.305  -22.088  -33.622 0.6000000238
60253  41.280  -22.070  -34.069 0.6999999881
59322  43.593  -21.849  -34.740 0.5000000000
60250  42.923  -21.635  -34.266 0.4000000060
60263  40.696  -21.835  -34.713 0.6999999881
60251  42.383  -21.292  -34.346 0.6000000238
61183  41.061  -20.889  -34.876 0.6999999881
61181  42.678  -20.620  -35.505 0.6000000238
61198  40.771  -20.368  -35.431 0.6999999881
61196  42.930  -20.242  -37.411 0.6000000238
62140  43.137  -19.790  -37.758 0.6000000238
62143  40.896  -19.595  -35.835 0.6999999881
62149  40.233  -18.973  -36.536 0.6999999881
125281  43.188  -18.981  -37.729 0.5000000000
63108  43.011  -18.257  -37.905 0.6000000238
139944  42.684  -18.139  -37.735 0.6000000238
126101  40.815  -14.950  -34.113 0.4000000060
64924  42.944  -17.093  -36.882 0.4000000060
63117  42.566  -17.640  -37.472 0.5000000000
63118  41.347  -17.475  -37.113 0.6000000238
120926  39.361  -18.471  -37.355 0.6999999881
119874  41.356  -13.098  -33.613 0.4000000060
63120  38.440  -18.184  -37.704 0.6999999881
68408  41.496  -12.341  -34.436 0.4000000060
65747  40.773  -13.794  -34.750 0.5000000000
65755  42.242  -15.382  -35.651 0.4000000060
63125  37.540  -18.126  -37.502 0.6999999881
51102  32.925  -31.717  -30.762 0.8999999762
50117  32.708  -32.427  -30.569 0.6999999881
123887  42.856  -13.486  -33.325 0.4000000060
66667  41.483  -13.455  -35.438 0.4000000060
62145  37.067  -18.826  -36.234 0.6999999881
127383  36.672  -18.378  -36.838 0.6999999881
66660  41.989  -12.954  -35.120 0.4000000060
52083  33.600  -30.777  -32.230 0.8999999762
126527  36.873  -21.499  -35.537 0.8999999762
52108  32.464  -30.074  -34.101 0.8999999762
127479  32.027  -27.216  -36.682 1.0000000000
52991  32.595  -29.596  -34.824 1.0000000000
58451  35.626  -22.677  -35.971 1.0000000000
53881  32.148  -28.533  -36.094 1.0000000000
124163  35.446  -24.577  -35.165 1.0000000000
54761  31.548  -27.795  -36.218 1.0000000000
53003  31.514  -29.164  -35.720 1.0000000000
56678  35.014  -25.177  -34.967 1.0000000000
55697  35.089  -26.948  -32.606 0.8999999762
55696  35.782  -26.549  -33.127 1.0000000000
55712  35.092  -26.389  -33.834 1.0000000000
54751  32.603  -27.035  -34.288 1.0000000000
127832  31.635  -27.104  -36.023 1.0000000000
55698  34.791  -26.831  -33.364 1.0000000000
55706  33.764  -26.957  -33.728 1.0000000000
54748  32.200  -27.584  -33.625 0.8999999762
54746  34.262  -27.213  -32.921 1.0000000000
54734  33.684  -27.386  -32.441 0.8999999762
60252  41.876  -21.558  -34.034 0.6999999881
60262  41.374  -21.394  -34.404 0.6999999881
61182  41.917  -20.725  -34.694 0.6999999881
61197  41.417  -20.200  -35.345 0.6999999881
62129  42.198  -20.013  -35.809 0.6000000238
62141  42.682  -19.527  -37.185 0.6000000238
62142  41.588  -19.407  -36.078 0.6999999881
131038  42.107  -18.535  -37.002 0.6000000238
63110  41.025  -18.600  -36.437 0.6000000238
63119  40.130  -17.939  -37.069 0.6000000238
65737  41.495  -15.225  -32.507 0.3000000119
63109  43.014  -18.926  -37.880 0.6000000238
132883  41.244  -15.323  -33.270 0.4000000060
136891  41.443  -16.757  -32.533 0.4000000060
64051  42.475  -16.960  -37.094 0.6000000238
64058  41.501  -16.590  -36.960 0.5000000000
124586  39.107  -17.640  -37.475 0.6000000238
64932  41.720  -16.013  -36.508 0.4000000060
64060  38.847  -17.164  -37.020 0.6000000238
64908  40.619  -15.678  -34.420 0.5000000000
65768  41.003  -14.820  -36.012 0.4000000060
65762  41.654  -15.006  -35.771 0.4000000060
64061  38.141  -17.420  -36.815 0.6000000238
122328  40.499  -14.786  -34.973 0.5000000000
66668  41.087  -13.188  -35.483 0.4000000060
129420  37.644  -18.327  -35.946 0.6000000238
66669  40.941  -13.384  -35.346 0.4000000060
65763  40.764  -14.502  -35.613 0.4000000060
52071  33.109  -31.025  -31.491 0.8999999762
60278  36.995  -20.590  -35.773 0.8999999762
61201  36.691  -19.565  -36.245 0.8000000119
52084  32.709  -30.488  -32.585 0.8999999762
134563  32.311  -30.288  -33.536 0.8999999762
52110  31.013  -30.134  -34.820 0.8999999762
52109  31.638  -29.981  -34.835 0.8999999762
134405  36.252  -23.552  -35.256 1.0000000000
56662  35.633  -25.942  -34.079 1.0000000000
54753  31.340  -27.858  -35.498 1.0000000000
54752  31.670  -27.261  -34.987 0.8999999762
54721  33.871  -27.176  -31.863 1.0000000000
54722  33.126  -27.464  -31.967 1.0000000000
125207  32.808  -27.613  -32.643 0.8999999762
138578  33.919  -26.815  -31.589 1.0000000000
55682  33.308  -26.927  -31.506 0.8999999762
65726  41.665  -15.189  -31.472 0.3000000119
64880  41.661  -16.291  -31.757 0.3000000119
64008  41.573  -17.344  -31.684 0.3000000119
64059  40.459  -16.687  -36.885 0.6000000238
133132  41.159  -16.986  -33.245 0.5000000000
64021  41.334  -17.586  -32.514 0.4000000060
64933  41.071  -15.578  -36.478 0.5000000000
64934  40.356  -16.048  -36.542 0.5000000000
64935  38.826  -17.023  -36.566 0.5000000000
64907  41.128  -16.098  -33.518 0.5000000000
65769  40.730  -15.101  -36.011 0.5000000000
64927  39.507  -16.486  -36.353 0.5000000000
126980  40.686  -16.700  -34.172 0.5000000000
64926  40.111  -15.536  -36.013 0.5000000000
64055  37.636  -17.695  -36.647 0.6000000238
64917  40.199  -15.795  -35.256 0.5000000000
124573  40.485  -14.895  -35.540 0.5000000000
62144  38.043  -19.127  -35.476 0.6999999881
63101  39.748  -17.974  -34.509 0.5000000000
64042  39.915  -16.898  -34.914 0.5000000000
61200  37.562  -19.834  -35.532 0.6000000238
58450  36.745  -22.970  -35.138 0.8999999762
59334  36.367  -22.049  -35.759 0.8999999762
57554  36.952  -23.861  -34.568 0.8999999762
56649  36.600  -26.057  -32.576 0.8999999762
56661  36.525  -25.800  -33.528 0.8999999762
56672  36.097  -25.214  -34.442 0.8999999762
57555  36.257  -24.352  -34.847 1.0000000000
53872  30.874  -28.580  -35.010 0.8999999762
53882  31.238  -28.680  -35.735 0.8999999762
53864  31.231  -27.976  -34.221 0.8999999762
55680  35.084  -26.899  -32.064 0.8000000119
130484  34.861  -26.062  -31.407 0.6999999881
55699  32.424  -27.660  -32.168 0.8999999762
53853  31.895  -27.892  -32.844 0.8999999762
64000  41.616  -17.061  -30.714 0.4000000060
125859  41.450  -17.936  -30.114 0.3000000119
122681  41.591  -18.007  -30.979 0.3000000119
63052  41.412  -18.689  -30.488 0.4000000060
63061  41.439  -18.197  -31.775 0.4000000060
121963  39.555  -16.711  -36.742 0.6000000238
63091  40.478  -18.463  -33.459 0.5000000000
133001  40.772  -19.020  -32.623 0.4000000060
64053  38.828  -16.867  -36.094 0.5000000000
64054  38.267  -17.347  -36.378 0.5000000000
62130  39.876  -18.894  -33.870 0.5000000000
64052  39.546  -16.419  -35.790 0.5000000000
63111  38.465  -17.402  -35.756 0.5000000000
132756  38.975  -17.882  -35.114 0.5000000000
63102  38.430  -18.342  -35.410 0.5000000000
62131  39.247  -18.821  -34.559 0.5000000000
62132  38.713  -19.225  -34.877 0.5000000000
62114  39.566  -19.561  -33.774 0.5000000000
61169  38.658  -20.838  -34.171 0.6000000238
121449  37.966  -20.745  -34.825 0.6000000238
59313  38.619  -22.362  -33.448 0.6999999881
59325  37.958  -22.314  -34.229 0.6999999881
59326  37.219  -22.263  -34.925 0.6999999881
58443  38.141  -22.957  -33.693 0.6999999881
57543  37.997  -23.713  -33.476 0.8000000119
58444  37.561  -23.174  -34.294 0.8000000119
135466  30.800  -29.231  -35.246 0.8999999762
56660  37.342  -25.478  -32.956 0.8999999762
57545  37.039  -24.877  -33.962 0.8999999762
55679  35.770  -26.556  -32.170 0.6999999881
53854  31.005  -28.170  -33.018 0.8999999762
54735  31.602  -27.784  -32.057 0.8999999762
140415  33.160  -26.193  -31.303 1.0000000000
63041  41.181  -18.700  -29.649 0.3000000119
62066  41.162  -19.416  -30.093 0.4000000060
63042  40.784  -18.648  -28.838 0.3000000119
62096  41.186  -19.060  -31.812 0.4000000060
120430  40.810  -20.045  -29.800 0.3000000119
62097  40.752  -19.686  -32.234 0.4000000060
62088  41.297  -19.337  -30.928 0.4000000060
62077  40.982  -20.034  -30.515 0.4000000060
62113  40.215  -19.448  -33.081 0.4000000060
61147  40.505  -20.641  -31.653 0.4000000060
61137  40.614  -20.686  -30.816 0.4000000060
61167  39.765  -20.095  -33.193 0.4000000060
61155  40.282  -20.309  -32.476 0.4000000060
61156  39.677  -20.826  -32.958 0.5000000000
61168  39.210  -20.355  -33.786 0.5000000000
58432  38.490  -23.279  -33.016 0.6000000238
57544  37.771  -24.631  -33.223 0.8000000119
56648  37.293  -25.600  -31.988 0.6999999881
56633  35.679  -26.051  -31.466 0.6999999881
55684  31.543  -26.992  -31.347 0.8999999762
54723  30.731  -27.564  -31.737 0.8999999762
139834  32.781  -25.117  -31.286 0.8999999762
57518  32.141  -25.002  -31.310 0.8000000119
56636  31.877  -25.974  -31.195 0.8000000119
127387  31.999  -24.004  -31.644 0.8000000119
63034  40.496  -18.564  -28.129 0.3000000119
62067  40.721  -19.558  -29.191 0.3000000119
61129  40.594  -20.646  -29.997 0.3000000119
61116  40.228  -20.200  -28.532 0.4000000060
60223  40.335  -21.322  -30.237 0.4000000060
60214  40.243  -21.204  -29.491 0.4000000060
59278  40.003  -21.997  -30.379 0.5000000000
60239  40.097  -21.142  -32.148 0.5000000000
58402  39.412  -22.968  -31.141 0.5000000000
136723  39.144  -23.259  -30.485 0.5000000000
136057  39.520  -22.449  -32.025 0.5000000000
58403  38.904  -23.722  -31.142 0.5000000000
58417  39.177  -23.168  -31.787 0.5000000000
58418  38.755  -23.623  -32.155 0.6000000238
57533  37.941  -25.012  -32.320 0.6999999881
57514  37.787  -25.025  -31.360 0.6999999881
57515  36.198  -25.502  -30.973 0.6999999881
57506  35.892  -24.815  -30.610 0.6999999881
56624  35.357  -25.394  -31.096 0.6999999881
57507  34.987  -24.526  -30.980 0.6999999881
130192  33.407  -25.351  -31.274 0.8000000119
57516  33.962  -24.414  -31.235 0.6999999881
130389  40.765  -17.896  -28.480 0.3000000119
63023  40.083  -18.880  -27.546 0.3000000119
61103  39.898  -19.800  -27.890 0.4000000060
62058  40.395  -19.314  -28.283 0.3000000119
61117  39.632  -20.631  -28.243 0.4000000060
60215  39.721  -21.680  -29.235 0.4000000060
126225  39.585  -22.239  -29.743 0.4000000060
59258  39.167  -22.207  -29.227 0.3000000119
58384  39.035  -22.963  -29.764 0.5000000000
58395  38.592  -23.667  -30.277 0.6000000238
59267  38.535  -22.659  -29.249 0.3000000119
58385  38.252  -23.390  -29.629 0.5000000000
58386  37.440  -23.607  -29.694 0.4000000060
57513  38.375  -24.382  -31.708 0.6999999881
57503  38.210  -24.351  -30.808 0.6999999881
57495  37.094  -24.290  -30.155 0.6000000238
56623  37.041  -25.432  -31.073 0.6999999881
56632  36.472  -25.918  -31.693 0.6999999881
57505  36.692  -24.945  -30.507 0.6999999881
58396  36.408  -24.345  -30.283 0.6000000238
61104  39.221  -20.139  -27.704 0.3000000119
60203  39.310  -21.483  -28.653 0.3000000119
60204  38.546  -21.519  -28.525 0.3000000119
61118  38.941  -20.893  -28.055 0.3000000119
61119  38.044  -20.861  -28.170 0.3000000119
61120  37.101  -20.785  -28.384 0.3000000119
59259  38.143  -22.177  -28.913 0.3000000119
59260  37.312  -22.234  -29.021 0.4000000060
58387  36.580  -23.692  -29.916 0.5000000000
59269  36.910  -22.989  -29.367 0.5000000000
60216  36.421  -22.141  -29.329 0.5000000000
58397  35.621  -23.798  -30.425 0.6000000238
63936  39.601  -17.299  -26.698 0.4000000060
63937  39.115  -17.990  -26.654 0.3000000119
62026  38.903  -19.121  -27.038 0.3000000119
62027  38.321  -19.132  -26.992 0.3000000119
62045  38.682  -19.622  -27.299 0.3000000119
131902  37.766  -19.525  -27.298 0.3000000119
62046  36.960  -19.645  -27.609 0.3000000119
61107  36.584  -20.040  -28.171 0.3000000119
136093  36.781  -21.422  -28.918 0.4000000060
61121  36.139  -20.547  -28.879 0.4000000060
59270  35.912  -22.814  -29.891 0.6000000238
60206  35.949  -21.293  -29.369 0.4000000060
61130  35.392  -20.555  -29.589 0.4000000060
59279  35.195  -22.191  -30.172 0.5000000000
58398  35.013  -22.771  -30.532 0.6000000238
59289  32.340  -22.533  -31.709 0.6999999881
58407  31.145  -23.687  -31.871 0.8000000119
64814  38.523  -16.555  -26.072 0.4000000060
63938  38.216  -17.922  -26.437 0.3000000119
63002  37.704  -18.666  -26.768 0.3000000119
63024  36.934  -19.028  -27.183 0.3000000119
62047  36.185  -19.240  -27.861 0.3000000119
62059  35.834  -19.696  -28.636 0.4000000060
129392  35.492  -19.953  -29.270 0.4000000060
62078  34.872  -19.789  -29.916 0.4000000060
61138  34.752  -20.598  -30.272 0.4000000060
59280  34.583  -21.938  -30.587 0.5000000000
61139  34.486  -19.887  -30.573 0.4000000060
58404  34.443  -23.448  -30.957 0.6000000238
60225  34.351  -21.132  -30.674 0.4000000060
139666  33.114  -22.683  -31.497 0.6999999881
129846  33.420  -21.368  -31.328 0.4000000060
61149  33.464  -20.488  -31.361 0.4000000060
125930  32.885  -21.930  -31.600 0.6000000238
60234  32.728  -21.115  -31.596 0.5000000000
60235  31.988  -21.765  -31.822 0.6000000238
59291  31.007  -22.844  -32.005 0.6999999881
59298  31.076  -22.042  -32.032 0.6999999881
65645  38.135  -15.330  -25.607 0.3000000119
64801  37.135  -16.388  -25.843 0.3000000119
64816  36.842  -17.087  -26.190 0.3000000119
63940  36.501  -17.748  -26.745 0.3000000119
63026  35.636  -18.494  -28.044 0.3000000119
128625  35.611  -19.051  -28.517 0.4000000060
62068  35.252  -19.226  -29.278 0.3000000119
63043  34.898  -18.558  -29.594 0.3000000119
62069  34.775  -19.066  -29.932 0.3000000119
63044  34.598  -18.550  -30.233 0.3000000119
61148  34.169  -20.334  -30.921 0.4000000060
62090  34.197  -19.594  -30.968 0.3000000119
129952  34.156  -18.959  -31.033 0.3000000119
133869  33.861  -19.860  -31.239 0.3000000119
63063  33.700  -18.840  -31.406 0.3000000119
61150  32.630  -20.273  -31.737 0.3000000119
62098  32.390  -19.475  -31.958 0.4000000060
61157  31.759  -20.110  -32.054 0.5000000000
60241  31.262  -21.354  -31.971 0.5000000000
60242  30.338  -21.385  -32.218 0.5000000000
65646  37.238  -15.606  -25.627 0.3000000119
138989  36.786  -15.969  -25.800 0.3000000119
64817  36.080  -16.973  -26.697 0.3000000119
63941  35.702  -17.622  -27.510 0.3000000119
63993  34.727  -17.957  -29.863 0.3000000119
64001  34.472  -17.992  -30.510 0.3000000119
63062  34.102  -18.190  -31.099 0.3000000119
63064  32.944  -18.787  -31.809 0.3000000119
62099  31.575  -19.441  -32.254 0.4000000060
61158  31.055  -20.685  -32.106 0.5000000000
127595  30.907  -19.904  -32.351 0.5000000000
61159  30.187  -20.468  -32.438 0.5000000000
66549  36.788  -14.876  -25.533 0.3000000119
65663  35.798  -15.652  -26.331 0.3000000119
130994  35.779  -16.306  -26.664 0.3000000119
64839  35.481  -16.678  -27.345 0.3000000119
64853  35.177  -17.022  -28.254 0.3000000119
63982  34.833  -17.323  -29.252 0.3000000119
64862  34.637  -16.608  -29.731 0.3000000119
64009  34.273  -17.388  -30.781 0.3000000119
63075  31.933  -18.687  -32.233 0.4000000060
62100  30.785  -19.025  -32.590 0.4000000060
63077  30.131  -18.285  -32.910 0.4000000060
122079  29.999  -19.690  -32.694 0.5000000000
62101  29.646  -18.957  -32.957 0.4000000060
67407  37.892  -13.452  -25.035 0.3000000119
123858  37.281  -14.208  -25.262 0.3000000119
66573  35.207  -15.060  -26.746 0.3000000119
64840  34.994  -16.202  -27.985 0.3000000119
64854  34.788  -16.478  -28.892 0.3000000119
65707  34.533  -15.993  -30.096 0.3000000119
64010  33.802  -17.416  -31.292 0.3000000119
64882  33.527  -16.683  -31.465 0.3000000119
128188  32.645  -18.024  -32.004 0.3000000119
124939  31.900  -17.883  -32.333 0.4000000060
63076  31.111  -18.132  -32.611 0.3000000119
67408  36.727  -13.361  -25.222 0.3000000119
65648  35.912  -14.757  -25.936 0.3000000119
67418  35.263  -13.206  -26.301 0.3000000119
66574  34.807  -14.537  -27.274 0.3000000119
65682  34.791  -15.278  -27.803 0.3000000119
116756  34.594  -14.257  -28.172 0.3000000119
124457  34.606  -15.086  -28.919 0.3000000119
65697  34.633  -15.882  -29.385 0.3000000119
141091  34.572  -14.465  -28.945 0.3000000119
64881  34.067  -16.709  -30.976 0.3000000119
67409  35.841  -12.861  -25.610 0.3000000119
66563  35.187  -14.104  -26.553 0.3000000119
68317  35.236  -12.381  -26.138 0.3000000119
68318  34.712  -12.700  -26.925 0.3000000119
67427  34.612  -13.399  -27.595 0.3000000119
119079  34.559  -15.292  -29.829 0.3000000119
65727  34.139  -15.321  -30.897 0.3000000119
124792  33.844  -16.002  -31.161 0.3000000119
69177  35.222  -11.682  -25.963 0.3000000119
70000  34.880  -10.923  -26.161 0.3000000119
69184  34.522  -11.929  -27.424 0.3000000119
69178  34.811  -11.797  -26.597 0.4000000060
68325  34.516  -12.663  -27.926 0.3000000119
121059  34.550  -13.367  -28.517 0.3000000119
117447  34.552  -13.293  -29.426 0.3000000119
138282  34.440  -11.328  -27.857 0.4000000060
131694  34.539  -11.136  -27.102 0.4000000060
127016  34.457  -11.926  -28.324 0.4000000060
70001  34.478  -10.234  -26.905 0.3000000119
70008  34.409  -10.588  -27.809 0.4000000060
50176  37.027  -32.644  -38.393 1.0000000000
51156  37.025  -31.737  -38.517 1.0000000000
49203  36.832  -33.533  -38.356 0.8999999762
130159  34.428  -25.331  -31.259 0.6999999881
57517  32.921  -24.376  -31.385 0.8000000119
58406  32.610  -23.347  -31.582 0.8000000119
58405  33.478  -23.492  -31.330 0.6999999881
40762  38.978  -41.751  -36.305 0.6000000238
41787  39.258  -41.481  -36.997 0.6000000238
43704  39.975  -39.624  -37.931 0.6000000238
37756  39.922  -45.268  -34.322 0.5000000000
37757  39.067  -45.890  -34.062 0.5000000000
133095  37.904  -39.894  -34.890 0.6000000238
46368  40.614  -35.878  -42.190 0.8999999762
39702  39.136  -43.144  -31.740 0.4000000060
41752  37.872  -41.855  -32.426 0.5000000000
122168  39.023  -43.896  -31.646 0.4000000060
47269  40.032  -35.748  -38.030 0.6999999881
132811  43.218  -33.629  -42.283 0.8999999762
48237  39.819  -34.232  -35.137 0.6999999881
42742  37.261  -40.276  -32.389 0.5000000000
42718  37.473  -40.112  -30.631 0.5000000000
122119  40.751  -33.949  -37.470 0.8000000119
126130  38.469  -44.620  -31.707 0.4000000060
48261  42.340  -33.782  -39.954 0.8000000119
49190  40.127  -34.108  -35.923 0.6999999881
45376  38.163  -37.012  -30.583 0.4000000060
51164  41.273  -30.589  -40.947 0.8000000119
47262  35.447  -34.894  -37.749 0.8000000119
135907  39.486  -33.616  -32.903 0.6000000238
47190  39.352  -35.105  -30.474 0.4000000060
46265  39.506  -36.629  -29.892 0.4000000060
51145  41.012  -31.982  -36.193 0.8000000119
50184  37.683  -31.990  -38.843 1.0000000000
48159  40.695  -34.053  -29.787 0.5000000000
50115  39.976  -33.367  -30.712 0.5000000000
51150  36.639  -31.564  -37.977 1.0000000000
51101  40.691  -31.077  -30.377 0.6999999881
117635  38.112  -29.819  -40.024 1.0000000000
51155  37.418  -31.032  -39.028 1.0000000000
54766  35.889  -27.841  -36.847 1.0000000000
54776  35.776  -26.915  -37.301 1.0000000000
54774  39.779  -27.183  -38.183 0.8000000119
57586  37.974  -23.548  -40.173 1.0000000000
121042  37.834  -26.124  -40.544 1.0000000000
119451  39.606  -24.931  -35.213 0.6999999881
133109  35.810  -20.442  -37.913 0.8000000119
59350  34.130  -21.588  -37.105 1.0000000000
58463  33.432  -23.133  -37.184 1.0000000000
59349  34.628  -21.031  -36.931 1.0000000000
55705  39.990  -25.802  -33.091 0.6000000238
56670  39.831  -24.930  -34.457 0.6999999881
50129  34.421  -32.144  -31.493 1.0000000000
52082  34.352  -30.929  -32.492 1.0000000000
119014  34.575  -25.831  -34.616 1.0000000000
62128  43.639  -19.693  -37.170 0.4000000060
63100  43.654  -18.676  -36.252 0.5000000000
66661  40.788  -12.881  -35.106 0.4000000060
67510  41.292  -12.441  -35.101 0.4000000060
55714  33.026  -26.392  -34.740 1.0000000000
64925  42.325  -16.213  -36.348 0.5000000000
124411  32.508  -26.562  -31.319 0.8000000119
64035  40.409  -17.581  -34.127 0.5000000000
64043  39.122  -17.120  -35.402 0.5000000000
61185  38.489  -19.999  -34.674 0.5000000000
60265  37.585  -21.507  -34.861 0.6999999881
60255  38.365  -21.556  -34.175 0.6000000238
60240  39.603  -21.641  -32.589 0.5000000000
59312  39.204  -22.158  -32.875 0.5000000000
60232  40.265  -21.455  -31.164 0.5000000000
59288  33.562  -22.130  -31.307 0.6000000238
63981  35.230  -17.845  -28.509 0.3000000119
127572  44.342  -37.432  -43.996 0.5000000000
44605  44.020  -37.505  -44.247 0.5000000000
45475  43.445  -36.769  -44.079 0.5000000000
42809  45.303  -39.996  -43.807 0.5000000000
43727  44.329  -39.262  -44.121 0.5000000000
42804  44.554  -40.135  -42.321 0.5000000000
43722  45.002  -39.129  -43.431 0.5000000000
43721  45.008  -39.079  -43.914 0.5000000000
42805  43.579  -40.674  -41.499 0.5000000000
41802  42.765  -41.265  -40.835 0.4000000060
136584  42.714  -40.474  -40.984 0.5000000000
41797  41.890  -41.453  -40.057 0.4000000060
42798  42.237  -39.899  -40.740 0.5000000000
40778  41.064  -42.083  -39.164 0.5000000000
42799  42.027  -40.661  -40.348 0.5000000000
45404  34.443  -36.964  -33.183 0.6999999881
45393  33.752  -36.962  -32.671 0.6999999881
46304  35.543  -35.886  -34.066 0.8000000119
116672  35.929  -35.122  -35.370 0.8000000119
125816  35.644  -35.930  -35.065 0.8000000119
48238  35.782  -34.827  -36.301 0.8999999762
46292  34.303  -36.227  -32.620 0.6999999881
47243  35.878  -35.263  -34.392 0.8999999762
48226  36.060  -34.554  -33.848 0.8999999762
136748  36.146  -34.662  -34.728 0.8999999762
49182  36.318  -33.641  -35.616 0.8999999762
47214  34.504  -35.101  -32.169 0.6000000238
47231  34.865  -35.614  -32.703 0.8000000119
141149  36.483  -33.141  -34.940 0.8999999762
50156  36.519  -32.411  -34.757 0.8999999762
127983  36.555  -31.278  -35.933 0.8999999762
55674  43.670  -26.923  -31.471 0.5000000000
54712  42.224  -27.631  -30.656 0.5000000000
54718  41.804  -26.998  -31.060 0.5000000000
53836  42.525  -28.348  -30.210 0.6000000238
130823  41.711  -28.244  -30.503 0.5000000000
53837  41.303  -27.751  -30.963 0.5000000000
52953  41.732  -28.978  -30.132 0.6000000238
47199  33.721  -35.018  -31.756 0.6000000238
48213  35.051  -34.366  -32.147 0.8999999762
49167  36.072  -33.572  -33.369 0.8999999762
48212  35.623  -34.419  -32.900 0.8999999762
49166  36.435  -32.952  -34.122 0.8999999762
50149  36.366  -32.070  -33.976 0.8999999762
51139  36.412  -30.964  -34.972 0.8999999762
56629  42.576  -25.588  -31.585 0.5000000000
57512  41.976  -24.962  -31.776 0.5000000000
56644  43.407  -25.618  -31.926 0.5000000000
55676  42.256  -26.287  -31.273 0.5000000000
56630  41.691  -25.704  -31.580 0.5000000000
55693  43.913  -26.304  -31.939 0.5000000000
55675  43.143  -26.244  -31.441 0.5000000000
49160  34.781  -33.575  -31.727 0.8999999762
48192  34.272  -34.336  -31.666 0.6999999881
49159  35.463  -33.599  -32.410 0.8999999762
138604  35.687  -32.905  -32.723 0.8999999762
51135  35.849  -31.651  -33.355 0.8999999762
51134  36.151  -31.228  -34.065 0.8999999762
56645  42.853  -24.890  -31.973 0.5000000000
57530  41.472  -24.568  -32.183 0.5000000000
57527  43.754  -24.987  -32.457 0.5000000000
56643  44.060  -25.721  -32.326 0.5000000000
50140  35.099  -32.694  -32.014 0.8999999762
51129  35.131  -31.281  -32.878 0.8999999762
52094  35.453  -30.786  -33.557 0.8999999762
130660  43.356  -23.659  -32.813 0.5000000000
58414  42.680  -23.547  -32.640 0.5000000000
57541  43.945  -24.183  -32.908 0.5000000000
58430  43.828  -23.255  -33.333 0.4000000060
51103  31.553  -31.773  -30.522 0.6000000238
51104  30.686  -31.654  -30.452 0.6000000238
51120  32.107  -31.218  -30.949 0.8000000119
134648  31.162  -31.166  -30.868 0.6999999881
139334  30.440  -31.015  -30.812 0.6999999881
52056  28.951  -30.392  -31.272 0.6999999881
52074  28.349  -30.113  -31.826 0.6999999881
51121  31.424  -30.788  -31.495 0.8000000119
116754  32.037  -30.619  -31.970 0.8000000119
52054  30.592  -30.649  -31.631 0.6999999881
52073  29.051  -30.252  -32.178 0.6999999881
52088  28.582  -29.917  -32.575 0.6999999881
52101  29.079  -29.864  -33.088 0.6999999881
52976  28.081  -29.491  -32.572 0.6999999881
52099  30.302  -30.214  -34.142 0.8000000119
52100  29.762  -30.068  -33.715 0.8000000119
52098  30.863  -30.320  -34.307 0.8000000119
53867  28.875  -29.554  -33.025 0.6999999881
53866  29.493  -29.397  -33.519 0.8000000119
52111  30.621  -30.111  -34.668 0.8000000119
53856  28.832  -28.870  -32.923 0.6999999881
54736  30.036  -28.024  -32.272 0.8000000119
54725  28.735  -27.331  -31.772 0.6000000238
53873  30.413  -29.178  -34.671 0.8000000119
132564  30.230  -28.373  -33.102 0.8000000119
55686  29.432  -26.655  -31.357 0.6000000238
131806  28.932  -25.775  -31.395 0.6000000238
57521  29.327  -24.908  -31.641 0.6000000238
54724  29.786  -27.443  -31.696 0.8000000119
56638  29.978  -25.741  -31.256 0.6000000238
137072  30.743  -27.976  -32.326 0.8000000119
58409  28.907  -24.163  -32.066 0.6000000238
55685  30.434  -26.828  -31.286 0.6999999881
57520  30.707  -25.107  -31.360 0.6000000238
58419  30.199  -23.397  -32.108 0.6999999881
134335  29.365  -23.578  -32.190 0.6000000238
58408  29.739  -24.173  -31.939 0.6000000238
59299  30.198  -22.397  -32.196 0.6000000238
56637  30.989  -26.036  -31.116 0.6999999881
57519  31.323  -24.543  -31.551 0.6999999881
40771  41.159  -42.799  -39.025 0.4000000060
41798  41.331  -41.610  -39.471 0.5000000000
42794  41.295  -40.783  -39.532 0.5000000000
43717  43.386  -39.750  -41.535 0.5000000000
43716  44.496  -39.288  -42.532 0.5000000000
50161  36.480  -32.739  -35.719 0.8999999762
58429  44.431  -23.160  -34.097 0.3000000119
119455  31.570  -30.405  -33.320 0.8000000119
129094  45.177  -39.757  -43.166 0.5000000000
40787  43.709  -41.382  -41.482 0.5000000000
47230  35.520  -35.308  -33.365 0.8000000119
54711  43.036  -27.712  -30.583 0.5000000000
141252  30.388  -30.422  -32.682 0.8000000119
52087  29.299  -30.123  -33.022 0.6999999881
134720  30.076  -29.681  -34.247 0.8000000119
54738  28.273  -28.203  -32.440 0.6999999881
54737  29.166  -28.098  -32.356 0.6999999881
122077  42.751  -33.157  -29.463 0.4000000060
50100  43.386  -32.818  -29.450 0.4000000060
50101  42.528  -32.422  -29.423 0.4000000060
52044  43.373  -30.804  -29.468 0.5000000000
140372  44.535  -31.850  -29.787 0.4000000060
50113  44.800  -32.608  -30.098 0.4000000060
52941  43.460  -29.954  -29.620 0.5000000000
52942  42.365  -29.595  -29.702 0.5000000000
52043  44.066  -30.641  -29.655 0.5000000000
52050  45.190  -30.809  -30.506 0.4000000060
51087  43.862  -31.473  -29.492 0.4000000060
51117  45.888  -31.981  -31.436 0.4000000060
51098  45.639  -31.393  -31.043 0.4000000060
50126  46.283  -32.194  -32.086 0.4000000060
138441  42.449  -28.925  -29.881 0.5000000000
52069  45.879  -30.797  -31.532 0.4000000060
52079  46.320  -30.829  -32.239 0.4000000060
52113  47.758  -30.838  -35.116 0.4000000060
51131  47.096  -31.359  -33.626 0.4000000060
51127  46.460  -31.504  -32.393 0.4000000060
51141  48.213  -31.393  -35.797 0.4000000060
51137  47.506  -31.514  -34.396 0.4000000060
52952  43.197  -28.929  -29.854 0.5000000000
52951  44.109  -29.364  -30.091 0.5000000000
52950  44.839  -29.920  -30.520 0.4000000060
53910  48.597  -28.140  -42.115 0.3000000119
132657  45.479  -30.301  -31.149 0.4000000060
139278  48.804  -29.393  -41.349 0.3000000119
118225  46.543  -30.158  -32.917 0.4000000060
53023  49.191  -29.620  -41.754 0.3000000119
137653  48.676  -29.789  -39.134 0.3000000119
52128  48.537  -30.024  -37.924 0.3000000119
53006  48.064  -29.826  -36.640 0.3000000119
52120  47.714  -29.960  -35.611 0.4000000060
52103  47.294  -30.699  -34.203 0.4000000060
52091  46.916  -30.638  -33.513 0.4000000060
134670  48.994  -30.352  -39.220 0.3000000119
121938  48.535  -30.645  -37.029 0.3000000119
52119  48.142  -30.623  -36.075 0.4000000060
53841  44.418  -28.263  -31.165 0.4000000060
53840  45.095  -28.647  -31.602 0.4000000060
52964  45.308  -29.485  -31.364 0.4000000060
54793  48.114  -27.299  -42.059 0.3000000119
54781  47.455  -26.988  -39.684 0.3000000119
53903  48.401  -28.603  -40.923 0.3000000119
53897  48.082  -28.568  -39.171 0.3000000119
53892  47.710  -28.608  -37.707 0.3000000119
133583  47.530  -29.210  -36.027 0.4000000060
52980  46.900  -29.903  -33.920 0.4000000060
53018  48.543  -29.285  -39.872 0.3000000119
53013  48.288  -29.268  -38.420 0.3000000119
53842  43.740  -27.938  -30.800 0.4000000060
55722  46.695  -27.158  -36.869 0.3000000119
54764  46.456  -27.162  -35.974 0.3000000119
54757  46.389  -27.609  -35.230 0.4000000060
118707  46.198  -27.740  -34.461 0.4000000060
53862  46.091  -28.107  -33.677 0.4000000060
53849  45.447  -28.280  -32.356 0.4000000060
117470  47.139  -27.651  -37.450 0.3000000119
54763  46.821  -27.703  -36.503 0.3000000119
54756  46.738  -27.982  -35.794 0.4000000060
125217  46.492  -28.444  -34.290 0.4000000060
53848  46.039  -28.678  -32.964 0.4000000060
53898  47.583  -27.801  -38.675 0.3000000119
53876  47.052  -28.664  -35.546 0.4000000060
53870  46.855  -28.860  -34.793 0.4000000060
52981  46.485  -29.317  -33.357 0.4000000060
52996  47.282  -29.334  -35.199 0.4000000060
55692  44.517  -26.276  -32.553 0.4000000060
55704  45.010  -26.239  -33.298 0.4000000060
54716  43.491  -27.405  -31.028 0.4000000060
55709  45.920  -26.892  -34.935 0.3000000119
55710  45.426  -26.162  -34.186 0.4000000060
54730  45.208  -27.519  -32.612 0.4000000060
54715  44.123  -27.572  -31.414 0.4000000060
54745  45.579  -27.191  -33.632 0.4000000060
53863  45.691  -27.948  -33.051 0.4000000060
53850  44.830  -27.872  -31.857 0.4000000060
53857  28.036  -29.010  -32.677 0.6000000238
53858  27.124  -28.977  -32.604 0.6000000238
132075  28.632  -26.504  -31.479 0.5000000000
54726  27.749  -27.460  -32.095 0.5000000000
56639  27.900  -25.927  -31.575 0.5000000000
57522  28.363  -24.941  -31.758 0.5000000000
58421  28.612  -23.381  -32.338 0.5000000000
58420  29.345  -22.849  -32.336 0.5000000000
59300  29.221  -21.825  -32.489 0.4000000060
138494  34.137  -13.706  -31.445 0.3000000119
68381  34.117  -13.097  -31.971 0.3000000119
122160  34.520  -11.900  -29.244 0.3000000119
68350  34.563  -12.599  -29.794 0.3000000119
67472  34.356  -13.882  -30.775 0.3000000119
67485  34.416  -13.181  -31.175 0.3000000119
136163  34.335  -12.383  -32.257 0.3000000119
67494  33.358  -13.275  -32.463 0.3000000119
68390  34.237  -11.975  -32.763 0.3000000119
69189  34.458  -11.096  -28.680 0.3000000119
69208  34.552  -11.266  -29.647 0.3000000119
117821  34.603  -11.945  -30.176 0.3000000119
135616  34.736  -11.963  -31.101 0.3000000119
68380  34.553  -12.437  -31.639 0.3000000119
69237  35.210  -11.466  -31.635 0.3000000119
116924  34.938  -11.902  -32.279 0.3000000119
69245  35.117  -11.475  -33.077 0.3000000119
70076  35.672  -10.934  -33.534 0.3000000119
124857  34.511  -10.159  -29.447 0.3000000119
70031  34.601  -10.675  -29.993 0.3000000119
70864  35.033  -9.804  -30.689 0.3000000119
70044  35.100  -10.643  -30.957 0.3000000119
70863  35.744  -10.061  -31.519 0.3000000119
70055  36.023  -10.910  -31.994 0.3000000119
69236  35.803  -11.387  -32.504 0.3000000119
70075  36.647  -10.838  -33.276 0.3000000119
124515  34.384  -9.133  -28.436 0.3000000119
70833  34.473  -9.477  -29.295 0.3000000119
70849  34.659  -9.973  -30.066 0.3000000119
71688  35.242  -9.154  -30.966 0.3000000119
71698  36.163  -9.322  -31.885 0.3000000119
70875  36.707  -10.271  -32.475 0.3000000119
71711  37.139  -9.423  -32.712 0.3000000119
129993  34.691  -8.197  -30.284 0.3000000119
71689  34.655  -9.156  -30.063 0.3000000119
72568  34.898  -7.484  -30.870 0.3000000119
71712  36.444  -8.502  -32.218 0.3000000119
72552  34.462  -7.524  -29.471 0.3000000119
125521  34.579  -7.338  -30.144 0.3000000119
73425  34.642  -6.775  -30.440 0.3000000119
73443  35.044  -6.750  -31.209 0.3000000119
73410  34.466  -6.788  -29.729 0.3000000119
135125  34.480  -6.274  -30.077 0.3000000119
117736  34.193  -5.303  -29.400 0.3000000119
51132  46.733  -31.982  -32.980 0.4000000060
49121  42.499  -33.782  -29.550 0.4000000060
49119  44.098  -33.212  -29.669 0.4000000060
49151  46.044  -33.009  -32.066 0.4000000060
49134  45.318  -33.192  -30.849 0.4000000060
50158  48.255  -32.187  -35.762 0.4000000060
130013  47.605  -32.187  -34.588 0.4000000060
50145  47.245  -32.259  -33.856 0.4000000060
53031  49.151  -29.151  -42.008 0.3000000119
53017  49.031  -30.022  -40.738 0.3000000119
52127  49.380  -31.044  -40.403 0.3000000119
52124  49.065  -30.965  -38.317 0.3000000119
140871  48.458  -31.166  -36.468 0.3000000119
53909  49.209  -28.435  -42.275 0.3000000119
54788  47.615  -27.058  -41.143 0.3000000119
55740  47.012  -26.252  -39.187 0.3000000119
55747  47.165  -26.022  -40.818 0.3000000119
56656  44.987  -25.419  -33.715 0.4000000060
56669  45.349  -25.228  -34.531 0.4000000060
131092  46.056  -26.249  -35.915 0.3000000119
55723  46.443  -26.443  -36.784 0.3000000119
57540  44.568  -24.635  -33.410 0.4000000060
52089  27.750  -29.709  -32.202 0.6000000238
121557  34.388  -8.915  -27.693 0.3000000119
71663  34.391  -8.218  -28.144 0.3000000119
124478  34.409  -7.651  -28.741 0.3000000119
73390  34.378  -6.781  -28.875 0.3000000119
74270  34.230  -5.823  -28.733 0.3000000119
55751  49.380  -27.045  -41.995 0.3000000119
49123  41.157  -33.199  -29.713 0.4000000060
52045  42.583  -30.529  -29.476 0.5000000000
52080  45.940  -30.007  -31.992 0.4000000060
54780  47.858  -27.813  -40.123 0.3000000119
55691  45.004  -26.851  -32.827 0.4000000060
70014  34.409  -10.099  -28.657 0.3000000119
70068  36.540  -10.946  -32.775 0.3000000119
72567  35.457  -8.369  -31.340 0.3000000119
72583  35.656  -7.568  -31.706 0.3000000119
75157  34.025  -4.970  -28.651 0.3000000119
48158  41.351  -34.569  -29.624 0.3000000119
48156  43.098  -34.357  -29.743 0.3000000119
43710  35.211  -39.119  -39.708 0.6000000238
44588  34.918  -38.440  -39.360 0.6999999881
131733  34.454  -39.403  -38.832 0.6999999881
49135  44.620  -33.623  -30.222 0.3000000119
39690  38.548  -42.989  -30.412 0.3000000119
40700  38.121  -42.257  -30.485 0.3000000119
43698  34.339  -39.517  -36.444 0.6999999881
47176  40.784  -36.059  -29.812 0.3000000119
44568  34.512  -38.872  -37.118 0.6999999881
128905  34.434  -38.994  -38.164 0.6999999881
47174  42.736  -35.189  -29.950 0.3000000119
48155  43.941  -34.063  -29.835 0.3000000119
44581  34.573  -38.672  -38.919 0.6999999881
48170  43.642  -34.877  -30.158 0.3000000119
48209  46.095  -33.990  -32.718 0.3000000119
48188  45.269  -34.404  -31.599 0.3000000119
48168  44.988  -34.065  -30.873 0.3000000119
49172  46.740  -34.010  -33.945 0.3000000119
49164  46.537  -33.518  -33.195 0.3000000119
49158  45.750  -33.788  -32.057 0.3000000119
125694  37.609  -40.860  -30.359 0.3000000119
136355  38.481  -37.985  -29.489 0.4000000060
44558  34.669  -38.623  -36.038 0.6999999881
46264  40.312  -36.771  -29.711 0.3000000119
45375  38.772  -37.236  -29.838 0.3000000119
138682  34.698  -38.191  -36.867 0.6999999881
44574  34.637  -38.223  -37.660 0.6999999881
47188  42.442  -36.068  -30.170 0.3000000119
47186  44.119  -35.329  -30.746 0.3000000119
47196  45.029  -35.236  -31.834 0.3000000119
49152  45.664  -33.271  -31.558 0.3000000119
120703  46.896  -34.499  -34.626 0.3000000119
43631  37.651  -39.359  -30.083 0.4000000060
45428  34.856  -37.954  -35.323 0.6999999881
45366  40.586  -37.267  -29.429 0.3000000119
45367  39.692  -37.200  -29.493 0.3000000119
46272  42.317  -36.721  -30.286 0.3000000119
46263  41.138  -36.942  -29.820 0.3000000119
45438  34.915  -37.740  -36.308 0.6999999881
47197  44.488  -35.573  -31.376 0.3000000119
122844  34.869  -37.551  -37.243 0.6999999881
50153  47.462  -32.874  -34.520 0.3000000119
50136  46.479  -32.804  -32.680 0.3000000119
48231  47.437  -34.302  -35.361 0.3000000119
49171  47.237  -33.709  -34.567 0.3000000119
45427  35.166  -37.181  -35.670 0.6999999881
45374  41.936  -37.161  -30.013 0.3000000119
46334  35.426  -36.381  -36.001 0.6999999881
45383  43.396  -37.182  -31.477 0.3000000119
46271  42.945  -36.694  -30.816 0.3000000119
46341  35.291  -36.010  -37.122 0.6999999881
49178  48.160  -32.993  -35.812 0.3000000119
45365  41.418  -37.450  -29.483 0.3000000119
123081  35.619  -35.574  -36.181 0.6999999881
50159  47.828  -32.554  -35.163 0.3000000119
44591  37.136  -38.896  -40.711 0.5000000000
138412  34.513  -40.789  -38.833 0.6999999881
42803  35.784  -39.699  -39.965 0.6000000238
42797  34.929  -40.834  -39.204 0.6000000238
43714  36.475  -39.382  -40.380 0.6000000238
42769  34.079  -40.207  -35.820 0.6999999881
43686  34.364  -39.372  -35.248 0.6999999881
41710  37.902  -40.997  -29.602 0.3000000119
132270  34.291  -38.906  -34.380 0.6999999881
43630  38.078  -39.411  -29.260 0.4000000060
117682  34.620  -38.172  -34.385 0.6999999881
44489  38.679  -38.623  -28.865 0.4000000060
44502  39.150  -37.790  -29.124 0.4000000060
134760  34.917  -36.979  -33.769 0.6999999881
45356  39.984  -37.662  -28.890 0.3000000119
44487  40.351  -38.094  -28.259 0.3000000119
134568  41.106  -38.083  -28.265 0.3000000119
48157  42.169  -34.531  -29.678 0.3000000119
45416  35.025  -37.342  -34.557 0.6999999881
42796  35.064  -39.941  -39.556 0.6000000238
45364  42.157  -37.680  -29.654 0.3000000119
43617  39.178  -38.999  -28.009 0.3000000119
43728  43.141  -39.457  -43.764 0.5000000000
125059  40.161  -39.005  -42.400 0.5000000000
43725  40.163  -39.764  -42.317 0.5000000000
44606  42.994  -37.820  -43.891 0.4000000060
124774  34.791  -46.857  -36.294 0.4000000060
34803  33.503  -48.692  -36.268 0.5000000000
44602  40.758  -38.164  -42.695 0.4000000060
44601  41.815  -38.262  -43.236 0.5000000000
44603  39.719  -38.473  -42.185 0.5000000000
31888  31.504  -50.679  -36.208 0.4000000060
31889  30.737  -51.334  -36.477 0.4000000060
35840  34.376  -47.473  -36.154 0.5000000000
43720  37.910  -39.152  -41.186 0.4000000060
32888  30.795  -50.759  -35.758 0.4000000060
30840  30.269  -51.871  -37.000 0.4000000060
33827  32.405  -49.197  -35.366 0.4000000060
127825  33.796  -48.116  -35.844 0.5000000000
34795  33.103  -48.608  -35.545 0.4000000060
37773  35.042  -45.512  -36.302 0.5000000000
39747  34.511  -43.416  -37.183 0.4000000060
42802  36.492  -40.140  -40.356 0.5000000000
41801  35.135  -41.724  -38.743 0.4000000060
127917  34.992  -42.526  -38.179 0.4000000060
42795  35.743  -40.464  -39.794 0.4000000060
31891  28.917  -51.709  -36.495 0.4000000060
33849  26.454  -49.595  -37.904 0.4000000060
33828  31.579  -49.512  -35.083 0.4000000060
34804  27.737  -48.229  -36.894 0.4000000060
35842  33.217  -47.928  -35.149 0.5000000000
34796  32.590  -48.466  -34.876 0.4000000060
34798  28.359  -48.351  -35.966 0.4000000060
35841  33.770  -47.275  -35.497 0.5000000000
36807  29.219  -46.103  -34.809 0.4000000060
36814  28.809  -46.709  -35.467 0.4000000060
37765  34.507  -45.522  -35.918 0.5000000000
38769  34.130  -44.225  -35.982 0.5000000000
37761  29.484  -45.281  -34.381 0.4000000060
38757  29.233  -44.626  -34.909 0.4000000060
38768  34.601  -44.619  -36.215 0.5000000000
39735  34.246  -43.729  -36.647 0.6000000238
40769  34.338  -42.758  -37.715 0.6000000238
40774  34.330  -42.124  -38.190 0.5000000000
32897  26.820  -50.231  -37.516 0.4000000060
33840  27.521  -49.267  -36.847 0.4000000060
32889  29.175  -50.987  -35.963 0.4000000060
33839  28.157  -49.247  -36.182 0.4000000060
35832  32.658  -47.751  -34.453 0.5000000000
34786  32.127  -48.242  -34.334 0.4000000060
34797  29.099  -48.471  -35.222 0.4000000060
35831  33.211  -47.116  -34.789 0.5000000000
123245  29.973  -46.927  -33.936 0.4000000060
35843  29.217  -47.649  -34.938 0.4000000060
37766  34.033  -45.594  -35.499 0.5000000000
39736  33.832  -43.485  -36.414 0.5000000000
38756  29.750  -44.557  -34.043 0.4000000060
40770  33.853  -42.360  -37.725 0.6000000238
40775  33.929  -41.854  -38.081 0.6000000238
32891  27.448  -50.169  -36.909 0.4000000060
33816  31.149  -48.985  -34.613 0.4000000060
33831  28.911  -49.368  -35.518 0.4000000060
35834  30.830  -47.681  -33.854 0.4000000060
37758  33.555  -45.559  -34.860 0.5000000000
36805  31.117  -46.773  -33.323 0.4000000060
36806  30.055  -46.037  -33.685 0.4000000060
38761  33.878  -44.821  -35.351 0.5000000000
37760  30.279  -45.217  -33.548 0.4000000060
41793  33.942  -41.304  -38.044 0.6000000238
41794  33.614  -41.888  -37.645 0.6000000238
129985  33.533  -42.945  -36.733 0.6000000238
126692  29.509  -50.252  -35.495 0.4000000060
33817  30.460  -49.014  -34.671 0.4000000060
34789  29.863  -48.481  -34.664 0.4000000060
36803  33.162  -46.292  -34.448 0.5000000000
35833  31.898  -47.574  -33.811 0.5000000000
124099  32.095  -46.747  -33.507 0.5000000000
36804  32.610  -46.186  -33.755 0.5000000000
36794  31.918  -46.075  -33.185 0.5000000000
38754  33.405  -44.693  -34.496 0.5000000000
37759  33.083  -45.528  -34.095 0.5000000000
37749  32.490  -45.461  -33.504 0.5000000000
36795  31.023  -45.775  -33.094 0.4000000060
124961  33.480  -43.155  -35.942 0.6000000238
38748  31.574  -44.574  -33.218 0.5000000000
130054  30.213  -43.849  -33.784 0.4000000060
42790  33.796  -41.191  -37.323 0.6000000238
41788  33.432  -41.839  -36.869 0.6000000238
39721  33.434  -43.194  -34.838 0.6000000238
129151  33.352  -43.837  -34.462 0.5000000000
37750  31.776  -45.296  -33.102 0.5000000000
40756  33.390  -42.489  -36.388 0.6000000238
39715  33.138  -43.164  -34.042 0.6000000238
39722  32.968  -44.074  -33.782 0.5000000000
41780  33.604  -41.743  -35.789 0.6000000238
42781  34.044  -40.361  -36.903 0.6000000238
44541  33.381  -38.960  -33.354 0.5000000000
43669  33.499  -39.724  -33.660 0.6000000238
43670  32.960  -39.751  -33.346 0.5000000000
43679  33.837  -40.028  -34.028 0.6000000238
42751  33.293  -40.503  -33.722 0.6000000238
41763  32.754  -41.242  -33.519 0.5000000000
41764  32.105  -41.864  -33.359 0.5000000000
40750  33.512  -42.455  -35.281 0.6000000238
39716  32.635  -43.223  -33.589 0.5000000000
128836  32.195  -43.955  -33.370 0.5000000000
39717  31.836  -43.228  -33.359 0.5000000000
39718  30.832  -43.160  -33.541 0.5000000000
45405  34.015  -37.675  -33.090 0.5000000000
132552  33.305  -37.607  -32.762 0.5000000000
124157  34.563  -37.631  -33.688 0.6000000238
44540  34.104  -38.438  -33.602 0.6000000238
41762  33.305  -41.463  -33.992 0.6000000238
40742  32.273  -42.625  -33.426 0.5000000000
42761  34.031  -40.141  -34.796 0.6000000238
42762  33.679  -40.771  -34.352 0.6000000238
127622  38.879  -40.050  -41.688 0.4000000060
43713  37.317  -39.768  -40.849 0.4000000060
44598  38.463  -38.544  -41.456 0.5000000000
43719  38.607  -39.330  -41.623 0.4000000060
42770  33.890  -40.922  -35.241 0.6000000238
43723  42.424  -38.845  -43.499 0.5000000000
42806  39.568  -40.259  -41.977 0.5000000000
43724  41.105  -39.160  -42.771 0.5000000000
43718  39.385  -39.399  -42.040 0.5000000000
36812  34.285  -46.477  -35.800 0.5000000000
32879  31.188  -50.209  -35.430 0.4000000060
32880  30.386  -50.270  -35.328 0.4000000060
35850  28.143  -47.335  -36.710 0.4000000060
33830  29.847  -49.422  -34.999 0.4000000060
34787  31.449  -48.320  -34.222 0.4000000060
32890  28.216  -50.896  -36.443 0.4000000060
40740  33.341  -42.355  -34.336 0.6000000238
34805  27.154  -48.561  -37.552 0.3000000119
36815  28.404  -46.417  -36.652 0.3000000119
132835  27.386  -47.806  -37.573 0.3000000119
131421  28.635  -45.758  -36.080 0.3000000119
129726  28.119  -46.619  -37.232 0.3000000119
130199  28.418  -45.569  -36.905 0.3000000119
36821  28.256  -46.043  -37.256 0.3000000119
30841  29.572  -52.170  -36.973 0.4000000060
31881  30.075  -50.948  -35.773 0.4000000060
31890  29.791  -51.562  -36.354 0.4000000060
32878  31.927  -49.959  -35.719 0.4000000060
32881  28.647  -50.169  -35.911 0.4000000060
32898  26.181  -50.198  -38.087 0.4000000060
33815  31.911  -48.843  -34.668 0.4000000060
33829  30.781  -49.625  -34.948 0.4000000060
33848  26.977  -49.435  -37.478 0.4000000060
34788  30.627  -48.397  -34.331 0.4000000060
34793  38.618  -48.329  -35.414 0.5000000000
35835  29.949  -47.723  -34.303 0.4000000060
35844  28.585  -47.467  -35.772 0.4000000060
35851  27.783  -47.220  -37.365 0.3000000119
36811  39.203  -47.031  -35.220 0.5000000000
36813  33.662  -46.382  -35.182 0.5000000000
36820  34.786  -46.176  -36.166 0.5000000000
36822  27.907  -46.549  -37.435 0.3000000119
37751  31.048  -45.079  -33.160 0.4000000060
37755  40.496  -44.923  -34.755 0.5000000000
37763  40.849  -45.005  -35.279 0.5000000000
37764  40.290  -45.583  -35.080 0.5000000000
37767  28.926  -45.158  -35.459 0.4000000060
37770  41.476  -45.284  -36.625 0.6000000238
38722  38.518  -44.164  -31.018 0.4000000060
38740  39.692  -44.030  -32.901 0.5000000000
38741  39.110  -44.371  -32.319 0.4000000060
38746  39.261  -44.818  -33.054 0.5000000000
38747  32.380  -44.717  -33.417 0.5000000000
38749  30.649  -44.526  -33.456 0.4000000060
38755  32.913  -44.902  -33.805 0.5000000000
38760  34.281  -44.906  -35.768 0.5000000000
38766  41.153  -44.584  -36.438 0.6000000238
38779  34.710  -44.034  -36.703 0.5000000000
39714  39.793  -43.526  -33.669 0.5000000000
39726  40.448  -43.768  -35.521 0.6999999881
39728  33.698  -43.947  -35.373 0.6000000238
39743  40.528  -43.332  -37.695 0.5000000000
39748  33.913  -43.004  -37.167 0.6000000238
39749  41.322  -43.733  -38.703 0.5000000000
40741  32.891  -42.285  -33.695 0.6000000238
40743  31.451  -42.491  -33.427 0.5000000000
40749  38.697  -42.220  -34.605 0.6000000238
40755  38.752  -42.027  -35.467 0.6999999881
40763  33.495  -42.454  -37.205 0.6000000238
40768  39.560  -42.385  -36.875 0.6000000238
40777  41.691  -42.319  -39.699 0.5000000000
41724  37.810  -41.524  -30.163 0.3000000119
41760  37.955  -41.735  -33.326 0.6000000238
41773  33.619  -41.611  -34.742 0.6000000238
41796  34.389  -41.359  -38.511 0.6999999881
41800  35.800  -41.214  -39.479 0.4000000060
42703  37.755  -40.174  -29.801 0.3000000119
42750  37.345  -40.213  -33.320 0.6000000238
42752  32.610  -40.431  -33.397 0.5000000000
42759  37.990  -40.751  -34.802 0.6999999881
42779  39.235  -40.091  -36.943 0.6999999881
42782  33.818  -41.055  -36.323 0.6000000238
42789  34.076  -40.546  -37.820 0.6000000238
42792  34.268  -40.701  -38.478 0.6000000238
42801  37.261  -40.467  -40.560 0.4000000060
42812  41.898  -39.804  -43.203 0.5000000000
43649  37.347  -39.268  -31.007 0.5000000000
43668  33.892  -39.287  -33.854 0.6000000238
43706  34.265  -39.699  -37.508 0.6999999881
43708  34.299  -39.919  -38.357 0.6999999881
43709  41.216  -39.377  -39.750 0.6000000238
43715  35.866  -39.047  -39.982 0.6000000238
43726  44.959  -39.326  -44.092 0.5000000000
44486  41.765  -37.973  -28.826 0.3000000119
44488  39.528  -38.273  -28.438 0.3000000119
44503  38.017  -38.606  -29.648 0.4000000060
44521  37.256  -37.979  -31.847 0.4000000060
44539  37.653  -38.537  -34.040 0.5000000000
44548  34.607  -38.616  -35.051 0.6999999881
44572  40.053  -38.921  -38.011 0.6000000238
44579  40.433  -38.655  -38.685 0.6000000238
44586  40.727  -38.269  -39.349 0.8000000119
44587  35.574  -38.397  -39.752 0.6000000238
44592  36.368  -38.597  -40.189 0.6000000238
44595  42.796  -38.270  -41.503 0.6000000238
44597  39.035  -38.742  -41.832 0.4000000060
44600  44.650  -38.412  -43.676 0.5000000000
44604  44.500  -38.523  -44.054 0.5000000000
45355  40.861  -37.724  -28.864 0.3000000119
45377  37.618  -37.502  -31.073 0.4000000060
45392  37.488  -37.480  -32.536 0.4000000060
45415  35.359  -36.689  -35.111 0.8000000119
45437  35.155  -36.925  -36.703 0.6999999881
45451  39.936  -37.597  -37.804 0.8000000119
45463  38.362  -37.087  -40.768 0.6999999881
46273  41.707  -36.417  -29.959 0.3000000119
46281  43.862  -36.265  -31.272 0.3000000119
46303  37.731  -37.098  -33.086 0.4000000060
46305  35.054  -36.253  -33.377 0.8000000119
46316  38.335  -36.309  -34.018 0.5000000000
46317  35.313  -36.541  -34.290 0.6999999881
46348  40.272  -36.278  -38.691 0.6999999881
47175  41.685  -35.409  -29.771 0.3000000119
47178  40.019  -36.206  -29.874 0.3000000119
47187  43.300  -35.762  -30.521 0.3000000119
47189  39.907  -34.694  -29.990 0.4000000060
47213  35.163  -34.985  -32.592 0.8000000119
47242  39.156  -35.210  -34.763 0.6000000238
47257  39.465  -35.674  -36.220 0.6999999881
47258  35.445  -35.188  -37.091 0.8000000119
47284  42.833  -34.963  -41.210 0.6999999881
47285  38.584  -35.180  -40.096 0.8999999762
47290  43.918  -35.507  -43.502 0.6000000238
47291  43.530  -35.016  -43.284 0.8000000119
47292  42.599  -34.614  -42.983 0.8999999762
48169  44.364  -34.478  -30.429 0.3000000119
48172  39.562  -34.261  -30.759 0.5000000000
48189  44.712  -34.843  -31.118 0.3000000119
48190  39.189  -34.255  -31.640 0.5000000000
48193  33.413  -34.352  -31.354 0.6000000238
48210  45.639  -34.703  -32.471 0.3000000119
48211  39.073  -34.243  -32.505 0.6000000238
48232  38.852  -34.963  -33.862 0.6000000238
48233  36.135  -34.395  -35.509 0.8999999762
48249  35.730  -34.401  -37.712 0.8000000119
48254  42.048  -33.490  -39.099 0.8000000119
48255  36.324  -34.682  -38.514 0.8000000119
48264  39.746  -34.030  -40.668 0.8999999762
48265  43.374  -34.120  -42.401 0.8000000119
48266  42.473  -33.482  -42.286 0.8999999762
48269  43.204  -34.140  -42.653 0.8999999762
49120  43.345  -33.585  -29.575 0.4000000060
49136  40.500  -33.260  -30.152 0.5000000000
49137  33.259  -32.980  -30.749 0.6999999881
49138  32.399  -33.275  -30.648 0.6999999881
49157  46.207  -33.419  -32.540 0.3000000119
49163  47.049  -33.184  -33.871 0.3000000119
49174  40.017  -33.650  -34.643 0.6999999881
49175  36.347  -33.874  -34.571 0.8999999762
49179  47.685  -33.372  -35.209 0.3000000119
49181  40.232  -33.661  -35.308 0.6999999881
49191  36.247  -33.419  -36.530 1.0000000000
49197  41.264  -33.072  -37.283 0.8000000119
49211  37.614  -33.004  -38.696 1.0000000000
49213  42.587  -32.501  -41.507 0.8000000119
49216  42.982  -33.561  -42.393 0.8999999762
50099  44.064  -32.358  -29.532 0.4000000060
50112  45.471  -32.249  -30.831 0.4000000060
50114  40.332  -32.570  -30.576 0.6000000238
50127  45.780  -32.637  -31.473 0.4000000060
50130  33.929  -32.585  -30.994 0.6999999881
50138  39.747  -32.952  -32.245 0.6000000238
50139  35.483  -32.128  -32.707 0.8999999762
50146  46.825  -32.740  -33.306 0.3000000119
50148  39.925  -32.933  -33.280 0.6999999881
50150  36.074  -32.548  -33.327 0.8999999762
50164  48.535  -31.817  -36.450 0.4000000060
50172  36.517  -32.466  -37.597 1.0000000000
50186  42.055  -31.499  -41.327 0.8000000119
51086  44.609  -31.147  -29.889 0.4000000060
51088  42.782  -31.457  -29.382 0.4000000060
51089  41.861  -31.097  -29.511 0.5000000000
51099  45.101  -31.670  -30.301 0.4000000060
51116  46.123  -31.452  -31.774 0.4000000060
51142  47.880  -31.768  -35.118 0.4000000060
51144  48.759  -31.404  -37.191 0.3000000119
51153  41.725  -31.129  -39.359 0.8000000119
51160  41.628  -30.724  -40.465 0.8000000119
51162  38.433  -31.187  -39.427 1.0000000000
51165  40.844  -30.446  -40.936 0.8999999762
52051  44.612  -30.507  -30.056 0.5000000000
52055  29.714  -30.615  -31.263 0.6999999881
52072  29.775  -30.363  -32.424 0.6999999881
52081  40.071  -30.686  -31.914 0.6999999881
52085  31.111  -30.505  -32.407 0.8000000119
52086  29.962  -30.248  -33.371 0.8000000119
52096  33.407  -30.325  -33.097 0.8999999762
52097  31.557  -30.275  -34.287 0.8999999762
52115  39.881  -30.027  -35.449 0.8000000119
52134  41.162  -30.095  -40.576 0.6999999881
52940  44.257  -30.055  -29.908 0.5000000000
52943  41.516  -29.736  -29.950 0.5000000000
52954  40.974  -29.560  -30.410 0.6000000238
52965  44.653  -29.025  -30.844 0.5000000000
52973  46.180  -29.434  -32.653 0.4000000060
52974  45.692  -29.078  -32.143 0.4000000060
52982  39.598  -29.331  -34.053 0.6999999881
52984  29.649  -29.878  -33.693 0.8000000119
52986  47.038  -29.423  -34.552 0.4000000060
52987  46.718  -29.090  -34.096 0.4000000060
52992  31.206  -29.773  -35.174 0.8999999762
52993  30.856  -29.959  -34.977 0.8999999762
52994  30.585  -29.809  -34.859 0.8000000119
52997  40.021  -29.992  -36.380 0.6999999881
53001  34.881  -28.557  -35.495 1.0000000000
53002  33.040  -28.992  -35.389 1.0000000000
53004  31.032  -29.530  -35.306 0.8999999762
53007  47.712  -29.084  -36.815 0.4000000060
53024  48.912  -29.001  -42.031 0.3000000119
53026  38.484  -29.012  -40.319 1.0000000000
53030  49.736  -28.892  -41.854 0.3000000119
53032  40.245  -29.403  -40.444 1.0000000000
53034  39.437  -28.737  -40.500 1.0000000000
53835  43.946  -28.582  -30.441 0.5000000000
53855  29.540  -28.612  -33.091 0.8000000119
53865  30.474  -28.484  -34.069 0.8000000119
53877  46.614  -28.220  -35.022 0.4000000060
53885  47.248  -28.417  -36.513 0.4000000060
53889  31.827  -27.769  -36.477 1.0000000000
53893  40.114  -27.898  -38.548 0.6999999881
53894  36.356  -28.725  -36.834 1.0000000000
53905  40.138  -28.153  -40.166 0.8999999762
53911  39.708  -28.065  -40.470 0.8999999762
53913  38.344  -27.430  -40.497 1.0000000000
54717  42.840  -26.952  -30.932 0.5000000000
54720  34.475  -27.159  -32.242 1.0000000000
54731  44.469  -27.057  -32.109 0.4000000060
54732  40.163  -27.279  -32.083 0.6000000238
54747  33.291  -27.388  -33.229 0.8999999762
54759  33.324  -27.533  -36.463 1.0000000000
54760  32.008  -26.514  -36.456 1.0000000000
54773  47.228  -27.075  -38.471 0.3000000119
54784  36.768  -27.191  -38.546 1.0000000000
54787  48.064  -27.775  -41.439 0.3000000119
54792  48.855  -27.621  -42.339 0.3000000119
55677  41.348  -26.412  -31.459 0.5000000000
55681  34.519  -26.782  -31.707 0.6999999881
55683  32.459  -27.321  -31.695 0.8999999762
55687  28.063  -26.781  -31.656 0.5000000000
55713  34.188  -26.427  -34.207 1.0000000000
55717  45.691  -25.855  -35.127 0.4000000060
55719  32.538  -25.950  -35.658 1.0000000000
55726  32.579  -26.001  -37.012 1.0000000000
55731  46.803  -26.611  -37.785 0.3000000119
55750  38.488  -25.934  -40.809 1.0000000000
55754  39.277  -26.781  -40.574 0.8999999762
55755  38.874  -26.569  -40.792 0.8999999762
56634  33.942  -26.239  -31.394 1.0000000000
56635  32.648  -25.718  -31.254 0.8000000119
56646  41.065  -25.214  -32.013 0.5000000000
56657  44.475  -25.447  -32.920 0.5000000000
56659  39.709  -25.776  -34.071 0.6000000238
56697  33.053  -24.721  -37.143 1.0000000000
56703  39.189  -25.816  -40.099 0.8999999762
57494  37.842  -24.040  -30.163 0.5000000000
57504  37.455  -24.753  -30.618 0.6999999881
57528  43.146  -24.218  -32.432 0.5000000000
57532  38.286  -24.162  -32.652 0.6000000238
57562  33.278  -23.877  -36.842 1.0000000000
57568  39.231  -24.824  -36.872 0.8000000119
57570  33.181  -23.759  -37.249 1.0000000000
57587  37.101  -23.792  -39.372 1.0000000000
58394  39.528  -22.649  -30.403 0.5000000000
58413  43.104  -23.133  -33.002 0.5000000000
58415  41.953  -23.363  -32.657 0.6000000238
58469  38.358  -23.089  -38.162 0.8000000119
58470  33.417  -23.260  -37.351 1.0000000000
58477  36.563  -22.459  -38.822 0.8999999762
59268  37.789  -22.931  -29.207 0.4000000060
59286  39.839  -22.264  -31.154 0.5000000000
59287  34.198  -22.440  -30.939 0.6000000238
59290  31.635  -22.451  -31.872 0.6000000238
59297  39.000  -22.857  -32.586 0.5000000000
59323  40.701  -22.702  -34.244 0.6999999881
59358  34.481  -21.496  -37.504 1.0000000000
59360  37.674  -22.416  -39.105 0.6999999881
60202  40.019  -21.043  -28.798 0.4000000060
60205  37.688  -21.507  -28.634 0.3000000119
60217  35.600  -21.873  -29.750 0.5000000000
60224  34.948  -21.472  -30.223 0.4000000060
60233  33.855  -20.974  -31.035 0.4000000060
60254  39.093  -21.411  -33.468 0.5000000000
60288  34.883  -20.659  -37.096 0.8000000119
61105  38.377  -20.232  -27.686 0.3000000119
61106  37.464  -20.201  -27.848 0.3000000119
61184  39.071  -19.627  -34.302 0.5000000000
61207  38.611  -19.703  -37.690 0.6999999881
61212  36.213  -19.355  -37.504 0.8000000119
62044  39.421  -19.392  -27.389 0.3000000119
62079  34.478  -19.199  -30.531 0.3000000119
62089  40.951  -19.971  -31.421 0.4000000060
62091  33.886  -19.363  -31.250 0.3000000119
62092  33.323  -19.577  -31.557 0.3000000119
62152  36.182  -18.972  -36.790 0.8000000119
63001  38.606  -18.612  -26.768 0.3000000119
63003  36.929  -18.380  -26.790 0.3000000119
63025  36.288  -18.434  -27.322 0.3000000119
63035  35.259  -18.542  -28.863 0.3000000119
63053  34.353  -18.575  -30.725 0.3000000119
63074  41.090  -18.367  -32.586 0.4000000060
63090  40.908  -17.650  -33.365 0.5000000000
63112  37.842  -17.733  -36.122 0.6000000238
63113  37.270  -18.090  -36.518 0.6999999881
63116  42.954  -17.647  -37.515 0.5000000000
63124  38.183  -17.618  -37.321 0.6000000238
63939  37.329  -17.829  -26.434 0.3000000119
63991  41.138  -17.922  -29.266 0.3000000119
63992  34.963  -18.044  -29.239 0.3000000119
64011  33.128  -17.361  -31.760 0.3000000119
64062  37.434  -17.746  -37.025 0.6999999881
64813  39.338  -16.457  -26.376 0.4000000060
64815  37.810  -17.046  -26.085 0.3000000119
64870  34.413  -16.672  -30.411 0.3000000119
64895  41.468  -16.003  -32.675 0.4000000060
65647  36.455  -15.536  -25.832 0.3000000119
65662  36.401  -16.282  -26.137 0.3000000119
65681  35.272  -15.888  -27.087 0.3000000119
65715  34.252  -16.031  -30.636 0.3000000119
65756  40.780  -13.951  -35.309 0.4000000060
65767  41.229  -15.161  -36.111 0.4000000060
66606  34.549  -14.582  -29.547 0.3000000119
66616  44.312  -13.638  -30.934 0.3000000119
66631  43.639  -13.903  -32.001 0.3000000119
66650  42.388  -13.192  -34.183 0.4000000060
66651  40.914  -12.790  -34.587 0.4000000060
66674  41.144  -14.215  -35.738 0.4000000060
66675  41.014  -14.128  -35.665 0.4000000060
67419  34.826  -13.471  -26.890 0.3000000119
67437  34.555  -13.980  -29.098 0.3000000119
67511  40.903  -12.223  -34.924 0.4000000060
67518  40.932  -12.643  -35.144 0.4000000060
68332  34.523  -12.625  -28.870 0.4000000060
68366  34.586  -12.586  -30.719 0.3000000119
68387  42.386  -12.650  -32.876 0.4000000060
68391  33.741  -12.575  -32.581 0.3000000119
69224  34.736  -11.348  -30.593 0.3000000119
69244  36.124  -11.262  -33.078 0.3000000119
69251  33.755  -11.373  -33.343 0.3000000119
70067  37.099  -10.576  -32.999 0.3000000119
70824  34.379  -9.688  -27.720 0.4000000060
71673  34.439  -8.465  -29.185 0.3000000119
74289  34.406  -5.644  -30.094 0.3000000119
116768  37.414  -41.156  -31.812 0.5000000000
116890  47.398  -30.000  -34.739 0.4000000060
116913  39.782  -27.943  -37.390 0.6999999881
116923  40.760  -30.108  -38.715 0.8000000119
117108  34.529  -13.256  -30.321 0.3000000119
117565  34.574  -17.320  -30.123 0.3000000119
117880  30.640  -30.393  -33.487 0.8000000119
118157  36.484  -14.195  -25.507 0.3000000119
118199  37.210  -39.458  -31.949 0.5000000000
118449  44.185  -16.335  -32.197 0.3000000119
118515  38.779  -17.223  -26.339 0.4000000060
118551  41.633  -14.068  -31.571 0.3000000119
118660  44.750  -14.934  -31.214 0.3000000119
119088  35.230  -26.544  -31.742 0.8000000119
119961  34.525  -40.153  -39.032 0.6999999881
119972  44.859  -17.080  -32.059 0.3000000119
119973  43.297  -28.271  -30.326 0.5000000000
120192  36.556  -31.854  -35.332 0.8999999762
120538  41.987  -33.141  -29.507 0.4000000060
121031  37.224  -38.744  -32.346 0.4000000060
121347  46.711  -31.074  -32.927 0.4000000060
121477  37.495  -24.058  -33.902 0.8000000119
122569  32.452  -33.891  -30.868 0.6000000238
122578  29.944  -28.973  -33.893 0.8000000119
122785  45.404  -33.749  -31.368 0.3000000119
122843  34.714  -39.278  -39.291 0.6999999881
123089  33.984  -21.652  -31.005 0.4000000060
123208  31.783  -23.119  -31.790 0.6999999881
123621  39.479  -27.720  -34.802 0.6999999881
124076  32.647  -46.956  -34.085 0.5000000000
124078  43.701  -38.515  -44.100 0.5000000000
124086  34.358  -6.100  -29.468 0.3000000119
125125  35.306  -21.155  -29.836 0.4000000060
125359  40.684  -35.028  -29.657 0.4000000060
125722  27.978  -49.973  -36.392 0.4000000060
125964  39.837  -17.175  -37.025 0.6000000238
126367  38.657  -39.363  -35.893 0.6000000238
126502  39.800  -43.340  -34.560 0.6000000238
126601  40.313  -30.888  -31.173 0.6999999881
126709  31.625  -28.352  -36.106 1.0000000000
126855  35.438  -35.330  -38.132 0.8000000119
127284  31.900  -20.880  -31.831 0.5000000000
127319  35.856  -13.758  -25.769 0.3000000119
127354  32.262  -31.878  -30.543 0.6999999881
127524  39.493  -36.972  -36.857 0.8000000119
127615  41.727  -22.210  -33.630 0.6999999881
127620  33.433  -18.110  -31.589 0.3000000119
127862  39.108  -42.676  -32.855 0.5000000000
127924  30.534  -24.272  -31.782 0.8000000119
128505  44.370  -23.826  -33.498 0.3000000119
128700  42.516  -37.250  -30.454 0.3000000119
128741  39.459  -35.867  -30.222 0.4000000060
129434  43.346  -32.107  -29.395 0.4000000060
129507  39.914  -35.330  -37.482 0.6999999881
129675  39.532  -23.922  -35.652 0.6999999881
129722  41.240  -45.837  -36.339 0.6000000238
129908  40.464  -20.489  -29.253 0.3000000119
130275  31.233  -43.887  -33.387 0.5000000000
130341  39.287  -42.989  -32.347 0.5000000000
130388  34.669  -6.099  -30.688 0.3000000119
131193  29.356  -47.020  -34.637 0.4000000060
131323  43.752  -35.298  -42.502 0.6999999881
132378  40.389  -31.671  -34.057 0.6999999881
132665  31.403  -25.334  -31.279 0.6999999881
132913  34.495  -10.646  -29.275 0.3000000119
132961  32.125  -29.268  -35.598 1.0000000000
133138  38.825  -35.710  -30.809 0.4000000060
133156  40.683  -20.174  -31.954 0.4000000060
133192  40.492  -30.045  -37.911 0.8000000119
133232  34.719  -13.954  -27.260 0.3000000119
133435  40.254  -41.752  -38.281 0.6000000238
133522  46.401  -28.704  -33.670 0.4000000060
133565  40.473  -25.262  -32.680 0.6000000238
133634  36.446  -31.695  -34.587 0.8999999762
133717  42.341  -37.505  -30.095 0.3000000119
134083  36.594  -31.122  -37.382 1.0000000000
134203  43.411  -36.920  -42.044 0.6000000238
134240  34.114  -39.549  -34.402 0.6000000238
134325  30.209  -30.044  -34.320 0.8000000119
134529  34.405  -15.469  -30.379 0.3000000119
134536  46.520  -34.692  -34.062 0.3000000119
134569  39.692  -40.119  -37.583 0.6000000238
134899  41.440  -18.671  -31.191 0.4000000060
134955  39.541  -28.220  -33.286 0.6000000238
135437  33.569  -38.198  -33.118 0.5000000000
135656  39.936  -21.826  -31.851 0.5000000000
135774  31.707  -29.611  -35.306 0.8999999762
135850  26.617  -50.869  -37.711 0.4000000060
135991  33.745  -22.808  -31.206 0.6999999881
136007  37.583  -27.919  -40.033 1.0000000000
136171  38.780  -22.040  -28.898 0.3000000119
136436  40.016  -21.728  -29.776 0.4000000060
137240  34.727  -15.791  -28.614 0.3000000119
137246  38.215  -39.286  -35.244 0.6000000238
137531  37.110  -17.982  -36.875 0.6999999881
137716  38.789  -43.430  -31.049 0.4000000060
137723  39.911  -32.688  -31.291 0.6000000238
137897  34.394  -35.650  -32.409 0.6999999881
138216  39.502  -34.684  -34.969 0.6000000238
138991  38.392  -31.865  -39.212 1.0000000000
139079  41.072  -36.239  -42.592 0.6999999881
139175  34.855  -11.935  -31.713 0.3000000119
139259  39.621  -29.327  -33.401 0.6000000238
139266  35.292  -27.828  -36.432 1.0000000000
139345  48.060  -29.366  -37.423 0.3000000119
139724  38.352  -35.624  -31.638 0.4000000060
139863  30.051  -24.805  -31.561 0.6000000238
140065  34.635  -38.248  -38.399 0.6999999881
140144  45.581  -30.819  -31.039 0.4000000060
140238  33.542  -24.449  -36.350 1.0000000000
140478  44.214  -24.819  -32.894 0.4000000060
141055  36.423  -33.684  -38.119 1.0000000000
141064  37.416  -40.787  -31.056 0.5000000000
