#!ascii label  , from subject sub-v1s13x0050053_ses-1 vox2ras=TkReg
980
40900  11.307  -27.986  49.171 0.0000000000
38245  6.037  -33.681  30.827 0.0000000000
37266  5.213  -32.664  43.363 0.0000000000
42815  7.885  -27.878  41.985 0.0000000000
46627  11.496  -23.121  33.763 0.0000000000
38954  6.678  -30.531  47.363 0.0000000000
116257  6.406  -26.279  47.896 0.0000000000
114942  13.810  -30.603  48.891 0.0000000000
38108  9.567  -31.232  45.156 0.0000000000
112323  6.917  -34.133  42.505 0.0000000000
47337  6.863  -21.915  41.282 0.0000000000
44748  10.845  -25.274  38.921 0.0000000000
48161  8.337  -20.502  37.253 0.0000000000
104984  5.138  -35.499  38.036 0.0000000000
110617  4.446  -32.252  37.709 0.0000000000
108989  5.850  -30.270  43.008 0.0000000000
46490  6.384  -23.335  45.171 0.0000000000
115457  5.788  -30.094  36.383 0.0000000000
42885  7.059  -27.364  33.501 0.0000000000
44848  6.372  -25.335  30.855 0.0000000000
49931  7.827  -19.357  31.008 0.0000000000
39907  8.781  -28.119  48.396 0.0000000000
42752  8.113  -26.397  49.771 0.0000000000
38932  12.786  -30.630  50.082 0.0000000000
118289  12.175  -30.003  47.363 0.0000000000
38941  10.413  -29.139  47.085 0.0000000000
38086  7.638  -31.572  46.278 0.0000000000
118558  7.922  -21.637  39.076 0.0000000000
36364  4.737  -33.721  41.307 0.0000000000
38153  4.441  -32.653  40.434 0.0000000000
39994  5.327  -31.192  43.660 0.0000000000
104175  6.030  -23.155  48.901 0.0000000000
117969  6.324  -24.735  46.737 0.0000000000
36321  5.770  -33.600  42.970 0.0000000000
34562  6.246  -35.498  40.642 0.0000000000
34564  5.434  -35.060  40.528 0.0000000000
33633  5.585  -36.143  39.150 0.0000000000
41877  6.246  -29.989  39.751 0.0000000000
40117  5.062  -30.779  36.900 0.0000000000
102989  7.085  -28.994  38.827 0.0000000000
45687  11.454  -23.916  36.460 0.0000000000
43773  8.786  -26.758  35.850 0.0000000000
116992  8.411  -25.638  34.513 0.0000000000
43837  6.659  -26.452  32.702 0.0000000000
46631  8.001  -24.395  32.916 0.0000000000
38101  5.471  -31.816  46.325 0.0000000000
116386  5.609  -29.857  46.453 0.0000000000
40905  6.512  -28.342  47.826 0.0000000000
45546  7.286  -24.411  49.769 0.0000000000
101955  14.940  -28.731  47.067 0.0000000000
39992  14.402  -27.983  43.949 0.0000000000
39947  13.173  -29.121  47.059 0.0000000000
39006  10.399  -30.921  44.284 0.0000000000
37249  8.187  -32.561  44.787 0.0000000000
118825  7.147  -32.449  44.829 0.0000000000
45625  7.793  -24.156  42.018 0.0000000000
113529  9.780  -25.788  40.739 0.0000000000
45653  8.603  -23.549  40.442 0.0000000000
46584  9.242  -22.635  38.276 0.0000000000
48158  10.274  -21.837  36.191 0.0000000000
42749  13.014  -27.911  49.608 0.0000000000
110889  18.622  -28.242  45.078 0.0000000000
41822  19.687  -27.288  48.199 0.0000000000
39919  16.514  -28.649  48.721 0.0000000000
40888  14.251  -28.789  49.503 0.0000000000
33718  5.332  -38.058  36.205 0.0000000000
34603  5.341  -36.062  36.163 0.0000000000
37333  4.484  -33.383  38.176 0.0000000000
40041  4.971  -31.425  39.943 0.0000000000
117814  6.522  -29.050  42.746 0.0000000000
42776  5.997  -28.636  45.957 0.0000000000
43687  6.399  -26.803  45.019 0.0000000000
44685  7.368  -24.978  43.618 0.0000000000
47319  6.515  -22.623  43.568 0.0000000000
37367  5.060  -33.693  35.111 0.0000000000
38206  5.238  -32.776  34.169 0.0000000000
109677  5.803  -32.208  33.379 0.0000000000
41888  8.099  -28.502  37.724 0.0000000000
113655  7.243  -29.375  35.070 0.0000000000
40178  6.592  -31.474  32.513 0.0000000000
41078  7.524  -29.628  32.223 0.0000000000
41984  7.730  -27.294  30.867 0.0000000000
50805  7.788  -19.071  35.748 0.0000000000
49009  11.291  -20.306  33.690 0.0000000000
50873  11.097  -18.568  31.584 0.0000000000
47421  10.365  -21.873  31.733 0.0000000000
47425  6.947  -22.349  31.010 0.0000000000
40893  9.739  -27.356  48.577 0.0000000000
107334  9.832  -26.558  49.476 0.0000000000
42751  10.788  -27.023  49.189 0.0000000000
40891  12.322  -29.322  49.824 0.0000000000
103765  11.737  -29.753  47.685 0.0000000000
39905  11.251  -28.600  48.645 0.0000000000
38942  8.974  -29.807  47.099 0.0000000000
37425  6.456  -34.434  29.730 0.0000000000
38244  6.574  -33.476  30.512 0.0000000000
111582  4.769  -33.419  41.969 0.0000000000
37273  4.661  -32.902  42.055 0.0000000000
38133  5.101  -32.337  43.276 0.0000000000
39990  16.485  -28.661  42.797 0.0000000000
36301  5.516  -33.039  43.430 0.0000000000
35430  5.373  -33.983  42.245 0.0000000000
36345  5.005  -33.797  42.225 0.0000000000
35454  4.961  -34.250  40.944 0.0000000000
121372  6.886  -29.280  40.929 0.0000000000
41881  6.599  -29.436  39.270 0.0000000000
42827  8.082  -28.329  41.119 0.0000000000
45718  11.472  -24.070  34.939 0.0000000000
44796  10.494  -25.183  35.151 0.0000000000
45732  10.571  -24.294  33.749 0.0000000000
45734  8.270  -24.878  33.416 0.0000000000
46629  10.032  -23.920  33.033 0.0000000000
38964  5.982  -30.950  47.062 0.0000000000
39936  5.630  -29.813  47.042 0.0000000000
40904  6.727  -29.068  47.962 0.0000000000
43654  7.820  -25.747  49.905 0.0000000000
46440  7.270  -23.353  49.522 0.0000000000
38971  14.414  -29.854  48.036 0.0000000000
39946  14.017  -28.813  46.863 0.0000000000
114224  13.719  -30.150  47.750 0.0000000000
38976  10.450  -30.275  45.545 0.0000000000
38987  11.009  -29.770  45.960 0.0000000000
38988  10.091  -30.732  45.203 0.0000000000
37239  8.393  -32.353  44.987 0.0000000000
38953  7.058  -30.706  47.196 0.0000000000
37232  7.444  -32.071  45.673 0.0000000000
38088  6.546  -31.547  46.611 0.0000000000
108646  5.716  -32.321  46.050 0.0000000000
46528  7.503  -23.144  42.123 0.0000000000
45639  8.068  -23.765  41.175 0.0000000000
46554  8.129  -22.628  40.412 0.0000000000
48151  7.589  -20.703  38.097 0.0000000000
47358  8.382  -21.872  38.904 0.0000000000
48149  8.734  -21.255  37.615 0.0000000000
47383  9.936  -22.150  36.865 0.0000000000
48160  9.003  -20.895  36.877 0.0000000000
39925  17.479  -28.545  48.437 0.0000000000
106335  5.235  -35.902  37.337 0.0000000000
35486  5.147  -35.600  37.005 0.0000000000
35472  4.826  -34.568  38.062 0.0000000000
40010  5.127  -31.527  41.738 0.0000000000
39056  4.594  -31.864  40.263 0.0000000000
40964  5.738  -30.618  41.815 0.0000000000
40963  6.005  -30.255  41.123 0.0000000000
116181  6.166  -29.629  43.137 0.0000000000
42768  6.089  -28.005  47.124 0.0000000000
41830  5.814  -29.326  46.249 0.0000000000
42771  5.980  -27.690  46.393 0.0000000000
45584  6.197  -23.971  46.578 0.0000000000
111893  6.320  -26.257  45.662 0.0000000000
45588  6.612  -24.576  45.048 0.0000000000
43686  6.732  -26.394  44.473 0.0000000000
112113  6.778  -24.005  44.381 0.0000000000
45614  7.125  -24.062  43.489 0.0000000000
47308  6.434  -22.783  44.445 0.0000000000
40939  12.976  -28.041  43.122 0.0000000000
40950  14.424  -28.268  41.954 0.0000000000
36344  7.977  -34.046  42.455 0.0000000000
107366  8.102  -34.636  41.117 0.0000000000
35450  7.043  -34.879  41.442 0.0000000000
34573  6.107  -36.008  40.047 0.0000000000
33630  6.407  -36.566  39.460 0.0000000000
33648  5.457  -36.262  38.432 0.0000000000
33681  5.567  -37.804  37.074 0.0000000000
119490  4.759  -33.858  36.814 0.0000000000
36452  5.179  -34.356  35.561 0.0000000000
37344  4.639  -33.228  36.659 0.0000000000
41017  5.450  -30.420  36.608 0.0000000000
39111  4.915  -31.545  35.523 0.0000000000
40146  5.241  -30.990  35.556 0.0000000000
39133  5.494  -32.473  33.803 0.0000000000
39122  5.708  -31.057  34.735 0.0000000000
43719  10.148  -25.479  40.205 0.0000000000
42831  9.607  -27.306  39.455 0.0000000000
43745  10.253  -26.979  38.546 0.0000000000
43790  7.930  -26.735  34.910 0.0000000000
42865  8.191  -27.763  35.526 0.0000000000
41922  7.480  -28.296  34.182 0.0000000000
41052  7.034  -29.588  33.843 0.0000000000
41939  7.076  -28.693  33.100 0.0000000000
40177  7.151  -31.016  32.274 0.0000000000
41952  7.031  -28.375  32.475 0.0000000000
43854  6.621  -25.542  31.909 0.0000000000
41969  6.887  -26.982  31.529 0.0000000000
121941  6.981  -26.298  30.874 0.0000000000
50826  9.324  -18.291  34.839 0.0000000000
48998  9.942  -19.756  35.158 0.0000000000
50842  10.424  -18.681  34.093 0.0000000000
50889  8.609  -18.150  30.512 0.0000000000
49918  9.977  -19.415  30.964 0.0000000000
49037  10.782  -20.117  31.397 0.0000000000
49039  8.613  -20.897  31.139 0.0000000000
47423  8.334  -22.351  31.411 0.0000000000
49040  7.366  -20.848  31.138 0.0000000000
39915  7.260  -29.386  47.897 0.0000000000
112521  7.512  -27.641  48.761 0.0000000000
111086  7.949  -27.341  48.993 0.0000000000
38938  13.295  -30.749  49.754 0.0000000000
38959  13.287  -30.804  48.667 0.0000000000
119608  12.546  -31.021  49.646 0.0000000000
38961  11.867  -29.780  47.112 0.0000000000
38962  10.211  -30.065  46.139 0.0000000000
38098  8.913  -31.032  45.908 0.0000000000
116094  8.277  -30.982  46.546 0.0000000000
38943  7.949  -30.076  47.438 0.0000000000
48124  6.334  -20.561  40.753 0.0000000000
47350  7.671  -22.011  39.996 0.0000000000
48938  6.420  -20.532  39.691 0.0000000000
48952  6.242  -20.158  38.844 0.0000000000
48966  6.917  -20.103  37.753 0.0000000000
113545  4.997  -34.671  39.598 0.0000000000
112237  4.508  -33.490  39.900 0.0000000000
37280  4.463  -32.922  40.914 0.0000000000
39032  4.888  -31.995  42.144 0.0000000000
117743  5.596  -30.783  43.347 0.0000000000
45567  6.356  -24.469  48.627 0.0000000000
44655  6.447  -25.241  47.946 0.0000000000
46462  5.825  -23.451  47.763 0.0000000000
46463  5.532  -22.962  47.315 0.0000000000
46482  5.454  -22.708  46.578 0.0000000000
47310  5.406  -22.139  45.325 0.0000000000
35428  6.503  -34.078  42.514 0.0000000000
35440  6.586  -34.556  41.878 0.0000000000
117978  6.129  -34.423  41.980 0.0000000000
34563  5.783  -35.361  40.609 0.0000000000
34574  5.741  -35.825  40.000 0.0000000000
33632  5.784  -36.376  39.309 0.0000000000
34575  5.490  -35.466  39.937 0.0000000000
35461  5.162  -34.750  40.254 0.0000000000
40995  5.133  -30.989  38.824 0.0000000000
40101  4.827  -31.130  37.630 0.0000000000
40994  5.358  -30.635  38.567 0.0000000000
41003  5.629  -30.145  37.594 0.0000000000
41899  6.105  -29.721  37.223 0.0000000000
46566  11.264  -24.345  37.917 0.0000000000
43759  10.805  -26.288  37.725 0.0000000000
44767  10.594  -25.662  36.045 0.0000000000
44780  9.605  -25.844  35.495 0.0000000000
43803  7.595  -26.187  34.210 0.0000000000
42886  6.652  -26.943  33.018 0.0000000000
44799  7.302  -25.996  33.588 0.0000000000
45737  7.302  -25.106  32.803 0.0000000000
118617  6.903  -24.862  31.912 0.0000000000
49932  6.664  -19.252  30.908 0.0000000000
49041  5.935  -20.434  30.772 0.0000000000
49043  5.244  -19.695  30.159 0.0000000000
38118  5.223  -31.977  45.249 0.0000000000
39008  5.005  -31.501  44.932 0.0000000000
39948  5.219  -30.997  46.023 0.0000000000
41824  5.914  -28.787  47.200 0.0000000000
42765  6.418  -27.129  47.815 0.0000000000
41817  7.382  -27.112  49.076 0.0000000000
43663  7.300  -25.930  49.631 0.0000000000
44647  6.643  -25.326  48.888 0.0000000000
46442  6.419  -23.653  49.250 0.0000000000
39961  16.347  -28.529  45.773 0.0000000000
39975  15.768  -28.477  44.500 0.0000000000
39962  15.132  -28.358  45.392 0.0000000000
38986  12.066  -29.439  46.878 0.0000000000
39979  11.353  -29.206  45.381 0.0000000000
105567  11.092  -29.932  43.553 0.0000000000
36318  8.221  -33.533  42.898 0.0000000000
104459  8.015  -33.032  43.791 0.0000000000
37240  8.163  -32.329  45.052 0.0000000000
37250  7.833  -32.610  44.785 0.0000000000
36298  7.071  -33.087  43.676 0.0000000000
36287  6.253  -32.614  44.564 0.0000000000
37259  5.886  -32.680  44.312 0.0000000000
43704  8.373  -25.757  42.471 0.0000000000
43714  8.885  -26.161  41.848 0.0000000000
44709  8.774  -25.215  41.870 0.0000000000
45637  9.470  -24.493  40.533 0.0000000000
45651  9.802  -24.282  39.798 0.0000000000
117484  8.168  -22.201  39.589 0.0000000000
46569  9.015  -22.921  38.996 0.0000000000
45664  10.176  -24.075  39.005 0.0000000000
46582  10.795  -23.370  37.454 0.0000000000
47381  11.297  -23.141  35.984 0.0000000000
48165  11.334  -22.014  34.901 0.0000000000
41811  12.304  -28.329  49.764 0.0000000000
39973  17.828  -28.466  44.421 0.0000000000
119131  20.986  -26.273  47.459 0.0000000000
42763  20.172  -26.739  48.450 0.0000000000
42770  20.399  -26.876  47.147 0.0000000000
41829  19.245  -27.943  47.030 0.0000000000
39942  18.446  -28.392  46.743 0.0000000000
39944  17.162  -28.550  46.194 0.0000000000
39926  15.723  -28.871  48.025 0.0000000000
118795  14.833  -29.402  48.567 0.0000000000
39900  15.360  -28.664  49.295 0.0000000000
38937  13.893  -30.157  49.346 0.0000000000
39902  13.255  -29.875  49.736 0.0000000000
40898  12.546  -28.925  49.902 0.0000000000
36438  4.847  -34.493  37.085 0.0000000000
38173  4.409  -32.891  37.943 0.0000000000
37306  4.438  -33.077  39.428 0.0000000000
39078  4.496  -32.243  39.315 0.0000000000
40061  4.920  -31.358  39.185 0.0000000000
40975  5.760  -30.554  40.011 0.0000000000
41859  6.748  -29.181  41.707 0.0000000000
42816  7.167  -28.403  42.366 0.0000000000
39980  5.122  -31.010  44.528 0.0000000000
40929  5.905  -30.157  45.015 0.0000000000
107734  6.229  -29.689  44.717 0.0000000000
43680  6.039  -26.925  46.040 0.0000000000
116026  6.190  -27.141  45.450 0.0000000000
41842  6.451  -28.241  44.292 0.0000000000
42785  6.705  -27.378  43.932 0.0000000000
43706  7.240  -26.864  43.406 0.0000000000
43705  7.826  -26.326  42.964 0.0000000000
45613  7.644  -24.485  42.875 0.0000000000
46517  7.123  -23.273  43.026 0.0000000000
47330  6.880  -22.657  42.522 0.0000000000
47320  5.666  -21.823  43.647 0.0000000000
48104  5.851  -21.328  42.726 0.0000000000
48113  6.349  -21.177  41.595 0.0000000000
34570  8.007  -35.614  39.639 0.0000000000
34561  6.874  -35.488  40.647 0.0000000000
39100  4.632  -31.731  36.245 0.0000000000
37368  5.056  -33.164  34.591 0.0000000000
107902  5.978  -32.511  32.607 0.0000000000
42826  8.778  -27.695  40.640 0.0000000000
41889  7.621  -28.700  38.279 0.0000000000
113518  7.046  -29.240  36.651 0.0000000000
119408  9.548  -27.668  37.277 0.0000000000
41906  7.939  -28.558  36.401 0.0000000000
41028  6.360  -29.853  35.864 0.0000000000
41039  6.083  -30.449  34.858 0.0000000000
39141  6.184  -31.897  32.944 0.0000000000
39159  6.482  -32.549  31.521 0.0000000000
39158  7.209  -32.053  31.206 0.0000000000
41953  6.661  -27.298  32.096 0.0000000000
114058  7.734  -28.652  31.604 0.0000000000
49867  6.346  -19.100  36.682 0.0000000000
112250  7.024  -19.065  35.941 0.0000000000
48984  7.886  -19.541  36.222 0.0000000000
48983  9.648  -20.338  35.743 0.0000000000
48982  10.339  -20.664  35.180 0.0000000000
48172  11.574  -21.783  34.060 0.0000000000
49908  11.514  -19.630  32.386 0.0000000000
118957  11.645  -21.106  32.528 0.0000000000
47410  10.983  -22.364  32.310 0.0000000000
47412  8.867  -22.941  31.846 0.0000000000
47414  7.251  -23.274  31.420 0.0000000000
46661  6.548  -24.290  31.100 0.0000000000
46660  6.479  -23.459  30.624 0.0000000000
40892  10.820  -27.917  48.780 0.0000000000
41813  10.718  -27.131  49.031 0.0000000000
41812  11.550  -27.802  49.338 0.0000000000
110001  11.730  -28.695  49.407 0.0000000000
37417  5.576  -34.268  30.467 0.0000000000
37416  6.220  -34.064  30.197 0.0000000000
37267  4.880  -32.989  42.514 0.0000000000
112372  17.320  -28.549  43.729 0.0000000000
121350  16.906  -28.602  43.289 0.0000000000
106584  16.551  -28.612  43.877 0.0000000000
36323  4.991  -33.261  42.555 0.0000000000
36322  5.254  -33.555  42.627 0.0000000000
41875  7.349  -28.984  40.570 0.0000000000
46617  11.511  -23.363  34.628 0.0000000000
45719  10.954  -24.537  34.536 0.0000000000
46618  11.330  -23.881  34.106 0.0000000000
46628  11.040  -23.595  33.303 0.0000000000
38955  6.235  -30.511  47.317 0.0000000000
39921  6.234  -29.783  47.545 0.0000000000
39920  6.770  -29.693  47.728 0.0000000000
38972  14.128  -30.014  47.758 0.0000000000
38958  13.892  -30.389  48.260 0.0000000000
38116  9.513  -31.692  44.762 0.0000000000
38117  9.227  -32.058  44.848 0.0000000000
38109  8.969  -31.868  45.072 0.0000000000
38082  6.833  -31.153  46.929 0.0000000000
38963  6.367  -31.079  47.040 0.0000000000
113100  7.245  -22.572  41.649 0.0000000000
46542  7.940  -22.998  41.266 0.0000000000
47343  7.505  -22.313  40.804 0.0000000000
48965  7.669  -20.276  37.463 0.0000000000
48150  8.213  -20.923  37.876 0.0000000000
40009  5.553  -30.971  42.320 0.0000000000
40024  5.342  -31.150  41.300 0.0000000000
42767  6.110  -27.268  47.189 0.0000000000
42772  5.938  -28.406  46.717 0.0000000000
46481  5.954  -23.258  46.249 0.0000000000
45589  6.368  -23.976  45.865 0.0000000000
36320  7.452  -33.840  42.814 0.0000000000
35449  7.725  -34.541  41.653 0.0000000000
35439  7.266  -34.365  42.145 0.0000000000
33631  6.066  -36.538  39.440 0.0000000000
33645  6.351  -37.122  38.824 0.0000000000
34587  5.191  -35.306  38.892 0.0000000000
105972  5.470  -36.787  37.389 0.0000000000
38182  4.462  -32.739  37.227 0.0000000000
40132  5.273  -30.622  36.180 0.0000000000
39123  5.278  -31.496  34.972 0.0000000000
40145  5.682  -30.539  35.512 0.0000000000
44734  10.449  -25.186  39.677 0.0000000000
43730  10.458  -25.862  39.510 0.0000000000
43744  10.670  -26.240  38.634 0.0000000000
42874  7.423  -27.158  33.987 0.0000000000
42866  7.885  -27.483  34.720 0.0000000000
41929  7.209  -28.416  33.647 0.0000000000
42898  6.895  -27.650  33.139 0.0000000000
43868  6.603  -25.959  31.252 0.0000000000
42921  6.754  -26.245  31.125 0.0000000000
43885  6.562  -25.668  30.827 0.0000000000
120554  8.386  -17.766  35.031 0.0000000000
51798  9.226  -17.418  34.615 0.0000000000
50843  10.254  -17.848  34.146 0.0000000000
121409  8.195  -18.715  30.826 0.0000000000
50888  9.664  -18.453  30.658 0.0000000000
49919  8.861  -19.897  31.024 0.0000000000
113793  7.911  -20.232  31.077 0.0000000000
39914  7.888  -29.148  48.121 0.0000000000
115703  8.096  -27.997  48.620 0.0000000000
42758  10.281  -26.572  49.438 0.0000000000
38939  12.867  -30.976  50.151 0.0000000000
38949  12.979  -31.015  49.384 0.0000000000
38950  10.944  -29.564  46.537 0.0000000000
38080  9.158  -30.604  46.154 0.0000000000
102864  9.170  -30.250  46.539 0.0000000000
39913  8.823  -29.059  47.767 0.0000000000
38944  7.332  -30.106  47.526 0.0000000000
49839  6.154  -19.618  38.623 0.0000000000
48967  6.332  -19.872  38.183 0.0000000000
49855  6.230  -19.400  38.041 0.0000000000
36385  4.744  -34.030  40.400 0.0000000000
37290  4.585  -33.498  40.767 0.0000000000
120992  4.552  -33.371  41.065 0.0000000000
39021  5.116  -31.858  43.045 0.0000000000
38141  4.636  -32.624  41.725 0.0000000000
39995  5.334  -31.385  42.705 0.0000000000
46451  6.125  -23.675  48.817 0.0000000000
103041  6.028  -23.716  48.379 0.0000000000
112767  5.864  -23.352  48.356 0.0000000000
47281  5.528  -22.703  47.612 0.0000000000
109423  5.215  -22.195  46.441 0.0000000000
48078  5.227  -21.620  46.014 0.0000000000
35417  6.456  -33.489  43.204 0.0000000000
35429  5.970  -34.072  42.472 0.0000000000
35442  5.122  -34.217  41.593 0.0000000000
35452  5.438  -34.756  41.132 0.0000000000
40984  5.373  -30.812  39.271 0.0000000000
40983  5.693  -30.361  39.085 0.0000000000
41882  6.065  -29.859  38.805 0.0000000000
113556  6.514  -29.340  38.458 0.0000000000
41890  6.007  -29.753  38.010 0.0000000000
45674  11.422  -24.623  37.220 0.0000000000
44766  11.282  -25.275  36.647 0.0000000000
119980  11.435  -24.600  36.398 0.0000000000
44797  9.328  -25.495  34.765 0.0000000000
44781  8.512  -25.965  35.067 0.0000000000
44782  7.947  -26.216  34.822 0.0000000000
44798  7.865  -25.909  34.454 0.0000000000
44811  7.598  -25.958  34.088 0.0000000000
45735  7.644  -25.003  33.240 0.0000000000
46632  7.532  -24.712  32.627 0.0000000000
45749  7.082  -25.123  32.381 0.0000000000
110884  6.788  -17.803  30.459 0.0000000000
50891  6.302  -18.424  30.572 0.0000000000
49933  5.790  -19.220  30.587 0.0000000000
49934  5.278  -19.232  30.175 0.0000000000
38110  5.276  -31.987  45.921 0.0000000000
111362  5.038  -31.481  45.659 0.0000000000
38989  5.194  -31.515  46.135 0.0000000000
40906  5.994  -28.824  47.410 0.0000000000
40908  5.750  -29.276  47.172 0.0000000000
41821  6.384  -27.892  47.642 0.0000000000
41816  7.830  -26.827  49.395 0.0000000000
42753  7.707  -26.385  49.675 0.0000000000
44638  7.371  -25.123  49.705 0.0000000000
43664  6.826  -26.067  49.151 0.0000000000
44646  6.934  -25.243  49.381 0.0000000000
45556  6.797  -24.356  49.487 0.0000000000
46441  6.957  -23.770  49.636 0.0000000000
101714  15.442  -28.493  46.112 0.0000000000
101922  14.629  -28.536  46.472 0.0000000000
39964  13.355  -28.453  46.351 0.0000000000
119922  12.774  -30.583  48.065 0.0000000000
38974  12.527  -30.102  47.524 0.0000000000
38997  10.652  -30.163  44.999 0.0000000000
38996  11.449  -29.320  45.963 0.0000000000
39005  10.864  -29.997  44.437 0.0000000000
109814  10.664  -30.711  43.732 0.0000000000
104270  9.943  -32.140  42.979 0.0000000000
37248  8.530  -32.533  44.602 0.0000000000
37265  8.216  -33.124  43.534 0.0000000000
36319  7.906  -33.494  43.173 0.0000000000
38099  8.165  -31.694  45.875 0.0000000000
37230  8.380  -32.027  45.303 0.0000000000
37231  7.854  -32.049  45.576 0.0000000000
37242  7.069  -32.223  45.584 0.0000000000
37241  7.705  -32.257  45.262 0.0000000000
36285  7.575  -32.487  44.740 0.0000000000
117304  7.272  -32.653  44.335 0.0000000000
36299  6.669  -32.786  44.036 0.0000000000
36286  6.844  -32.481  44.847 0.0000000000
37243  5.696  -32.238  46.063 0.0000000000
37251  5.936  -32.470  45.053 0.0000000000
37252  5.644  -32.280  45.541 0.0000000000
37260  5.577  -32.421  44.518 0.0000000000
44696  8.174  -24.869  42.370 0.0000000000
45638  8.695  -24.158  40.841 0.0000000000
45652  8.893  -24.002  40.020 0.0000000000
48937  7.312  -21.359  39.455 0.0000000000
119808  7.818  -21.837  39.499 0.0000000000
47357  8.795  -22.203  38.634 0.0000000000
46570  8.639  -22.504  39.329 0.0000000000
46568  9.693  -23.373  38.610 0.0000000000
46567  10.730  -23.753  38.185 0.0000000000
46583  10.013  -23.100  37.826 0.0000000000
47382  10.745  -22.604  36.423 0.0000000000
47390  11.028  -22.318  35.674 0.0000000000
42756  12.755  -27.405  49.232 0.0000000000
42755  13.713  -27.176  49.239 0.0000000000
41841  19.035  -27.926  44.916 0.0000000000
40928  18.656  -28.176  44.112 0.0000000000
39972  18.280  -28.343  44.225 0.0000000000
39958  18.235  -28.404  45.187 0.0000000000
41818  19.457  -27.130  48.663 0.0000000000
42766  20.353  -26.820  47.861 0.0000000000
41825  19.783  -27.408  47.507 0.0000000000
41826  19.207  -27.894  47.870 0.0000000000
113649  18.121  -28.475  47.192 0.0000000000
39943  17.918  -28.525  46.473 0.0000000000
39931  17.471  -28.568  47.212 0.0000000000
101497  16.671  -28.676  48.382 0.0000000000
38956  15.650  -28.895  48.406 0.0000000000
38957  14.861  -29.357  48.236 0.0000000000
38935  15.513  -28.930  48.792 0.0000000000
40886  16.350  -28.078  49.707 0.0000000000
40887  15.343  -28.308  49.497 0.0000000000
38929  14.237  -29.581  49.253 0.0000000000
39901  14.235  -29.254  49.387 0.0000000000
38930  13.508  -30.250  49.597 0.0000000000
41810  13.612  -28.153  49.669 0.0000000000
40897  13.177  -28.827  49.809 0.0000000000
122103  12.877  -28.506  49.825 0.0000000000
32810  5.145  -38.738  36.023 0.0000000000
33699  5.454  -37.289  36.521 0.0000000000
36428  4.671  -34.057  37.743 0.0000000000
113324  4.568  -33.481  37.425 0.0000000000
37291  4.453  -33.109  40.236 0.0000000000
36418  4.477  -33.414  38.993 0.0000000000
40040  5.211  -31.224  40.513 0.0000000000
39057  4.474  -32.225  39.984 0.0000000000
39067  4.643  -31.785  39.607 0.0000000000
39077  4.633  -31.761  38.873 0.0000000000
40985  5.161  -31.126  39.409 0.0000000000
111737  5.329  -31.039  39.944 0.0000000000
104407  6.370  -29.665  41.765 0.0000000000
42803  6.906  -27.918  43.155 0.0000000000
39966  5.159  -30.850  45.390 0.0000000000
40919  5.639  -30.167  45.665 0.0000000000
41833  6.043  -29.529  45.516 0.0000000000
42787  6.281  -28.767  45.177 0.0000000000
44661  6.371  -24.997  47.299 0.0000000000
43675  6.229  -26.109  47.287 0.0000000000
44665  6.248  -25.844  46.513 0.0000000000
42786  6.240  -27.807  44.972 0.0000000000
120454  6.395  -28.490  44.733 0.0000000000
115840  6.497  -27.355  44.547 0.0000000000
44686  7.015  -25.614  44.114 0.0000000000
43697  6.997  -26.416  43.917 0.0000000000
43696  7.467  -25.928  43.608 0.0000000000
44697  7.860  -25.352  43.032 0.0000000000
46504  6.800  -23.330  44.022 0.0000000000
47331  6.173  -22.102  42.847 0.0000000000
47321  5.462  -21.916  44.612 0.0000000000
39976  15.310  -28.383  44.315 0.0000000000
115916  15.421  -28.503  43.434 0.0000000000
34571  7.477  -35.599  40.175 0.0000000000
109251  6.491  -35.090  41.209 0.0000000000
34572  6.514  -36.066  40.044 0.0000000000
35500  5.449  -35.004  35.014 0.0000000000
36468  5.305  -34.311  34.578 0.0000000000
40118  4.686  -31.318  36.891 0.0000000000
114963  4.470  -32.005  36.983 0.0000000000
110893  5.114  -32.131  34.715 0.0000000000
38197  4.928  -32.633  34.894 0.0000000000
37384  5.235  -33.747  34.132 0.0000000000
113403  5.455  -33.008  33.325 0.0000000000
39142  5.694  -32.764  32.960 0.0000000000
38230  5.863  -32.910  32.208 0.0000000000
43721  9.318  -26.557  40.984 0.0000000000
111962  9.258  -27.866  38.634 0.0000000000
42841  8.391  -28.394  38.462 0.0000000000
41897  7.487  -28.807  37.415 0.0000000000
42848  10.115  -27.039  37.203 0.0000000000
42858  9.059  -27.482  36.510 0.0000000000
109717  7.732  -28.457  34.779 0.0000000000
41914  7.870  -28.643  35.586 0.0000000000
41915  7.189  -29.415  35.754 0.0000000000
41038  6.395  -30.024  35.249 0.0000000000
105723  6.610  -30.055  34.538 0.0000000000
41066  6.941  -30.092  33.305 0.0000000000
40168  6.475  -31.092  33.196 0.0000000000
39149  6.364  -32.143  32.200 0.0000000000
40187  6.810  -31.767  31.863 0.0000000000
41090  8.150  -29.895  31.530 0.0000000000
43823  6.911  -26.485  33.173 0.0000000000
41940  6.755  -27.514  32.693 0.0000000000
42899  6.542  -26.826  32.409 0.0000000000
41968  7.488  -27.604  31.334 0.0000000000
41967  8.215  -28.615  31.107 0.0000000000
50806  6.789  -18.432  35.672 0.0000000000
48974  8.941  -20.193  36.321 0.0000000000
49881  8.846  -19.612  35.842 0.0000000000
49893  10.731  -19.575  34.030 0.0000000000
48997  10.810  -20.403  34.440 0.0000000000
48173  11.041  -21.206  34.647 0.0000000000
48996  11.441  -20.990  33.851 0.0000000000
51848  11.051  -17.764  31.348 0.0000000000
107764  11.210  -18.190  32.374 0.0000000000
49909  11.160  -19.033  32.998 0.0000000000
50861  11.371  -19.075  32.011 0.0000000000
48196  10.633  -21.009  31.527 0.0000000000
48195  11.382  -20.657  31.878 0.0000000000
48184  11.228  -21.514  32.059 0.0000000000
47409  11.572  -21.964  32.721 0.0000000000
47411  9.968  -22.687  32.030 0.0000000000
47424  7.426  -22.414  31.196 0.0000000000
47413  7.870  -23.166  31.642 0.0000000000
46645  7.357  -24.074  31.844 0.0000000000
46653  6.782  -23.554  31.106 0.0000000000
48201  6.004  -21.060  30.551 0.0000000000
119212  8.712  -27.091  48.943 0.0000000000
41814  9.752  -27.102  48.887 0.0000000000
43660  10.704  -26.662  49.230 0.0000000000
39904  12.619  -30.076  49.950 0.0000000000
38933  12.396  -30.124  49.731 0.0000000000
107682  12.051  -29.459  49.539 0.0000000000
38934  11.609  -29.445  48.379 0.0000000000
39912  10.173  -28.717  47.447 0.0000000000
39906  9.919  -28.026  48.139 0.0000000000
37415  6.840  -33.871  29.967 0.0000000000
38243  7.196  -33.219  30.240 0.0000000000
37279  4.680  -33.428  41.611 0.0000000000
38134  4.863  -32.571  42.423 0.0000000000
35453  5.118  -34.462  41.048 0.0000000000
35443  4.960  -34.185  41.467 0.0000000000
115418  4.754  -33.636  41.696 0.0000000000
41876  6.764  -29.445  40.137 0.0000000000
41880  7.220  -29.044  39.655 0.0000000000
45704  11.460  -24.282  35.740 0.0000000000
44779  11.198  -24.985  35.848 0.0000000000
45705  11.196  -24.628  35.226 0.0000000000
45720  10.010  -24.933  34.269 0.0000000000
45721  8.878  -25.228  34.057 0.0000000000
45733  9.446  -24.607  33.530 0.0000000000
46630  8.851  -24.224  32.835 0.0000000000
38090  5.686  -31.537  46.540 0.0000000000
38977  5.411  -31.151  46.477 0.0000000000
39928  5.830  -30.332  47.168 0.0000000000
121558  6.159  -29.114  47.629 0.0000000000
43653  8.235  -26.063  49.981 0.0000000000
44637  7.825  -24.987  49.869 0.0000000000
45545  7.484  -24.111  49.811 0.0000000000
45555  7.628  -23.908  49.776 0.0000000000
39927  14.887  -29.136  47.778 0.0000000000
117527  14.272  -28.952  47.158 0.0000000000
39933  14.363  -29.407  47.575 0.0000000000
39934  13.870  -29.556  47.395 0.0000000000
38975  10.969  -29.814  46.109 0.0000000000
114149  11.516  -29.701  46.672 0.0000000000
38998  10.010  -31.211  44.742 0.0000000000
105708  7.244  -31.250  46.702 0.0000000000
37218  7.673  -31.811  45.970 0.0000000000
107930  7.321  -31.669  46.263 0.0000000000
37219  7.271  -32.047  46.169 0.0000000000
37233  6.867  -32.118  45.979 0.0000000000
103779  6.432  -32.263  45.851 0.0000000000
37221  6.310  -31.981  46.261 0.0000000000
38100  5.831  -31.960  46.346 0.0000000000
45640  7.733  -23.569  41.785 0.0000000000
46541  8.373  -23.118  40.719 0.0000000000
48140  7.497  -21.053  38.723 0.0000000000
48139  8.067  -21.310  38.476 0.0000000000
47371  8.544  -21.562  38.270 0.0000000000
47370  8.978  -21.926  37.968 0.0000000000
47369  9.551  -22.378  37.576 0.0000000000
47384  9.212  -21.707  37.261 0.0000000000
118298  9.596  -21.537  36.655 0.0000000000
41832  19.100  -28.046  46.011 0.0000000000
41823  19.077  -27.656  48.504 0.0000000000
105013  17.630  -28.577  47.996 0.0000000000
39918  17.405  -28.447  48.903 0.0000000000
39910  16.817  -28.404  49.201 0.0000000000
113038  14.212  -28.272  49.581 0.0000000000
34597  5.405  -36.633  36.913 0.0000000000
35479  4.951  -34.988  37.509 0.0000000000
110807  4.504  -32.034  40.774 0.0000000000
117910  4.457  -32.253  40.493 0.0000000000
40025  4.883  -31.594  40.810 0.0000000000
40976  5.532  -30.848  40.759 0.0000000000
40952  6.120  -29.953  42.308 0.0000000000
41827  5.742  -29.012  46.877 0.0000000000
44670  6.435  -25.000  45.947 0.0000000000
44676  6.543  -25.744  45.108 0.0000000000
44675  6.787  -25.404  44.592 0.0000000000
45601  6.942  -24.736  44.213 0.0000000000
40938  14.106  -28.028  42.771 0.0000000000
35460  7.546  -35.012  40.904 0.0000000000
33667  5.622  -37.378  37.597 0.0000000000
33700  5.467  -37.756  36.691 0.0000000000
36437  5.015  -34.459  36.405 0.0000000000
35492  5.260  -35.153  35.907 0.0000000000
36453  4.921  -33.746  36.087 0.0000000000
40133  4.875  -31.049  36.226 0.0000000000
39132  5.520  -31.823  34.221 0.0000000000
43720  9.933  -26.419  40.105 0.0000000000
117372  9.864  -27.327  38.791 0.0000000000
43789  8.327  -26.491  35.307 0.0000000000
43774  8.408  -27.133  35.674 0.0000000000
41037  7.171  -29.364  34.444 0.0000000000
40167  6.979  -30.551  32.736 0.0000000000
41065  7.137  -29.488  32.783 0.0000000000
43838  6.660  -26.085  32.280 0.0000000000
42909  6.605  -26.535  31.741 0.0000000000
41985  7.155  -26.724  31.059 0.0000000000
50827  8.041  -18.411  35.347 0.0000000000
49895  8.994  -19.018  35.366 0.0000000000
49894  9.883  -19.039  34.773 0.0000000000
50874  10.565  -18.565  30.988 0.0000000000
49917  10.919  -19.265  31.410 0.0000000000
49038  9.806  -20.461  31.180 0.0000000000
48197  9.632  -21.365  31.328 0.0000000000
47422  9.338  -22.165  31.562 0.0000000000
113966  8.771  -21.690  31.272 0.0000000000
48198  7.863  -21.628  31.164 0.0000000000
48199  6.953  -21.517  31.023 0.0000000000
38945  6.903  -30.062  47.595 0.0000000000
40902  7.154  -28.654  48.160 0.0000000000
40901  7.598  -28.354  48.407 0.0000000000
41815  8.319  -26.628  49.506 0.0000000000
101685  8.983  -26.582  49.415 0.0000000000
105841  8.740  -26.261  49.830 0.0000000000
38948  13.518  -30.891  49.307 0.0000000000
38960  12.601  -30.628  48.288 0.0000000000
38940  12.387  -30.556  49.451 0.0000000000
104061  12.347  -30.396  48.464 0.0000000000
113951  9.857  -30.670  45.485 0.0000000000
106440  8.894  -31.640  45.313 0.0000000000
38085  8.179  -31.349  46.263 0.0000000000
38951  8.166  -30.724  46.837 0.0000000000
38081  7.798  -30.921  46.803 0.0000000000
38952  7.443  -30.747  47.048 0.0000000000
48123  6.892  -21.436  40.473 0.0000000000
49819  6.087  -19.824  39.368 0.0000000000
48951  6.841  -20.735  38.991 0.0000000000
103078  6.858  -20.461  38.405 0.0000000000
35467  4.884  -34.622  38.752 0.0000000000
36403  4.639  -33.974  39.388 0.0000000000
38147  4.473  -32.559  41.055 0.0000000000
107420  4.523  -32.830  41.518 0.0000000000
118226  6.531  -25.490  48.399 0.0000000000
45577  6.185  -24.239  47.926 0.0000000000
45580  6.104  -24.026  47.253 0.0000000000
109611  5.668  -23.132  47.850 0.0000000000
46472  5.738  -23.318  47.006 0.0000000000
46491  5.674  -22.657  45.774 0.0000000000
47300  5.251  -22.163  45.921 0.0000000000
35427  6.984  -33.659  43.045 0.0000000000
35451  5.998  -34.931  41.341 0.0000000000
35441  5.635  -34.423  41.782 0.0000000000
33646  5.975  -37.142  38.723 0.0000000000
34565  5.243  -34.752  40.581 0.0000000000
34582  5.352  -35.439  39.455 0.0000000000
40081  4.865  -31.248  38.459 0.0000000000
39088  4.565  -31.655  37.460 0.0000000000
41005  5.118  -30.857  38.145 0.0000000000
117033  5.154  -30.750  37.548 0.0000000000
40993  5.630  -30.225  38.308 0.0000000000
41004  5.376  -30.478  37.230 0.0000000000
41016  5.683  -30.118  36.914 0.0000000000
45662  11.258  -24.959  38.079 0.0000000000
43743  11.059  -25.624  38.201 0.0000000000
44757  11.245  -25.483  37.477 0.0000000000
43771  10.759  -26.111  36.867 0.0000000000
43772  9.712  -26.501  36.197 0.0000000000
43788  8.920  -26.304  35.599 0.0000000000
43791  7.607  -26.631  34.239 0.0000000000
43804  7.314  -26.407  33.735 0.0000000000
43822  7.031  -26.686  33.409 0.0000000000
43805  7.145  -26.335  33.432 0.0000000000
44813  6.995  -26.235  33.222 0.0000000000
44812  7.351  -25.590  33.344 0.0000000000
118676  7.078  -25.670  32.995 0.0000000000
43824  6.893  -26.054  32.839 0.0000000000
44824  7.116  -25.584  32.812 0.0000000000
44825  6.861  -25.426  32.276 0.0000000000
44834  6.505  -25.106  31.680 0.0000000000
50890  7.418  -18.446  30.735 0.0000000000
49920  6.942  -20.072  31.133 0.0000000000
49921  6.054  -19.968  30.981 0.0000000000
49935  5.030  -19.338  29.838 0.0000000000
37411  5.600  -33.810  31.138 0.0000000000
38125  5.232  -32.061  44.295 0.0000000000
103299  5.419  -30.493  45.991 0.0000000000
106838  5.543  -30.468  46.797 0.0000000000
121755  5.551  -29.979  46.747 0.0000000000
112396  7.030  -27.995  48.381 0.0000000000
41820  6.828  -27.443  48.482 0.0000000000
42760  7.112  -26.640  49.246 0.0000000000
42761  6.695  -26.861  48.468 0.0000000000
43671  6.584  -26.194  48.464 0.0000000000
119302  6.586  -24.638  49.109 0.0000000000
45557  6.337  -24.077  49.103 0.0000000000
102335  16.418  -28.513  44.892 0.0000000000
117127  15.757  -28.431  45.306 0.0000000000
39977  14.737  -28.195  45.073 0.0000000000
39963  14.371  -28.355  46.011 0.0000000000
116093  13.704  -27.988  45.354 0.0000000000
39993  11.853  -28.843  43.385 0.0000000000
38973  13.256  -30.458  47.985 0.0000000000
39935  13.170  -29.898  47.447 0.0000000000
39965  12.172  -28.806  46.394 0.0000000000
109593  11.500  -28.895  44.484 0.0000000000
38131  10.295  -31.465  43.521 0.0000000000
37264  8.681  -33.127  42.987 0.0000000000
114230  8.225  -32.534  44.792 0.0000000000
36284  7.880  -32.687  44.410 0.0000000000
101084  7.571  -33.209  43.537 0.0000000000
36300  6.111  -33.031  43.760 0.0000000000
36270  6.071  -32.519  44.913 0.0000000000
43715  8.212  -26.747  42.292 0.0000000000
43713  9.350  -25.537  41.311 0.0000000000
45624  8.403  -24.449  41.617 0.0000000000
44708  9.144  -24.739  41.226 0.0000000000
44720  9.729  -25.059  40.745 0.0000000000
45636  10.088  -24.809  40.125 0.0000000000
45650  10.469  -24.672  39.421 0.0000000000
46553  8.541  -22.818  40.072 0.0000000000
46552  8.848  -23.217  39.736 0.0000000000
45665  9.294  -23.657  39.352 0.0000000000
45663  10.925  -24.509  38.637 0.0000000000
46581  11.309  -23.878  37.366 0.0000000000
47368  10.372  -22.824  37.137 0.0000000000
46599  11.129  -23.312  36.794 0.0000000000
46608  11.470  -23.607  35.495 0.0000000000
47389  11.447  -22.847  35.165 0.0000000000
47395  11.558  -22.585  34.323 0.0000000000
40899  11.993  -28.583  49.668 0.0000000000
42750  12.100  -27.791  49.478 0.0000000000
42764  12.502  -27.002  48.572 0.0000000000
39974  17.180  -28.542  44.620 0.0000000000
105565  20.841  -26.266  48.086 0.0000000000
40911  18.836  -28.227  47.318 0.0000000000
40918  18.590  -28.353  45.950 0.0000000000
113994  18.230  -28.477  45.970 0.0000000000
39959  17.708  -28.513  45.466 0.0000000000
39960  17.001  -28.545  45.386 0.0000000000
101726  16.761  -28.679  47.799 0.0000000000
39932  15.683  -28.769  47.506 0.0000000000
105478  14.266  -30.064  48.616 0.0000000000
39898  17.072  -28.057  49.693 0.0000000000
39899  16.572  -28.202  49.550 0.0000000000
39911  15.875  -28.646  49.141 0.0000000000
38936  14.811  -29.267  49.051 0.0000000000
38946  14.404  -29.794  48.899 0.0000000000
38947  13.819  -30.473  49.201 0.0000000000
38931  12.987  -30.697  50.031 0.0000000000
39903  12.832  -30.405  50.042 0.0000000000
40889  13.456  -29.132  49.732 0.0000000000
40890  12.820  -29.638  49.904 0.0000000000
34596  5.354  -36.317  36.628 0.0000000000
35485  5.147  -35.332  36.589 0.0000000000
36417  4.606  -33.930  38.491 0.0000000000
37320  4.423  -32.985  38.662 0.0000000000
111074  4.451  -32.687  39.114 0.0000000000
38165  4.462  -32.384  38.511 0.0000000000
113815  4.583  -31.711  38.099 0.0000000000
119834  6.143  -30.163  40.393 0.0000000000
41867  6.459  -29.731  40.811 0.0000000000
42802  7.540  -27.326  42.726 0.0000000000
39020  5.175  -31.648  44.012 0.0000000000
110721  5.486  -30.555  44.836 0.0000000000
118912  5.447  -30.733  44.136 0.0000000000
40941  5.840  -30.314  44.148 0.0000000000
41852  6.197  -29.741  43.856 0.0000000000
43678  6.024  -26.784  46.689 0.0000000000
42775  6.061  -27.849  45.646 0.0000000000
41843  6.428  -29.062  44.430 0.0000000000
41851  6.427  -29.074  43.704 0.0000000000
42804  6.617  -28.374  43.603 0.0000000000
45626  7.448  -23.782  42.504 0.0000000000
47338  6.481  -21.985  42.056 0.0000000000
47309  5.958  -22.475  45.013 0.0000000000
118492  5.989  -22.321  44.272 0.0000000000
112690  11.252  -27.264  49.265 0.0000000000
101929  15.863  -28.639  43.528 0.0000000000
39991  15.800  -28.696  42.519 0.0000000000
40937  15.034  -28.433  42.784 0.0000000000
121149  6.959  -36.083  40.004 0.0000000000
34609  5.437  -35.859  35.349 0.0000000000
38189  4.579  -32.491  36.386 0.0000000000
37354  4.801  -33.020  35.624 0.0000000000
115013  4.743  -32.230  35.537 0.0000000000
36477  5.244  -34.352  33.598 0.0000000000
38238  5.940  -33.279  31.524 0.0000000000
42814  8.566  -27.197  41.519 0.0000000000
42833  8.043  -28.587  40.120 0.0000000000
42825  9.348  -27.237  40.200 0.0000000000
42842  7.807  -28.657  39.129 0.0000000000
120896  7.029  -28.968  38.137 0.0000000000
41898  6.615  -29.255  37.656 0.0000000000
41907  6.255  -29.755  36.474 0.0000000000
42839  10.432  -26.912  38.009 0.0000000000
42840  9.846  -27.546  37.993 0.0000000000
109632  8.935  -28.190  37.495 0.0000000000
42859  8.410  -27.962  36.247 0.0000000000
122385  8.622  -28.109  36.711 0.0000000000
42849  8.208  -28.398  36.988 0.0000000000
40169  5.961  -31.489  33.734 0.0000000000
41053  6.389  -30.611  34.041 0.0000000000
39150  6.084  -32.767  31.940 0.0000000000
119858  6.175  -32.952  31.546 0.0000000000
38237  6.328  -33.139  31.129 0.0000000000
39169  6.851  -32.825  30.816 0.0000000000
113226  7.228  -27.971  31.902 0.0000000000
119532  8.583  -30.043  31.013 0.0000000000
49854  6.430  -19.490  37.511 0.0000000000
48976  6.957  -19.692  37.042 0.0000000000
48975  7.714  -19.847  36.824 0.0000000000
49882  6.406  -18.725  36.053 0.0000000000
49866  6.949  -19.345  36.348 0.0000000000
103748  8.415  -20.092  36.733 0.0000000000
48159  9.697  -21.043  36.102 0.0000000000
48166  10.554  -21.417  35.462 0.0000000000
47401  11.623  -22.321  33.470 0.0000000000
49901  11.500  -19.906  33.079 0.0000000000
49916  11.393  -19.851  31.836 0.0000000000
49023  11.641  -20.310  32.410 0.0000000000
49008  11.708  -20.684  33.099 0.0000000000
48179  11.717  -21.495  33.239 0.0000000000
47402  11.386  -22.813  32.963 0.0000000000
46640  10.576  -23.177  32.622 0.0000000000
46641  9.437  -23.457  32.406 0.0000000000
46642  8.311  -23.723  32.227 0.0000000000
46643  7.508  -23.978  32.028 0.0000000000
46644  7.395  -24.053  31.917 0.0000000000
46646  6.940  -24.439  31.685 0.0000000000
119112  6.228  -25.108  31.163 0.0000000000
112379  6.481  -20.673  31.035 0.0000000000
48200  6.478  -21.306  30.853 0.0000000000
46667  6.448  -24.207  30.665 0.0000000000
112079  6.387  -25.159  30.594 0.0000000000
36269  6.603  -32.341  45.428 0.0000000000
37220  6.757  -31.849  46.276 0.0000000000
37258  8.249  -32.728  44.334 0.0000000000
38087  6.994  -31.602  46.487 0.0000000000
38089  6.030  -31.489  46.690 0.0000000000
38158  4.442  -32.664  39.750 0.0000000000
38965  5.718  -31.053  46.817 0.0000000000
39044  4.637  -32.027  41.356 0.0000000000
39922  5.854  -29.527  47.331 0.0000000000
40910  5.666  -29.439  46.941 0.0000000000
41029  5.723  -30.241  35.991 0.0000000000
41806  10.530  -27.371  48.874 0.0000000000
41866  7.344  -28.760  41.487 0.0000000000
42832  8.767  -28.052  39.537 0.0000000000
43731  10.206  -26.690  39.224 0.0000000000
43853  6.586  -26.151  32.027 0.0000000000
43869  6.398  -25.304  31.366 0.0000000000
44849  6.242  -25.104  30.834 0.0000000000
45722  8.107  -25.487  34.117 0.0000000000
45736  7.337  -25.224  32.998 0.0000000000
45748  7.295  -24.816  32.419 0.0000000000
45750  6.682  -24.937  31.762 0.0000000000
45761  6.458  -24.792  31.418 0.0000000000
46652  7.128  -23.285  31.315 0.0000000000
49055  5.142  -19.877  29.869 0.0000000000
49930  8.883  -18.995  30.812 0.0000000000
49942  4.930  -19.439  29.385 0.0000000000
105804  5.439  -30.484  46.418 0.0000000000
106892  5.361  -30.521  37.893 0.0000000000
107613  6.019  -32.399  45.678 0.0000000000
120367  10.052  -20.873  35.613 0.0000000000
120516  7.466  -32.823  43.970 0.0000000000
121021  6.473  -30.174  47.535 0.0000000000
121398  6.579  -25.838  31.603 0.0000000000
