#!ascii label  , from subject sub-v1s13x0050053_ses-1 vox2ras=TkReg
333
17422  29.337  -56.521  -6.606 0.0000000000
109165  31.505  -63.877  -14.281 0.0000000000
12028  34.497  -63.153  -10.604 0.0000000000
15864  35.029  -58.197  -12.672 0.0000000000
102824  37.686  -66.381  -14.990 0.0000000000
12047  38.300  -62.813  -13.387 0.0000000000
9280  40.467  -67.126  -14.952 0.0000000000
109837  33.701  -60.937  -14.724 0.0000000000
108098  31.487  -56.219  -12.555 0.0000000000
14281  31.287  -60.530  -9.178 0.0000000000
115692  35.313  -60.371  -10.869 0.0000000000
13591  37.058  -61.175  -14.504 0.0000000000
10675  34.516  -65.635  -14.376 0.0000000000
117769  35.016  -68.898  -16.896 0.0000000000
17395  31.873  -56.661  -3.405 0.0000000000
15020  28.383  -59.344  -5.892 0.0000000000
12015  30.583  -62.948  -8.350 0.0000000000
19154  32.434  -54.867  -9.712 0.0000000000
9943  41.000  -65.718  -13.900 0.0000000000
110857  32.628  -62.162  -14.355 0.0000000000
15089  31.934  -59.525  -14.465 0.0000000000
12823  32.874  -62.108  -10.011 0.0000000000
103285  35.443  -61.806  -10.501 0.0000000000
11363  38.948  -64.175  -14.461 0.0000000000
12852  38.071  -62.186  -13.732 0.0000000000
109970  36.872  -63.572  -14.501 0.0000000000
115646  35.354  -63.944  -14.270 0.0000000000
10674  35.797  -65.610  -14.458 0.0000000000
9291  33.196  -67.992  -16.452 0.0000000000
13515  28.789  -61.002  -5.011 0.0000000000
108236  29.457  -61.710  -6.945 0.0000000000
105174  30.084  -62.729  -6.065 0.0000000000
16658  33.911  -57.472  -10.757 0.0000000000
17462  33.554  -56.203  -11.096 0.0000000000
18316  29.647  -55.059  -13.028 0.0000000000
19176  30.554  -54.068  -11.318 0.0000000000
11325  36.427  -64.434  -11.521 0.0000000000
12036  37.458  -63.051  -11.778 0.0000000000
10653  39.441  -64.660  -12.985 0.0000000000
11361  40.400  -65.106  -14.043 0.0000000000
9959  38.844  -66.425  -15.020 0.0000000000
117385  34.998  -59.105  -14.276 0.0000000000
16670  33.716  -57.269  -12.652 0.0000000000
15873  32.985  -58.142  -13.746 0.0000000000
108610  30.373  -57.302  -13.703 0.0000000000
10678  30.519  -64.719  -15.293 0.0000000000
15831  29.841  -58.929  -8.026 0.0000000000
15055  33.747  -58.933  -10.458 0.0000000000
15062  35.850  -59.163  -11.908 0.0000000000
13562  37.591  -61.269  -11.668 0.0000000000
14321  37.292  -60.155  -12.641 0.0000000000
14335  36.626  -59.569  -13.959 0.0000000000
13592  35.301  -61.220  -14.898 0.0000000000
117750  33.973  -63.042  -14.309 0.0000000000
10664  32.872  -64.905  -13.990 0.0000000000
9286  35.808  -67.763  -16.068 0.0000000000
9968  34.789  -67.145  -15.576 0.0000000000
9962  33.060  -66.239  -14.780 0.0000000000
9971  31.647  -66.504  -15.289 0.0000000000
18217  31.995  -55.402  -4.059 0.0000000000
17408  29.951  -55.781  -4.550 0.0000000000
16584  28.871  -56.981  -4.090 0.0000000000
15800  28.525  -57.848  -6.091 0.0000000000
14276  29.419  -60.335  -7.551 0.0000000000
12813  31.355  -62.155  -9.279 0.0000000000
12030  32.879  -63.122  -10.160 0.0000000000
11298  32.311  -64.549  -9.794 0.0000000000
11309  34.988  -64.321  -10.957 0.0000000000
18307  31.546  -55.113  -11.363 0.0000000000
18236  29.712  -55.760  -6.157 0.0000000000
18235  30.280  -55.250  -6.630 0.0000000000
17421  29.879  -55.871  -6.918 0.0000000000
12078  31.930  -63.362  -14.153 0.0000000000
120322  32.116  -61.733  -14.512 0.0000000000
115524  33.894  -62.588  -10.411 0.0000000000
106189  34.586  -61.974  -10.427 0.0000000000
12822  34.957  -62.545  -10.550 0.0000000000
10672  38.450  -65.382  -14.613 0.0000000000
12073  38.204  -63.228  -14.388 0.0000000000
11364  37.647  -64.372  -14.468 0.0000000000
11365  36.259  -64.686  -14.316 0.0000000000
9960  36.413  -66.354  -14.922 0.0000000000
7868  32.968  -69.985  -17.888 0.0000000000
13525  29.206  -61.701  -5.489 0.0000000000
15855  34.850  -58.124  -11.907 0.0000000000
102943  33.651  -56.834  -10.455 0.0000000000
108911  34.011  -57.139  -11.951 0.0000000000
20063  29.804  -53.644  -12.467 0.0000000000
11323  38.225  -64.385  -12.493 0.0000000000
9957  40.928  -66.269  -14.383 0.0000000000
10663  40.805  -65.435  -14.026 0.0000000000
9958  40.557  -66.210  -14.673 0.0000000000
104889  39.707  -65.861  -14.784 0.0000000000
118363  39.784  -66.910  -15.233 0.0000000000
15087  34.200  -59.279  -14.316 0.0000000000
15878  33.552  -58.746  -14.057 0.0000000000
15088  33.080  -59.540  -14.418 0.0000000000
15880  31.369  -58.871  -14.259 0.0000000000
16687  30.641  -58.137  -14.018 0.0000000000
17482  29.654  -56.282  -13.785 0.0000000000
15043  30.491  -59.242  -8.566 0.0000000000
15830  30.375  -58.536  -8.423 0.0000000000
15042  31.223  -59.470  -9.106 0.0000000000
15054  34.487  -59.278  -10.831 0.0000000000
14303  35.987  -59.995  -11.425 0.0000000000
12831  37.806  -62.417  -12.262 0.0000000000
118057  37.577  -61.901  -11.748 0.0000000000
12844  37.949  -62.063  -13.007 0.0000000000
13590  37.694  -61.657  -14.036 0.0000000000
104130  37.898  -61.503  -13.203 0.0000000000
13582  37.591  -60.784  -13.598 0.0000000000
15073  36.788  -59.423  -13.212 0.0000000000
14345  36.924  -60.323  -14.203 0.0000000000
120219  36.278  -59.971  -14.490 0.0000000000
12865  36.240  -61.665  -14.873 0.0000000000
12075  34.851  -63.003  -14.466 0.0000000000
103651  34.148  -63.710  -14.162 0.0000000000
12076  33.447  -63.407  -14.157 0.0000000000
11366  34.107  -64.732  -14.047 0.0000000000
5854  35.066  -72.578  -17.209 0.0000000000
7866  34.816  -70.209  -17.642 0.0000000000
7849  35.476  -69.687  -17.245 0.0000000000
8598  35.128  -68.199  -16.386 0.0000000000
8603  32.501  -68.328  -16.820 0.0000000000
9288  32.922  -67.336  -15.870 0.0000000000
9970  32.545  -66.727  -15.281 0.0000000000
9289  31.997  -67.142  -15.734 0.0000000000
17406  33.286  -56.680  -4.091 0.0000000000
18201  31.669  -56.038  -3.863 0.0000000000
18218  31.307  -55.447  -4.200 0.0000000000
120845  30.284  -55.970  -3.964 0.0000000000
15782  28.283  -58.515  -4.656 0.0000000000
16585  28.447  -57.838  -4.149 0.0000000000
15789  28.312  -58.523  -5.543 0.0000000000
16605  28.439  -57.593  -5.071 0.0000000000
111091  28.546  -58.685  -6.353 0.0000000000
106576  28.887  -58.843  -6.976 0.0000000000
107443  28.893  -60.074  -7.014 0.0000000000
12793  30.170  -62.425  -7.976 0.0000000000
13546  30.212  -61.532  -8.304 0.0000000000
12805  30.666  -62.276  -8.711 0.0000000000
12812  31.918  -62.817  -9.719 0.0000000000
12022  31.607  -63.511  -9.411 0.0000000000
10609  33.083  -65.720  -9.698 0.0000000000
11297  33.072  -64.926  -10.280 0.0000000000
111239  34.028  -64.758  -10.706 0.0000000000
17470  32.550  -56.315  -12.354 0.0000000000
17464  32.032  -55.723  -11.835 0.0000000000
20041  30.633  -53.334  -10.996 0.0000000000
13594  33.494  -61.820  -14.552 0.0000000000
14349  32.992  -60.463  -14.606 0.0000000000
13554  31.673  -61.345  -9.420 0.0000000000
14288  32.054  -60.691  -9.608 0.0000000000
117723  33.157  -61.273  -10.094 0.0000000000
13564  36.063  -60.896  -10.808 0.0000000000
12057  39.116  -63.676  -14.171 0.0000000000
12058  38.497  -62.922  -13.992 0.0000000000
12863  37.897  -62.379  -14.234 0.0000000000
12074  37.370  -62.669  -14.545 0.0000000000
106137  36.195  -62.710  -14.707 0.0000000000
112637  35.166  -65.056  -14.190 0.0000000000
8601  34.154  -68.424  -16.638 0.0000000000
8602  33.420  -68.753  -16.969 0.0000000000
8606  32.698  -69.093  -17.341 0.0000000000
14242  28.475  -60.077  -5.269 0.0000000000
14263  28.634  -60.141  -6.289 0.0000000000
13526  28.733  -60.945  -5.894 0.0000000000
12778  29.944  -62.499  -7.004 0.0000000000
12001  30.467  -63.111  -7.548 0.0000000000
17458  33.512  -56.277  -10.516 0.0000000000
18298  32.821  -55.315  -10.223 0.0000000000
117555  30.626  -56.120  -12.718 0.0000000000
17471  30.883  -55.552  -12.151 0.0000000000
18315  30.090  -54.980  -12.334 0.0000000000
106213  30.180  -52.498  -12.065 0.0000000000
12027  35.468  -63.257  -10.818 0.0000000000
12037  36.640  -63.360  -11.277 0.0000000000
12035  38.018  -63.336  -12.540 0.0000000000
11337  38.808  -63.724  -13.338 0.0000000000
11336  40.215  -64.904  -13.760 0.0000000000
11349  39.717  -64.277  -14.011 0.0000000000
11362  39.754  -64.551  -14.186 0.0000000000
108423  39.543  -65.003  -14.410 0.0000000000
15871  34.710  -58.226  -13.314 0.0000000000
16669  34.417  -57.704  -12.476 0.0000000000
15872  33.889  -58.143  -13.645 0.0000000000
16679  33.372  -57.594  -13.290 0.0000000000
16680  32.479  -57.489  -13.408 0.0000000000
15879  32.500  -58.826  -14.126 0.0000000000
16686  31.909  -58.180  -13.783 0.0000000000
17481  30.826  -56.740  -13.135 0.0000000000
17472  30.068  -56.259  -13.152 0.0000000000
102201  29.453  -55.110  -13.690 0.0000000000
113340  31.086  -65.088  -14.526 0.0000000000
16625  29.329  -57.736  -7.348 0.0000000000
16624  29.796  -57.313  -7.757 0.0000000000
15815  29.881  -58.055  -7.981 0.0000000000
15063  35.079  -58.813  -11.535 0.0000000000
15863  35.494  -58.552  -12.343 0.0000000000
13563  37.085  -61.054  -11.053 0.0000000000
13574  37.450  -60.740  -11.829 0.0000000000
14302  36.818  -60.346  -11.613 0.0000000000
15061  36.584  -59.580  -12.293 0.0000000000
15074  36.187  -58.906  -12.815 0.0000000000
15870  35.557  -58.537  -13.168 0.0000000000
15085  35.784  -59.357  -14.347 0.0000000000
14346  35.564  -60.199  -14.762 0.0000000000
105547  34.640  -60.566  -14.786 0.0000000000
104310  35.256  -62.137  -14.846 0.0000000000
119843  34.777  -61.791  -14.854 0.0000000000
13593  34.350  -61.442  -14.791 0.0000000000
12867  33.255  -62.717  -14.257 0.0000000000
12077  32.718  -63.436  -14.084 0.0000000000
11351  32.188  -64.186  -14.011 0.0000000000
9282  38.659  -67.369  -15.680 0.0000000000
7180  35.461  -71.238  -17.646 0.0000000000
9285  36.865  -67.975  -16.136 0.0000000000
9967  36.005  -67.109  -15.504 0.0000000000
113962  35.205  -66.275  -14.824 0.0000000000
9287  33.942  -67.624  -16.063 0.0000000000
9969  33.557  -66.893  -15.393 0.0000000000
10676  33.524  -65.611  -14.312 0.0000000000
10677  32.525  -65.594  -14.339 0.0000000000
111303  31.748  -65.555  -14.455 0.0000000000
9964  31.305  -65.872  -14.878 0.0000000000
18215  33.886  -55.583  -4.221 0.0000000000
18216  32.865  -55.490  -4.016 0.0000000000
117924  31.622  -54.808  -4.401 0.0000000000
107860  30.361  -55.257  -5.023 0.0000000000
17415  29.212  -56.312  -5.654 0.0000000000
121293  29.031  -57.139  -3.310 0.0000000000
103410  29.655  -56.302  -3.972 0.0000000000
17409  29.335  -56.284  -4.768 0.0000000000
16604  28.743  -57.012  -5.893 0.0000000000
16613  28.950  -57.361  -6.693 0.0000000000
15816  29.322  -58.528  -7.451 0.0000000000
15044  29.929  -59.772  -8.085 0.0000000000
13547  29.612  -61.177  -7.604 0.0000000000
14283  30.057  -60.623  -8.164 0.0000000000
14282  30.607  -60.843  -8.676 0.0000000000
104544  32.047  -61.947  -9.634 0.0000000000
12029  33.694  -63.492  -10.473 0.0000000000
12021  32.154  -63.705  -9.860 0.0000000000
11310  33.594  -64.226  -10.525 0.0000000000
109982  34.403  -63.859  -10.680 0.0000000000
17469  33.469  -56.595  -11.959 0.0000000000
17463  33.047  -55.918  -11.483 0.0000000000
18299  32.084  -54.857  -10.530 0.0000000000
18308  30.680  -54.781  -11.668 0.0000000000
19175  31.211  -54.494  -10.942 0.0000000000
6532  34.980  -71.927  -17.802 0.0000000000
7867  33.691  -69.586  -17.478 0.0000000000
9944  40.848  -66.083  -13.289 0.0000000000
9951  40.981  -65.729  -14.137 0.0000000000
9952  41.052  -66.224  -13.883 0.0000000000
9961  34.097  -66.316  -14.837 0.0000000000
9963  32.115  -66.135  -14.767 0.0000000000
10652  40.721  -65.516  -13.584 0.0000000000
10670  40.849  -65.523  -14.094 0.0000000000
10671  40.442  -65.394  -14.305 0.0000000000
10673  36.966  -65.483  -14.561 0.0000000000
10685  30.694  -65.554  -15.275 0.0000000000
11311  32.889  -64.025  -10.288 0.0000000000
11324  37.272  -63.971  -11.994 0.0000000000
11350  33.229  -64.077  -14.014 0.0000000000
11367  31.904  -65.013  -14.079 0.0000000000
11368  31.465  -64.472  -14.246 0.0000000000
11369  30.911  -64.080  -14.699 0.0000000000
12046  39.090  -63.495  -13.910 0.0000000000
12779  29.549  -62.119  -6.228 0.0000000000
12821  35.767  -62.396  -10.625 0.0000000000
12864  37.193  -61.993  -14.664 0.0000000000
12866  34.261  -62.297  -14.597 0.0000000000
12868  32.417  -62.848  -14.187 0.0000000000
13535  29.127  -61.505  -6.299 0.0000000000
13541  29.792  -61.904  -7.610 0.0000000000
13545  30.937  -61.449  -8.968 0.0000000000
13553  32.442  -61.306  -9.781 0.0000000000
13558  33.829  -61.660  -10.326 0.0000000000
13573  37.763  -60.877  -12.586 0.0000000000
14262  29.005  -60.884  -6.848 0.0000000000
14304  35.245  -59.623  -11.159 0.0000000000
14320  37.569  -60.418  -13.110 0.0000000000
14334  37.216  -60.053  -13.478 0.0000000000
14347  34.902  -59.696  -14.594 0.0000000000
14348  33.939  -60.056  -14.580 0.0000000000
15009  28.267  -59.178  -5.139 0.0000000000
15019  28.708  -59.425  -6.680 0.0000000000
15034  29.247  -59.421  -7.428 0.0000000000
15081  36.168  -58.965  -13.643 0.0000000000
15086  35.346  -58.770  -13.840 0.0000000000
15799  28.866  -58.157  -6.841 0.0000000000
15848  34.323  -58.298  -11.069 0.0000000000
15877  34.484  -58.675  -13.955 0.0000000000
16594  28.811  -56.785  -5.093 0.0000000000
16663  34.228  -57.580  -11.543 0.0000000000
16671  32.982  -56.934  -12.890 0.0000000000
16678  34.040  -57.749  -13.136 0.0000000000
16681  31.385  -57.449  -13.505 0.0000000000
16682  30.062  -56.748  -13.521 0.0000000000
16683  29.723  -56.936  -14.084 0.0000000000
17407  32.362  -56.333  -3.883 0.0000000000
17427  29.933  -56.486  -7.540 0.0000000000
17480  31.992  -56.828  -13.031 0.0000000000
18202  30.985  -56.037  -3.703 0.0000000000
18219  30.632  -55.546  -4.371 0.0000000000
18226  30.234  -55.173  -5.786 0.0000000000
18227  29.756  -55.720  -5.318 0.0000000000
18284  33.136  -55.771  -9.930 0.0000000000
18297  33.271  -55.751  -10.671 0.0000000000
18306  32.564  -55.385  -11.005 0.0000000000
18328  29.662  -55.685  -13.397 0.0000000000
19091  31.039  -54.949  -4.737 0.0000000000
19167  30.991  -53.918  -10.721 0.0000000000
19186  30.085  -54.216  -12.018 0.0000000000
19187  29.685  -54.316  -12.740 0.0000000000
20053  30.173  -53.324  -11.818 0.0000000000
20906  29.832  -52.903  -12.576 0.0000000000
103659  31.079  -63.062  -9.061 0.0000000000
103952  28.647  -60.423  -4.321 0.0000000000
106903  37.826  -61.614  -12.359 0.0000000000
107554  37.243  -62.514  -11.420 0.0000000000
108195  30.962  -66.195  -15.390 0.0000000000
109559  30.081  -55.657  -12.743 0.0000000000
109793  33.812  -56.827  -11.139 0.0000000000
112494  30.585  -60.084  -8.655 0.0000000000
115250  30.143  -57.555  -8.113 0.0000000000
115608  29.394  -57.054  -7.233 0.0000000000
116426  36.254  -60.742  -14.725 0.0000000000
117543  39.537  -64.133  -13.764 0.0000000000
119565  35.126  -65.663  -14.416 0.0000000000
120965  40.909  -65.758  -14.261 0.0000000000
122094  32.308  -60.115  -14.631 0.0000000000
