#!ascii label  , from subject sub-v1s13x0050025_ses-1 vox2ras=TkReg
783
105786  -37.747  -56.452  -28.356 0.5000000000
21917  -35.476  -56.646  -28.034 0.8000000119
20179  -34.506  -57.833  -30.142 0.8000000119
21953  -34.829  -57.070  -29.594 0.8000000119
21949  -35.280  -56.593  -28.927 0.8000000119
21936  -38.490  -56.776  -28.370 0.5000000000
21918  -36.310  -56.655  -27.918 0.5000000000
22854  -36.681  -55.938  -29.118 0.6000000238
20193  -35.395  -59.072  -32.189 0.6999999881
21094  -34.996  -57.964  -30.956 0.6999999881
21954  -35.502  -56.566  -29.885 0.8000000119
22871  -36.553  -55.790  -29.705 0.6999999881
21072  -39.220  -56.727  -28.714 0.6000000238
22856  -38.471  -55.967  -28.851 0.5000000000
105308  -34.977  -61.093  -32.889 0.6999999881
22855  -37.458  -55.827  -28.947 0.6000000238
102045  -38.010  -55.304  -29.447 0.6000000238
19332  -35.822  -59.710  -33.102 0.6999999881
19331  -35.129  -60.086  -32.462 0.6999999881
21095  -35.567  -57.423  -31.232 0.6999999881
22872  -37.201  -55.480  -29.666 0.6000000238
112319  -37.761  -54.982  -30.017 0.6000000238
21960  -35.773  -56.704  -30.736 0.8000000119
21955  -36.195  -56.041  -30.281 0.8000000119
22885  -37.294  -55.178  -30.449 0.6999999881
22858  -40.606  -55.794  -29.328 0.4000000060
22857  -39.541  -55.896  -29.151 0.6000000238
18551  -36.414  -61.239  -34.762 0.6999999881
23792  -38.474  -54.606  -29.964 0.6000000238
19339  -36.568  -60.300  -34.236 0.6999999881
113215  -35.934  -59.110  -32.824 0.6999999881
20189  -35.458  -58.178  -31.737 0.6999999881
21099  -36.016  -57.643  -32.044 0.6999999881
21967  -36.129  -56.926  -31.552 0.6000000238
107286  -37.379  -54.953  -31.192 0.6999999881
23812  -37.899  -54.435  -31.745 0.5000000000
21968  -36.749  -56.362  -32.018 0.6000000238
22891  -37.304  -55.302  -32.088 0.6000000238
23819  -38.007  -54.782  -32.536 0.6000000238
21969  -37.518  -56.254  -32.853 0.6000000238
23828  -38.912  -54.918  -33.365 0.5000000000
17783  -35.942  -62.002  -36.262 0.6999999881
22874  -40.079  -54.997  -29.561 0.6000000238
23793  -39.517  -54.384  -30.023 0.6000000238
20198  -36.592  -59.300  -33.630 0.6999999881
23803  -39.092  -53.972  -30.577 0.6000000238
20195  -36.854  -58.577  -33.468 0.6999999881
23813  -38.984  -53.754  -31.551 0.6000000238
21100  -36.677  -57.865  -32.889 0.6999999881
21977  -37.392  -57.244  -33.201 0.6000000238
23820  -38.755  -54.213  -32.488 0.5000000000
24683  -40.312  -53.180  -32.079 0.5000000000
22899  -38.096  -55.616  -33.121 0.5000000000
17792  -33.194  -62.043  -35.980 0.6000000238
19347  -33.446  -60.358  -36.353 0.6000000238
22876  -42.503  -54.631  -29.537 0.5000000000
23796  -42.750  -54.016  -29.528 0.5000000000
18569  -35.172  -61.564  -36.691 0.6999999881
17795  -35.199  -62.316  -36.470 0.6999999881
22875  -41.361  -54.896  -29.664 0.5000000000
23794  -40.873  -54.253  -30.142 0.5000000000
24668  -42.083  -53.134  -30.092 0.4000000060
18560  -36.620  -61.380  -35.889 0.6999999881
23805  -41.543  -53.445  -30.493 0.5000000000
19344  -37.209  -60.753  -35.537 0.6999999881
19340  -37.503  -59.983  -35.028 0.6999999881
20199  -37.624  -59.141  -34.545 0.6999999881
21104  -37.586  -58.276  -33.985 0.6000000238
24675  -40.031  -53.442  -31.201 0.5000000000
21978  -38.605  -56.914  -33.991 0.6000000238
111834  -40.879  -53.015  -31.696 0.5000000000
21979  -39.932  -57.056  -35.242 0.5000000000
22909  -39.137  -56.004  -34.117 0.5000000000
102414  -40.148  -54.637  -34.124 0.5000000000
24692  -39.902  -53.542  -32.739 0.5000000000
24699  -39.660  -54.171  -33.302 0.5000000000
25549  -42.045  -51.948  -32.525 0.3000000119
25524  -41.711  -52.696  -29.037 0.3000000119
17774  -32.240  -61.256  -34.749 0.6000000238
18559  -32.723  -60.973  -35.589 0.6000000238
24669  -42.491  -53.543  -29.505 0.4000000060
25525  -42.204  -53.036  -29.549 0.4000000060
19349  -35.436  -60.482  -36.642 0.6000000238
18561  -37.269  -60.720  -36.263 0.6999999881
19345  -37.912  -60.210  -36.069 0.6999999881
109475  -41.107  -53.092  -31.088 0.5000000000
20200  -38.519  -58.877  -35.423 0.5000000000
24685  -41.626  -52.439  -31.738 0.5000000000
21105  -38.502  -57.958  -34.656 0.5000000000
25542  -42.241  -51.552  -31.855 0.4000000060
24684  -41.398  -52.632  -32.436 0.3000000119
24700  -40.922  -53.711  -34.018 0.5000000000
24693  -41.216  -53.018  -33.178 0.4000000060
19338  -32.190  -60.136  -34.871 0.6000000238
19342  -32.723  -59.868  -35.817 0.6000000238
19343  -33.254  -59.386  -36.205 0.6000000238
20206  -34.332  -59.504  -36.449 0.6000000238
20207  -35.572  -59.519  -36.512 0.6000000238
25535  -41.880  -52.449  -30.159 0.3000000119
24676  -41.738  -52.447  -30.847 0.4000000060
19350  -36.721  -60.362  -36.570 0.6000000238
26327  -41.726  -51.566  -30.480 0.3000000119
19351  -37.706  -60.034  -36.384 0.6000000238
20204  -38.282  -59.620  -35.830 0.6999999881
26334  -41.585  -50.813  -30.421 0.3000000119
96001  -41.989  -51.748  -31.038 0.3000000119
19346  -38.135  -59.667  -36.208 0.6000000238
27069  -42.323  -49.939  -30.665 0.3000000119
26335  -42.548  -50.922  -31.339 0.3000000119
21117  -39.265  -58.113  -36.096 0.5000000000
20205  -38.649  -59.078  -36.197 0.5000000000
21113  -39.220  -58.349  -35.889 0.5000000000
26336  -43.002  -49.891  -31.716 0.3000000119
108803  -40.091  -56.138  -34.887 0.5000000000
26350  -42.190  -51.362  -32.765 0.3000000119
21985  -40.368  -57.064  -36.024 0.5000000000
24701  -41.559  -52.915  -34.210 0.4000000060
25554  -41.841  -52.156  -33.359 0.3000000119
19341  -31.829  -59.017  -35.246 0.5000000000
101772  -32.430  -58.889  -35.753 0.6000000238
99225  -32.792  -58.352  -35.808 0.5000000000
20208  -36.922  -59.497  -36.582 0.6000000238
20203  -35.627  -58.644  -36.222 0.5000000000
27859  -41.287  -49.589  -29.657 0.3000000119
27850  -41.836  -48.511  -29.304 0.3000000119
27860  -42.426  -48.846  -30.245 0.3000000119
21116  -38.290  -58.578  -36.419 0.6000000238
21118  -39.945  -57.445  -36.109 0.5000000000
23835  -41.013  -54.847  -36.167 0.5000000000
24705  -41.392  -53.871  -35.037 0.4000000060
25560  -41.397  -53.056  -34.875 0.4000000060
20201  -31.923  -58.206  -35.513 0.5000000000
97537  -33.616  -58.269  -35.851 0.5000000000
107765  -33.573  -58.790  -36.152 0.5000000000
21110  -34.460  -58.074  -35.688 0.5000000000
27837  -40.136  -48.758  -27.924 0.3000000119
28635  -41.422  -48.078  -28.343 0.3000000119
21115  -36.978  -58.576  -36.428 0.6000000238
21987  -38.278  -57.558  -36.342 0.6000000238
21989  -40.269  -56.760  -36.181 0.5000000000
26356  -41.890  -51.748  -33.565 0.4000000060
26355  -41.089  -51.740  -33.950 0.4000000060
21108  -32.208  -57.543  -35.505 0.5000000000
21109  -33.300  -57.581  -35.374 0.5000000000
21981  -34.545  -57.317  -35.023 0.5000000000
96106  -39.744  -48.439  -27.070 0.4000000060
28612  -40.441  -47.447  -26.699 0.4000000060
21111  -35.692  -57.788  -35.869 0.5000000000
21112  -37.039  -57.659  -36.170 0.5000000000
28623  -40.906  -47.739  -27.461 0.4000000060
29384  -41.760  -47.040  -28.011 0.3000000119
21982  -35.801  -56.806  -35.215 0.4000000060
28636  -42.056  -47.586  -29.017 0.3000000119
21983  -37.076  -56.743  -35.848 0.5000000000
21984  -37.976  -56.620  -36.193 0.4000000060
22913  -38.226  -55.833  -36.087 0.4000000060
25559  -40.584  -52.410  -34.707 0.4000000060
109721  -32.478  -56.862  -35.129 0.5000000000
103886  -33.526  -56.665  -34.497 0.5000000000
21976  -34.693  -56.440  -34.286 0.5000000000
95941  -38.827  -47.756  -25.713 0.4000000060
29369  -39.902  -47.073  -26.065 0.4000000060
29383  -41.245  -46.914  -27.193 0.4000000060
22908  -35.552  -55.862  -34.277 0.4000000060
22912  -37.125  -55.840  -35.542 0.4000000060
23831  -38.588  -54.858  -36.014 0.4000000060
24706  -40.307  -54.167  -36.119 0.4000000060
23832  -39.151  -54.013  -35.979 0.4000000060
26354  -39.513  -51.793  -34.053 0.4000000060
26342  -40.437  -50.626  -32.892 0.4000000060
26348  -40.100  -51.234  -33.457 0.4000000060
22906  -33.162  -55.942  -33.749 0.5000000000
29361  -38.313  -47.481  -25.115 0.4000000060
29362  -39.280  -46.728  -25.467 0.4000000060
22907  -34.048  -55.981  -33.580 0.5000000000
110285  -34.840  -55.739  -33.644 0.4000000060
101895  -36.225  -55.174  -34.486 0.4000000060
29371  -41.295  -46.344  -27.446 0.4000000060
23830  -37.262  -54.769  -35.393 0.4000000060
27877  -40.893  -48.992  -31.751 0.3000000119
25563  -39.461  -52.799  -35.213 0.4000000060
22896  -33.609  -55.517  -32.875 0.4000000060
22890  -34.016  -55.032  -32.159 0.5000000000
22897  -34.564  -55.303  -32.866 0.4000000060
30133  -39.348  -45.644  -25.238 0.4000000060
23818  -35.237  -54.583  -32.732 0.4000000060
22898  -35.404  -55.153  -33.489 0.4000000060
23826  -35.787  -54.401  -33.585 0.4000000060
23827  -36.442  -54.154  -34.535 0.4000000060
110818  -37.029  -53.738  -35.169 0.4000000060
103006  -37.870  -53.901  -35.572 0.4000000060
24703  -38.526  -53.262  -35.468 0.4000000060
111911  -39.502  -50.137  -32.066 0.4000000060
27088  -38.981  -50.900  -32.733 0.4000000060
114339  -34.360  -54.479  -31.791 0.4000000060
23811  -34.981  -54.122  -32.020 0.4000000060
24691  -35.541  -53.625  -32.890 0.4000000060
24697  -36.044  -53.429  -34.001 0.4000000060
24698  -36.637  -53.127  -34.818 0.4000000060
27858  -39.756  -48.509  -30.767 0.4000000060
25561  -36.938  -52.339  -34.919 0.4000000060
25557  -37.388  -51.855  -34.723 0.4000000060
112126  -37.077  -51.123  -34.545 0.4000000060
26353  -37.918  -51.625  -34.144 0.4000000060
26347  -38.461  -51.346  -33.479 0.4000000060
24674  -34.569  -52.807  -31.252 0.4000000060
24682  -35.072  -53.231  -31.975 0.4000000060
25553  -35.427  -52.483  -33.002 0.4000000060
106790  -35.798  -52.746  -33.713 0.4000000060
25555  -35.823  -51.805  -34.056 0.4000000060
100962  -36.300  -52.414  -34.434 0.4000000060
25556  -36.565  -51.437  -34.597 0.4000000060
26352  -36.563  -50.532  -34.408 0.4000000060
27074  -38.285  -49.959  -31.450 0.3000000119
27087  -37.651  -50.658  -33.222 0.4000000060
27080  -38.146  -50.462  -32.099 0.4000000060
25547  -34.583  -52.024  -31.352 0.4000000060
26333  -34.313  -51.414  -31.040 0.4000000060
25548  -34.958  -52.213  -32.119 0.4000000060
26346  -35.290  -51.272  -33.345 0.4000000060
26351  -35.932  -50.764  -34.383 0.4000000060
112282  -36.139  -49.996  -34.362 0.4000000060
28646  -39.005  -48.068  -29.943 0.4000000060
27869  -38.977  -49.478  -31.129 0.3000000119
27091  -37.293  -50.753  -34.157 0.4000000060
27876  -37.530  -49.870  -31.527 0.5000000000
27868  -37.839  -49.631  -30.831 0.4000000060
27079  -37.289  -49.878  -32.706 0.5000000000
27073  -34.007  -50.668  -30.737 0.4000000060
27874  -34.090  -49.883  -31.519 0.4000000060
26341  -34.716  -51.323  -32.103 0.4000000060
27084  -34.470  -49.572  -32.679 0.4000000060
26345  -34.886  -50.370  -33.014 0.4000000060
27086  -36.684  -49.742  -33.994 0.4000000060
27867  -37.007  -49.534  -30.866 0.5000000000
27866  -33.636  -49.856  -30.499 0.4000000060
27873  -33.807  -49.218  -31.542 0.4000000060
28659  -34.154  -48.744  -32.595 0.4000000060
27881  -36.666  -49.050  -33.171 0.4000000060
28655  -36.449  -49.067  -30.985 0.5000000000
28653  -33.347  -48.831  -30.766 0.4000000060
29406  -33.308  -47.935  -31.567 0.4000000060
101231  -33.664  -48.521  -31.856 0.4000000060
28654  -36.029  -48.359  -31.272 0.5000000000
30922  -32.251  -45.790  -31.244 0.4000000060
28652  -32.884  -48.052  -30.466 0.4000000060
105651  -32.800  -47.271  -31.205 0.4000000060
30176  -32.773  -46.392  -32.014 0.4000000060
30177  -33.999  -45.992  -33.149 0.5000000000
30173  -32.401  -46.608  -30.657 0.4000000060
22915  -41.173  -55.686  -35.878 0.5000000000
24708  -41.211  -54.419  -35.709 0.5000000000
106476  -41.624  -52.327  -34.168 0.4000000060
21919  -37.192  -56.877  -27.859 0.5000000000
21081  -34.273  -57.674  -29.300 0.8000000119
20184  -34.459  -58.591  -30.783 0.8000000119
19324  -33.996  -60.326  -31.000 0.6999999881
21073  -39.818  -57.508  -28.742 0.5000000000
18525  -34.578  -61.780  -32.107 0.6999999881
21937  -40.730  -57.294  -29.116 0.5000000000
17766  -35.080  -62.092  -33.106 0.6999999881
22859  -41.932  -55.651  -29.356 0.4000000060
106655  -40.997  -56.479  -29.251 0.4000000060
17775  -35.307  -62.336  -34.385 0.6999999881
18568  -34.044  -61.322  -36.624 0.6999999881
106678  -43.280  -55.016  -29.253 0.4000000060
23786  -43.397  -54.081  -28.536 0.4000000060
114566  -32.698  -61.934  -35.447 0.6000000238
24659  -41.805  -53.150  -28.309 0.4000000060
19337  -31.675  -59.557  -34.299 0.6000000238
20192  -31.247  -58.819  -34.332 0.5000000000
20197  -31.310  -58.187  -35.046 0.5000000000
21980  -31.772  -56.968  -35.337 0.4000000060
22895  -32.767  -55.462  -33.097 0.4000000060
23809  -32.868  -54.481  -31.667 0.4000000060
23810  -33.694  -54.518  -31.628 0.4000000060
23801  -33.409  -53.916  -31.034 0.4000000060
24673  -33.903  -53.155  -30.660 0.4000000060
25541  -34.170  -52.261  -30.640 0.4000000060
27855  -33.178  -49.455  -29.901 0.4000000060
30921  -31.757  -45.268  -30.580 0.4000000060
21933  -34.769  -56.892  -28.199 0.8000000119
21088  -35.173  -57.227  -30.419 0.8000000119
20188  -34.948  -58.634  -31.421 0.6999999881
20194  -36.077  -58.496  -32.640 0.6999999881
22873  -38.944  -55.103  -29.401 0.6000000238
23802  -37.987  -54.384  -30.699 0.6999999881
105082  -36.762  -55.615  -31.044 0.6999999881
23804  -40.318  -53.773  -30.621 0.6000000238
18570  -36.323  -61.198  -36.426 0.6999999881
19348  -34.224  -60.429  -36.605 0.6000000238
24661  -43.015  -53.740  -29.041 0.5000000000
23795  -42.104  -53.970  -29.965 0.5000000000
22910  -40.773  -55.425  -35.085 0.5000000000
20202  -34.446  -58.732  -36.165 0.6000000238
21988  -39.221  -57.038  -36.343 0.5000000000
23833  -41.256  -54.865  -35.526 0.5000000000
25564  -40.757  -53.180  -35.395 0.4000000060
22917  -39.524  -55.922  -36.310 0.4000000060
26349  -41.646  -51.047  -33.222 0.4000000060
25558  -38.727  -52.225  -34.575 0.4000000060
24702  -37.353  -53.101  -35.225 0.4000000060
24681  -34.366  -53.793  -31.350 0.4000000060
29410  -33.374  -47.089  -32.471 0.4000000060
13103  -29.990  -67.739  -26.090 0.4000000060
13090  -31.296  -67.291  -25.485 0.4000000060
13846  -31.702  -66.723  -24.854 0.4000000060
13847  -32.580  -66.706  -25.077 0.4000000060
13834  -30.764  -66.282  -24.505 0.4000000060
109394  -31.590  -65.974  -24.413 0.4000000060
14624  -33.078  -65.594  -24.431 0.4000000060
97356  -33.067  -64.770  -24.167 0.4000000060
15374  -34.885  -63.878  -23.924 0.5000000000
107496  -31.036  -65.370  -24.184 0.4000000060
14623  -32.074  -65.257  -24.142 0.4000000060
15391  -32.222  -64.072  -23.973 0.5000000000
15392  -33.260  -63.930  -24.044 0.5000000000
16936  -33.931  -62.505  -23.687 0.6000000238
105977  -29.672  -64.782  -24.247 0.4000000060
15389  -30.391  -64.671  -24.070 0.4000000060
16126  -31.221  -63.309  -24.007 0.4000000060
16106  -34.332  -63.156  -23.601 0.5000000000
21938  -42.027  -56.743  -29.312 0.3000000119
113636  -43.029  -55.812  -29.189 0.4000000060
97924  -43.252  -54.119  -27.832 0.3000000119
16107  -35.172  -63.155  -23.541 0.5000000000
20163  -39.349  -59.079  -27.841 0.5000000000
21074  -41.445  -57.898  -29.285 0.4000000060
16144  -29.681  -62.870  -26.011 0.4000000060
108106  -32.094  -63.137  -24.003 0.5000000000
16127  -32.742  -63.377  -23.989 0.5000000000
103086  -29.549  -63.322  -24.862 0.4000000060
110974  -30.505  -63.855  -23.951 0.4000000060
16937  -34.849  -61.798  -23.702 0.6000000238
17711  -35.731  -61.427  -23.686 0.6000000238
18458  -35.537  -60.446  -24.188 0.6999999881
105427  -38.996  -58.382  -27.835 0.5000000000
18459  -36.479  -60.814  -24.064 0.6999999881
18470  -37.361  -59.921  -25.601 0.6999999881
20162  -38.574  -58.753  -27.411 0.6999999881
19254  -36.594  -60.057  -24.805 0.6999999881
19266  -37.344  -59.306  -26.086 0.6999999881
16949  -31.805  -62.551  -24.591 0.5000000000
98935  -32.648  -62.661  -24.119 0.6000000238
16951  -33.313  -62.098  -24.112 0.6000000238
18456  -33.869  -60.682  -24.669 0.6000000238
107558  -30.100  -62.792  -25.078 0.4000000060
16964  -31.359  -62.300  -25.506 0.5000000000
16950  -32.591  -62.026  -24.738 0.6000000238
17710  -34.515  -61.029  -24.011 0.6000000238
18457  -34.480  -60.126  -24.584 0.6000000238
19253  -35.417  -59.610  -24.717 0.6000000238
24652  -43.015  -53.675  -28.429 0.3000000119
19265  -36.089  -59.150  -25.137 0.6999999881
104543  -38.334  -57.986  -27.606 0.6000000238
21062  -38.948  -57.584  -28.195 0.5000000000
16170  -30.354  -62.891  -27.702 0.6000000238
16984  -31.257  -62.522  -27.543 0.6000000238
16974  -31.880  -62.066  -26.947 0.6999999881
17721  -32.764  -61.570  -25.448 0.6000000238
17722  -33.380  -61.051  -25.248 0.6000000238
19263  -34.592  -59.344  -25.127 0.6000000238
16972  -30.440  -62.614  -26.781 0.5000000000
16965  -32.062  -61.963  -25.453 0.6000000238
19264  -35.303  -58.966  -25.131 0.6000000238
20129  -35.709  -58.535  -25.593 0.6999999881
20151  -36.333  -58.174  -26.252 0.6999999881
20130  -36.604  -58.837  -25.798 0.6999999881
21920  -38.057  -57.199  -27.905 0.6000000238
21041  -36.944  -57.916  -26.886 0.6999999881
16995  -31.683  -62.559  -28.306 0.6000000238
16985  -32.100  -62.238  -27.794 0.6999999881
17733  -32.924  -61.306  -27.501 0.6999999881
98334  -32.808  -61.344  -26.819 0.6999999881
18477  -33.405  -60.133  -26.380 0.6000000238
21060  -36.639  -57.210  -27.324 0.5000000000
20128  -34.824  -58.603  -25.575 0.6999999881
20150  -35.259  -57.894  -26.212 0.6999999881
106721  -33.223  -60.726  -28.761 0.6999999881
115097  -33.465  -58.876  -28.676 0.6999999881
17741  -33.021  -61.371  -28.363 0.6999999881
19289  -33.379  -59.399  -27.786 0.6000000238
103294  -33.648  -58.655  -27.786 0.5000000000
18483  -33.199  -60.480  -27.695 0.6999999881
19281  -33.401  -59.739  -27.017 0.6000000238
20149  -34.270  -58.434  -26.374 0.6999999881
107519  -35.770  -56.938  -27.323 0.5000000000
110794  -34.202  -59.113  -25.727 0.6000000238
114264  -35.317  -57.302  -26.878 0.6999999881
21040  -36.063  -57.500  -26.745 0.6000000238
19304  -33.318  -59.886  -29.241 0.6999999881
20183  -33.587  -59.116  -29.707 0.6999999881
19315  -33.982  -59.311  -30.545 0.6999999881
21059  -34.975  -56.986  -27.437 0.6000000238
21071  -34.288  -57.491  -28.489 0.6999999881
20169  -39.721  -58.440  -28.315 0.5000000000
20160  -34.042  -58.126  -27.283 0.6000000238
13076  -30.884  -66.976  -24.913 0.4000000060
109638  -33.782  -64.453  -24.141 0.4000000060
16124  -29.723  -64.012  -24.185 0.4000000060
15390  -31.232  -64.462  -23.948 0.4000000060
16948  -30.843  -62.657  -24.766 0.4000000060
16125  -30.253  -63.229  -24.326 0.4000000060
19275  -38.052  -59.164  -26.800 0.6999999881
20161  -37.788  -58.359  -27.101 0.6999999881
17708  -33.132  -61.602  -24.791 0.6000000238
18469  -33.743  -60.003  -25.409 0.6000000238
16973  -31.199  -62.324  -26.464 0.6999999881
111173  -31.742  -62.010  -26.155 0.6000000238
101174  -33.210  -60.845  -26.796 0.6000000238
20159  -33.682  -58.906  -27.065 0.6000000238
18490  -33.234  -59.846  -28.439 0.6000000238
16996  -32.322  -62.339  -28.586 0.5000000000
16169  -29.616  -63.316  -27.811 0.4000000060
16187  -30.982  -62.953  -28.492 0.5000000000
17751  -32.931  -62.023  -28.882 0.6000000238
104070  -29.166  -63.576  -28.277 0.4000000060
97230  -29.020  -63.577  -29.063 0.5000000000
111991  -30.243  -63.230  -28.327 0.5000000000
95883  -31.142  -63.203  -29.343 0.5000000000
17007  -32.502  -62.508  -29.489 0.5000000000
16203  -32.344  -62.866  -30.356 0.5000000000
17006  -31.725  -62.755  -29.005 0.5000000000
17752  -33.241  -61.585  -29.238 0.6000000238
107729  -33.570  -61.774  -30.033 0.5000000000
17021  -32.954  -62.468  -30.193 0.5000000000
17758  -33.918  -61.906  -30.747 0.6999999881
17022  -33.545  -62.208  -30.559 0.6000000238
17760  -34.212  -62.068  -31.414 0.6000000238
16199  -28.420  -63.567  -29.709 0.5000000000
16218  -29.190  -63.558  -30.051 0.5000000000
111374  -30.809  -63.443  -30.556 0.5000000000
16219  -31.594  -63.243  -30.532 0.5000000000
109694  -31.199  -63.312  -29.979 0.5000000000
18512  -33.638  -61.124  -30.524 0.6000000238
16236  -32.192  -63.196  -31.347 0.6000000238
17035  -33.721  -62.470  -31.461 0.5000000000
17761  -34.346  -62.429  -32.402 0.6000000238
16217  -28.554  -63.580  -30.646 0.5000000000
96719  -29.331  -63.653  -31.001 0.5000000000
16233  -29.439  -63.737  -31.900 0.5000000000
16235  -31.201  -63.448  -31.366 0.5000000000
109211  -31.618  -63.481  -32.188 0.5000000000
18524  -34.072  -61.435  -31.306 0.6000000238
16237  -33.098  -63.042  -31.863 0.5000000000
17043  -34.024  -63.105  -33.284 0.6000000238
16231  -27.922  -63.449  -31.240 0.5000000000
16232  -28.769  -63.656  -31.669 0.5000000000
101484  -29.118  -63.703  -32.928 0.5000000000
16246  -29.786  -63.882  -34.001 0.5000000000
16257  -29.733  -64.322  -35.548 0.6000000238
101483  -29.949  -63.759  -32.676 0.4000000060
16268  -29.955  -64.280  -36.543 0.4000000060
16258  -30.363  -64.253  -34.951 0.5000000000
16259  -31.559  -63.744  -33.578 0.5000000000
16248  -30.832  -63.653  -32.428 0.4000000060
16282  -30.695  -64.003  -36.747 0.4000000060
16283  -31.864  -64.026  -36.601 0.5000000000
98060  -31.929  -64.097  -35.279 0.5000000000
17064  -31.123  -63.573  -36.490 0.4000000060
108512  -32.561  -63.710  -33.983 0.6000000238
16250  -33.265  -63.333  -32.959 0.6000000238
17044  -34.645  -62.666  -33.689 0.6000000238
17055  -34.756  -62.802  -34.860 0.6000000238
16269  -30.569  -64.344  -36.055 0.5000000000
17065  -31.988  -63.349  -36.289 0.5000000000
106956  -32.324  -63.792  -36.488 0.5000000000
109319  -32.088  -64.057  -36.454 0.5000000000
17772  -30.884  -62.210  -34.297 0.4000000060
17053  -32.189  -62.327  -35.330 0.5000000000
16271  -32.578  -63.626  -36.343 0.6000000238
101790  -32.689  -63.858  -35.447 0.6000000238
17067  -34.321  -63.138  -35.932 0.6000000238
17066  -32.608  -62.862  -36.226 0.5000000000
19330  -31.269  -59.493  -33.479 0.3000000119
18549  -31.006  -61.175  -33.353 0.4000000060
17773  -31.624  -61.782  -34.285 0.4000000060
17078  -33.114  -63.100  -36.394 0.5000000000
17079  -34.029  -62.874  -36.510 0.6000000238
22905  -32.331  -55.749  -34.084 0.3000000119
21975  -31.837  -56.271  -34.956 0.3000000119
21107  -31.503  -57.527  -35.288 0.4000000060
20196  -30.873  -58.176  -34.377 0.4000000060
22888  -32.409  -54.876  -32.527 0.3000000119
25540  -33.450  -52.517  -30.101 0.3000000119
26332  -33.721  -51.538  -30.049 0.3000000119
27072  -33.577  -50.689  -29.911 0.3000000119
27067  -33.194  -50.186  -29.501 0.3000000119
27854  -32.755  -49.569  -29.173 0.3000000119
29400  -32.528  -47.386  -30.094 0.3000000119
18550  -31.631  -60.515  -33.866 0.5000000000
18502  -33.375  -60.914  -29.660 0.5000000000
16201  -30.606  -63.433  -29.791 0.5000000000
16249  -32.390  -63.426  -32.576 0.5000000000
17054  -34.182  -63.256  -34.612 0.6000000238
109049  -40.353  -58.776  -28.585 0.3000000119
19276  -38.468  -59.799  -26.853 0.6000000238
19282  -38.845  -59.482  -27.366 0.6000000238
21922  -44.752  -56.697  -27.902 0.3000000119
21077  -44.870  -57.071  -28.515 0.3000000119
21076  -44.087  -56.915  -28.869 0.3000000119
106404  -43.608  -56.336  -29.029 0.3000000119
20173  -44.031  -57.740  -29.097 0.3000000119
21075  -42.884  -57.519  -29.357 0.3000000119
19277  -38.992  -60.194  -27.275 0.6000000238
97765  -42.958  -56.867  -26.895 0.3000000119
21921  -44.141  -55.503  -27.905 0.3000000119
21940  -44.556  -56.133  -28.277 0.3000000119
97742  -44.136  -55.225  -28.246 0.3000000119
20171  -42.053  -58.492  -29.585 0.3000000119
20170  -41.049  -58.913  -29.077 0.3000000119
106153  -40.161  -59.354  -28.512 0.4000000060
16157  -29.791  -62.935  -27.075 0.4000000060
21043  -41.972  -57.493  -26.351 0.3000000119
21904  -43.948  -56.337  -27.471 0.3000000119
22833  -43.096  -55.619  -27.220 0.3000000119
22842  -43.534  -54.795  -27.636 0.3000000119
14639  -35.309  -65.979  -25.123 0.5000000000
113662  -35.910  -65.813  -25.271 0.5000000000
13091  -32.261  -67.216  -25.642 0.4000000060
13092  -33.141  -66.966  -25.556 0.4000000060
13848  -33.986  -66.764  -25.565 0.4000000060
13864  -34.487  -67.071  -26.258 0.5000000000
16131  -37.539  -63.632  -24.140 0.5000000000
15407  -36.731  -64.992  -24.820 0.5000000000
107415  -34.777  -65.417  -24.561 0.5000000000
14626  -35.881  -65.309  -24.741 0.5000000000
99910  -33.909  -65.695  -24.591 0.4000000060
16966  -38.782  -62.490  -25.793 0.6000000238
16954  -37.956  -62.921  -24.407 0.6000000238
16953  -37.274  -62.652  -24.017 0.5000000000
106981  -36.754  -64.011  -24.031 0.5000000000
104597  -33.879  -65.094  -24.305 0.3000000119
15394  -35.386  -64.626  -24.236 0.5000000000
18478  -39.116  -60.931  -26.924 0.6000000238
17712  -37.807  -61.959  -24.598 0.6000000238
102607  -36.899  -61.625  -23.943 0.6000000238
16129  -35.878  -63.834  -23.891 0.4000000060
16130  -36.657  -63.289  -23.757 0.5000000000
20172  -43.045  -58.588  -29.542 0.3000000119
19290  -40.232  -60.166  -28.784 0.4000000060
17723  -37.909  -61.142  -25.258 0.6000000238
16939  -36.351  -62.384  -23.657 0.4000000060
105979  -44.104  -58.601  -29.127 0.3000000119
21923  -45.062  -56.910  -28.196 0.3000000119
19283  -39.565  -59.951  -28.057 0.5000000000
18460  -37.253  -60.951  -24.515 0.6000000238
100122  -38.479  -60.379  -26.545 0.6000000238
17724  -38.444  -61.885  -25.516 0.6000000238
19292  -42.101  -59.473  -29.689 0.3000000119
17729  -39.151  -61.859  -26.508 0.5000000000
17730  -39.658  -61.469  -27.587 0.5000000000
18479  -39.601  -60.707  -27.808 0.5000000000
17734  -39.926  -61.818  -28.445 0.4000000060
102584  -39.977  -61.235  -28.530 0.5000000000
16159  -39.584  -62.348  -27.766 0.5000000000
16975  -39.034  -62.812  -26.630 0.5000000000
17742  -40.344  -61.753  -29.272 0.4000000060
105751  -40.735  -61.308  -29.690 0.4000000060
18492  -41.212  -60.839  -29.792 0.4000000060
18484  -40.053  -60.651  -28.652 0.5000000000
16132  -38.282  -63.530  -24.763 0.5000000000
16145  -38.704  -63.248  -25.623 0.5000000000
18491  -40.534  -60.736  -29.386 0.4000000060
11677  -32.382  -69.302  -34.219 0.3000000119
11689  -31.807  -69.490  -34.925 0.3000000119
101986  -32.885  -69.079  -33.569 0.3000000119
11661  -33.363  -68.856  -32.828 0.3000000119
11646  -34.809  -68.823  -32.119 0.4000000060
11644  -32.803  -68.679  -31.829 0.3000000119
11647  -35.953  -69.137  -32.195 0.4000000060
12403  -35.101  -68.775  -31.450 0.4000000060
11645  -33.847  -68.695  -32.018 0.3000000119
12391  -36.677  -68.868  -30.579 0.4000000060
102098  -37.070  -68.502  -29.939 0.4000000060
111181  -34.838  -68.648  -30.848 0.4000000060
12401  -33.494  -68.572  -31.150 0.4000000060
12388  -33.176  -68.508  -30.360 0.4000000060
12377  -34.507  -68.482  -29.536 0.4000000060
13134  -38.815  -66.939  -29.910 0.3000000119
12379  -37.987  -68.143  -30.334 0.4000000060
13140  -37.302  -67.774  -29.366 0.4000000060
12367  -36.557  -68.246  -29.259 0.4000000060
12366  -35.846  -68.336  -28.944 0.4000000060
97541  -34.979  -68.362  -28.814 0.4000000060
12376  -33.616  -68.463  -29.605 0.4000000060
14683  -39.437  -65.089  -30.004 0.3000000119
13133  -38.036  -67.041  -29.227 0.4000000060
13889  -37.786  -66.479  -28.722 0.4000000060
13888  -37.088  -67.114  -28.406 0.4000000060
13880  -37.296  -66.414  -27.856 0.4000000060
13123  -36.147  -67.413  -27.860 0.4000000060
13879  -36.560  -66.828  -27.471 0.4000000060
13131  -35.481  -67.966  -28.191 0.4000000060
12365  -33.997  -68.337  -28.721 0.4000000060
14681  -38.584  -65.114  -29.524 0.4000000060
14673  -37.941  -65.695  -28.519 0.4000000060
13867  -36.860  -66.378  -27.054 0.4000000060
13866  -36.208  -66.607  -26.657 0.4000000060
12353  -33.991  -68.037  -27.821 0.4000000060
13122  -35.443  -67.520  -27.545 0.4000000060
96913  -33.179  -68.371  -28.988 0.4000000060
109856  -38.351  -64.915  -28.715 0.4000000060
14659  -38.082  -65.128  -27.554 0.4000000060
14641  -37.226  -65.544  -26.150 0.4000000060
14657  -36.718  -66.077  -26.334 0.4000000060
13108  -34.062  -67.560  -26.957 0.4000000060
13850  -35.877  -66.268  -25.789 0.4000000060
96542  -38.578  -64.243  -28.026 0.4000000060
15420  -38.220  -64.594  -26.559 0.4000000060
108358  -37.884  -64.172  -24.759 0.4000000060
16172  -39.507  -62.964  -28.795 0.4000000060
99756  -38.693  -63.731  -26.641 0.4000000060
17743  -40.861  -61.893  -29.634 0.3000000119
17744  -41.429  -61.473  -29.663 0.3000000119
14640  -36.571  -65.597  -25.484 0.4000000060
16158  -39.110  -63.295  -27.842 0.4000000060
17753  -41.995  -60.709  -29.657 0.3000000119
15409  -38.329  -64.091  -25.517 0.4000000060
12390  -35.690  -68.854  -30.927 0.4000000060
113348  -35.786  -68.685  -30.130 0.4000000060
12378  -35.387  -68.509  -29.514 0.4000000060
13891  -38.962  -66.097  -29.857 0.4000000060
97941  -38.205  -67.505  -29.916 0.4000000060
106870  -39.433  -65.947  -29.782 0.3000000119
13132  -36.403  -67.842  -28.629 0.4000000060
114737  -39.618  -64.504  -30.106 0.3000000119
14682  -38.916  -65.348  -29.926 0.4000000060
13890  -38.474  -66.021  -29.494 0.4000000060
97928  -38.756  -64.391  -29.405 0.4000000060
15419  -37.728  -65.211  -26.530 0.4000000060
13109  -34.997  -67.333  -26.966 0.4000000060
15408  -37.544  -64.859  -25.473 0.4000000060
12393  -39.857  -68.209  -31.695 0.3000000119
11664  -36.954  -69.510  -33.514 0.3000000119
111493  -36.140  -69.443  -33.820 0.3000000119
11648  -37.276  -69.382  -32.513 0.3000000119
11634  -37.569  -69.134  -31.681 0.3000000119
115001  -36.079  -69.352  -33.077 0.3000000119
11633  -36.610  -69.120  -31.487 0.3000000119
98834  -38.844  -68.410  -31.381 0.3000000119
12392  -37.772  -68.754  -30.936 0.3000000119
13141  -38.996  -67.702  -30.703 0.3000000119
14691  -39.470  -64.043  -30.139 0.3000000119
15452  -39.410  -63.774  -29.923 0.3000000119
16171  -39.134  -63.705  -29.232 0.3000000119
16998  -40.453  -62.617  -29.416 0.3000000119
103558  -39.475  -67.320  -30.415 0.3000000119
11660  -32.375  -68.910  -32.723 0.3000000119
11662  -34.404  -68.933  -32.942 0.4000000060
12354  -34.649  -68.160  -28.209 0.4000000060
12389  -35.036  -68.584  -30.213 0.4000000060
12402  -34.347  -68.640  -31.321 0.3000000119
13089  -30.452  -67.361  -25.411 0.4000000060
13104  -30.816  -67.629  -26.115 0.4000000060
13121  -34.775  -67.772  -27.613 0.4000000060
13835  -32.385  -66.136  -24.592 0.4000000060
13836  -33.352  -66.338  -24.937 0.4000000060
13849  -34.898  -66.553  -25.656 0.5000000000
13865  -35.368  -66.838  -26.382 0.4000000060
13878  -35.790  -67.086  -27.135 0.4000000060
14625  -34.380  -66.184  -25.025 0.5000000000
14658  -37.426  -65.794  -27.127 0.4000000060
14690  -39.060  -64.557  -30.020 0.3000000119
15373  -34.040  -63.855  -23.930 0.5000000000
15393  -34.479  -64.568  -24.173 0.5000000000
15395  -36.319  -64.557  -24.317 0.5000000000
15396  -37.177  -64.418  -24.493 0.5000000000
15406  -29.113  -63.937  -24.699 0.4000000060
15451  -39.101  -64.037  -29.922 0.3000000119
16108  -35.909  -63.042  -23.507 0.4000000060
16128  -33.445  -63.063  -23.730 0.5000000000
16156  -29.197  -63.359  -26.835 0.4000000060
16185  -29.768  -63.491  -28.695 0.5000000000
16186  -30.476  -63.405  -29.030 0.5000000000
16200  -29.876  -63.539  -29.507 0.5000000000
16202  -31.759  -63.015  -29.774 0.5000000000
16234  -30.214  -63.636  -31.430 0.5000000000
16247  -30.574  -63.843  -33.758 0.5000000000
16260  -33.425  -63.542  -34.295 0.6000000238
16270  -31.435  -64.195  -36.378 0.5000000000
16272  -33.491  -63.546  -35.642 0.6000000238
16284  -33.468  -63.285  -36.234 0.6000000238
16938  -35.431  -62.399  -23.558 0.5000000000
16952  -34.110  -61.841  -23.853 0.6000000238
16955  -38.423  -62.685  -25.040 0.6000000238
16963  -30.578  -62.515  -25.737 0.4000000060
16997  -39.918  -62.403  -29.031 0.4000000060
17008  -33.227  -62.120  -29.700 0.5000000000
17034  -33.019  -62.746  -30.917 0.6000000238
17051  -30.704  -62.876  -35.771 0.4000000060
17052  -31.464  -62.694  -35.503 0.5000000000
17068  -35.235  -62.502  -35.740 0.6000000238
17080  -34.684  -62.638  -36.324 0.6999999881
17709  -33.682  -61.362  -24.396 0.6000000238
17728  -32.380  -61.650  -26.334 0.6000000238
17732  -32.440  -61.726  -27.254 0.6999999881
17740  -32.642  -61.853  -28.076 0.6999999881
17745  -42.359  -61.119  -29.230 0.3000000119
17776  -36.010  -61.981  -35.269 0.6999999881
17793  -33.799  -62.178  -36.486 0.6999999881
17794  -34.510  -62.224  -36.623 0.6000000238
18471  -37.907  -60.488  -25.847 0.6000000238
18538  -35.646  -61.633  -33.944 0.6999999881
18539  -35.711  -60.666  -33.527 0.6999999881
18567  -33.292  -61.063  -36.259 0.6000000238
19267  -37.932  -59.840  -26.295 0.6999999881
19274  -33.744  -59.352  -26.302 0.6000000238
19291  -41.012  -59.979  -29.283 0.4000000060
19314  -33.590  -60.079  -30.130 0.6999999881
19325  -34.588  -59.497  -31.465 0.6999999881
20152  -37.203  -58.635  -26.506 0.6999999881
20178  -33.838  -58.366  -29.395 0.6999999881
20209  -38.024  -59.387  -36.448 0.6000000238
21039  -34.654  -57.597  -26.920 0.6999999881
21057  -33.891  -58.074  -28.116 0.6999999881
21058  -34.413  -57.458  -27.701 0.6000000238
21061  -37.508  -57.599  -27.421 0.6000000238
21064  -45.194  -57.572  -28.278 0.3000000119
21070  -33.894  -58.072  -28.799 0.6999999881
21106  -39.331  -57.709  -35.270 0.5000000000
21114  -39.827  -57.724  -35.966 0.5000000000
21934  -36.083  -56.345  -28.632 0.6000000238
21935  -36.880  -56.320  -28.474 0.5000000000
21939  -43.956  -55.402  -28.711 0.3000000119
21948  -34.620  -57.035  -28.885 0.8000000119
21950  -36.029  -56.164  -29.403 0.6999999881
21961  -36.272  -56.294  -31.115 0.8000000119
21986  -40.857  -56.292  -36.020 0.5000000000
22877  -43.237  -54.309  -29.190 0.4000000060
22884  -36.773  -55.576  -30.208 0.6999999881
22889  -33.211  -55.039  -32.257 0.4000000060
22911  -36.350  -56.063  -35.012 0.4000000060
22914  -40.686  -56.387  -35.693 0.5000000000
22916  -41.247  -55.148  -35.951 0.5000000000
22918  -40.642  -55.799  -36.228 0.5000000000
22919  -41.146  -55.603  -36.050 0.5000000000
23817  -34.650  -54.732  -32.243 0.4000000060
23829  -41.100  -54.487  -34.841 0.5000000000
23834  -39.945  -54.910  -36.283 0.4000000060
24651  -42.363  -53.546  -27.907 0.3000000119
24660  -42.518  -53.272  -28.845 0.4000000060
24704  -39.927  -53.457  -35.782 0.4000000060
24707  -40.916  -53.901  -35.886 0.4000000060
25562  -37.960  -52.574  -35.019 0.4000000060
25565  -41.201  -53.689  -35.407 0.5000000000
26343  -42.755  -50.649  -32.154 0.3000000119
27078  -34.413  -50.553  -31.820 0.4000000060
27081  -41.717  -50.000  -32.540 0.4000000060
27875  -36.879  -49.425  -31.837 0.5000000000
28611  -39.318  -48.101  -26.338 0.4000000060
28637  -42.212  -47.563  -29.677 0.3000000119
28642  -32.847  -48.815  -29.768 0.4000000060
28648  -42.419  -48.075  -29.863 0.3000000119
29370  -40.769  -46.536  -26.670 0.4000000060
30141  -40.703  -45.829  -26.723 0.4000000060
96021  -30.016  -63.565  -30.375 0.5000000000
96652  -31.084  -64.227  -35.108 0.5000000000
98854  -38.504  -61.110  -26.084 0.6000000238
99776  -33.747  -62.911  -32.319 0.6000000238
100454  -34.446  -60.675  -31.926 0.6999999881
102338  -36.805  -59.441  -25.474 0.6999999881
102370  -33.332  -60.700  -25.964 0.6000000238
102538  -40.483  -58.182  -28.806 0.4000000060
103425  -32.660  -56.290  -34.510 0.5000000000
103952  -36.523  -57.173  -32.315 0.6000000238
104808  -33.029  -61.218  -26.121 0.6000000238
106128  -34.622  -62.472  -23.587 0.6000000238
106494  -32.770  -68.568  -30.974 0.4000000060
106524  -40.275  -61.126  -29.238 0.4000000060
106927  -40.097  -56.661  -29.102 0.4000000060
107280  -34.126  -68.544  -30.426 0.4000000060
108912  -33.895  -62.135  -31.016 0.6000000238
110090  -44.796  -57.833  -28.712 0.3000000119
110274  -34.019  -58.512  -30.074 0.6999999881
110597  -39.716  -55.398  -34.275 0.5000000000
110734  -36.217  -68.550  -29.666 0.4000000060
112815  -33.293  -60.308  -26.965 0.6999999881
113131  -32.180  -63.949  -36.606 0.5000000000
113585  -34.120  -49.361  -32.074 0.4000000060
113616  -39.771  -65.552  -29.743 0.3000000119
114425  -37.428  -60.491  -25.183 0.6999999881
114760  -34.127  -58.077  -29.741 0.8000000119
