#!ascii label  , from subject sub-v1s13x0050025_ses-1 vox2ras=TkReg
882
42305  20.508  -25.359  41.643 0.0000000000
44872  32.596  -22.723  44.520 0.0000000000
56855  40.372  -7.944  22.184 0.0000000000
51204  33.881  -16.231  31.031 0.0000000000
46577  35.900  -20.259  37.498 0.0000000000
61254  49.382  -0.343  14.757 0.0000000000
54627  41.092  -10.539  24.800 0.0000000000
53815  36.463  -12.140  24.363 0.0000000000
111727  17.667  -29.009  40.434 0.0000000000
43142  27.630  -22.863  43.654 0.0000000000
96162  30.401  -23.008  40.628 0.0000000000
44071  23.833  -22.694  38.699 0.0000000000
59817  44.027  -3.381  19.039 0.0000000000
42285  24.798  -24.343  46.302 0.0000000000
39808  19.865  -27.869  45.507 0.0000000000
59076  43.976  -5.496  21.554 0.0000000000
37349  16.423  -31.372  44.139 0.0000000000
34478  12.997  -36.187  42.551 0.0000000000
112711  36.439  -12.798  29.303 0.0000000000
48847  35.441  -18.376  34.407 0.0000000000
45783  33.991  -21.906  34.248 0.0000000000
44091  32.358  -22.228  37.369 0.0000000000
54596  41.465  -11.289  26.518 0.0000000000
54617  38.821  -10.977  24.925 0.0000000000
53792  38.522  -11.921  26.222 0.0000000000
55362  42.870  -10.399  26.060 0.0000000000
41516  20.104  -26.119  38.953 0.0000000000
39893  18.191  -28.618  38.583 0.0000000000
40689  18.996  -27.190  40.988 0.0000000000
43144  23.758  -23.021  42.787 0.0000000000
44041  25.295  -22.529  41.087 0.0000000000
43167  22.298  -23.417  39.837 0.0000000000
42333  21.139  -25.094  37.922 0.0000000000
57575  40.206  -6.638  19.976 0.0000000000
56845  42.995  -8.229  22.785 0.0000000000
57558  42.925  -7.487  21.626 0.0000000000
58359  42.337  -5.517  20.285 0.0000000000
98049  19.227  -29.262  47.348 0.0000000000
38981  18.018  -29.349  45.067 0.0000000000
38160  17.641  -30.778  46.645 0.0000000000
34447  13.824  -35.940  47.815 0.0000000000
35143  13.783  -34.655  45.300 0.0000000000
33751  12.347  -36.601  44.820 0.0000000000
32264  11.510  -38.777  44.048 0.0000000000
32244  10.697  -39.052  46.108 0.0000000000
49568  36.476  -17.513  35.987 0.0000000000
48084  36.317  -18.586  35.785 0.0000000000
47363  35.153  -19.743  33.777 0.0000000000
46586  34.771  -20.370  36.075 0.0000000000
111871  28.283  -22.397  37.721 0.0000000000
95797  31.528  -22.747  38.742 0.0000000000
44094  29.678  -22.289  36.527 0.0000000000
44949  30.108  -21.859  35.123 0.0000000000
52925  34.476  -13.828  30.225 0.0000000000
52959  33.358  -13.829  27.499 0.0000000000
51217  32.393  -15.335  28.703 0.0000000000
61926  52.623  0.340  14.054 0.0000000000
61259  50.559  -0.587  13.224 0.0000000000
55403  41.208  -9.538  23.952 0.0000000000
54643  38.967  -10.212  24.027 0.0000000000
56118  42.931  -9.389  25.078 0.0000000000
43111  30.659  -23.548  44.590 0.0000000000
43136  32.360  -23.612  42.696 0.0000000000
43153  29.143  -23.075  42.663 0.0000000000
44055  26.602  -22.345  39.794 0.0000000000
111632  24.678  -22.515  36.731 0.0000000000
60523  45.092  -2.497  20.918 0.0000000000
111866  45.810  -1.715  18.598 0.0000000000
61244  46.712  -1.242  17.371 0.0000000000
61256  47.501  -1.074  15.132 0.0000000000
42295  22.475  -24.889  44.383 0.0000000000
41494  20.578  -26.520  44.143 0.0000000000
41486  22.356  -26.072  45.994 0.0000000000
43115  26.223  -23.281  45.256 0.0000000000
59081  43.862  -4.556  20.576 0.0000000000
39834  18.315  -28.430  42.993 0.0000000000
38203  16.900  -30.238  42.463 0.0000000000
36565  15.520  -32.565  41.110 0.0000000000
36515  15.682  -32.665  45.789 0.0000000000
35848  14.704  -33.606  43.644 0.0000000000
109233  8.466  -41.616  46.289 0.0000000000
97298  38.753  -11.878  29.181 0.0000000000
52059  35.182  -14.806  32.885 0.0000000000
102394  35.900  -16.094  34.697 0.0000000000
49588  34.711  -17.502  32.883 0.0000000000
48114  35.091  -19.359  32.031 0.0000000000
109097  34.243  -21.299  31.471 0.0000000000
98632  32.043  -22.100  31.535 0.0000000000
43148  33.194  -23.256  41.118 0.0000000000
44065  34.106  -22.496  39.631 0.0000000000
44924  34.022  -21.747  37.678 0.0000000000
103753  32.585  -21.576  35.609 0.0000000000
45786  30.964  -22.068  33.859 0.0000000000
112807  36.408  -12.401  27.212 0.0000000000
100730  34.489  -13.402  24.770 0.0000000000
53789  40.897  -11.556  27.019 0.0000000000
53790  40.211  -11.829  26.754 0.0000000000
110356  39.585  -12.048  27.248 0.0000000000
54588  42.106  -10.883  27.650 0.0000000000
42308  20.533  -25.352  40.580 0.0000000000
41509  19.515  -26.568  40.488 0.0000000000
41503  19.985  -25.922  41.052 0.0000000000
99626  22.627  -23.686  42.743 0.0000000000
43156  22.485  -23.407  41.574 0.0000000000
42307  21.027  -24.713  41.225 0.0000000000
115480  21.034  -24.792  39.464 0.0000000000
56854  40.508  -7.458  21.465 0.0000000000
56153  42.115  -8.388  22.966 0.0000000000
56852  43.093  -7.993  22.174 0.0000000000
56861  42.233  -7.263  21.771 0.0000000000
57565  41.737  -6.631  21.270 0.0000000000
33729  13.066  -36.392  47.399 0.0000000000
33736  12.848  -36.095  46.470 0.0000000000
33015  11.974  -37.347  45.119 0.0000000000
111614  12.091  -37.362  44.240 0.0000000000
33010  11.624  -38.005  45.427 0.0000000000
32258  11.110  -39.384  44.434 0.0000000000
48083  36.731  -18.152  36.462 0.0000000000
47348  36.087  -19.333  36.009 0.0000000000
110288  35.468  -19.497  35.351 0.0000000000
46578  35.183  -20.507  37.002 0.0000000000
44878  33.462  -22.917  43.474 0.0000000000
44096  27.318  -22.584  36.237 0.0000000000
44095  29.187  -22.396  36.756 0.0000000000
44111  27.507  -22.550  35.514 0.0000000000
44126  28.591  -22.330  35.043 0.0000000000
102715  33.692  -15.376  30.818 0.0000000000
52094  32.874  -14.802  29.289 0.0000000000
61918  48.849  -0.327  15.844 0.0000000000
61916  50.079  0.332  16.315 0.0000000000
109672  50.602  0.249  15.510 0.0000000000
61928  51.225  -0.243  13.797 0.0000000000
61929  50.335  -0.349  14.192 0.0000000000
55387  41.536  -10.081  24.379 0.0000000000
55404  40.338  -9.557  23.833 0.0000000000
54628  40.404  -10.415  24.735 0.0000000000
53814  37.355  -11.678  24.835 0.0000000000
53826  37.904  -11.187  24.560 0.0000000000
53828  36.109  -12.213  23.396 0.0000000000
55363  42.481  -10.760  25.645 0.0000000000
55373  42.314  -10.489  24.956 0.0000000000
56135  41.894  -9.523  23.943 0.0000000000
39894  17.816  -28.918  39.394 0.0000000000
39021  16.881  -30.225  40.325 0.0000000000
43127  29.193  -23.149  43.758 0.0000000000
43139  29.789  -23.245  43.130 0.0000000000
43141  28.271  -22.922  42.955 0.0000000000
44057  24.100  -22.642  39.663 0.0000000000
44040  26.209  -22.339  40.659 0.0000000000
44070  24.943  -22.490  38.996 0.0000000000
101275  25.418  -22.450  38.042 0.0000000000
103793  24.489  -22.571  37.839 0.0000000000
44085  22.993  -23.276  37.631 0.0000000000
48122  34.770  -19.391  30.834 0.0000000000
59810  44.347  -3.255  19.704 0.0000000000
61234  45.691  -1.787  19.847 0.0000000000
60532  44.650  -2.690  18.365 0.0000000000
60545  45.410  -2.195  16.653 0.0000000000
60548  46.038  -1.838  16.039 0.0000000000
61257  46.775  -1.479  15.500 0.0000000000
42291  23.583  -24.758  45.465 0.0000000000
99119  22.365  -25.678  45.416 0.0000000000
41485  23.033  -25.524  46.228 0.0000000000
43105  25.412  -23.795  45.805 0.0000000000
43117  24.166  -24.161  45.141 0.0000000000
59802  44.024  -3.834  20.910 0.0000000000
59082  44.019  -5.355  20.787 0.0000000000
58366  42.406  -4.782  19.587 0.0000000000
40675  20.092  -27.147  44.366 0.0000000000
40679  19.304  -27.446  43.027 0.0000000000
39818  18.992  -28.239  44.246 0.0000000000
38188  16.986  -30.508  44.186 0.0000000000
38993  17.435  -29.814  43.780 0.0000000000
38189  16.594  -30.922  43.472 0.0000000000
37374  15.842  -31.997  41.629 0.0000000000
37361  15.719  -32.250  42.743 0.0000000000
35825  15.551  -33.315  46.662 0.0000000000
34471  13.256  -35.290  43.956 0.0000000000
35159  14.256  -34.148  44.017 0.0000000000
35167  13.936  -34.856  42.491 0.0000000000
35855  14.295  -34.619  41.755 0.0000000000
100879  35.516  -13.849  32.703 0.0000000000
50338  36.085  -17.530  35.386 0.0000000000
50343  35.906  -16.892  35.138 0.0000000000
49580  35.547  -17.658  34.728 0.0000000000
50349  35.234  -16.754  33.864 0.0000000000
48854  35.179  -18.059  34.071 0.0000000000
49596  34.907  -18.170  33.314 0.0000000000
48855  35.220  -18.659  33.619 0.0000000000
46603  35.092  -20.928  33.524 0.0000000000
47364  35.199  -20.440  33.189 0.0000000000
46612  33.859  -21.707  32.085 0.0000000000
46620  33.610  -21.649  31.003 0.0000000000
45799  33.314  -22.058  32.621 0.0000000000
43152  31.097  -23.671  41.705 0.0000000000
43150  32.472  -23.582  41.762 0.0000000000
43162  32.129  -23.577  40.791 0.0000000000
44080  32.287  -22.505  38.250 0.0000000000
44067  33.109  -22.718  39.281 0.0000000000
44079  33.006  -22.466  38.527 0.0000000000
101212  34.328  -22.116  38.650 0.0000000000
44926  33.266  -21.977  37.502 0.0000000000
44935  33.663  -21.654  37.217 0.0000000000
105222  32.758  -22.014  37.086 0.0000000000
44964  29.059  -22.338  33.787 0.0000000000
44962  30.571  -21.800  34.580 0.0000000000
52932  37.055  -12.475  28.869 0.0000000000
52942  36.928  -12.376  27.896 0.0000000000
52943  36.284  -12.789  28.543 0.0000000000
52123  32.687  -14.347  26.223 0.0000000000
52969  34.259  -13.337  26.417 0.0000000000
61933  53.004  -0.422  11.939 0.0000000000
54605  41.386  -11.223  25.813 0.0000000000
54615  40.377  -10.831  25.117 0.0000000000
54607  39.876  -11.282  25.544 0.0000000000
53802  38.589  -11.613  25.638 0.0000000000
53803  37.736  -11.809  25.622 0.0000000000
55346  42.708  -10.081  27.649 0.0000000000
54604  42.054  -11.104  26.045 0.0000000000
40719  19.041  -27.325  38.883 0.0000000000
40700  18.496  -28.012  39.439 0.0000000000
39872  18.196  -28.401  40.434 0.0000000000
43130  25.446  -22.647  44.069 0.0000000000
44023  27.148  -22.617  42.955 0.0000000000
44025  24.816  -22.516  42.706 0.0000000000
44033  23.413  -22.873  41.149 0.0000000000
44058  23.021  -22.893  39.249 0.0000000000
43196  22.239  -23.864  38.012 0.0000000000
108524  21.592  -24.360  38.873 0.0000000000
42326  20.591  -25.573  38.429 0.0000000000
101959  43.190  -3.612  17.221 0.0000000000
41478  24.179  -25.056  47.247 0.0000000000
56844  43.511  -7.826  22.535 0.0000000000
57556  44.020  -7.146  22.109 0.0000000000
58341  43.922  -6.855  21.268 0.0000000000
58349  43.580  -6.313  20.761 0.0000000000
57572  43.000  -6.338  20.734 0.0000000000
57574  41.043  -6.223  20.414 0.0000000000
39802  19.349  -28.532  45.883 0.0000000000
38970  18.619  -28.898  45.472 0.0000000000
97841  18.834  -29.122  46.239 0.0000000000
38167  17.990  -30.200  46.229 0.0000000000
37337  16.945  -31.052  45.479 0.0000000000
35134  14.404  -34.435  46.494 0.0000000000
34453  13.872  -35.070  46.600 0.0000000000
34465  13.285  -35.230  44.903 0.0000000000
34472  12.829  -36.000  43.459 0.0000000000
33758  12.233  -37.418  43.270 0.0000000000
48840  36.303  -18.158  35.695 0.0000000000
48841  35.802  -18.267  35.019 0.0000000000
48100  35.327  -19.222  33.696 0.0000000000
48093  35.477  -19.031  34.368 0.0000000000
46595  34.826  -20.066  34.314 0.0000000000
46596  34.229  -21.135  34.512 0.0000000000
43194  29.142  -22.566  38.815 0.0000000000
96087  31.142  -23.111  40.156 0.0000000000
43206  30.092  -22.668  38.382 0.0000000000
43205  30.815  -22.673  38.069 0.0000000000
110666  31.379  -22.340  37.197 0.0000000000
44939  30.843  -21.857  35.946 0.0000000000
44108  30.032  -22.046  35.796 0.0000000000
44951  28.738  -22.323  34.427 0.0000000000
52934  35.060  -13.328  29.732 0.0000000000
52945  34.845  -13.316  28.987 0.0000000000
115350  34.027  -13.630  28.908 0.0000000000
52104  32.904  -14.220  28.023 0.0000000000
115176  52.271  0.480  14.744 0.0000000000
61935  51.482  -0.497  12.889 0.0000000000
56154  41.104  -8.432  22.882 0.0000000000
56163  39.636  -8.262  21.940 0.0000000000
55421  39.792  -9.053  23.196 0.0000000000
54630  38.470  -10.714  24.318 0.0000000000
54644  38.001  -10.552  23.486 0.0000000000
56092  43.187  -9.252  26.657 0.0000000000
97252  43.237  -8.723  25.868 0.0000000000
56833  43.069  -8.397  24.782 0.0000000000
56133  42.792  -8.596  23.371 0.0000000000
103898  41.900  -9.121  23.488 0.0000000000
44015  32.035  -23.514  44.274 0.0000000000
43108  32.314  -23.496  43.729 0.0000000000
43124  31.255  -23.485  43.841 0.0000000000
96165  30.605  -23.472  42.305 0.0000000000
109698  30.354  -23.222  41.418 0.0000000000
44022  27.550  -22.590  42.294 0.0000000000
43166  28.619  -22.581  41.062 0.0000000000
43180  28.360  -22.522  39.734 0.0000000000
43195  28.114  -22.443  38.723 0.0000000000
98760  26.280  -22.469  37.590 0.0000000000
96477  25.618  -22.759  35.545 0.0000000000
61232  47.071  -0.718  18.932 0.0000000000
60536  45.308  -2.194  17.604 0.0000000000
60535  45.876  -1.732  17.874 0.0000000000
61237  47.082  -0.851  18.051 0.0000000000
61251  47.350  -0.889  16.593 0.0000000000
61250  47.856  -0.644  15.834 0.0000000000
61255  48.309  -0.575  14.945 0.0000000000
112613  48.717  -0.668  14.162 0.0000000000
43145  21.813  -24.513  43.015 0.0000000000
42301  20.626  -25.488  42.551 0.0000000000
42296  21.779  -25.302  44.083 0.0000000000
102200  21.187  -26.283  44.759 0.0000000000
40668  21.532  -26.657  45.980 0.0000000000
99178  23.329  -25.536  46.966 0.0000000000
40665  20.791  -27.545  46.702 0.0000000000
39795  20.385  -28.397  47.758 0.0000000000
44865  32.010  -22.702  45.050 0.0000000000
44011  31.294  -23.614  45.101 0.0000000000
101494  29.922  -23.529  45.124 0.0000000000
43113  28.307  -23.109  45.189 0.0000000000
43103  27.335  -23.211  45.677 0.0000000000
107036  27.284  -22.943  44.514 0.0000000000
99992  24.762  -23.409  44.728 0.0000000000
100061  23.282  -23.694  43.690 0.0000000000
60520  45.115  -2.444  21.819 0.0000000000
60524  44.495  -3.187  20.494 0.0000000000
59088  43.755  -4.129  20.033 0.0000000000
58358  43.225  -5.544  20.449 0.0000000000
59090  43.073  -4.619  19.968 0.0000000000
59099  42.865  -4.150  19.076 0.0000000000
41499  19.690  -26.706  42.619 0.0000000000
40680  18.631  -27.919  42.559 0.0000000000
39851  18.152  -28.557  42.232 0.0000000000
39819  18.322  -28.746  43.710 0.0000000000
39003  17.389  -29.669  42.848 0.0000000000
39012  16.878  -30.221  41.192 0.0000000000
38213  16.440  -30.866  40.811 0.0000000000
37387  15.703  -32.281  40.212 0.0000000000
36513  16.682  -31.813  46.622 0.0000000000
36522  16.072  -32.031  45.381 0.0000000000
35840  15.195  -33.062  44.938 0.0000000000
99686  15.434  -32.641  43.300 0.0000000000
109960  14.860  -33.659  42.214 0.0000000000
30596  9.297  -40.757  46.362 0.0000000000
53773  39.413  -11.984  28.580 0.0000000000
52923  36.076  -13.033  30.719 0.0000000000
104209  35.488  -13.422  31.381 0.0000000000
52081  34.668  -14.105  31.209 0.0000000000
51195  34.393  -15.899  31.769 0.0000000000
51177  35.522  -15.139  33.697 0.0000000000
51194  34.934  -15.841  32.596 0.0000000000
50357  34.668  -16.762  32.365 0.0000000000
49597  34.505  -17.541  32.057 0.0000000000
48861  34.769  -18.794  31.715 0.0000000000
47382  35.059  -20.003  31.277 0.0000000000
47372  35.356  -19.806  32.989 0.0000000000
47373  35.185  -20.313  32.318 0.0000000000
47383  34.665  -20.722  31.391 0.0000000000
100037  33.321  -21.498  29.930 0.0000000000
46629  32.396  -21.686  29.552 0.0000000000
46556  36.512  -20.725  38.787 0.0000000000
43121  33.164  -23.377  42.721 0.0000000000
105943  33.830  -23.212  41.910 0.0000000000
44037  34.244  -22.710  40.924 0.0000000000
43176  32.504  -23.327  40.377 0.0000000000
44052  33.619  -22.798  40.115 0.0000000000
44050  34.717  -22.319  40.560 0.0000000000
112938  35.033  -21.949  39.379 0.0000000000
45748  35.200  -21.490  38.495 0.0000000000
45755  35.448  -20.905  38.048 0.0000000000
45762  34.547  -20.935  36.956 0.0000000000
45763  33.658  -21.125  36.297 0.0000000000
45774  33.118  -21.696  35.004 0.0000000000
44947  31.956  -21.644  35.686 0.0000000000
45775  32.333  -21.842  34.838 0.0000000000
45785  31.921  -22.223  33.827 0.0000000000
45801  31.387  -22.209  32.639 0.0000000000
110045  39.002  -12.114  27.795 0.0000000000
52955  37.195  -12.157  26.918 0.0000000000
52978  35.989  -12.446  25.784 0.0000000000
52957  35.149  -13.065  27.581 0.0000000000
52968  35.216  -12.929  26.162 0.0000000000
52988  35.028  -13.110  24.342 0.0000000000
61260  49.497  -0.696  13.595 0.0000000000
53781  40.963  -11.526  27.890 0.0000000000
53782  40.309  -11.863  27.545 0.0000000000
54581  41.579  -11.119  28.189 0.0000000000
43157  21.658  -24.089  41.979 0.0000000000
56863  39.639  -7.887  21.219 0.0000000000
99386  41.474  -7.727  22.283 0.0000000000
112668  41.340  -7.153  21.630 0.0000000000
33737  12.307  -36.736  46.669 0.0000000000
33009  11.827  -37.299  45.978 0.0000000000
32250  11.226  -38.551  45.745 0.0000000000
47339  36.995  -19.050  37.452 0.0000000000
47347  36.697  -18.751  36.606 0.0000000000
46576  36.367  -19.492  37.021 0.0000000000
97513  35.786  -19.905  36.688 0.0000000000
45691  33.335  -22.345  44.116 0.0000000000
44871  33.121  -22.788  44.041 0.0000000000
44112  26.423  -22.684  35.551 0.0000000000
112452  34.012  -15.607  31.255 0.0000000000
61924  49.772  -0.053  15.630 0.0000000000
61917  49.403  0.011  16.317 0.0000000000
114384  50.240  -0.135  14.978 0.0000000000
55388  40.815  -10.032  24.416 0.0000000000
53827  37.034  -11.682  24.001 0.0000000000
53816  35.587  -12.698  23.854 0.0000000000
55364  41.931  -10.988  25.326 0.0000000000
55374  41.722  -10.588  24.784 0.0000000000
39027  17.402  -29.827  38.748 0.0000000000
39020  17.316  -29.629  39.889 0.0000000000
39028  16.937  -30.351  39.225 0.0000000000
43128  28.432  -23.007  43.804 0.0000000000
44056  25.092  -22.563  40.168 0.0000000000
111566  23.604  -22.840  37.998 0.0000000000
47388  34.540  -19.926  30.101 0.0000000000
114817  44.460  -3.029  19.060 0.0000000000
60528  44.831  -2.623  19.110 0.0000000000
60552  46.218  -2.008  15.045 0.0000000000
42286  23.805  -24.920  46.117 0.0000000000
42290  24.463  -24.302  45.719 0.0000000000
59070  43.872  -5.712  22.328 0.0000000000
59069  43.874  -4.836  22.271 0.0000000000
59075  43.910  -4.675  21.257 0.0000000000
40672  20.323  -27.258  45.112 0.0000000000
40673  19.619  -27.729  44.712 0.0000000000
37360  16.176  -31.566  43.153 0.0000000000
36542  15.836  -32.100  43.659 0.0000000000
35816  15.804  -33.746  47.627 0.0000000000
34477  13.353  -35.436  42.991 0.0000000000
35160  13.804  -34.744  43.523 0.0000000000
100473  35.791  -17.981  35.024 0.0000000000
49581  35.224  -17.417  34.237 0.0000000000
46604  34.564  -21.351  33.700 0.0000000000
45798  34.003  -21.810  33.160 0.0000000000
43163  31.061  -23.542  41.127 0.0000000000
96164  31.572  -23.675  41.143 0.0000000000
98677  32.555  -22.384  38.093 0.0000000000
44090  32.878  -22.228  37.823 0.0000000000
44078  33.457  -22.245  38.218 0.0000000000
113714  36.878  -12.564  29.433 0.0000000000
54606  40.633  -11.250  25.619 0.0000000000
54597  40.807  -11.498  26.282 0.0000000000
53791  39.426  -11.930  26.501 0.0000000000
53801  39.272  -11.648  25.820 0.0000000000
54595  42.071  -11.032  26.819 0.0000000000
40699  19.041  -27.223  39.947 0.0000000000
40690  18.627  -27.735  40.458 0.0000000000
114341  25.101  -22.459  43.387 0.0000000000
109746  22.574  -23.204  40.689 0.0000000000
44043  23.253  -22.747  40.204 0.0000000000
43181  22.151  -23.794  38.865 0.0000000000
43182  21.552  -24.292  39.511 0.0000000000
42317  20.610  -25.337  39.483 0.0000000000
98217  43.135  -8.168  23.038 0.0000000000
57557  43.435  -7.418  21.762 0.0000000000
57563  43.298  -7.019  21.028 0.0000000000
57564  42.668  -6.868  21.164 0.0000000000
56862  40.706  -6.785  20.965 0.0000000000
38960  19.476  -28.776  46.769 0.0000000000
38961  18.935  -29.338  46.907 0.0000000000
38168  17.435  -30.619  45.853 0.0000000000
37330  17.115  -31.205  46.243 0.0000000000
34446  14.149  -35.325  47.442 0.0000000000
33744  12.814  -35.816  45.500 0.0000000000
34466  12.748  -35.893  44.422 0.0000000000
33023  12.463  -36.690  43.866 0.0000000000
33016  11.755  -38.062  44.589 0.0000000000
33024  11.851  -38.110  43.629 0.0000000000
32251  10.950  -39.262  45.304 0.0000000000
31451  10.666  -40.017  44.806 0.0000000000
31445  10.415  -39.816  45.693 0.0000000000
48092  35.809  -18.542  35.046 0.0000000000
47356  35.792  -19.009  35.130 0.0000000000
97154  34.911  -19.847  35.180 0.0000000000
46587  34.492  -20.262  35.182 0.0000000000
102582  34.730  -20.747  34.235 0.0000000000
45772  34.085  -20.661  35.238 0.0000000000
43193  30.263  -22.771  39.543 0.0000000000
43207  29.258  -22.444  37.639 0.0000000000
43218  29.959  -22.412  37.383 0.0000000000
44093  30.614  -22.337  37.117 0.0000000000
100916  30.045  -22.172  36.313 0.0000000000
95885  30.750  -22.095  36.526 0.0000000000
115403  34.402  -13.617  29.515 0.0000000000
52093  33.692  -14.182  29.673 0.0000000000
103472  32.648  -14.667  28.555 0.0000000000
61266  50.883  -0.946  12.387 0.0000000000
56148  40.716  -8.970  23.402 0.0000000000
56155  40.134  -8.516  22.691 0.0000000000
55405  39.411  -9.671  23.624 0.0000000000
55406  38.440  -9.936  23.165 0.0000000000
54616  39.587  -10.957  25.171 0.0000000000
54629  39.556  -10.576  24.708 0.0000000000
54631  37.539  -11.106  23.764 0.0000000000
54645  37.134  -11.071  22.790 0.0000000000
56093  43.056  -9.911  26.530 0.0000000000
99691  43.333  -8.994  27.384 0.0000000000
100369  43.406  -8.008  25.510 0.0000000000
101853  42.708  -9.002  24.181 0.0000000000
56147  41.594  -8.956  23.514 0.0000000000
43110  31.214  -23.649  44.365 0.0000000000
43109  31.787  -23.638  44.079 0.0000000000
109369  29.784  -23.236  42.761 0.0000000000
43138  30.426  -23.329  42.911 0.0000000000
112614  30.183  -23.295  42.697 0.0000000000
115559  30.251  -23.323  42.421 0.0000000000
43164  29.701  -23.010  42.036 0.0000000000
44031  25.567  -22.433  41.931 0.0000000000
44030  26.626  -22.434  42.129 0.0000000000
102429  26.185  -22.355  41.459 0.0000000000
44039  27.278  -22.452  41.468 0.0000000000
44054  27.412  -22.398  40.362 0.0000000000
44069  27.355  -22.374  39.270 0.0000000000
44083  25.408  -22.521  37.144 0.0000000000
44097  26.248  -22.606  36.480 0.0000000000
112866  25.494  -22.563  36.206 0.0000000000
43197  21.635  -24.435  38.341 0.0000000000
43209  21.669  -24.561  37.505 0.0000000000
61225  45.644  -1.782  21.412 0.0000000000
107096  45.452  -2.034  19.188 0.0000000000
61233  46.226  -1.398  19.299 0.0000000000
61897  46.811  -0.738  19.936 0.0000000000
59827  44.217  -2.884  16.878 0.0000000000
60537  44.745  -2.531  17.306 0.0000000000
60544  45.952  -1.754  16.989 0.0000000000
61238  46.469  -1.323  18.354 0.0000000000
61243  47.565  -0.659  17.385 0.0000000000
61252  46.671  -1.374  16.402 0.0000000000
111708  47.229  -1.084  15.902 0.0000000000
42299  21.976  -24.877  43.744 0.0000000000
42300  21.279  -25.303  43.313 0.0000000000
41487  21.748  -26.180  45.396 0.0000000000
40671  21.002  -26.705  45.359 0.0000000000
40663  22.034  -26.733  47.069 0.0000000000
40664  21.458  -27.162  46.948 0.0000000000
40661  21.527  -27.265  47.503 0.0000000000
39797  20.909  -27.707  47.347 0.0000000000
108790  31.528  -23.352  45.165 0.0000000000
108904  29.038  -23.228  44.905 0.0000000000
43104  26.416  -23.363  45.766 0.0000000000
43114  27.314  -23.020  45.130 0.0000000000
96024  25.939  -23.104  44.771 0.0000000000
43116  25.148  -23.721  45.308 0.0000000000
42294  23.301  -24.577  44.828 0.0000000000
43131  23.762  -23.860  44.488 0.0000000000
115065  23.039  -24.301  44.268 0.0000000000
43132  22.520  -24.353  43.691 0.0000000000
56156  39.179  -8.797  22.259 0.0000000000
98656  43.981  -3.780  20.326 0.0000000000
58357  43.865  -5.692  20.516 0.0000000000
59100  42.293  -4.356  18.566 0.0000000000
41497  20.454  -26.099  43.235 0.0000000000
39833  18.798  -28.040  43.424 0.0000000000
39810  18.440  -28.770  44.658 0.0000000000
99242  17.929  -29.310  44.227 0.0000000000
38195  16.919  -30.288  43.230 0.0000000000
104381  17.144  -29.920  41.915 0.0000000000
38204  16.667  -30.553  41.787 0.0000000000
112443  15.746  -32.094  40.984 0.0000000000
36582  15.255  -33.227  40.186 0.0000000000
36514  16.116  -32.497  46.600 0.0000000000
100519  16.241  -32.113  46.050 0.0000000000
35142  14.288  -34.198  45.743 0.0000000000
35841  14.679  -33.592  44.479 0.0000000000
98960  15.024  -33.177  44.085 0.0000000000
36543  15.452  -32.673  44.105 0.0000000000
35847  15.084  -33.098  43.428 0.0000000000
36554  15.192  -33.003  42.601 0.0000000000
102163  14.785  -33.599  42.891 0.0000000000
31439  9.856  -40.325  46.062 0.0000000000
31431  9.581  -39.993  46.739 0.0000000000
97551  8.742  -41.065  46.555 0.0000000000
53751  37.446  -12.166  30.348 0.0000000000
52911  36.226  -12.927  31.533 0.0000000000
52899  35.152  -14.013  32.088 0.0000000000
52070  34.665  -14.902  32.044 0.0000000000
51185  35.672  -16.019  33.996 0.0000000000
50350  34.940  -16.733  33.168 0.0000000000
48860  35.022  -18.783  32.743 0.0000000000
46611  34.730  -21.145  32.584 0.0000000000
46628  34.081  -21.143  30.392 0.0000000000
46621  32.701  -21.881  30.626 0.0000000000
45821  31.557  -21.939  30.273 0.0000000000
108866  32.004  -23.718  43.186 0.0000000000
44019  32.832  -23.409  43.291 0.0000000000
43122  32.697  -23.493  42.996 0.0000000000
43149  33.022  -23.402  41.567 0.0000000000
43134  33.384  -23.327  41.753 0.0000000000
44029  33.775  -23.096  41.338 0.0000000000
43191  31.804  -23.089  39.681 0.0000000000
43177  31.910  -23.322  40.157 0.0000000000
43190  32.388  -23.088  39.723 0.0000000000
44066  33.572  -22.646  39.459 0.0000000000
44053  33.141  -22.972  39.984 0.0000000000
44051  34.192  -22.579  40.295 0.0000000000
44903  34.754  -22.192  39.889 0.0000000000
44909  34.507  -22.222  39.198 0.0000000000
44916  34.345  -21.831  38.202 0.0000000000
44908  34.799  -21.876  38.778 0.0000000000
45749  34.688  -21.600  38.199 0.0000000000
45756  34.870  -21.189  37.748 0.0000000000
45757  34.405  -21.470  37.636 0.0000000000
44936  33.183  -21.678  36.767 0.0000000000
45764  33.087  -21.388  35.920 0.0000000000
45773  33.627  -21.171  35.199 0.0000000000
44938  31.552  -21.751  36.086 0.0000000000
44948  31.067  -21.728  35.365 0.0000000000
44961  31.443  -21.815  34.732 0.0000000000
53774  38.464  -12.125  28.419 0.0000000000
53794  36.950  -12.105  26.058 0.0000000000
52967  36.326  -12.317  26.540 0.0000000000
98028  34.539  -13.314  28.228 0.0000000000
52958  34.172  -13.369  27.365 0.0000000000
52980  34.374  -13.360  25.519 0.0000000000
52979  35.210  -13.012  25.240 0.0000000000
113041  53.923  0.323  12.495 0.0000000000
61932  53.627  -0.115  11.951 0.0000000000
61931  54.182  0.158  11.771 0.0000000000
61268  49.042  -1.414  12.854 0.0000000000
54589  41.518  -11.239  27.319 0.0000000000
41508  20.028  -25.968  39.984 0.0000000000
41517  19.562  -26.659  39.446 0.0000000000
41504  19.504  -26.566  41.562 0.0000000000
43168  21.726  -23.961  40.700 0.0000000000
42316  21.034  -24.738  40.145 0.0000000000
56846  42.699  -8.229  22.662 0.0000000000
56853  42.513  -7.877  22.280 0.0000000000
38958  19.290  -29.477  47.922 0.0000000000
38152  18.749  -29.820  47.440 0.0000000000
33745  12.284  -36.614  45.757 0.0000000000
32257  11.422  -38.687  44.943 0.0000000000
48076  37.122  -18.305  37.191 0.0000000000
46585  35.366  -19.942  36.016 0.0000000000
44082  28.010  -22.502  36.809 0.0000000000
112271  28.664  -22.454  36.986 0.0000000000
95822  28.348  -22.504  36.225 0.0000000000
99371  29.002  -22.384  36.100 0.0000000000
44109  29.293  -22.261  35.767 0.0000000000
44110  28.444  -22.427  35.574 0.0000000000
95710  27.735  -22.505  34.867 0.0000000000
52082  33.918  -14.556  30.616 0.0000000000
52083  33.249  -15.049  30.118 0.0000000000
95788  48.881  -0.174  16.683 0.0000000000
96004  49.414  0.273  17.101 0.0000000000
61923  50.965  0.036  14.671 0.0000000000
55389  39.936  -10.057  24.300 0.0000000000
53813  38.250  -11.383  25.179 0.0000000000
54632  36.676  -11.679  23.075 0.0000000000
56105  43.116  -9.721  25.887 0.0000000000
55372  42.842  -10.226  25.302 0.0000000000
56119  42.625  -9.860  24.562 0.0000000000
55386  42.077  -10.032  24.342 0.0000000000
38219  16.541  -30.913  39.636 0.0000000000
43112  29.890  -23.341  44.406 0.0000000000
43125  30.533  -23.349  43.726 0.0000000000
43126  29.829  -23.237  43.670 0.0000000000
43140  29.207  -23.176  43.203 0.0000000000
109985  25.802  -22.428  39.700 0.0000000000
97788  26.229  -22.391  38.793 0.0000000000
44099  23.969  -22.755  36.244 0.0000000000
44084  23.787  -22.761  37.233 0.0000000000
44100  23.124  -23.330  36.736 0.0000000000
48867  34.410  -18.820  30.540 0.0000000000
60527  45.067  -2.474  19.962 0.0000000000
60531  45.302  -2.192  18.435 0.0000000000
60546  44.885  -2.577  16.260 0.0000000000
61263  47.057  -1.722  14.455 0.0000000000
42292  22.792  -25.176  45.099 0.0000000000
42287  22.991  -25.362  45.739 0.0000000000
59795  44.108  -3.893  21.769 0.0000000000
102871  43.819  -5.084  20.419 0.0000000000
40678  19.915  -26.918  43.573 0.0000000000
40676  19.467  -27.607  43.894 0.0000000000
38187  17.538  -29.893  44.641 0.0000000000
38196  16.478  -30.922  42.584 0.0000000000
37373  16.217  -31.269  41.692 0.0000000000
100243  16.036  -31.706  42.335 0.0000000000
112185  15.800  -32.136  42.178 0.0000000000
105347  15.543  -32.540  41.982 0.0000000000
35824  16.123  -32.910  47.327 0.0000000000
35151  13.745  -34.685  44.434 0.0000000000
35150  14.196  -34.108  44.896 0.0000000000
35166  14.332  -34.157  43.160 0.0000000000
35854  14.519  -34.166  42.361 0.0000000000
112009  35.778  -13.338  32.149 0.0000000000
52898  36.107  -13.268  32.943 0.0000000000
50331  36.439  -16.855  35.950 0.0000000000
50344  35.517  -16.834  34.491 0.0000000000
49587  34.948  -17.484  33.666 0.0000000000
48106  35.306  -19.277  33.017 0.0000000000
46602  35.047  -20.485  33.743 0.0000000000
45813  33.043  -22.034  31.677 0.0000000000
96487  31.740  -23.695  42.397 0.0000000000
43151  31.749  -23.704  41.528 0.0000000000
43161  32.376  -23.576  41.092 0.0000000000
97770  32.616  -23.409  40.734 0.0000000000
43204  32.120  -22.776  38.878 0.0000000000
44068  32.649  -22.699  38.946 0.0000000000
101252  33.427  -22.517  38.865 0.0000000000
44077  33.940  -22.405  38.877 0.0000000000
44917  33.982  -22.080  38.216 0.0000000000
44925  33.694  -21.935  37.766 0.0000000000
44946  32.620  -21.688  36.328 0.0000000000
44950  29.328  -21.964  34.591 0.0000000000
44963  29.779  -21.868  34.257 0.0000000000
45787  30.254  -21.940  33.851 0.0000000000
45802  30.413  -22.260  32.804 0.0000000000
45803  29.422  -22.342  32.049 0.0000000000
53764  37.888  -12.158  29.029 0.0000000000
53775  37.665  -12.260  28.360 0.0000000000
52956  36.006  -12.743  27.750 0.0000000000
52970  33.415  -13.770  26.749 0.0000000000
61934  52.355  -0.449  12.530 0.0000000000
96292  53.200  0.075  13.017 0.0000000000
54614  41.200  -10.955  25.168 0.0000000000
53800  40.082  -11.623  26.059 0.0000000000
53812  39.078  -11.292  25.385 0.0000000000
53804  36.725  -12.060  25.256 0.0000000000
55353  43.051  -9.600  27.352 0.0000000000
55354  42.800  -10.254  26.837 0.0000000000
55347  42.439  -10.615  27.196 0.0000000000
55355  42.511  -10.775  26.399 0.0000000000
40720  18.595  -28.085  38.208 0.0000000000
43129  26.632  -22.721  43.876 0.0000000000
44024  25.951  -22.327  42.981 0.0000000000
43155  23.321  -23.031  42.018 0.0000000000
44032  24.395  -22.686  41.716 0.0000000000
44042  24.329  -22.678  40.659 0.0000000000
44072  22.943  -23.160  38.416 0.0000000000
42325  21.118  -24.828  38.839 0.0000000000
59819  43.425  -3.554  18.382 0.0000000000
107918  44.159  -3.060  17.940 0.0000000000
110505  43.749  -3.267  17.420 0.0000000000
42282  24.328  -24.804  46.740 0.0000000000
113924  24.906  -24.628  47.224 0.0000000000
57545  43.499  -7.247  23.985 0.0000000000
57551  43.702  -7.211  23.030 0.0000000000
58333  43.871  -6.419  22.706 0.0000000000
58340  44.049  -6.324  21.794 0.0000000000
58348  44.075  -6.106  20.999 0.0000000000
57573  42.092  -6.092  20.792 0.0000000000
58360  41.394  -5.668  19.901 0.0000000000
39801  20.106  -28.075  46.298 0.0000000000
39809  19.145  -28.347  45.086 0.0000000000
38971  18.270  -29.547  45.838 0.0000000000
38962  18.492  -29.740  46.616 0.0000000000
38178  17.748  -30.018  45.441 0.0000000000
38179  17.226  -30.482  45.083 0.0000000000
37348  16.797  -30.956  44.806 0.0000000000
37338  16.450  -31.480  45.048 0.0000000000
108222  14.451  -34.761  47.096 0.0000000000
34460  13.919  -34.669  46.007 0.0000000000
34461  13.470  -35.146  45.773 0.0000000000
33763  12.435  -37.460  42.399 0.0000000000
49573  36.703  -17.742  36.383 0.0000000000
49574  36.226  -17.891  35.570 0.0000000000
48099  35.480  -18.714  34.378 0.0000000000
47357  35.230  -19.456  34.639 0.0000000000
43192  31.012  -22.792  39.115 0.0000000000
44081  31.602  -22.546  37.953 0.0000000000
44092  32.062  -22.369  37.621 0.0000000000
44107  31.621  -22.120  36.771 0.0000000000
44125  29.313  -22.085  35.162 0.0000000000
52933  35.877  -13.074  29.910 0.0000000000
99690  35.681  -13.098  29.131 0.0000000000
106930  33.682  -13.693  28.150 0.0000000000
52946  33.264  -14.173  28.794 0.0000000000
52114  32.703  -14.286  27.174 0.0000000000
61922  51.784  0.189  14.300 0.0000000000
61927  52.139  -0.137  13.452 0.0000000000
61265  51.737  -0.839  12.091 0.0000000000
55422  38.910  -9.358  22.814 0.0000000000
55407  37.549  -10.401  22.485 0.0000000000
104556  43.139  -7.818  24.150 0.0000000000
56839  43.071  -8.090  23.763 0.0000000000
56134  42.329  -9.226  23.860 0.0000000000
56146  42.532  -8.596  23.174 0.0000000000
44009  32.442  -23.173  44.327 0.0000000000
44014  32.592  -23.393  43.834 0.0000000000
43123  31.847  -23.562  43.861 0.0000000000
98664  31.779  -23.635  43.221 0.0000000000
43137  31.131  -23.466  43.028 0.0000000000
96166  31.068  -23.615  42.257 0.0000000000
96163  30.594  -23.485  41.917 0.0000000000
43154  28.445  -22.730  42.113 0.0000000000
43165  29.750  -22.849  41.123 0.0000000000
43179  29.445  -22.665  40.165 0.0000000000
97180  27.273  -22.343  38.177 0.0000000000
95778  27.248  -22.479  37.125 0.0000000000
43208  22.289  -23.917  37.121 0.0000000000
50358  34.300  -16.904  31.599 0.0000000000
95816  47.831  -0.229  18.921 0.0000000000
61902  47.734  -0.428  18.196 0.0000000000
61242  48.156  -0.482  16.644 0.0000000000
42304  21.096  -24.886  42.313 0.0000000000
41493  21.197  -25.847  44.074 0.0000000000
41492  21.933  -25.604  44.763 0.0000000000
41490  20.618  -26.772  44.762 0.0000000000
40669  20.709  -27.287  45.935 0.0000000000
41482  23.496  -25.322  46.568 0.0000000000
41483  22.642  -26.011  46.643 0.0000000000
41480  22.610  -26.216  47.243 0.0000000000
40667  21.917  -26.631  46.544 0.0000000000
111065  21.318  -27.042  46.453 0.0000000000
39798  20.257  -28.249  47.075 0.0000000000
38957  19.739  -28.869  47.558 0.0000000000
38954  19.859  -29.065  48.200 0.0000000000
45692  32.620  -22.305  44.664 0.0000000000
44000  32.022  -22.870  45.028 0.0000000000
43098  31.428  -23.590  44.772 0.0000000000
43099  30.886  -23.738  44.844 0.0000000000
101433  29.151  -23.177  44.382 0.0000000000
106636  28.352  -23.008  44.470 0.0000000000
43143  24.313  -22.945  43.787 0.0000000000
56164  38.923  -8.413  21.277 0.0000000000
60521  44.565  -3.166  21.327 0.0000000000
59089  43.572  -4.930  20.386 0.0000000000
59818  43.410  -4.026  19.598 0.0000000000
41498  20.042  -25.954  42.143 0.0000000000
40682  19.077  -27.294  42.051 0.0000000000
40683  18.514  -27.982  41.445 0.0000000000
39852  17.884  -28.765  41.301 0.0000000000
38992  17.799  -29.305  43.490 0.0000000000
39002  17.921  -29.003  42.903 0.0000000000
39011  17.614  -29.241  42.067 0.0000000000
39873  17.311  -29.544  41.052 0.0000000000
37386  16.113  -31.533  39.932 0.0000000000
98041  15.986  -31.634  40.900 0.0000000000
37322  17.306  -31.343  47.019 0.0000000000
37331  16.590  -31.601  45.816 0.0000000000
36531  15.942  -32.001  44.544 0.0000000000
35133  15.079  -34.209  47.149 0.0000000000
35831  15.183  -33.276  45.825 0.0000000000
35832  14.705  -33.633  45.373 0.0000000000
36532  15.645  -32.481  44.949 0.0000000000
36566  15.107  -33.302  41.493 0.0000000000
101651  14.696  -34.117  41.560 0.0000000000
31438  10.136  -39.558  46.460 0.0000000000
30603  9.615  -41.144  45.654 0.0000000000
53772  40.293  -11.750  28.431 0.0000000000
109928  37.334  -12.319  29.577 0.0000000000
52922  36.701  -12.651  30.015 0.0000000000
52924  35.237  -13.402  30.541 0.0000000000
52071  34.125  -15.013  31.368 0.0000000000
51186  35.354  -15.912  33.334 0.0000000000
49598  34.234  -17.628  31.330 0.0000000000
107696  34.700  -18.181  32.424 0.0000000000
48848  35.357  -18.885  33.828 0.0000000000
48107  35.283  -19.727  32.356 0.0000000000
98447  34.444  -20.467  30.284 0.0000000000
46567  36.050  -20.656  38.262 0.0000000000
95715  33.010  -23.269  43.504 0.0000000000
44018  33.328  -23.277  43.040 0.0000000000
44882  33.929  -22.936  42.825 0.0000000000
43135  32.995  -23.441  42.263 0.0000000000
110136  33.401  -23.349  42.228 0.0000000000
99160  33.656  -23.240  42.462 0.0000000000
44036  34.747  -22.398  41.097 0.0000000000
43178  31.736  -23.492  40.587 0.0000000000
110460  33.094  -23.268  40.946 0.0000000000
43189  32.773  -23.051  39.863 0.0000000000
43175  32.800  -23.253  40.455 0.0000000000
43159  33.130  -23.147  40.573 0.0000000000
44038  33.670  -22.941  40.738 0.0000000000
44895  35.270  -22.007  40.780 0.0000000000
105684  35.223  -21.996  40.312 0.0000000000
44907  35.493  -21.708  39.161 0.0000000000
45742  35.958  -21.315  38.815 0.0000000000
44934  34.227  -20.699  36.166 0.0000000000
110232  34.111  -21.324  37.002 0.0000000000
44937  32.173  -21.904  36.592 0.0000000000
45784  33.075  -22.171  33.758 0.0000000000
45800  32.466  -22.160  32.652 0.0000000000
108804  30.802  -22.188  32.086 0.0000000000
45814  31.123  -22.124  31.384 0.0000000000
99007  39.733  -12.029  27.926 0.0000000000
53783  38.771  -12.063  27.026 0.0000000000
108510  38.016  -12.166  27.599 0.0000000000
53784  38.042  -12.070  26.814 0.0000000000
53793  37.700  -12.023  26.317 0.0000000000
52944  35.440  -13.084  28.360 0.0000000000
98057  35.704  -12.706  26.930 0.0000000000
98027  34.918  -13.077  26.887 0.0000000000
115356  35.803  -12.562  26.366 0.0000000000
53805  35.839  -12.558  24.823 0.0000000000
61267  49.970  -1.152  12.661 0.0000000000
43160  32.812  -23.408  41.118 0.0000000000
44010  31.764  -23.432  44.761 0.0000000000
44013  33.099  -22.910  44.002 0.0000000000
113301  30.385  -23.843  44.787 0.0000000000
115072  23.858  -25.172  46.850 0.0000000000
