#!ascii label  , from subject sub-v1s13x0050004_ses-1 vox2ras=TkReg
1659
142126  60.383  -23.131  16.681 0.0000000000
41791  46.470  -45.436  27.466 0.0000000000
36732  30.546  -51.018  32.154 0.0000000000
37688  24.057  -48.777  38.238 0.0000000000
33783  40.748  -53.511  33.885 0.0000000000
37837  36.532  -49.225  25.354 0.0000000000
143201  52.750  -25.775  17.842 0.0000000000
64939  58.102  -21.268  11.629 0.0000000000
58969  53.121  -27.390  26.555 0.0000000000
50640  44.730  -36.743  22.797 0.0000000000
46892  37.158  -40.997  20.084 0.0000000000
35726  32.019  -50.530  36.495 0.0000000000
36704  27.459  -49.961  35.154 0.0000000000
37667  28.869  -48.631  39.368 0.0000000000
34805  35.531  -52.167  32.629 0.0000000000
61775  56.650  -23.880  26.538 0.0000000000
42791  47.221  -44.498  34.058 0.0000000000
46754  49.993  -40.839  30.490 0.0000000000
50573  49.026  -36.842  27.574 0.0000000000
46843  45.888  -40.707  24.384 0.0000000000
47899  41.689  -39.611  20.141 0.0000000000
44929  41.825  -42.996  23.895 0.0000000000
38847  32.307  -48.359  24.325 0.0000000000
39868  33.766  -48.077  21.050 0.0000000000
62882  62.062  -22.635  14.118 0.0000000000
60966  57.118  -25.227  13.111 0.0000000000
38817  29.082  -48.417  27.470 0.0000000000
36770  25.294  -50.323  30.354 0.0000000000
37772  44.248  -49.455  30.562 0.0000000000
40783  41.099  -46.716  27.599 0.0000000000
35843  38.810  -50.881  28.888 0.0000000000
37792  33.689  -49.788  29.145 0.0000000000
61894  56.484  -24.303  17.084 0.0000000000
39649  26.174  -47.315  43.928 0.0000000000
37629  20.991  -49.374  42.471 0.0000000000
66750  60.655  -19.370  17.413 0.0000000000
64840  59.089  -21.062  20.658 0.0000000000
61829  56.443  -24.374  22.016 0.0000000000
59889  52.274  -26.413  22.642 0.0000000000
129508  49.353  -30.080  21.041 0.0000000000
55332  53.802  -31.645  29.590 0.0000000000
54368  49.226  -32.951  24.816 0.0000000000
53367  44.784  -32.694  19.635 0.0000000000
51597  41.615  -35.293  18.087 0.0000000000
42920  36.297  -44.546  23.416 0.0000000000
139646  33.463  -49.557  38.835 0.0000000000
36664  31.064  -49.357  38.240 0.0000000000
38678  31.549  -48.261  40.575 0.0000000000
35723  34.959  -51.025  37.304 0.0000000000
41758  46.777  -45.496  30.708 0.0000000000
43886  48.157  -43.249  28.951 0.0000000000
45914  47.899  -40.977  27.147 0.0000000000
43922  45.915  -43.245  25.587 0.0000000000
123149  44.061  -42.449  23.190 0.0000000000
42888  43.396  -44.159  25.866 0.0000000000
37849  30.897  -49.310  24.171 0.0000000000
36843  32.163  -50.274  22.216 0.0000000000
62860  61.760  -23.445  16.451 0.0000000000
61913  62.027  -24.495  15.340 0.0000000000
61872  61.754  -25.088  17.113 0.0000000000
37796  29.744  -48.989  29.905 0.0000000000
37799  27.191  -49.054  29.025 0.0000000000
37761  27.663  -49.644  31.465 0.0000000000
37721  25.415  -49.214  36.562 0.0000000000
36727  24.266  -50.040  33.780 0.0000000000
37736  23.230  -49.613  35.485 0.0000000000
36685  21.879  -50.342  37.501 0.0000000000
37750  44.347  -49.598  33.300 0.0000000000
145231  42.639  -52.195  31.558 0.0000000000
36777  41.530  -50.669  29.968 0.0000000000
34833  39.649  -52.485  30.607 0.0000000000
35785  32.392  -51.932  32.959 0.0000000000
36765  34.658  -50.649  30.493 0.0000000000
36768  31.821  -50.345  30.653 0.0000000000
134320  31.654  -48.645  28.356 0.0000000000
60915  54.403  -25.687  17.050 0.0000000000
59981  55.438  -26.500  15.839 0.0000000000
59079  53.663  -27.086  16.269 0.0000000000
36610  20.789  -50.200  44.792 0.0000000000
62786  57.468  -23.356  21.134 0.0000000000
63726  57.863  -22.763  23.734 0.0000000000
60801  55.141  -25.522  27.180 0.0000000000
123810  55.040  -25.238  24.292 0.0000000000
59870  52.559  -26.553  24.653 0.0000000000
59001  50.506  -27.680  21.497 0.0000000000
58118  51.198  -28.547  23.960 0.0000000000
50594  47.115  -36.665  25.616 0.0000000000
52395  49.309  -34.743  26.474 0.0000000000
52430  46.947  -34.131  23.891 0.0000000000
54396  47.450  -32.531  21.842 0.0000000000
52454  44.729  -34.835  21.230 0.0000000000
53369  43.371  -33.577  19.053 0.0000000000
50681  43.312  -36.067  20.024 0.0000000000
48914  39.202  -38.520  18.056 0.0000000000
39827  38.729  -47.982  26.379 0.0000000000
139917  38.692  -45.476  25.341 0.0000000000
40803  36.982  -47.010  24.448 0.0000000000
41862  33.082  -45.664  21.489 0.0000000000
66820  56.168  -19.768  9.599 0.0000000000
63904  55.661  -21.914  10.668 0.0000000000
35758  31.376  -51.166  34.571 0.0000000000
36723  28.637  -50.572  33.575 0.0000000000
35741  29.522  -50.312  35.723 0.0000000000
142375  28.176  -49.244  37.455 0.0000000000
37669  26.393  -48.599  39.016 0.0000000000
33768  38.612  -52.862  35.705 0.0000000000
33801  37.885  -53.483  33.156 0.0000000000
134300  36.006  -52.402  35.143 0.0000000000
34774  33.921  -51.710  34.968 0.0000000000
63704  57.139  -21.573  26.193 0.0000000000
128294  54.787  -26.534  28.664 0.0000000000
48765  50.161  -38.416  29.345 0.0000000000
47834  47.312  -38.872  26.042 0.0000000000
48849  45.376  -38.778  23.754 0.0000000000
48883  43.692  -38.253  21.553 0.0000000000
46871  43.618  -40.409  21.963 0.0000000000
45974  41.660  -41.380  21.313 0.0000000000
44960  39.092  -42.383  21.850 0.0000000000
38833  34.669  -48.817  24.949 0.0000000000
38855  35.738  -48.466  23.498 0.0000000000
121772  34.354  -48.846  22.436 0.0000000000
144991  59.914  -22.256  12.310 0.0000000000
62907  57.583  -23.217  12.160 0.0000000000
61923  59.648  -24.390  13.561 0.0000000000
36736  26.446  -50.134  32.653 0.0000000000
39777  45.660  -47.386  31.908 0.0000000000
38799  45.709  -48.186  28.918 0.0000000000
41794  42.972  -45.623  27.395 0.0000000000
38802  42.404  -48.296  28.934 0.0000000000
37816  39.867  -49.415  28.274 0.0000000000
36809  38.002  -50.071  27.043 0.0000000000
34823  37.056  -51.874  31.038 0.0000000000
36780  36.809  -50.413  28.861 0.0000000000
37819  35.383  -49.829  27.201 0.0000000000
38813  33.546  -48.757  26.741 0.0000000000
38825  31.211  -47.898  26.093 0.0000000000
62864  57.353  -23.788  16.629 0.0000000000
60926  59.525  -25.124  16.913 0.0000000000
60928  57.846  -25.642  16.160 0.0000000000
38660  27.465  -47.817  41.708 0.0000000000
38681  24.697  -48.323  40.642 0.0000000000
38628  23.413  -47.921  43.170 0.0000000000
37654  22.105  -49.206  40.039 0.0000000000
64914  61.108  -21.685  13.334 0.0000000000
64891  62.092  -20.822  15.152 0.0000000000
64881  61.549  -21.260  16.785 0.0000000000
128784  59.212  -21.663  17.960 0.0000000000
62835  57.271  -23.182  18.261 0.0000000000
61857  56.262  -24.348  19.251 0.0000000000
60884  54.623  -25.349  19.673 0.0000000000
61812  56.517  -24.142  24.051 0.0000000000
60847  54.381  -25.574  21.937 0.0000000000
59920  52.296  -26.017  19.953 0.0000000000
59009  50.440  -27.117  19.965 0.0000000000
127267  49.062  -28.784  18.963 0.0000000000
57207  53.986  -29.402  27.759 0.0000000000
52380  52.038  -33.987  28.244 0.0000000000
54348  52.163  -32.296  27.128 0.0000000000
56344  51.879  -30.594  25.508 0.0000000000
55410  49.511  -31.153  22.535 0.0000000000
55431  47.720  -31.720  20.629 0.0000000000
49832  41.516  -37.631  18.578 0.0000000000
42878  41.054  -44.851  26.207 0.0000000000
43939  38.995  -43.662  24.207 0.0000000000
125464  36.895  -42.685  21.703 0.0000000000
41846  34.838  -45.848  23.149 0.0000000000
43970  34.740  -43.969  21.943 0.0000000000
37665  32.648  -48.888  39.729 0.0000000000
38677  32.446  -48.030  40.523 0.0000000000
135724  46.819  -46.318  28.610 0.0000000000
42839  47.358  -44.916  29.421 0.0000000000
42860  47.289  -44.993  27.956 0.0000000000
43911  47.098  -43.224  27.030 0.0000000000
42873  45.783  -44.290  26.602 0.0000000000
42886  45.328  -43.811  25.803 0.0000000000
42874  44.974  -44.453  26.421 0.0000000000
62861  61.146  -23.290  16.722 0.0000000000
61889  62.043  -24.332  16.629 0.0000000000
61890  61.572  -24.176  16.951 0.0000000000
37775  29.963  -49.629  30.809 0.0000000000
37776  29.094  -49.292  30.683 0.0000000000
36748  29.078  -50.135  31.962 0.0000000000
37702  24.647  -48.998  37.119 0.0000000000
37735  24.044  -49.399  35.568 0.0000000000
37703  23.731  -49.059  36.961 0.0000000000
36700  22.361  -50.195  36.204 0.0000000000
37704  22.421  -49.521  37.583 0.0000000000
34768  40.808  -52.601  35.130 0.0000000000
121576  42.094  -52.778  34.253 0.0000000000
35769  42.962  -51.975  33.816 0.0000000000
34801  41.897  -53.158  32.482 0.0000000000
34831  41.272  -52.598  30.899 0.0000000000
33813  40.370  -53.451  31.919 0.0000000000
36731  31.291  -51.228  32.066 0.0000000000
36745  32.160  -51.017  31.445 0.0000000000
132792  31.394  -50.699  31.292 0.0000000000
125887  30.565  -49.456  30.215 0.0000000000
60916  53.413  -25.694  17.659 0.0000000000
59957  53.553  -26.200  16.799 0.0000000000
59983  52.965  -26.699  16.714 0.0000000000
65783  58.451  -19.824  23.811 0.0000000000
63725  58.455  -22.034  23.169 0.0000000000
64767  58.293  -20.591  24.426 0.0000000000
59850  53.613  -26.522  26.558 0.0000000000
59860  53.614  -26.073  25.857 0.0000000000
58970  52.219  -27.128  25.109 0.0000000000
58980  51.471  -27.924  24.293 0.0000000000
58117  51.644  -28.529  24.718 0.0000000000
50606  45.571  -36.791  24.004 0.0000000000
51515  47.052  -35.304  24.994 0.0000000000
51531  46.032  -35.473  23.949 0.0000000000
52441  46.076  -34.369  22.934 0.0000000000
51561  44.829  -35.252  21.800 0.0000000000
51576  44.251  -35.175  20.764 0.0000000000
50653  44.132  -36.392  21.530 0.0000000000
38831  37.666  -48.644  25.509 0.0000000000
39830  37.666  -47.818  25.205 0.0000000000
144317  36.729  -48.366  24.461 0.0000000000
65921  56.560  -20.203  10.492 0.0000000000
64941  56.620  -21.446  10.989 0.0000000000
35739  31.940  -50.885  35.786 0.0000000000
142615  29.909  -50.585  35.057 0.0000000000
35727  30.959  -50.470  36.212 0.0000000000
36650  29.855  -48.800  39.235 0.0000000000
135312  29.710  -49.397  37.779 0.0000000000
37683  28.519  -48.904  38.361 0.0000000000
37684  27.695  -48.796  38.253 0.0000000000
37668  27.906  -48.592  39.078 0.0000000000
34762  37.618  -51.893  36.644 0.0000000000
138436  37.276  -52.646  35.517 0.0000000000
129499  36.862  -51.688  36.834 0.0000000000
35724  33.856  -50.870  36.791 0.0000000000
34764  34.244  -51.574  35.642 0.0000000000
35748  33.359  -51.476  35.370 0.0000000000
35757  32.307  -51.605  34.467 0.0000000000
45833  49.978  -41.630  31.705 0.0000000000
46742  50.312  -40.374  32.060 0.0000000000
47744  50.569  -39.635  31.682 0.0000000000
48749  50.930  -38.165  30.526 0.0000000000
47774  49.874  -39.859  29.569 0.0000000000
45925  47.005  -41.152  26.029 0.0000000000
46819  47.636  -40.229  26.645 0.0000000000
47835  46.613  -39.676  25.272 0.0000000000
47843  46.313  -39.047  24.871 0.0000000000
122694  45.510  -40.030  23.866 0.0000000000
46869  44.561  -39.863  22.696 0.0000000000
46858  44.914  -40.464  23.134 0.0000000000
44928  42.778  -43.041  23.797 0.0000000000
44945  42.662  -42.144  22.544 0.0000000000
44946  41.753  -42.275  22.521 0.0000000000
45967  40.536  -42.124  21.795 0.0000000000
120700  39.942  -42.434  22.228 0.0000000000
38845  34.076  -48.590  24.309 0.0000000000
37846  34.916  -48.700  23.966 0.0000000000
37847  33.877  -48.759  23.313 0.0000000000
62895  61.488  -22.621  13.383 0.0000000000
62896  60.573  -23.361  13.227 0.0000000000
62883  61.360  -23.566  13.912 0.0000000000
60955  60.731  -25.331  14.541 0.0000000000
38828  28.802  -48.714  26.838 0.0000000000
37823  28.198  -49.276  26.943 0.0000000000
35776  28.083  -50.309  34.397 0.0000000000
36735  27.918  -50.375  33.211 0.0000000000
131201  26.939  -50.151  34.073 0.0000000000
36728  23.548  -50.576  33.490 0.0000000000
129363  24.335  -50.266  32.992 0.0000000000
144148  44.188  -49.629  31.490 0.0000000000
38754  45.046  -48.315  32.975 0.0000000000
38770  45.159  -48.713  31.029 0.0000000000
128598  46.095  -47.692  30.147 0.0000000000
38787  44.645  -48.833  29.577 0.0000000000
38801  44.159  -48.412  29.123 0.0000000000
38788  43.807  -49.007  29.652 0.0000000000
36779  39.770  -51.012  29.343 0.0000000000
36789  40.171  -50.339  29.132 0.0000000000
36790  39.378  -50.586  28.770 0.0000000000
37818  38.625  -49.900  27.402 0.0000000000
36792  38.296  -50.517  28.327 0.0000000000
121096  36.266  -52.648  32.875 0.0000000000
34822  37.518  -52.542  31.644 0.0000000000
34824  36.419  -52.173  31.923 0.0000000000
121586  34.174  -50.211  29.794 0.0000000000
36764  35.488  -50.696  30.246 0.0000000000
121068  35.737  -50.184  28.681 0.0000000000
142072  35.793  -50.066  27.796 0.0000000000
36795  35.013  -49.923  28.051 0.0000000000
37832  34.123  -49.161  26.881 0.0000000000
37821  33.563  -49.121  27.581 0.0000000000
38807  30.266  -48.372  28.236 0.0000000000
38815  31.355  -47.999  26.980 0.0000000000
38827  29.608  -48.257  26.681 0.0000000000
141687  56.834  -24.565  16.387 0.0000000000
145071  57.708  -24.911  16.098 0.0000000000
60929  56.873  -25.275  15.924 0.0000000000
59076  56.495  -27.469  15.939 0.0000000000
38625  26.441  -47.602  43.121 0.0000000000
38661  26.509  -48.130  41.331 0.0000000000
145541  25.849  -48.020  42.628 0.0000000000
38630  21.136  -48.554  43.947 0.0000000000
38644  22.411  -48.309  42.522 0.0000000000
38664  23.319  -48.378  41.249 0.0000000000
37638  21.946  -48.980  41.085 0.0000000000
133670  21.358  -50.108  39.797 0.0000000000
36632  20.890  -50.673  41.565 0.0000000000
64915  60.269  -21.642  13.006 0.0000000000
65869  61.480  -20.216  15.658 0.0000000000
65868  61.776  -20.292  15.757 0.0000000000
64880  61.914  -20.678  16.078 0.0000000000
64867  61.569  -20.268  16.979 0.0000000000
64839  59.491  -20.504  19.778 0.0000000000
64859  59.979  -20.993  18.354 0.0000000000
64860  58.988  -21.433  18.658 0.0000000000
125300  58.440  -22.046  18.214 0.0000000000
63824  58.298  -21.931  19.126 0.0000000000
62787  56.938  -23.872  21.587 0.0000000000
62800  56.896  -23.880  20.669 0.0000000000
61834  56.409  -24.381  21.111 0.0000000000
60883  55.258  -25.112  19.444 0.0000000000
60859  55.263  -25.199  21.041 0.0000000000
124727  56.821  -23.304  26.447 0.0000000000
62752  57.218  -22.960  25.215 0.0000000000
61788  56.511  -24.090  25.551 0.0000000000
60833  53.795  -25.780  23.525 0.0000000000
60832  54.696  -25.425  23.458 0.0000000000
60848  53.045  -26.066  22.195 0.0000000000
60862  53.141  -25.935  21.257 0.0000000000
59907  52.344  -26.181  20.792 0.0000000000
59908  51.780  -26.346  20.357 0.0000000000
59898  51.529  -26.608  21.103 0.0000000000
57268  50.052  -29.106  21.864 0.0000000000
58141  49.979  -28.434  21.234 0.0000000000
57278  49.192  -29.694  20.413 0.0000000000
56392  48.757  -30.301  20.164 0.0000000000
56304  53.929  -30.889  28.470 0.0000000000
50562  50.427  -36.572  28.806 0.0000000000
51468  51.960  -35.006  29.198 0.0000000000
51479  50.808  -35.163  28.038 0.0000000000
53320  49.623  -33.401  25.616 0.0000000000
53305  50.815  -33.440  26.702 0.0000000000
54359  50.808  -32.407  25.884 0.0000000000
55385  51.565  -31.334  25.671 0.0000000000
140321  50.862  -31.752  25.171 0.0000000000
55393  50.694  -31.199  24.349 0.0000000000
54376  49.736  -31.780  23.886 0.0000000000
137775  45.974  -32.786  20.665 0.0000000000
54405  47.210  -32.299  20.981 0.0000000000
54411  46.234  -32.140  20.162 0.0000000000
55446  46.399  -30.995  18.982 0.0000000000
55448  44.885  -31.490  18.729 0.0000000000
54419  44.098  -31.885  18.634 0.0000000000
52486  41.985  -34.585  18.225 0.0000000000
53383  42.043  -33.179  17.676 0.0000000000
48898  42.575  -38.720  20.413 0.0000000000
48905  42.370  -38.171  19.787 0.0000000000
48906  41.745  -38.310  19.200 0.0000000000
48923  39.335  -38.020  17.630 0.0000000000
135709  41.763  -46.336  27.559 0.0000000000
41811  42.467  -45.102  26.884 0.0000000000
41813  40.672  -45.555  26.598 0.0000000000
41836  38.199  -45.094  24.870 0.0000000000
42905  38.471  -44.256  24.513 0.0000000000
43941  37.889  -44.000  24.047 0.0000000000
43966  38.139  -43.140  22.870 0.0000000000
43952  36.531  -43.784  22.934 0.0000000000
38872  34.986  -48.403  22.515 0.0000000000
39855  35.286  -47.513  22.868 0.0000000000
39857  34.101  -47.330  21.882 0.0000000000
42942  33.476  -44.979  21.628 0.0000000000
43994  34.248  -43.203  20.925 0.0000000000
61924  57.342  -24.220  12.661 0.0000000000
62908  56.379  -23.870  12.122 0.0000000000
60913  60.534  -25.399  17.488 0.0000000000
36662  32.943  -49.750  38.151 0.0000000000
138070  31.383  -49.693  37.563 0.0000000000
36663  31.976  -49.498  38.131 0.0000000000
142365  30.884  -48.944  39.180 0.0000000000
37649  30.399  -48.640  40.020 0.0000000000
36661  33.915  -49.999  38.327 0.0000000000
42805  47.493  -44.449  32.806 0.0000000000
43818  48.482  -43.359  33.614 0.0000000000
42829  47.856  -43.920  31.076 0.0000000000
43868  48.424  -43.299  30.723 0.0000000000
44868  49.178  -41.908  30.239 0.0000000000
45866  49.248  -41.190  29.270 0.0000000000
44890  48.238  -42.252  28.066 0.0000000000
44897  46.852  -42.469  26.374 0.0000000000
44924  46.015  -42.046  24.758 0.0000000000
144886  45.294  -41.647  23.721 0.0000000000
43933  45.010  -43.016  24.563 0.0000000000
43934  44.196  -43.288  24.420 0.0000000000
43936  42.348  -43.363  24.534 0.0000000000
38848  31.529  -48.625  24.184 0.0000000000
38857  32.129  -48.810  23.568 0.0000000000
37848  31.490  -49.390  23.553 0.0000000000
62873  62.189  -22.864  15.478 0.0000000000
125104  61.904  -23.626  14.601 0.0000000000
145698  62.191  -23.920  15.451 0.0000000000
61903  62.260  -24.442  16.064 0.0000000000
38792  29.092  -48.601  29.053 0.0000000000
38809  27.765  -48.863  28.230 0.0000000000
37797  28.644  -48.879  29.882 0.0000000000
37778  27.271  -49.324  30.531 0.0000000000
37762  26.679  -49.645  31.147 0.0000000000
36705  26.780  -49.811  35.335 0.0000000000
123002  25.978  -50.096  34.183 0.0000000000
37745  24.608  -49.667  34.963 0.0000000000
37746  23.748  -49.698  34.882 0.0000000000
35743  22.179  -51.499  36.083 0.0000000000
35767  43.493  -50.983  32.578 0.0000000000
35813  43.164  -50.967  31.253 0.0000000000
36776  42.537  -50.287  30.253 0.0000000000
36763  42.086  -51.174  30.427 0.0000000000
124201  40.810  -52.041  30.383 0.0000000000
35817  39.277  -51.761  29.943 0.0000000000
35783  34.133  -51.836  32.654 0.0000000000
35800  34.510  -51.472  31.870 0.0000000000
35801  33.647  -51.500  32.015 0.0000000000
36766  33.664  -50.573  30.561 0.0000000000
36783  33.235  -50.092  29.902 0.0000000000
37810  32.318  -49.096  28.707 0.0000000000
139278  32.102  -49.467  29.418 0.0000000000
37795  30.715  -49.013  29.498 0.0000000000
60914  55.374  -25.360  16.852 0.0000000000
60930  55.836  -25.633  16.083 0.0000000000
60931  55.076  -25.880  16.367 0.0000000000
59078  54.730  -27.274  15.929 0.0000000000
38618  20.550  -48.995  44.690 0.0000000000
146188  20.570  -49.730  43.520 0.0000000000
36626  20.874  -50.771  42.643 0.0000000000
127857  20.866  -50.621  43.438 0.0000000000
64823  59.121  -21.036  21.840 0.0000000000
63806  58.392  -21.939  20.128 0.0000000000
63759  58.566  -21.972  22.196 0.0000000000
63739  58.097  -22.787  22.518 0.0000000000
62777  56.967  -23.858  22.519 0.0000000000
60811  55.811  -24.985  26.569 0.0000000000
122745  55.669  -24.961  25.584 0.0000000000
60813  54.230  -25.650  25.465 0.0000000000
59878  53.191  -26.053  24.048 0.0000000000
59879  52.351  -26.493  23.631 0.0000000000
59890  51.576  -26.766  22.102 0.0000000000
59880  51.609  -26.940  23.097 0.0000000000
142835  50.771  -28.012  22.836 0.0000000000
58127  50.388  -29.036  22.541 0.0000000000
50583  48.072  -36.720  26.575 0.0000000000
51488  49.334  -35.390  26.980 0.0000000000
51500  48.202  -35.146  25.921 0.0000000000
52411  48.442  -34.412  25.582 0.0000000000
53328  48.412  -33.269  24.518 0.0000000000
53335  48.055  -32.905  23.696 0.0000000000
53336  47.297  -33.363  23.369 0.0000000000
53356  45.723  -33.806  21.675 0.0000000000
53363  44.834  -33.524  20.269 0.0000000000
53368  44.124  -33.330  19.534 0.0000000000
52476  44.258  -34.056  20.026 0.0000000000
51589  43.367  -35.196  19.682 0.0000000000
50688  42.343  -36.049  18.901 0.0000000000
46899  40.031  -40.071  19.792 0.0000000000
48913  40.510  -38.868  18.787 0.0000000000
47906  39.514  -39.639  19.275 0.0000000000
48915  38.338  -38.782  18.133 0.0000000000
129079  36.862  -38.745  17.624 0.0000000000
40785  39.677  -47.269  27.063 0.0000000000
41814  39.793  -45.851  26.291 0.0000000000
40794  38.749  -47.166  26.121 0.0000000000
41826  38.035  -46.051  25.160 0.0000000000
140951  36.408  -45.685  24.048 0.0000000000
128063  33.395  -47.164  21.340 0.0000000000
130443  32.186  -47.067  20.297 0.0000000000
66813  56.407  -19.788  10.134 0.0000000000
65922  55.797  -20.497  9.954 0.0000000000
63910  55.194  -22.455  10.141 0.0000000000
129906  30.898  -51.413  33.564 0.0000000000
36722  29.349  -50.798  33.236 0.0000000000
124333  29.951  -50.788  34.285 0.0000000000
35760  29.207  -50.543  34.558 0.0000000000
35752  28.487  -50.156  35.397 0.0000000000
145292  30.438  -50.003  36.759 0.0000000000
36697  29.201  -49.979  36.268 0.0000000000
36698  27.800  -49.682  36.264 0.0000000000
144129  27.044  -49.219  37.052 0.0000000000
37700  26.532  -48.920  37.557 0.0000000000
37686  25.778  -48.759  38.293 0.0000000000
33776  40.132  -53.446  34.588 0.0000000000
131016  39.184  -53.753  33.554 0.0000000000
140975  37.969  -53.361  34.643 0.0000000000
33787  36.732  -53.023  34.199 0.0000000000
34781  35.892  -52.593  34.372 0.0000000000
124474  35.160  -51.653  36.062 0.0000000000
34773  34.773  -51.823  35.287 0.0000000000
126359  34.144  -52.040  34.009 0.0000000000
35770  32.818  -52.037  33.605 0.0000000000
35771  32.209  -51.928  33.764 0.0000000000
59959  51.438  -26.438  17.833 0.0000000000
59059  52.211  -26.863  16.845 0.0000000000
59080  51.483  -27.311  16.809 0.0000000000
64757  57.551  -20.356  25.244 0.0000000000
61764  56.358  -24.291  28.031 0.0000000000
60800  55.974  -24.930  27.584 0.0000000000
59838  54.909  -26.053  28.078 0.0000000000
131029  54.361  -26.851  28.052 0.0000000000
49684  50.765  -37.779  29.871 0.0000000000
49694  50.099  -37.503  28.896 0.0000000000
127390  49.313  -39.810  28.664 0.0000000000
47806  48.427  -39.167  27.365 0.0000000000
49705  48.660  -37.608  27.385 0.0000000000
49718  47.468  -37.345  26.106 0.0000000000
49751  46.288  -37.564  24.827 0.0000000000
49786  44.862  -37.469  23.163 0.0000000000
133860  44.219  -37.783  22.117 0.0000000000
48882  44.181  -38.518  22.167 0.0000000000
47888  43.861  -39.110  21.883 0.0000000000
47890  42.712  -39.946  21.044 0.0000000000
45954  44.315  -41.708  22.890 0.0000000000
45973  42.552  -41.064  21.414 0.0000000000
46880  41.966  -40.785  20.856 0.0000000000
45988  40.205  -41.202  20.796 0.0000000000
45989  39.280  -41.330  20.758 0.0000000000
45978  37.995  -41.884  21.153 0.0000000000
37844  36.083  -48.900  24.694 0.0000000000
38844  36.000  -48.703  24.125 0.0000000000
37845  35.613  -48.638  23.834 0.0000000000
37866  34.708  -48.661  22.565 0.0000000000
38873  34.485  -48.661  22.036 0.0000000000
141920  33.649  -49.135  22.400 0.0000000000
37867  33.874  -49.161  21.618 0.0000000000
63896  59.474  -22.055  12.099 0.0000000000
63898  57.906  -22.406  11.723 0.0000000000
130400  59.399  -22.690  12.327 0.0000000000
61926  58.465  -23.469  12.534 0.0000000000
128700  58.370  -24.577  13.232 0.0000000000
60959  60.644  -24.339  14.009 0.0000000000
60960  59.968  -25.017  14.115 0.0000000000
36734  28.648  -50.421  32.739 0.0000000000
36749  26.930  -49.941  32.044 0.0000000000
36750  25.979  -50.069  31.719 0.0000000000
36726  25.151  -50.118  33.515 0.0000000000
137468  24.713  -50.514  31.638 0.0000000000
41724  46.446  -45.742  33.566 0.0000000000
41747  46.395  -46.209  31.119 0.0000000000
39796  46.571  -47.135  29.072 0.0000000000
40778  46.496  -46.610  28.087 0.0000000000
41792  45.086  -45.855  27.406 0.0000000000
40764  44.920  -47.218  28.239 0.0000000000
40766  42.912  -46.977  28.165 0.0000000000
39821  41.070  -47.459  28.058 0.0000000000
37791  41.879  -49.812  29.707 0.0000000000
38803  41.402  -48.588  28.804 0.0000000000
39822  40.411  -48.074  27.985 0.0000000000
38821  39.333  -48.764  27.277 0.0000000000
37828  38.266  -49.479  26.636 0.0000000000
128609  37.042  -49.592  26.025 0.0000000000
33815  38.913  -53.436  32.175 0.0000000000
34834  38.829  -52.316  30.582 0.0000000000
35818  38.435  -51.670  30.048 0.0000000000
35821  35.711  -51.151  30.826 0.0000000000
35835  37.035  -50.876  29.701 0.0000000000
35844  38.199  -50.807  28.933 0.0000000000
36793  37.530  -50.390  28.245 0.0000000000
36811  36.707  -49.831  26.535 0.0000000000
37829  36.480  -49.544  25.897 0.0000000000
37839  35.281  -49.215  25.634 0.0000000000
38823  34.174  -48.837  25.997 0.0000000000
38824  33.033  -48.247  26.069 0.0000000000
37822  32.690  -48.845  27.963 0.0000000000
128787  32.105  -48.048  26.607 0.0000000000
38836  31.607  -48.082  25.045 0.0000000000
38837  30.532  -48.315  25.361 0.0000000000
62863  58.510  -23.526  16.408 0.0000000000
61892  59.286  -24.209  16.533 0.0000000000
60946  56.350  -26.174  15.766 0.0000000000
59979  57.644  -26.550  16.215 0.0000000000
122634  52.826  -27.405  16.508 0.0000000000
39672  31.714  -47.135  41.047 0.0000000000
123112  30.924  -48.018  40.904 0.0000000000
37636  29.511  -48.155  40.746 0.0000000000
38639  28.429  -47.400  41.742 0.0000000000
37637  28.137  -47.893  40.810 0.0000000000
37652  27.268  -48.071  40.645 0.0000000000
37653  26.136  -48.416  39.655 0.0000000000
38694  24.518  -48.461  39.862 0.0000000000
38627  24.566  -47.845  43.278 0.0000000000
121897  24.082  -48.180  41.788 0.0000000000
38682  23.755  -48.435  40.425 0.0000000000
37672  23.395  -48.689  39.296 0.0000000000
37674  21.982  -49.620  39.113 0.0000000000
64933  58.904  -21.560  12.018 0.0000000000
64932  59.890  -21.903  12.408 0.0000000000
64931  60.651  -21.894  12.752 0.0000000000
63884  61.886  -21.910  13.622 0.0000000000
64892  59.857  -21.096  15.042 0.0000000000
64901  61.587  -21.247  14.152 0.0000000000
63873  62.222  -21.875  14.188 0.0000000000
63853  62.199  -22.114  15.460 0.0000000000
128384  61.388  -22.431  16.579 0.0000000000
129476  60.668  -22.514  16.859 0.0000000000
64868  61.025  -20.842  17.636 0.0000000000
63838  60.084  -21.792  17.458 0.0000000000
63856  59.735  -22.625  16.888 0.0000000000
62847  58.083  -22.936  16.930 0.0000000000
62848  57.430  -23.224  17.423 0.0000000000
62849  56.838  -23.708  17.665 0.0000000000
62799  57.369  -23.321  20.202 0.0000000000
62836  56.732  -23.752  18.741 0.0000000000
61874  56.276  -24.313  18.171 0.0000000000
61858  55.623  -24.856  18.706 0.0000000000
136246  54.847  -25.268  18.806 0.0000000000
139792  53.457  -25.575  19.094 0.0000000000
63718  57.691  -22.371  24.628 0.0000000000
143406  57.352  -23.413  23.726 0.0000000000
61823  56.483  -24.321  22.896 0.0000000000
122644  55.509  -25.010  23.849 0.0000000000
60831  55.428  -25.114  22.953 0.0000000000
60846  55.217  -25.201  21.975 0.0000000000
60860  54.674  -25.437  21.349 0.0000000000
60885  53.742  -25.556  19.853 0.0000000000
59938  52.193  -25.931  19.055 0.0000000000
59939  51.477  -26.274  18.708 0.0000000000
59940  50.800  -26.685  18.413 0.0000000000
59000  50.719  -27.096  20.851 0.0000000000
59021  49.840  -27.708  19.623 0.0000000000
134975  54.329  -28.047  28.694 0.0000000000
124530  53.438  -29.157  26.939 0.0000000000
54323  52.995  -32.763  28.724 0.0000000000
52382  50.446  -34.590  27.259 0.0000000000
53303  52.122  -32.935  27.551 0.0000000000
54331  53.240  -32.059  28.443 0.0000000000
55369  53.135  -31.267  27.437 0.0000000000
57217  53.042  -29.917  26.615 0.0000000000
57233  52.570  -29.351  26.026 0.0000000000
56358  51.190  -29.846  24.129 0.0000000000
56366  50.347  -30.248  23.028 0.0000000000
56367  49.874  -30.464  22.400 0.0000000000
54386  48.605  -31.936  22.364 0.0000000000
55423  48.476  -31.731  21.652 0.0000000000
56385  48.550  -30.944  20.584 0.0000000000
56394  47.808  -30.673  19.405 0.0000000000
53375  42.845  -32.907  18.301 0.0000000000
54427  42.353  -32.205  17.326 0.0000000000
49817  43.335  -37.546  20.771 0.0000000000
132147  42.518  -36.732  19.319 0.0000000000
50689  41.773  -36.059  18.357 0.0000000000
128025  40.447  -38.367  18.347 0.0000000000
49841  40.499  -36.967  17.591 0.0000000000
41810  43.451  -44.954  26.897 0.0000000000
42889  42.398  -44.165  25.801 0.0000000000
43927  41.012  -43.856  25.135 0.0000000000
41824  40.198  -45.078  25.984 0.0000000000
43928  40.165  -43.985  25.007 0.0000000000
138163  40.203  -43.276  23.930 0.0000000000
44938  39.138  -42.903  22.764 0.0000000000
44961  37.710  -42.416  21.648 0.0000000000
45979  37.036  -41.987  21.080 0.0000000000
39844  36.152  -47.957  23.597 0.0000000000
41844  36.098  -46.243  23.922 0.0000000000
42921  35.434  -45.024  23.220 0.0000000000
41861  33.605  -45.681  22.042 0.0000000000
141372  34.769  -45.097  22.795 0.0000000000
42930  35.796  -44.183  22.788 0.0000000000
43982  35.432  -43.438  21.816 0.0000000000
44976  35.525  -42.310  20.851 0.0000000000
62912  56.858  -22.818  11.717 0.0000000000
63905  55.467  -22.847  10.879 0.0000000000
62923  55.255  -23.269  9.870 0.0000000000
61873  61.171  -24.822  17.302 0.0000000000
134942  46.610  -46.045  27.896 0.0000000000
41779  47.045  -45.765  28.353 0.0000000000
42861  46.903  -44.898  27.418 0.0000000000
41807  46.300  -44.774  27.064 0.0000000000
41808  45.641  -45.114  27.053 0.0000000000
61891  60.576  -23.902  16.886 0.0000000000
36747  29.998  -50.427  31.709 0.0000000000
37759  29.369  -49.783  31.326 0.0000000000
145757  24.076  -48.912  37.584 0.0000000000
120980  22.900  -49.280  36.867 0.0000000000
123099  23.255  -49.012  37.740 0.0000000000
33775  40.868  -53.176  34.652 0.0000000000
34780  41.532  -52.763  34.731 0.0000000000
33774  41.487  -53.204  34.083 0.0000000000
34791  42.059  -53.083  33.406 0.0000000000
33797  41.328  -53.442  33.155 0.0000000000
34802  41.123  -53.405  32.182 0.0000000000
33798  40.468  -53.678  32.829 0.0000000000
36746  30.825  -50.713  31.588 0.0000000000
36769  30.865  -50.140  30.859 0.0000000000
59958  52.683  -26.157  17.277 0.0000000000
135914  57.964  -20.066  24.664 0.0000000000
136506  52.407  -27.592  25.777 0.0000000000
58108  52.151  -28.467  25.535 0.0000000000
50625  45.162  -36.742  23.415 0.0000000000
51532  45.514  -36.026  23.661 0.0000000000
123069  45.089  -35.956  22.995 0.0000000000
51548  45.181  -35.231  22.380 0.0000000000
51549  44.616  -35.993  22.196 0.0000000000
38832  37.075  -49.152  25.348 0.0000000000
38842  37.161  -48.544  24.911 0.0000000000
38843  36.473  -48.826  24.717 0.0000000000
64940  57.472  -21.120  11.220 0.0000000000
63903  57.477  -21.834  11.400 0.0000000000
37682  29.341  -49.037  38.453 0.0000000000
34752  37.920  -51.549  37.107 0.0000000000
34754  36.776  -51.298  37.447 0.0000000000
35725  32.877  -50.567  36.786 0.0000000000
35738  32.918  -51.025  36.078 0.0000000000
35749  32.636  -51.235  35.458 0.0000000000
45850  49.972  -41.283  30.949 0.0000000000
45832  50.147  -40.985  31.742 0.0000000000
140950  50.345  -40.289  31.483 0.0000000000
46753  50.236  -40.596  30.993 0.0000000000
135441  50.527  -39.719  30.972 0.0000000000
46768  50.183  -40.229  30.366 0.0000000000
45926  46.634  -41.141  25.462 0.0000000000
46830  47.024  -40.305  25.850 0.0000000000
46831  46.414  -40.492  25.057 0.0000000000
46842  46.080  -39.862  24.625 0.0000000000
130547  45.424  -40.964  23.723 0.0000000000
44937  42.249  -42.616  23.188 0.0000000000
126491  41.296  -42.702  23.205 0.0000000000
44947  40.842  -42.419  22.453 0.0000000000
38846  33.200  -48.436  24.320 0.0000000000
38856  32.829  -48.634  23.699 0.0000000000
145337  61.763  -23.085  13.932 0.0000000000
38818  28.293  -48.782  27.505 0.0000000000
35762  28.028  -50.183  34.983 0.0000000000
142695  27.611  -50.267  34.078 0.0000000000
36712  27.539  -50.136  34.561 0.0000000000
35777  23.342  -51.451  33.001 0.0000000000
37758  44.252  -49.569  31.103 0.0000000000
37757  44.599  -49.215  31.502 0.0000000000
37771  44.718  -49.113  30.745 0.0000000000
38776  45.276  -48.664  30.282 0.0000000000
37788  44.767  -49.008  30.088 0.0000000000
37789  44.171  -49.335  30.085 0.0000000000
35832  39.259  -51.203  29.338 0.0000000000
35842  39.194  -50.883  28.969 0.0000000000
36791  38.853  -50.605  28.489 0.0000000000
36782  34.635  -50.021  28.933 0.0000000000
37808  34.108  -49.617  28.296 0.0000000000
37820  34.508  -49.533  27.446 0.0000000000
38808  29.489  -48.407  28.238 0.0000000000
38816  29.967  -48.190  27.527 0.0000000000
61895  56.163  -24.957  16.568 0.0000000000
39648  26.864  -47.138  43.538 0.0000000000
38626  25.550  -47.773  43.282 0.0000000000
38645  21.471  -48.656  42.910 0.0000000000
38666  21.690  -48.831  42.010 0.0000000000
37655  21.215  -49.829  40.722 0.0000000000
37639  21.125  -49.596  41.637 0.0000000000
140979  58.582  -21.375  13.268 0.0000000000
64904  58.057  -21.454  14.182 0.0000000000
65852  61.324  -19.822  16.401 0.0000000000
145070  61.131  -19.878  16.039 0.0000000000
65851  61.606  -20.077  16.413 0.0000000000
65842  61.249  -19.700  17.120 0.0000000000
64849  59.433  -20.849  19.040 0.0000000000
64850  58.918  -21.284  19.537 0.0000000000
61835  55.853  -24.808  20.646 0.0000000000
61830  55.905  -24.836  21.539 0.0000000000
62753  56.851  -23.493  25.811 0.0000000000
59888  53.064  -26.079  23.109 0.0000000000
122023  53.919  -25.770  22.653 0.0000000000
59897  52.287  -26.303  21.689 0.0000000000
57269  49.598  -29.294  21.067 0.0000000000
145205  49.090  -30.182  20.609 0.0000000000
55340  54.086  -30.997  29.252 0.0000000000
50563  49.713  -36.736  28.208 0.0000000000
51470  50.759  -35.861  28.663 0.0000000000
50572  50.153  -35.923  28.151 0.0000000000
53319  50.388  -33.104  26.054 0.0000000000
54360  50.078  -32.512  25.196 0.0000000000
123669  49.546  -32.263  24.330 0.0000000000
54367  50.180  -31.815  24.448 0.0000000000
54412  45.452  -32.749  20.179 0.0000000000
54406  46.530  -32.590  20.851 0.0000000000
55440  45.378  -31.986  19.462 0.0000000000
55441  44.687  -32.098  19.129 0.0000000000
53377  41.825  -33.953  17.873 0.0000000000
52496  41.456  -34.536  17.739 0.0000000000
47898  42.332  -39.443  20.543 0.0000000000
47903  42.001  -38.902  19.874 0.0000000000
41796  41.232  -45.986  27.166 0.0000000000
42906  37.658  -44.633  24.315 0.0000000000
42919  37.177  -44.083  23.650 0.0000000000
38890  34.454  -48.264  21.824 0.0000000000
39856  34.885  -47.827  22.347 0.0000000000
61927  56.379  -24.878  12.525 0.0000000000
36649  32.585  -49.296  38.999 0.0000000000
37647  32.160  -48.563  40.162 0.0000000000
37666  31.871  -48.947  39.536 0.0000000000
37648  31.272  -48.650  40.095 0.0000000000
38679  30.738  -48.409  40.572 0.0000000000
36648  34.284  -49.598  38.990 0.0000000000
41735  46.762  -45.268  31.911 0.0000000000
42818  47.319  -44.593  31.492 0.0000000000
42848  47.711  -44.061  29.169 0.0000000000
42838  47.733  -44.000  30.047 0.0000000000
43878  48.233  -43.266  29.798 0.0000000000
44850  48.859  -42.581  30.462 0.0000000000
130987  48.611  -42.506  29.635 0.0000000000
44881  48.454  -42.438  28.834 0.0000000000
43897  48.006  -43.056  28.215 0.0000000000
43912  46.452  -43.208  26.257 0.0000000000
44909  46.736  -41.784  25.865 0.0000000000
44910  46.323  -42.490  25.529 0.0000000000
44911  45.695  -42.724  24.936 0.0000000000
42887  44.399  -44.047  25.746 0.0000000000
43923  44.705  -43.548  25.102 0.0000000000
43924  43.824  -43.710  25.101 0.0000000000
43935  43.298  -43.384  24.440 0.0000000000
43925  42.860  -43.716  25.183 0.0000000000
62859  62.022  -22.811  16.007 0.0000000000
61888  62.239  -23.636  15.974 0.0000000000
133869  62.146  -24.911  16.617 0.0000000000
37760  28.624  -49.632  31.366 0.0000000000
37777  28.158  -49.246  30.634 0.0000000000
36706  26.311  -49.581  35.980 0.0000000000
36714  25.803  -49.803  35.031 0.0000000000
37734  25.104  -49.497  35.745 0.0000000000
36707  23.087  -50.026  34.832 0.0000000000
36716  23.060  -50.630  34.309 0.0000000000
36717  22.750  -50.604  34.933 0.0000000000
35764  22.723  -51.325  34.737 0.0000000000
36708  22.626  -50.186  35.522 0.0000000000
35744  21.967  -50.806  36.676 0.0000000000
34756  21.867  -51.904  36.898 0.0000000000
35728  21.599  -51.281  37.542 0.0000000000
36711  43.483  -50.677  34.576 0.0000000000
35781  42.831  -52.225  32.193 0.0000000000
35768  43.271  -51.582  33.182 0.0000000000
35780  43.172  -51.638  32.359 0.0000000000
36742  43.366  -50.925  31.821 0.0000000000
36762  42.896  -50.795  30.731 0.0000000000
35814  42.608  -51.694  30.984 0.0000000000
34832  40.446  -52.600  30.724 0.0000000000
35816  40.044  -52.014  30.172 0.0000000000
35784  33.264  -51.984  32.926 0.0000000000
35802  32.764  -51.544  32.138 0.0000000000
36767  32.730  -50.502  30.625 0.0000000000
37794  32.358  -49.951  29.963 0.0000000000
38791  30.033  -48.594  28.954 0.0000000000
60898  55.057  -25.257  17.815 0.0000000000
59982  54.441  -26.387  16.290 0.0000000000
58190  54.238  -28.133  16.302 0.0000000000
37621  20.577  -49.395  43.943 0.0000000000
37612  20.528  -49.721  44.498 0.0000000000
36621  20.570  -50.176  43.934 0.0000000000
64801  59.009  -20.924  22.838 0.0000000000
140599  58.051  -22.802  23.103 0.0000000000
62776  57.529  -23.354  22.061 0.0000000000
62769  57.576  -23.324  23.022 0.0000000000
60812  55.061  -25.369  26.026 0.0000000000
59869  53.387  -26.037  25.042 0.0000000000
58979  51.796  -27.177  24.213 0.0000000000
58986  51.165  -27.771  23.442 0.0000000000
58126  50.735  -28.604  23.133 0.0000000000
57254  50.568  -29.493  23.069 0.0000000000
50584  47.632  -36.456  26.082 0.0000000000
51490  48.122  -35.898  26.310 0.0000000000
51501  47.512  -35.747  25.663 0.0000000000
52424  46.659  -34.974  24.300 0.0000000000
52412  47.732  -34.812  25.322 0.0000000000
52423  47.329  -34.452  24.633 0.0000000000
52422  48.002  -33.984  24.986 0.0000000000
53329  47.650  -33.651  24.210 0.0000000000
52453  45.225  -34.605  21.743 0.0000000000
53345  46.179  -33.804  22.432 0.0000000000
53362  45.563  -33.370  20.830 0.0000000000
52464  45.122  -34.092  21.047 0.0000000000
52465  44.534  -34.396  20.590 0.0000000000
51577  43.747  -35.544  20.341 0.0000000000
51590  42.713  -35.259  19.097 0.0000000000
50682  42.863  -35.990  19.475 0.0000000000
46900  39.149  -40.226  19.757 0.0000000000
47930  37.370  -39.110  18.202 0.0000000000
144825  39.156  -47.402  26.605 0.0000000000
40798  37.572  -46.973  24.955 0.0000000000
135297  37.356  -46.303  24.722 0.0000000000
41838  36.732  -46.112  24.339 0.0000000000
64944  56.042  -21.001  10.514 0.0000000000
64945  55.391  -21.457  10.051 0.0000000000
35773  30.731  -51.131  34.087 0.0000000000
35787  30.114  -51.081  33.555 0.0000000000
35740  30.245  -50.483  35.729 0.0000000000
35751  29.071  -50.365  35.200 0.0000000000
35742  28.924  -50.147  35.739 0.0000000000
124181  30.490  -49.625  37.482 0.0000000000
36666  29.019  -49.339  37.641 0.0000000000
36682  28.775  -49.630  36.839 0.0000000000
121744  28.468  -49.888  36.099 0.0000000000
143964  28.173  -49.579  36.702 0.0000000000
36683  27.627  -49.388  36.913 0.0000000000
139095  27.186  -48.606  38.865 0.0000000000
37685  26.843  -48.716  38.270 0.0000000000
33762  38.408  -52.202  36.370 0.0000000000
34761  39.111  -52.065  36.244 0.0000000000
34770  39.064  -52.675  35.919 0.0000000000
34769  39.675  -52.661  35.796 0.0000000000
121336  39.414  -53.179  35.301 0.0000000000
122295  39.323  -53.599  34.381 0.0000000000
33777  38.646  -53.355  34.943 0.0000000000
33770  36.582  -52.303  35.621 0.0000000000
33778  37.337  -53.105  34.825 0.0000000000
33779  36.610  -52.743  34.991 0.0000000000
35722  35.847  -51.061  37.682 0.0000000000
34763  35.514  -51.415  36.896 0.0000000000
34783  34.432  -51.921  34.622 0.0000000000
34784  33.659  -51.846  34.411 0.0000000000
34795  33.431  -52.011  33.824 0.0000000000
35772  31.480  -51.592  33.959 0.0000000000
137425  51.590  -26.777  17.227 0.0000000000
60788  56.042  -24.779  28.421 0.0000000000
59819  55.179  -25.871  28.874 0.0000000000
59837  55.595  -25.393  28.214 0.0000000000
43837  48.876  -43.251  32.770 0.0000000000
48750  50.572  -38.630  30.090 0.0000000000
48784  49.553  -38.348  28.523 0.0000000000
46787  48.875  -40.979  28.516 0.0000000000
144179  48.960  -40.355  28.398 0.0000000000
46804  48.531  -40.620  27.847 0.0000000000
47822  47.449  -39.544  26.292 0.0000000000
124461  47.819  -38.941  26.664 0.0000000000
48785  48.876  -38.352  27.756 0.0000000000
48804  48.250  -38.310  27.055 0.0000000000
49717  48.090  -37.542  26.772 0.0000000000
48805  47.648  -38.202  26.409 0.0000000000
47844  45.731  -39.235  24.266 0.0000000000
133137  46.541  -38.276  25.148 0.0000000000
48839  45.907  -38.357  24.473 0.0000000000
49752  45.741  -37.523  24.288 0.0000000000
138132  45.080  -38.135  23.431 0.0000000000
48863  44.614  -38.193  22.752 0.0000000000
48862  44.894  -38.759  23.163 0.0000000000
47874  44.045  -39.799  22.155 0.0000000000
47889  43.377  -39.751  21.522 0.0000000000
46878  43.011  -40.446  21.430 0.0000000000
44936  44.793  -42.068  23.455 0.0000000000
45965  42.157  -41.729  21.938 0.0000000000
45964  43.002  -41.489  22.099 0.0000000000
45987  41.131  -41.012  20.788 0.0000000000
45976  39.816  -41.916  21.367 0.0000000000
45977  38.838  -41.883  21.216 0.0000000000
45990  38.400  -41.381  20.692 0.0000000000
123862  35.587  -48.928  24.714 0.0000000000
37856  34.915  -48.681  23.096 0.0000000000
37858  32.125  -49.489  22.855 0.0000000000
37857  32.859  -49.018  22.938 0.0000000000
37868  32.961  -49.622  21.982 0.0000000000
37880  33.320  -49.840  20.996 0.0000000000
37879  33.649  -49.288  20.847 0.0000000000
62897  59.445  -23.549  12.877 0.0000000000
61914  61.450  -24.454  14.578 0.0000000000
37812  27.103  -49.435  28.178 0.0000000000
124265  27.229  -50.243  33.460 0.0000000000
136265  27.232  -50.167  32.789 0.0000000000
36715  24.995  -49.923  34.297 0.0000000000
36751  23.966  -50.907  31.861 0.0000000000
36737  24.378  -50.487  32.296 0.0000000000
35804  24.182  -51.112  31.170 0.0000000000
38746  44.603  -48.571  34.850 0.0000000000
38745  44.988  -48.087  34.796 0.0000000000
39768  45.337  -47.885  32.333 0.0000000000
39760  45.345  -47.641  33.359 0.0000000000
39767  45.625  -47.107  33.090 0.0000000000
40717  45.952  -46.529  32.718 0.0000000000
41736  46.309  -45.923  32.310 0.0000000000
40727  46.016  -46.815  31.520 0.0000000000
39798  46.045  -48.021  29.095 0.0000000000
39797  46.282  -47.614  29.399 0.0000000000
39808  46.396  -47.358  28.731 0.0000000000
40762  46.561  -46.879  28.403 0.0000000000
40763  45.745  -47.395  28.313 0.0000000000
40779  45.639  -46.692  27.945 0.0000000000
39812  43.358  -47.765  28.696 0.0000000000
135295  42.459  -47.542  28.442 0.0000000000
40767  41.924  -46.988  28.027 0.0000000000
39813  41.718  -47.805  28.446 0.0000000000
144112  42.644  -49.709  29.966 0.0000000000
37806  40.204  -49.678  28.733 0.0000000000
37805  40.978  -49.539  29.134 0.0000000000
38804  40.518  -48.898  28.475 0.0000000000
39814  41.014  -48.129  28.391 0.0000000000
38812  39.852  -48.772  27.868 0.0000000000
39823  39.790  -48.015  27.470 0.0000000000
125842  37.612  -49.727  26.492 0.0000000000
36810  37.353  -49.927  26.807 0.0000000000
33800  38.686  -53.668  32.998 0.0000000000
142611  38.255  -53.398  32.501 0.0000000000
130117  38.349  -52.656  31.170 0.0000000000
34835  37.969  -52.120  30.768 0.0000000000
35819  37.556  -51.499  30.235 0.0000000000
35822  34.924  -51.100  31.159 0.0000000000
35799  35.440  -51.635  31.722 0.0000000000
144526  35.175  -50.880  30.692 0.0000000000
36781  36.084  -50.511  29.555 0.0000000000
35836  36.198  -50.892  30.173 0.0000000000
35845  37.586  -50.693  29.027 0.0000000000
36805  36.272  -49.995  27.135 0.0000000000
37830  35.901  -49.674  26.292 0.0000000000
38834  33.632  -48.424  25.127 0.0000000000
144756  32.177  -48.719  28.167 0.0000000000
138016  32.133  -47.931  25.777 0.0000000000
61893  58.127  -24.284  16.159 0.0000000000
59980  56.808  -26.734  15.813 0.0000000000
59075  58.283  -27.187  16.869 0.0000000000
129675  52.133  -27.687  16.507 0.0000000000
143982  52.733  -28.112  16.414 0.0000000000
39671  32.462  -47.075  40.883 0.0000000000
39660  30.749  -46.981  41.257 0.0000000000
39661  30.138  -47.202  41.359 0.0000000000
37635  30.216  -48.166  40.848 0.0000000000
38638  29.344  -47.401  41.417 0.0000000000
130014  27.861  -47.509  42.068 0.0000000000
38659  28.297  -47.660  41.466 0.0000000000
38662  25.573  -48.253  40.958 0.0000000000
38680  26.342  -48.238  40.381 0.0000000000
38693  25.438  -48.381  40.109 0.0000000000
39652  23.153  -47.646  44.280 0.0000000000
39651  24.246  -47.563  44.174 0.0000000000
127092  24.045  -48.050  42.534 0.0000000000
38683  22.777  -48.631  40.611 0.0000000000
38695  23.065  -48.679  39.869 0.0000000000
132159  23.771  -48.543  39.701 0.0000000000
37673  22.721  -48.998  39.221 0.0000000000
36651  21.454  -50.435  38.972 0.0000000000
35680  21.330  -51.309  42.178 0.0000000000
65908  58.094  -20.796  11.865 0.0000000000
63885  61.202  -21.979  13.020 0.0000000000
64913  61.615  -21.656  13.646 0.0000000000
65881  61.860  -20.672  14.959 0.0000000000
64900  62.052  -21.289  14.254 0.0000000000
63872  62.288  -21.546  14.803 0.0000000000
64879  62.160  -21.331  15.489 0.0000000000
63854  61.860  -21.892  16.101 0.0000000000
63855  61.013  -21.786  17.113 0.0000000000
145776  61.122  -19.851  17.757 0.0000000000
64858  60.734  -20.094  18.409 0.0000000000
63839  58.852  -22.336  17.366 0.0000000000
63825  57.748  -22.575  18.697 0.0000000000
63840  57.867  -22.640  17.766 0.0000000000
63784  57.944  -22.727  20.664 0.0000000000
61842  56.347  -24.366  20.209 0.0000000000
62818  56.802  -23.831  19.741 0.0000000000
130441  54.107  -25.465  19.014 0.0000000000
64758  57.558  -21.038  25.499 0.0000000000
64768  57.934  -21.342  24.889 0.0000000000
63711  57.468  -22.001  25.470 0.0000000000
61800  56.848  -23.733  24.839 0.0000000000
62761  57.345  -23.210  24.364 0.0000000000
138853  57.003  -23.705  24.084 0.0000000000
62770  56.906  -23.867  23.407 0.0000000000
141528  56.487  -24.248  23.462 0.0000000000
124431  55.013  -25.296  25.062 0.0000000000
60822  55.564  -24.929  24.716 0.0000000000
135293  54.746  -25.431  22.583 0.0000000000
61824  55.979  -24.814  22.465 0.0000000000
60876  53.010  -25.818  20.343 0.0000000000
60875  53.666  -25.682  20.661 0.0000000000
60886  52.924  -25.719  19.485 0.0000000000
59921  51.612  -26.294  19.622 0.0000000000
59008  51.132  -26.656  20.221 0.0000000000
59922  50.905  -26.634  19.346 0.0000000000
59020  50.285  -27.126  19.051 0.0000000000
59040  50.238  -27.200  18.141 0.0000000000
58993  50.987  -27.487  22.410 0.0000000000
127339  51.041  -27.109  21.602 0.0000000000
133014  49.451  -28.653  20.098 0.0000000000
58149  50.088  -27.747  20.571 0.0000000000
58157  49.460  -28.190  19.169 0.0000000000
57206  54.282  -29.488  28.532 0.0000000000
58085  54.214  -28.718  28.275 0.0000000000
58086  53.890  -28.684  27.635 0.0000000000
52374  52.214  -34.378  28.849 0.0000000000
52367  52.472  -34.422  29.549 0.0000000000
141776  52.732  -33.648  28.969 0.0000000000
53281  53.270  -32.932  29.508 0.0000000000
52383  49.836  -34.813  26.916 0.0000000000
142247  50.961  -32.852  26.450 0.0000000000
53304  51.499  -33.012  27.012 0.0000000000
54332  52.664  -32.534  27.944 0.0000000000
55370  52.571  -31.497  26.917 0.0000000000
55384  52.233  -31.034  26.217 0.0000000000
56343  52.477  -30.263  26.098 0.0000000000
56350  52.105  -29.921  25.479 0.0000000000
57243  51.907  -29.281  25.145 0.0000000000
56351  51.606  -30.069  24.776 0.0000000000
55409  50.006  -30.924  23.107 0.0000000000
134486  50.506  -30.718  23.679 0.0000000000
54387  47.774  -32.628  22.749 0.0000000000
54378  48.559  -32.273  23.117 0.0000000000
144775  48.261  -32.238  22.577 0.0000000000
55424  47.913  -32.033  21.324 0.0000000000
125497  48.297  -31.504  20.949 0.0000000000
55422  48.806  -31.164  21.277 0.0000000000
140745  48.106  -31.263  20.382 0.0000000000
56393  48.219  -30.795  19.934 0.0000000000
55438  47.582  -31.253  19.915 0.0000000000
54414  43.676  -32.725  18.855 0.0000000000
54428  41.636  -32.697  16.945 0.0000000000
49803  43.848  -37.251  21.533 0.0000000000
49824  42.184  -37.534  19.198 0.0000000000
49818  42.774  -37.344  19.939 0.0000000000
49831  41.966  -36.845  18.679 0.0000000000
126023  39.845  -38.717  18.438 0.0000000000
49842  39.824  -37.450  17.471 0.0000000000
50700  39.900  -36.568  17.164 0.0000000000
41793  43.978  -45.701  27.381 0.0000000000
41809  44.546  -45.059  26.949 0.0000000000
42877  41.954  -44.684  26.322 0.0000000000
42890  41.478  -44.270  25.729 0.0000000000
43926  41.911  -43.758  25.192 0.0000000000
40796  38.890  -46.198  25.817 0.0000000000
41825  39.382  -45.317  25.671 0.0000000000
42904  39.344  -44.127  24.796 0.0000000000
129001  39.785  -43.618  24.379 0.0000000000
43951  39.497  -43.261  23.682 0.0000000000
44948  37.530  -42.946  22.249 0.0000000000
38854  36.231  -48.479  24.044 0.0000000000
40814  35.183  -46.683  23.162 0.0000000000
40813  35.771  -47.126  23.448 0.0000000000
41845  35.494  -46.036  23.559 0.0000000000
40831  32.863  -46.471  21.208 0.0000000000
40830  33.445  -46.450  21.751 0.0000000000
42941  34.013  -44.435  21.765 0.0000000000
42933  33.901  -45.075  22.107 0.0000000000
42932  34.423  -44.742  22.319 0.0000000000
42931  35.087  -44.453  22.565 0.0000000000
43969  35.407  -43.892  22.291 0.0000000000
44977  34.759  -42.635  20.770 0.0000000000
66824  56.161  -19.744  8.818 0.0000000000
62913  55.866  -23.281  11.507 0.0000000000
62914  55.430  -23.698  11.069 0.0000000000
62918  55.311  -23.285  10.481 0.0000000000
132165  60.318  -24.652  17.104 0.0000000000
37664  33.509  -49.103  39.526 0.0000000000
37646  33.022  -48.565  40.078 0.0000000000
40736  46.917  -45.690  29.713 0.0000000000
42830  47.280  -44.770  30.346 0.0000000000
41767  47.086  -45.783  28.931 0.0000000000
42849  47.402  -44.972  28.648 0.0000000000
43887  47.591  -43.995  28.310 0.0000000000
43898  47.538  -43.447  27.710 0.0000000000
42871  47.182  -44.125  27.528 0.0000000000
42872  46.491  -44.020  26.919 0.0000000000
42885  46.006  -43.713  26.219 0.0000000000
142642  28.365  -49.946  32.027 0.0000000000
37722  24.355  -49.201  36.347 0.0000000000
37723  23.445  -49.306  36.206 0.0000000000
37724  22.744  -49.633  36.145 0.0000000000
36684  22.322  -49.880  36.802 0.0000000000
35747  42.332  -51.487  34.923 0.0000000000
35755  42.953  -51.445  34.522 0.0000000000
34790  42.551  -52.573  33.627 0.0000000000
34800  42.512  -52.735  32.757 0.0000000000
34817  42.351  -52.713  31.929 0.0000000000
35797  42.094  -52.457  31.185 0.0000000000
34818  41.640  -53.001  31.597 0.0000000000
34819  40.828  -53.101  31.333 0.0000000000
34820  40.028  -53.079  31.207 0.0000000000
35803  32.011  -51.540  32.310 0.0000000000
37774  31.430  -49.641  29.954 0.0000000000
60899  54.229  -25.442  18.099 0.0000000000
36600  21.058  -50.212  45.771 0.0000000000
142733  59.009  -19.985  23.248 0.0000000000
64782  58.688  -20.803  23.660 0.0000000000
64783  58.258  -21.677  24.115 0.0000000000
59859  54.302  -25.847  26.405 0.0000000000
135950  52.866  -26.675  25.734 0.0000000000
129624  51.858  -27.763  24.984 0.0000000000
50595  46.552  -36.760  25.089 0.0000000000
51502  46.878  -36.068  25.237 0.0000000000
51516  46.394  -35.926  24.653 0.0000000000
52431  46.322  -34.654  23.563 0.0000000000
52432  45.681  -35.146  23.137 0.0000000000
51562  44.417  -35.597  21.416 0.0000000000
51563  43.947  -35.927  20.942 0.0000000000
134566  43.581  -36.201  20.527 0.0000000000
38830  38.246  -48.715  26.122 0.0000000000
39829  38.241  -47.896  25.771 0.0000000000
39834  37.161  -47.770  24.649 0.0000000000
122176  32.027  -51.208  35.089 0.0000000000
35759  30.586  -50.839  34.636 0.0000000000
35750  31.006  -50.779  35.296 0.0000000000
36665  30.186  -49.209  38.385 0.0000000000
33769  37.891  -52.489  36.001 0.0000000000
34771  37.172  -52.126  36.153 0.0000000000
143055  36.535  -51.939  36.179 0.0000000000
35736  34.581  -51.351  36.432 0.0000000000
35737  33.775  -51.320  36.033 0.0000000000
34775  33.189  -51.693  34.711 0.0000000000
139558  32.752  -51.485  34.994 0.0000000000
44827  49.721  -42.280  32.121 0.0000000000
45819  49.964  -41.630  32.514 0.0000000000
45818  50.014  -41.258  32.937 0.0000000000
47759  50.883  -38.850  31.341 0.0000000000
48733  51.175  -38.144  31.027 0.0000000000
47773  50.405  -39.425  30.242 0.0000000000
47789  50.175  -39.104  29.670 0.0000000000
122610  47.375  -40.868  26.439 0.0000000000
140192  47.054  -39.445  25.763 0.0000000000
129373  46.819  -38.916  25.471 0.0000000000
144546  45.417  -39.382  23.780 0.0000000000
47855  45.035  -39.488  23.258 0.0000000000
46870  44.269  -40.461  22.486 0.0000000000
131517  43.187  -42.607  23.128 0.0000000000
45966  41.291  -41.973  21.843 0.0000000000
45975  40.772  -41.624  21.299 0.0000000000
134393  60.839  -22.396  12.809 0.0000000000
62905  60.161  -22.627  12.570 0.0000000000
60954  61.642  -25.282  15.222 0.0000000000
37800  26.473  -49.491  29.426 0.0000000000
35775  28.626  -50.495  34.185 0.0000000000
36724  28.036  -50.404  33.838 0.0000000000
36725  26.185  -50.168  33.405 0.0000000000
36738  23.778  -50.771  32.602 0.0000000000
37755  44.164  -49.750  32.097 0.0000000000
37739  44.751  -48.715  33.942 0.0000000000
37754  44.681  -49.047  32.540 0.0000000000
38763  45.052  -48.599  31.867 0.0000000000
39778  45.437  -48.125  31.375 0.0000000000
124691  45.824  -47.601  30.947 0.0000000000
39786  45.602  -48.199  30.574 0.0000000000
38786  45.389  -48.525  29.500 0.0000000000
38800  45.070  -48.385  28.990 0.0000000000
134912  43.304  -48.489  29.200 0.0000000000
36778  40.628  -50.898  29.666 0.0000000000
36788  41.002  -50.278  29.550 0.0000000000
37807  39.604  -50.047  28.487 0.0000000000
37817  39.319  -49.577  27.749 0.0000000000
36801  39.047  -50.223  28.078 0.0000000000
36802  38.412  -50.291  27.831 0.0000000000
34792  36.999  -53.111  33.215 0.0000000000
34804  37.618  -53.115  32.433 0.0000000000
122456  36.947  -52.744  32.404 0.0000000000
124995  35.136  -50.333  29.634 0.0000000000
36794  36.577  -50.179  27.978 0.0000000000
37831  34.892  -49.436  26.573 0.0000000000
38790  30.870  -48.611  28.671 0.0000000000
38806  30.952  -48.219  27.760 0.0000000000
121757  30.545  -47.991  26.848 0.0000000000
38826  30.286  -48.058  26.145 0.0000000000
139583  29.198  -48.712  26.289 0.0000000000
124471  57.400  -24.597  16.194 0.0000000000
59077  55.674  -27.417  15.805 0.0000000000
59093  56.120  -26.848  15.684 0.0000000000
138087  27.275  -47.459  42.690 0.0000000000
38640  26.593  -47.950  42.293 0.0000000000
38641  25.704  -48.137  41.840 0.0000000000
38616  22.065  -47.848  44.536 0.0000000000
38629  22.221  -48.072  43.506 0.0000000000
38643  23.302  -48.208  42.132 0.0000000000
38665  22.530  -48.498  41.660 0.0000000000
64916  59.305  -21.566  12.650 0.0000000000
64903  59.321  -21.504  13.834 0.0000000000
64902  60.638  -21.372  14.021 0.0000000000
65870  60.763  -20.229  15.676 0.0000000000
65835  60.134  -20.239  19.114 0.0000000000
61843  55.783  -24.797  19.758 0.0000000000
60873  55.239  -25.167  20.200 0.0000000000
137487  57.030  -22.635  26.211 0.0000000000
141355  56.369  -24.194  24.797 0.0000000000
144571  53.697  -25.839  21.850 0.0000000000
60861  54.002  -25.667  21.264 0.0000000000
58135  50.453  -28.311  22.229 0.0000000000
57299  48.582  -29.402  18.554 0.0000000000
57285  48.868  -29.535  19.571 0.0000000000
57198  54.364  -29.508  29.378 0.0000000000
56311  54.038  -30.171  28.052 0.0000000000
50561  51.140  -36.316  29.408 0.0000000000
51460  51.725  -35.754  29.657 0.0000000000
51469  51.353  -35.469  28.884 0.0000000000
52375  51.600  -34.711  28.450 0.0000000000
52410  49.171  -34.176  25.907 0.0000000000
53306  50.054  -34.041  26.480 0.0000000000
54349  51.406  -32.365  26.482 0.0000000000
55371  51.847  -31.734  26.399 0.0000000000
140019  51.264  -31.906  25.934 0.0000000000
55392  51.318  -30.939  24.904 0.0000000000
55400  50.125  -31.337  23.788 0.0000000000
55401  49.628  -31.505  23.274 0.0000000000
53354  46.757  -32.830  21.545 0.0000000000
145704  46.774  -32.234  20.572 0.0000000000
55432  47.066  -31.870  20.307 0.0000000000
55439  46.759  -31.451  19.664 0.0000000000
124783  46.064  -31.547  19.441 0.0000000000
55447  45.638  -31.223  18.842 0.0000000000
55457  43.588  -31.395  17.805 0.0000000000
53370  42.827  -33.860  18.718 0.0000000000
53376  42.339  -33.838  18.269 0.0000000000
48897  43.135  -38.482  20.874 0.0000000000
127924  42.837  -38.052  20.346 0.0000000000
40782  42.504  -46.317  27.708 0.0000000000
41795  42.075  -45.748  27.275 0.0000000000
41812  41.565  -45.300  26.760 0.0000000000
42893  38.961  -44.786  25.129 0.0000000000
43940  38.366  -43.731  24.002 0.0000000000
121058  38.656  -43.347  23.540 0.0000000000
130417  37.900  -43.569  23.549 0.0000000000
43967  37.308  -43.401  22.963 0.0000000000
44949  36.728  -43.234  22.315 0.0000000000
38871  35.422  -48.395  22.965 0.0000000000
39845  35.778  -47.967  23.174 0.0000000000
140106  35.325  -48.124  22.712 0.0000000000
40821  34.603  -46.778  22.648 0.0000000000
41871  32.505  -45.639  20.930 0.0000000000
121284  34.146  -43.762  21.327 0.0000000000
43983  34.799  -43.296  21.354 0.0000000000
59977  59.635  -25.986  17.400 0.0000000000
36680  32.258  -50.023  37.294 0.0000000000
141190  31.662  -49.205  38.826 0.0000000000
37650  29.608  -48.511  40.089 0.0000000000
35711  35.401  -50.583  38.098 0.0000000000
128334  34.898  -50.092  38.539 0.0000000000
35712  34.429  -50.496  37.762 0.0000000000
36679  33.382  -50.299  37.489 0.0000000000
131864  47.276  -44.619  33.672 0.0000000000
42804  48.219  -43.796  33.108 0.0000000000
43853  48.677  -43.341  31.721 0.0000000000
44828  49.158  -42.745  31.373 0.0000000000
44849  49.586  -41.998  31.050 0.0000000000
45851  49.595  -41.335  30.131 0.0000000000
46769  49.765  -40.690  29.830 0.0000000000
45867  48.920  -41.805  29.504 0.0000000000
45885  48.681  -41.686  28.686 0.0000000000
129390  48.381  -41.429  27.913 0.0000000000
44891  47.713  -42.743  27.546 0.0000000000
143163  47.366  -42.416  26.970 0.0000000000
45915  47.291  -41.658  26.590 0.0000000000
126019  46.391  -41.770  25.260 0.0000000000
45941  46.203  -41.296  24.828 0.0000000000
44935  45.732  -41.507  24.229 0.0000000000
44925  45.349  -42.280  24.163 0.0000000000
44926  44.540  -42.735  23.872 0.0000000000
139798  45.351  -43.273  25.178 0.0000000000
44927  43.701  -43.003  23.741 0.0000000000
36830  31.627  -50.199  22.951 0.0000000000
62874  62.167  -23.196  15.066 0.0000000000
60945  62.112  -25.144  16.030 0.0000000000
136590  28.604  -48.556  28.242 0.0000000000
38793  28.123  -48.685  29.047 0.0000000000
37798  27.706  -48.972  29.835 0.0000000000
123386  27.006  -49.203  29.822 0.0000000000
37779  26.488  -49.477  30.270 0.0000000000
37763  25.904  -49.843  30.773 0.0000000000
36713  26.809  -49.978  34.715 0.0000000000
145878  24.203  -49.824  34.406 0.0000000000
37747  23.628  -50.085  34.262 0.0000000000
122638  22.281  -50.721  35.960 0.0000000000
146012  43.270  -51.370  33.980 0.0000000000
36721  43.600  -50.912  33.540 0.0000000000
36720  43.887  -50.328  32.862 0.0000000000
36730  43.698  -50.386  32.042 0.0000000000
36741  43.885  -49.985  31.497 0.0000000000
36760  43.890  -49.947  30.961 0.0000000000
37773  43.785  -49.837  30.518 0.0000000000
36775  43.292  -50.182  30.544 0.0000000000
35815  41.708  -51.965  30.599 0.0000000000
35830  41.164  -51.395  30.151 0.0000000000
35831  40.328  -51.497  29.881 0.0000000000
130508  39.730  -51.492  29.708 0.0000000000
34806  34.707  -52.128  33.297 0.0000000000
35782  34.854  -51.848  32.434 0.0000000000
36743  34.082  -51.076  31.214 0.0000000000
36744  33.166  -51.057  31.313 0.0000000000
37809  33.197  -49.342  28.520 0.0000000000
37793  32.824  -49.600  29.298 0.0000000000
37811  31.532  -49.054  29.125 0.0000000000
61875  55.807  -24.826  17.516 0.0000000000
38617  21.241  -48.234  45.132 0.0000000000
37620  20.797  -49.243  43.260 0.0000000000
36633  20.745  -50.162  42.252 0.0000000000
36627  20.605  -50.079  43.052 0.0000000000
36620  21.227  -50.688  44.301 0.0000000000
63783  58.522  -21.972  21.187 0.0000000000
63760  58.060  -22.765  21.624 0.0000000000
61776  56.336  -24.440  27.063 0.0000000000
61789  56.211  -24.527  26.087 0.0000000000
60823  54.180  -25.585  24.410 0.0000000000
57261  49.762  -29.911  21.722 0.0000000000
50582  48.719  -36.160  26.967 0.0000000000
133791  49.446  -36.037  27.599 0.0000000000
51489  48.734  -35.338  26.459 0.0000000000
52396  48.766  -34.752  26.077 0.0000000000
53321  48.801  -33.683  25.252 0.0000000000
54369  48.821  -32.571  24.031 0.0000000000
53344  46.886  -33.165  22.440 0.0000000000
53337  46.584  -33.878  23.135 0.0000000000
130233  46.317  -33.326  21.884 0.0000000000
53355  46.139  -33.119  21.249 0.0000000000
52477  43.705  -34.229  19.615 0.0000000000
52466  43.998  -34.769  20.156 0.0000000000
52478  43.082  -34.446  19.161 0.0000000000
52485  42.522  -34.553  18.685 0.0000000000
51596  42.161  -35.310  18.568 0.0000000000
125898  40.925  -39.838  19.879 0.0000000000
47904  41.228  -39.073  19.347 0.0000000000
47905  40.353  -39.454  19.307 0.0000000000
47915  39.864  -39.174  18.880 0.0000000000
47916  39.075  -39.154  18.665 0.0000000000
40792  40.298  -46.447  27.003 0.0000000000
40793  39.415  -46.693  26.501 0.0000000000
40797  38.192  -47.000  25.510 0.0000000000
41837  37.464  -45.520  24.590 0.0000000000
42907  36.814  -45.091  24.051 0.0000000000
39869  32.864  -47.349  20.742 0.0000000000
40842  32.290  -46.437  20.626 0.0000000000
65923  55.374  -21.102  9.522 0.0000000000
64949  55.171  -21.815  9.475 0.0000000000
60967  56.417  -25.842  12.668 0.0000000000
35786  30.692  -51.358  32.864 0.0000000000
36733  29.993  -51.008  32.682 0.0000000000
35774  29.303  -50.723  33.920 0.0000000000
35761  28.573  -50.349  34.776 0.0000000000
123993  31.239  -50.053  36.930 0.0000000000
36696  29.977  -50.179  36.290 0.0000000000
36681  29.645  -49.713  36.978 0.0000000000
131502  27.955  -49.952  35.605 0.0000000000
122221  27.296  -49.748  35.801 0.0000000000
36699  27.112  -49.486  36.488 0.0000000000
37720  26.376  -49.212  36.832 0.0000000000
37699  27.360  -49.007  37.548 0.0000000000
37701  25.606  -48.951  37.381 0.0000000000
125490  24.820  -48.847  37.868 0.0000000000
37687  24.839  -48.710  38.552 0.0000000000
132780  40.191  -52.467  35.585 0.0000000000
33767  40.204  -53.037  35.232 0.0000000000
33784  39.928  -53.710  33.691 0.0000000000
33785  38.450  -53.621  33.958 0.0000000000
126067  37.970  -53.051  35.341 0.0000000000
33786  37.534  -53.368  33.994 0.0000000000
34793  36.276  -52.816  33.622 0.0000000000
34794  35.571  -52.492  33.514 0.0000000000
34755  36.319  -51.393  37.253 0.0000000000
127069  36.067  -51.703  36.519 0.0000000000
34772  35.781  -51.990  35.671 0.0000000000
34782  35.280  -52.175  34.889 0.0000000000
121946  34.969  -52.261  34.149 0.0000000000
34807  33.904  -52.048  33.399 0.0000000000
34785  32.933  -51.895  34.174 0.0000000000
124487  31.512  -51.727  33.097 0.0000000000
123482  52.127  -25.935  18.034 0.0000000000
144012  51.989  -26.399  17.410 0.0000000000
132995  56.782  -22.033  26.992 0.0000000000
62742  56.710  -23.020  27.118 0.0000000000
62728  56.504  -23.087  27.906 0.0000000000
61763  56.559  -23.740  27.548 0.0000000000
59849  54.335  -26.283  27.281 0.0000000000
58958  53.799  -27.169  27.313 0.0000000000
50550  51.260  -37.016  30.033 0.0000000000
50551  50.744  -37.037  29.440 0.0000000000
47790  49.719  -39.112  28.985 0.0000000000
124296  48.205  -40.076  27.283 0.0000000000
47805  49.120  -39.105  28.171 0.0000000000
49704  49.307  -37.575  28.067 0.0000000000
50574  48.497  -36.986  27.068 0.0000000000
49730  46.816  -37.494  25.441 0.0000000000
48825  47.106  -38.202  25.748 0.0000000000
49772  45.323  -37.461  23.714 0.0000000000
50641  44.337  -36.931  22.148 0.0000000000
49787  44.545  -37.424  22.601 0.0000000000
47873  44.467  -39.120  22.565 0.0000000000
124928  43.390  -38.997  21.363 0.0000000000
47897  42.893  -39.254  20.967 0.0000000000
46887  42.122  -40.111  20.708 0.0000000000
45953  44.913  -41.330  23.256 0.0000000000
45962  44.480  -41.038  22.787 0.0000000000
45963  43.814  -41.144  22.354 0.0000000000
44944  43.541  -41.977  22.636 0.0000000000
45972  43.227  -40.904  21.821 0.0000000000
46879  42.489  -40.486  21.073 0.0000000000
46888  41.441  -40.316  20.446 0.0000000000
47900  40.574  -40.522  20.333 0.0000000000
46889  39.658  -40.678  20.301 0.0000000000
46890  38.777  -40.792  20.261 0.0000000000
37855  35.286  -48.547  23.055 0.0000000000
38891  34.002  -48.760  21.262 0.0000000000
63897  58.549  -21.882  11.719 0.0000000000
62906  58.631  -22.543  12.018 0.0000000000
60013  58.983  -25.439  13.864 0.0000000000
37824  27.669  -49.346  27.555 0.0000000000
136059  29.419  -50.606  32.496 0.0000000000
136643  27.776  -50.069  32.437 0.0000000000
124191  25.288  -50.227  32.493 0.0000000000
144754  25.334  -50.252  31.772 0.0000000000
125481  25.310  -50.216  31.189 0.0000000000
135970  45.163  -47.886  34.164 0.0000000000
41715  46.459  -45.654  34.402 0.0000000000
41723  47.024  -44.926  33.833 0.0000000000
123176  46.868  -45.151  33.111 0.0000000000
40737  46.247  -47.059  30.532 0.0000000000
139444  46.591  -46.424  30.096 0.0000000000
40746  46.753  -46.540  29.184 0.0000000000
40777  46.719  -46.368  28.268 0.0000000000
121301  46.050  -45.980  27.627 0.0000000000
40780  44.471  -46.480  27.814 0.0000000000
40781  43.433  -46.343  27.785 0.0000000000
39811  44.468  -47.789  28.643 0.0000000000
40765  43.895  -47.063  28.246 0.0000000000
37790  43.363  -49.659  30.139 0.0000000000
38789  42.749  -49.114  29.617 0.0000000000
37804  41.858  -49.029  29.299 0.0000000000
40784  40.365  -47.300  27.563 0.0000000000
39826  39.241  -48.023  26.925 0.0000000000
38822  38.801  -48.740  26.708 0.0000000000
37827  38.880  -49.329  27.099 0.0000000000
37836  37.621  -49.308  25.994 0.0000000000
138196  40.028  -53.638  32.324 0.0000000000
33814  39.678  -53.431  31.898 0.0000000000
34821  39.099  -53.007  31.272 0.0000000000
34803  38.274  -53.074  31.825 0.0000000000
35833  38.723  -51.246  29.386 0.0000000000
35798  36.222  -51.637  31.196 0.0000000000
35820  36.638  -51.306  30.530 0.0000000000
35834  37.984  -51.138  29.515 0.0000000000
36803  37.770  -50.224  27.566 0.0000000000
36804  37.073  -50.092  27.318 0.0000000000
37838  36.064  -49.291  25.403 0.0000000000
38835  32.654  -48.098  25.107 0.0000000000
38814  32.840  -48.509  27.109 0.0000000000
38805  31.984  -48.369  27.580 0.0000000000
38849  30.950  -48.561  24.657 0.0000000000
37840  30.370  -49.124  24.740 0.0000000000
62862  59.551  -23.341  16.578 0.0000000000
60927  58.485  -24.914  16.366 0.0000000000
60002  57.075  -26.053  15.802 0.0000000000
58191  53.378  -28.089  16.409 0.0000000000
38654  32.878  -47.516  40.619 0.0000000000
38656  31.689  -47.727  40.844 0.0000000000
39673  30.958  -47.464  41.103 0.0000000000
141782  30.112  -48.412  40.518 0.0000000000
38658  29.037  -47.732  41.236 0.0000000000
141898  28.807  -47.899  40.907 0.0000000000
37651  28.849  -48.262  40.326 0.0000000000
129101  28.034  -48.289  39.972 0.0000000000
123931  27.052  -48.334  39.632 0.0000000000
37670  25.344  -48.563  39.225 0.0000000000
37671  24.162  -48.615  39.073 0.0000000000
39650  25.261  -47.460  44.109 0.0000000000
38642  24.927  -48.079  42.397 0.0000000000
38663  24.835  -48.201  41.441 0.0000000000
123923  24.133  -48.294  41.098 0.0000000000
129485  23.328  -48.817  38.648 0.0000000000
37689  22.563  -49.233  38.416 0.0000000000
37690  21.906  -49.949  38.289 0.0000000000
63895  60.368  -22.089  12.481 0.0000000000
64893  58.641  -21.396  14.813 0.0000000000
65882  61.205  -20.720  14.899 0.0000000000
62881  62.287  -22.377  14.791 0.0000000000
143427  61.724  -22.687  16.285 0.0000000000
63857  58.872  -22.864  16.710 0.0000000000
63807  57.803  -22.648  19.683 0.0000000000
62817  57.270  -23.237  19.242 0.0000000000
60900  53.628  -25.536  18.480 0.0000000000
60901  52.902  -25.665  18.512 0.0000000000
145346  57.913  -20.543  25.002 0.0000000000
140410  56.019  -24.540  25.194 0.0000000000
61801  56.008  -24.572  24.328 0.0000000000
61813  56.071  -24.644  23.418 0.0000000000
60874  54.467  -25.454  20.579 0.0000000000
59041  49.777  -27.655  18.703 0.0000000000
58934  54.522  -27.284  28.713 0.0000000000
58947  54.087  -27.842  27.981 0.0000000000
58095  53.532  -28.119  27.155 0.0000000000
54314  53.578  -32.286  29.901 0.0000000000
54322  53.486  -32.206  29.203 0.0000000000
51480  50.005  -35.312  27.472 0.0000000000
52381  51.250  -34.249  27.648 0.0000000000
52394  50.761  -33.999  27.038 0.0000000000
52393  51.225  -33.646  27.184 0.0000000000
53289  51.791  -33.520  27.599 0.0000000000
53288  52.424  -33.241  28.157 0.0000000000
55341  53.719  -31.552  28.864 0.0000000000
55350  53.458  -31.410  28.098 0.0000000000
56312  53.574  -30.764  27.687 0.0000000000
57216  53.586  -30.043  27.273 0.0000000000
56327  52.993  -30.705  26.851 0.0000000000
58107  52.839  -28.353  26.373 0.0000000000
57244  51.426  -29.267  24.394 0.0000000000
56352  51.048  -30.490  24.219 0.0000000000
56359  50.804  -30.037  23.614 0.0000000000
57253  50.968  -29.297  23.717 0.0000000000
57260  50.186  -29.722  22.419 0.0000000000
54377  49.241  -32.014  23.572 0.0000000000
54385  49.114  -31.735  22.802 0.0000000000
54395  48.104  -32.202  22.066 0.0000000000
55411  49.008  -31.433  22.031 0.0000000000
56378  49.359  -30.709  21.675 0.0000000000
56384  49.001  -30.576  20.877 0.0000000000
56395  47.172  -30.833  19.198 0.0000000000
54413  44.271  -32.537  19.172 0.0000000000
54420  43.407  -32.143  18.324 0.0000000000
54426  42.978  -31.950  17.830 0.0000000000
50654  43.648  -36.675  20.969 0.0000000000
50669  43.268  -36.748  20.342 0.0000000000
50670  42.955  -36.591  19.822 0.0000000000
50699  41.276  -35.925  17.905 0.0000000000
48912  41.074  -38.352  18.646 0.0000000000
49834  39.925  -38.151  17.970 0.0000000000
49833  40.702  -37.712  18.029 0.0000000000
50690  41.231  -36.790  18.037 0.0000000000
42875  44.035  -44.528  26.378 0.0000000000
136668  43.422  -44.527  26.404 0.0000000000
42876  42.834  -44.553  26.407 0.0000000000
43937  41.429  -43.417  24.548 0.0000000000
42891  40.603  -44.425  25.592 0.0000000000
42892  39.766  -44.603  25.383 0.0000000000
43938  40.578  -43.538  24.495 0.0000000000
44930  40.922  -43.116  23.890 0.0000000000
137395  40.251  -42.849  23.180 0.0000000000
124443  38.343  -42.684  22.146 0.0000000000
138704  38.405  -42.259  21.592 0.0000000000
45992  36.841  -41.452  20.483 0.0000000000
39835  36.632  -47.825  24.143 0.0000000000
40804  36.409  -47.082  23.964 0.0000000000
123185  36.076  -45.396  23.733 0.0000000000
40822  33.908  -46.370  22.274 0.0000000000
41855  34.200  -45.630  22.573 0.0000000000
43968  36.002  -43.577  22.315 0.0000000000
43981  36.126  -43.038  21.768 0.0000000000
44963  35.464  -42.837  21.317 0.0000000000
44962  36.190  -42.429  21.224 0.0000000000
45993  36.091  -41.778  20.565 0.0000000000
46004  36.379  -41.136  20.009 0.0000000000
131779  56.203  -22.336  11.255 0.0000000000
63912  55.213  -22.537  9.454 0.0000000000
33799  39.558  -53.716  32.757 0.0000000000
34779  42.020  -52.313  34.726 0.0000000000
34789  42.949  -52.209  32.967 0.0000000000
35756  42.480  -52.168  34.374 0.0000000000
35788  23.583  -51.518  32.250 0.0000000000
35796  43.020  -51.644  31.684 0.0000000000
36761  43.478  -50.350  30.886 0.0000000000
38657  30.242  -47.714  41.132 0.0000000000
38775  45.825  -48.165  29.811 0.0000000000
39809  46.059  -47.755  28.608 0.0000000000
39810  45.399  -47.856  28.591 0.0000000000
39820  46.305  -47.148  28.330 0.0000000000
40747  46.452  -47.133  29.709 0.0000000000
40761  46.653  -46.813  28.631 0.0000000000
41790  46.937  -45.648  27.870 0.0000000000
42773  47.106  -44.451  34.336 0.0000000000
42817  48.088  -43.862  32.201 0.0000000000
45900  47.816  -41.921  27.376 0.0000000000
46786  49.368  -40.506  29.028 0.0000000000
46803  48.760  -39.855  27.941 0.0000000000
47821  47.898  -39.585  26.850 0.0000000000
48734  50.783  -38.818  30.724 0.0000000000
50605  46.045  -36.812  24.538 0.0000000000
51517  45.850  -36.180  24.209 0.0000000000
51608  41.056  -35.256  17.613 0.0000000000
52442  45.664  -34.465  22.391 0.0000000000
55351  52.895  -31.854  27.666 0.0000000000
123904  29.693  -47.868  41.093 0.0000000000
125424  50.107  -40.982  32.425 0.0000000000
131818  54.251  -30.272  28.879 0.0000000000
132253  45.485  -38.058  23.949 0.0000000000
140622  43.544  -50.401  31.329 0.0000000000
143053  22.628  -48.574  41.132 0.0000000000
143281  43.584  -50.392  31.677 0.0000000000
144065  49.648  -41.601  30.595 0.0000000000
