#!ascii label  , from subject sub-v1s13x0050016_ses-1 vox2ras=TkReg
1404
42278  -13.488  -45.297  43.390 0.0000000000
58524  -42.583  -33.375  27.385 0.0000000000
64990  -38.149  -27.561  27.891 0.0000000000
53103  -32.939  -36.717  32.718 0.0000000000
158470  -42.414  -19.964  15.683 0.0000000000
142271  -38.283  -18.743  22.375 0.0000000000
56314  -45.468  -34.121  32.717 0.0000000000
54219  -38.051  -35.050  30.146 0.0000000000
77273  -47.865  -16.477  20.509 0.0000000000
81294  -50.033  -11.829  18.634 0.0000000000
85525  -51.225  -8.986  17.153 0.0000000000
69764  -41.904  -22.756  29.949 0.0000000000
70866  -37.383  -22.784  26.071 0.0000000000
141830  -42.294  -18.902  27.218 0.0000000000
73037  -45.143  -19.889  23.047 0.0000000000
52039  -25.084  -38.383  33.169 0.0000000000
43482  -9.031  -44.473  47.318 0.0000000000
63785  -43.694  -29.130  26.581 0.0000000000
66101  -42.029  -26.966  33.983 0.0000000000
162243  -27.297  -38.466  27.549 0.0000000000
58535  -32.107  -33.528  26.584 0.0000000000
85566  -48.958  -8.265  11.239 0.0000000000
145982  -51.188  -3.855  17.513 0.0000000000
71000  -41.128  -20.664  17.517 0.0000000000
70984  -46.508  -20.693  19.355 0.0000000000
48303  -15.295  -42.257  40.368 0.0000000000
43556  -4.339  -45.876  42.302 0.0000000000
79329  -48.571  -13.770  19.730 0.0000000000
71938  -41.374  -21.345  28.511 0.0000000000
147792  -21.803  -39.899  32.252 0.0000000000
42257  -11.286  -45.567  45.202 0.0000000000
59601  -42.891  -32.047  23.890 0.0000000000
59579  -44.148  -32.180  26.410 0.0000000000
52110  -30.188  -37.233  30.611 0.0000000000
55294  -29.747  -36.200  27.474 0.0000000000
57411  -32.195  -34.506  29.756 0.0000000000
57429  -41.010  -33.669  28.994 0.0000000000
146758  -37.656  -33.414  27.488 0.0000000000
58541  -39.962  -33.097  26.048 0.0000000000
50923  -31.997  -38.101  33.373 0.0000000000
50936  -29.434  -38.740  31.735 0.0000000000
82353  -44.747  -11.706  15.609 0.0000000000
166676  -47.433  -9.200  12.489 0.0000000000
87535  -50.551  -6.650  18.004 0.0000000000
73022  -37.356  -20.365  24.270 0.0000000000
73098  -39.641  -19.463  19.444 0.0000000000
70903  -45.694  -20.815  21.561 0.0000000000
50823  -20.030  -40.283  36.453 0.0000000000
49530  -19.026  -39.973  39.257 0.0000000000
50756  -17.847  -39.775  41.867 0.0000000000
48325  -16.120  -41.486  38.116 0.0000000000
43558  -6.066  -46.043  41.868 0.0000000000
57415  -43.977  -33.077  29.535 0.0000000000
161702  -45.258  -31.530  29.396 0.0000000000
162312  -47.163  -32.662  32.408 0.0000000000
52076  -37.932  -37.994  32.607 0.0000000000
54195  -36.207  -35.893  30.375 0.0000000000
53131  -39.799  -36.627  32.360 0.0000000000
160082  -41.244  -34.604  31.472 0.0000000000
76268  -45.480  -17.612  17.878 0.0000000000
161968  -45.167  -15.382  18.641 0.0000000000
80296  -46.652  -13.052  18.208 0.0000000000
82356  -47.792  -10.683  16.261 0.0000000000
84454  -48.713  -9.159  15.334 0.0000000000
83375  -51.147  -10.492  16.539 0.0000000000
67284  -38.746  -25.220  29.750 0.0000000000
67321  -37.037  -25.603  27.560 0.0000000000
69769  -39.181  -23.069  28.183 0.0000000000
71957  -39.024  -20.663  26.434 0.0000000000
144941  -40.055  -18.614  24.742 0.0000000000
74100  -40.995  -18.493  22.381 0.0000000000
74070  -43.206  -18.477  25.077 0.0000000000
50858  -23.722  -38.626  35.262 0.0000000000
50856  -21.329  -39.815  34.607 0.0000000000
88498  -53.120  -4.531  11.858 0.0000000000
45907  -6.482  -43.445  48.098 0.0000000000
62669  -42.906  -29.371  24.919 0.0000000000
63766  -41.460  -28.203  27.390 0.0000000000
63745  -44.660  -29.385  29.324 0.0000000000
145296  -41.823  -28.514  31.330 0.0000000000
63718  -39.573  -28.114  31.318 0.0000000000
67252  -42.397  -25.061  31.683 0.0000000000
56375  -35.024  -34.747  27.996 0.0000000000
50898  -27.746  -39.125  33.473 0.0000000000
52089  -26.345  -38.455  30.400 0.0000000000
86574  -48.925  -7.745  15.047 0.0000000000
88483  -48.937  -5.190  14.329 0.0000000000
89529  -50.916  -4.480  12.764 0.0000000000
90519  -52.943  -3.233  15.702 0.0000000000
42318  -12.329  -46.420  40.305 0.0000000000
42303  -10.688  -46.510  41.277 0.0000000000
71019  -41.577  -21.241  16.259 0.0000000000
73084  -43.032  -19.873  20.840 0.0000000000
70981  -43.613  -20.694  19.273 0.0000000000
73121  -44.327  -20.653  17.165 0.0000000000
151030  -46.819  -19.125  19.629 0.0000000000
45949  -14.421  -43.704  42.117 0.0000000000
44760  -8.293  -45.014  43.283 0.0000000000
44741  -6.813  -44.014  44.544 0.0000000000
45932  -4.610  -43.491  44.086 0.0000000000
42265  -12.509  -45.631  44.340 0.0000000000
58543  -42.236  -33.248  26.136 0.0000000000
58559  -42.974  -32.970  25.490 0.0000000000
58545  -43.826  -32.713  26.913 0.0000000000
54171  -31.254  -36.561  31.419 0.0000000000
54194  -31.076  -36.175  30.720 0.0000000000
55248  -32.559  -35.433  31.321 0.0000000000
57449  -41.760  -33.645  28.049 0.0000000000
167389  -40.043  -33.477  27.935 0.0000000000
58542  -41.128  -33.270  26.294 0.0000000000
58556  -40.320  -32.830  24.827 0.0000000000
169632  -34.652  -37.829  33.930 0.0000000000
161094  -34.150  -38.493  34.367 0.0000000000
53102  -32.317  -37.131  32.833 0.0000000000
52093  -31.177  -37.518  32.216 0.0000000000
84468  -46.697  -9.930  12.929 0.0000000000
63780  -39.143  -28.238  26.554 0.0000000000
65007  -38.167  -27.952  26.781 0.0000000000
74081  -37.593  -19.370  22.914 0.0000000000
73066  -36.814  -19.894  21.411 0.0000000000
74131  -38.416  -19.064  20.523 0.0000000000
49564  -18.518  -40.849  36.321 0.0000000000
168258  -19.425  -40.274  38.026 0.0000000000
49551  -18.097  -40.695  37.135 0.0000000000
48314  -17.513  -40.572  38.698 0.0000000000
48343  -16.868  -41.409  36.699 0.0000000000
144437  -44.644  -33.605  31.479 0.0000000000
57404  -45.632  -32.948  31.085 0.0000000000
56316  -46.638  -33.477  32.626 0.0000000000
149731  -39.988  -38.348  33.833 0.0000000000
52094  -38.908  -37.177  32.270 0.0000000000
53088  -40.448  -37.452  33.553 0.0000000000
56302  -44.494  -34.747  33.524 0.0000000000
55226  -42.728  -35.223  33.074 0.0000000000
55239  -43.501  -34.453  32.408 0.0000000000
141598  -43.094  -33.548  30.483 0.0000000000
76252  -46.256  -17.192  18.911 0.0000000000
77302  -45.050  -16.724  18.000 0.0000000000
77288  -46.609  -16.269  19.435 0.0000000000
79344  -48.893  -13.022  19.152 0.0000000000
79342  -47.165  -13.370  18.737 0.0000000000
167547  -47.964  -12.131  17.984 0.0000000000
81304  -46.721  -11.652  17.102 0.0000000000
81306  -48.331  -11.496  17.537 0.0000000000
82357  -49.251  -10.406  16.362 0.0000000000
157178  -50.965  -10.942  17.500 0.0000000000
68567  -40.851  -24.091  29.967 0.0000000000
68580  -38.916  -24.254  28.836 0.0000000000
69762  -40.520  -23.116  29.256 0.0000000000
72999  -41.617  -19.908  27.777 0.0000000000
71936  -40.268  -20.968  27.547 0.0000000000
73007  -40.567  -20.150  26.976 0.0000000000
73014  -39.438  -19.805  26.046 0.0000000000
73016  -40.922  -19.301  26.327 0.0000000000
164117  -41.549  -18.623  25.430 0.0000000000
155589  -42.527  -18.570  26.269 0.0000000000
50877  -26.070  -38.619  33.830 0.0000000000
143792  -25.688  -38.866  35.642 0.0000000000
50875  -23.886  -38.516  34.310 0.0000000000
50895  -21.713  -39.701  33.138 0.0000000000
89523  -53.575  -4.113  13.319 0.0000000000
149812  -54.698  -4.075  13.047 0.0000000000
143009  -7.516  -43.992  47.431 0.0000000000
61570  -43.881  -30.320  25.135 0.0000000000
61576  -43.291  -30.606  24.230 0.0000000000
63784  -43.259  -29.085  25.945 0.0000000000
167983  -42.077  -28.639  26.147 0.0000000000
63768  -42.738  -28.443  27.478 0.0000000000
62605  -46.409  -30.653  30.831 0.0000000000
62615  -45.365  -30.259  29.752 0.0000000000
63722  -45.369  -29.119  31.698 0.0000000000
63673  -42.759  -28.359  34.548 0.0000000000
63721  -42.952  -28.779  32.352 0.0000000000
63720  -41.462  -28.603  32.362 0.0000000000
163801  -40.828  -28.481  30.937 0.0000000000
64933  -40.095  -27.736  32.560 0.0000000000
66136  -39.777  -26.237  31.933 0.0000000000
67232  -42.550  -25.436  32.690 0.0000000000
56374  -30.869  -34.412  27.251 0.0000000000
54218  -36.828  -35.240  29.864 0.0000000000
55277  -35.328  -35.444  29.217 0.0000000000
55296  -36.396  -34.820  28.964 0.0000000000
57462  -36.077  -33.739  27.129 0.0000000000
170469  -29.078  -39.636  33.644 0.0000000000
52107  -28.270  -38.222  29.687 0.0000000000
162526  -27.798  -38.544  30.633 0.0000000000
147349  -26.758  -38.564  28.994 0.0000000000
52119  -25.404  -39.165  28.560 0.0000000000
85543  -49.754  -8.895  15.876 0.0000000000
85551  -48.629  -8.617  14.998 0.0000000000
170349  -50.032  -8.269  16.244 0.0000000000
89499  -50.521  -4.665  17.601 0.0000000000
88479  -49.708  -5.721  16.660 0.0000000000
146134  -50.194  -4.109  16.149 0.0000000000
89519  -49.649  -4.457  13.858 0.0000000000
89505  -51.035  -3.625  16.030 0.0000000000
154249  -51.940  -3.784  14.242 0.0000000000
150613  -51.907  -3.459  17.299 0.0000000000
68608  -36.982  -24.446  26.570 0.0000000000
67337  -36.258  -25.901  26.270 0.0000000000
144445  -41.587  -20.809  17.167 0.0000000000
167770  -43.206  -19.127  22.544 0.0000000000
156044  -42.546  -19.361  21.442 0.0000000000
73050  -43.791  -19.696  22.002 0.0000000000
69849  -46.452  -21.262  21.152 0.0000000000
70938  -44.616  -20.718  20.538 0.0000000000
149192  -45.078  -21.156  18.864 0.0000000000
72080  -44.503  -21.030  17.738 0.0000000000
148546  -45.902  -20.787  17.725 0.0000000000
75230  -46.076  -19.218  17.684 0.0000000000
149141  -46.738  -19.842  19.377 0.0000000000
49510  -16.503  -40.886  41.124 0.0000000000
48290  -15.764  -41.441  42.407 0.0000000000
48277  -15.468  -41.799  43.079 0.0000000000
146451  -14.635  -43.510  41.322 0.0000000000
169822  -13.923  -44.870  40.173 0.0000000000
45970  -14.035  -44.667  39.516 0.0000000000
43591  -8.844  -46.803  40.409 0.0000000000
43560  -9.622  -45.888  42.241 0.0000000000
43559  -8.659  -45.696  41.777 0.0000000000
44773  -4.924  -45.650  42.602 0.0000000000
169346  -6.246  -45.132  42.810 0.0000000000
44757  -5.419  -44.944  43.141 0.0000000000
44723  -5.354  -43.515  44.527 0.0000000000
44756  -4.116  -44.947  42.815 0.0000000000
54102  -41.898  -36.673  35.094 0.0000000000
77275  -49.358  -15.908  21.486 0.0000000000
78342  -48.470  -15.266  20.633 0.0000000000
78344  -50.329  -14.342  21.160 0.0000000000
70860  -41.603  -21.845  29.024 0.0000000000
52070  -24.163  -38.558  31.468 0.0000000000
52049  -23.209  -38.886  32.624 0.0000000000
43485  -12.322  -44.533  47.665 0.0000000000
145740  -10.313  -44.931  46.132 0.0000000000
59588  -42.603  -32.656  24.561 0.0000000000
59590  -43.984  -31.979  25.377 0.0000000000
168045  -44.299  -30.413  26.456 0.0000000000
67218  -43.594  -25.503  33.589 0.0000000000
52123  -28.591  -37.854  29.109 0.0000000000
53172  -28.277  -37.636  26.994 0.0000000000
54216  -29.822  -36.712  28.762 0.0000000000
56357  -30.551  -35.362  28.940 0.0000000000
57439  -31.552  -33.935  28.077 0.0000000000
155669  -39.904  -34.242  29.936 0.0000000000
168292  -38.194  -34.240  29.180 0.0000000000
57447  -39.471  -33.581  28.367 0.0000000000
58521  -38.735  -33.264  27.376 0.0000000000
58555  -39.099  -32.768  24.588 0.0000000000
49656  -31.788  -38.805  33.595 0.0000000000
50920  -29.920  -39.153  32.453 0.0000000000
50938  -30.796  -38.207  32.274 0.0000000000
52109  -29.830  -37.813  30.880 0.0000000000
81315  -44.007  -12.376  16.083 0.0000000000
151430  -48.371  -8.913  11.536 0.0000000000
86544  -52.584  -7.901  19.322 0.0000000000
86546  -51.017  -7.589  17.996 0.0000000000
71956  -37.376  -21.552  25.338 0.0000000000
155212  -38.902  -21.045  17.851 0.0000000000
73113  -40.242  -20.075  18.395 0.0000000000
71970  -46.425  -20.210  23.500 0.0000000000
71983  -45.508  -20.372  22.484 0.0000000000
70885  -47.301  -20.826  23.223 0.0000000000
50809  -21.737  -39.424  37.150 0.0000000000
49541  -20.772  -39.660  38.821 0.0000000000
50776  -19.640  -39.511  40.649 0.0000000000
49512  -18.131  -39.912  40.376 0.0000000000
49527  -16.651  -40.867  40.201 0.0000000000
150213  -15.590  -41.800  38.823 0.0000000000
45980  -14.401  -43.953  38.905 0.0000000000
47148  -14.594  -43.705  37.340 0.0000000000
57451  -43.072  -33.237  28.193 0.0000000000
58526  -44.027  -32.678  27.930 0.0000000000
57433  -44.505  -32.547  29.386 0.0000000000
59541  -46.315  -32.209  30.922 0.0000000000
54133  -35.093  -36.918  32.963 0.0000000000
54174  -35.163  -36.256  31.518 0.0000000000
53127  -37.108  -36.902  31.569 0.0000000000
53147  -38.024  -36.185  31.000 0.0000000000
166770  -39.206  -36.052  31.452 0.0000000000
54134  -40.980  -36.521  33.346 0.0000000000
54155  -40.957  -35.918  32.785 0.0000000000
54199  -39.762  -35.061  31.002 0.0000000000
56349  -41.411  -33.988  30.444 0.0000000000
56366  -41.874  -33.627  29.234 0.0000000000
52055  -36.443  -38.174  33.731 0.0000000000
75240  -42.964  -18.875  16.705 0.0000000000
75227  -42.533  -18.246  16.501 0.0000000000
76266  -43.151  -17.267  17.524 0.0000000000
147096  -43.595  -15.618  18.139 0.0000000000
150530  -43.357  -14.717  18.005 0.0000000000
79327  -46.558  -14.459  19.182 0.0000000000
79340  -45.494  -13.707  18.361 0.0000000000
80295  -44.448  -13.050  17.781 0.0000000000
82335  -44.705  -11.899  16.581 0.0000000000
82354  -45.852  -10.820  15.632 0.0000000000
83388  -46.548  -10.237  15.237 0.0000000000
83400  -47.111  -9.603  14.833 0.0000000000
83389  -47.489  -10.149  15.639 0.0000000000
83391  -49.834  -10.031  16.088 0.0000000000
84436  -51.184  -9.876  16.525 0.0000000000
82330  -53.034  -10.906  17.613 0.0000000000
85517  -53.005  -9.282  18.528 0.0000000000
64973  -37.657  -26.778  29.098 0.0000000000
66174  -37.085  -26.474  27.765 0.0000000000
67302  -37.742  -25.350  28.765 0.0000000000
68594  -37.924  -24.261  27.748 0.0000000000
151175  -38.010  -22.752  26.753 0.0000000000
70858  -40.392  -21.844  28.269 0.0000000000
70868  -39.552  -21.698  27.584 0.0000000000
70877  -37.776  -22.048  26.052 0.0000000000
73013  -38.586  -20.189  25.596 0.0000000000
163535  -38.525  -19.218  24.186 0.0000000000
74083  -39.347  -18.575  23.869 0.0000000000
74099  -40.004  -18.365  22.032 0.0000000000
74084  -40.533  -18.369  23.601 0.0000000000
74086  -42.801  -18.646  23.412 0.0000000000
74071  -44.324  -18.838  24.451 0.0000000000
74056  -45.878  -19.152  26.157 0.0000000000
73017  -46.006  -19.688  24.185 0.0000000000
50827  -23.164  -39.017  36.660 0.0000000000
52037  -23.056  -38.843  33.501 0.0000000000
50857  -22.016  -39.241  34.950 0.0000000000
150444  -21.460  -39.532  35.926 0.0000000000
168112  -20.464  -40.229  35.494 0.0000000000
63782  -41.276  -28.469  26.447 0.0000000000
64992  -39.851  -27.949  27.813 0.0000000000
59573  -44.757  -31.859  28.021 0.0000000000
62634  -44.690  -30.132  27.884 0.0000000000
63755  -44.145  -29.098  28.113 0.0000000000
63731  -43.631  -28.598  30.553 0.0000000000
63742  -42.692  -28.312  29.368 0.0000000000
141939  -41.772  -28.098  29.155 0.0000000000
64960  -40.036  -28.018  29.706 0.0000000000
64959  -38.621  -27.508  29.538 0.0000000000
66144  -38.719  -26.263  30.850 0.0000000000
67266  -40.214  -25.118  30.389 0.0000000000
68568  -41.817  -23.872  30.556 0.0000000000
67254  -43.278  -24.644  32.506 0.0000000000
68550  -42.777  -23.904  31.492 0.0000000000
56331  -34.126  -35.304  30.578 0.0000000000
56358  -33.876  -34.732  29.131 0.0000000000
57441  -33.425  -33.887  27.648 0.0000000000
57444  -36.109  -34.484  28.196 0.0000000000
57443  -35.047  -34.289  27.130 0.0000000000
50878  -27.046  -39.060  34.420 0.0000000000
50897  -26.958  -38.839  33.401 0.0000000000
50919  -28.567  -39.121  32.501 0.0000000000
50917  -26.951  -38.499  31.617 0.0000000000
52071  -25.152  -38.390  31.283 0.0000000000
158658  -24.523  -39.284  29.448 0.0000000000
84463  -47.487  -8.744  13.999 0.0000000000
149232  -47.689  -8.165  12.988 0.0000000000
86583  -48.078  -7.699  12.349 0.0000000000
87539  -49.798  -6.796  16.743 0.0000000000
88482  -48.525  -6.181  14.281 0.0000000000
87567  -48.396  -6.291  12.597 0.0000000000
88494  -49.278  -5.151  12.477 0.0000000000
88503  -50.838  -5.367  11.448 0.0000000000
88504  -51.818  -5.144  11.273 0.0000000000
89530  -52.000  -4.448  12.663 0.0000000000
89513  -53.022  -3.785  14.135 0.0000000000
43562  -13.207  -45.640  41.886 0.0000000000
42290  -11.497  -46.177  42.283 0.0000000000
42316  -11.137  -46.843  40.280 0.0000000000
65005  -36.915  -27.352  26.510 0.0000000000
73130  -42.622  -20.481  16.350 0.0000000000
73082  -40.545  -18.909  20.554 0.0000000000
153161  -41.154  -19.329  20.039 0.0000000000
72046  -42.182  -20.119  19.331 0.0000000000
72012  -43.901  -20.322  20.903 0.0000000000
70959  -43.109  -20.376  19.758 0.0000000000
70980  -42.573  -20.446  18.927 0.0000000000
71002  -43.610  -20.826  18.282 0.0000000000
72088  -43.404  -20.728  17.183 0.0000000000
74169  -43.022  -19.835  16.469 0.0000000000
74155  -44.898  -19.313  16.905 0.0000000000
76270  -46.110  -18.161  18.584 0.0000000000
76242  -47.560  -17.713  20.534 0.0000000000
45925  -14.667  -43.567  44.739 0.0000000000
159543  -14.876  -42.885  43.809 0.0000000000
44776  -13.936  -44.737  42.420 0.0000000000
43579  -13.448  -45.453  41.295 0.0000000000
42327  -12.439  -46.538  39.485 0.0000000000
42289  -10.916  -45.988  43.115 0.0000000000
43527  -10.061  -45.605  44.144 0.0000000000
43514  -9.220  -44.762  45.404 0.0000000000
44774  -7.244  -45.396  42.035 0.0000000000
44742  -7.660  -44.563  44.047 0.0000000000
44716  -7.634  -44.214  46.115 0.0000000000
44714  -6.287  -43.627  46.061 0.0000000000
45914  -5.290  -42.998  46.217 0.0000000000
43541  -3.882  -45.635  42.162 0.0000000000
45936  -3.555  -44.087  43.124 0.0000000000
43530  -14.247  -44.875  44.899 0.0000000000
42266  -13.259  -45.414  44.272 0.0000000000
58544  -43.188  -33.078  26.531 0.0000000000
53126  -31.985  -36.619  32.173 0.0000000000
54172  -31.789  -36.093  31.462 0.0000000000
54173  -32.701  -36.028  32.031 0.0000000000
58523  -41.289  -33.580  27.375 0.0000000000
163239  -41.828  -33.519  27.068 0.0000000000
53084  -34.369  -37.415  33.570 0.0000000000
52075  -33.297  -37.405  33.406 0.0000000000
83405  -46.365  -10.516  13.082 0.0000000000
64991  -38.990  -27.913  27.440 0.0000000000
73047  -36.789  -19.866  22.447 0.0000000000
74098  -37.492  -19.262  21.919 0.0000000000
74115  -37.564  -19.397  20.938 0.0000000000
74130  -37.783  -19.772  20.077 0.0000000000
166124  -38.244  -18.774  21.393 0.0000000000
49550  -17.709  -41.164  36.337 0.0000000000
48344  -17.389  -40.963  37.083 0.0000000000
143163  -45.379  -33.682  31.913 0.0000000000
56315  -46.074  -33.719  32.511 0.0000000000
52028  -40.688  -38.608  34.412 0.0000000000
52060  -40.416  -38.150  34.002 0.0000000000
53072  -41.021  -37.799  34.201 0.0000000000
56313  -44.811  -34.431  32.947 0.0000000000
55227  -43.938  -34.664  32.927 0.0000000000
142983  -44.573  -34.117  32.252 0.0000000000
158685  -43.966  -33.964  31.820 0.0000000000
156646  -39.844  -39.029  34.251 0.0000000000
164843  -46.738  -16.968  19.518 0.0000000000
77289  -47.165  -16.278  19.930 0.0000000000
80298  -49.130  -12.241  18.711 0.0000000000
152882  -48.436  -12.652  18.721 0.0000000000
151071  -48.543  -11.950  18.207 0.0000000000
81293  -49.466  -11.479  18.187 0.0000000000
81307  -49.087  -11.172  17.557 0.0000000000
171070  -50.306  -11.235  18.084 0.0000000000
68582  -41.056  -23.388  29.807 0.0000000000
68581  -40.343  -23.895  29.554 0.0000000000
168836  -41.088  -22.708  29.430 0.0000000000
169480  -41.294  -20.004  27.472 0.0000000000
73008  -41.091  -19.893  27.123 0.0000000000
155663  -41.573  -18.918  26.365 0.0000000000
50876  -25.040  -38.467  34.130 0.0000000000
89514  -53.905  -3.719  14.152 0.0000000000
163134  -54.188  -4.221  12.978 0.0000000000
89524  -54.465  -3.846  13.600 0.0000000000
43477  -9.643  -44.506  47.966 0.0000000000
44698  -8.756  -44.250  48.272 0.0000000000
160933  -8.279  -43.840  48.775 0.0000000000
44707  -8.299  -44.269  47.625 0.0000000000
62646  -43.795  -29.486  26.135 0.0000000000
62658  -43.632  -29.689  25.415 0.0000000000
163199  -42.667  -28.734  26.290 0.0000000000
150280  -43.189  -28.740  26.871 0.0000000000
62596  -46.204  -29.987  31.055 0.0000000000
63712  -45.729  -29.192  32.434 0.0000000000
64916  -42.115  -27.883  34.218 0.0000000000
63687  -41.791  -28.341  33.593 0.0000000000
64915  -41.374  -27.606  33.625 0.0000000000
63707  -40.700  -28.365  32.542 0.0000000000
66121  -40.753  -26.874  33.037 0.0000000000
66122  -41.760  -26.386  33.388 0.0000000000
150205  -26.724  -38.959  27.264 0.0000000000
162078  -37.443  -35.148  30.035 0.0000000000
169702  -37.456  -34.957  29.821 0.0000000000
52121  -27.271  -38.451  28.498 0.0000000000
52106  -27.618  -38.398  29.778 0.0000000000
52120  -26.368  -38.935  27.975 0.0000000000
86589  -49.188  -7.342  11.310 0.0000000000
85537  -50.984  -9.106  16.785 0.0000000000
157910  -50.531  -8.604  16.653 0.0000000000
152630  -51.088  -4.436  18.383 0.0000000000
89502  -50.666  -3.976  16.854 0.0000000000
146362  -50.593  -3.813  15.420 0.0000000000
90510  -51.535  -3.552  16.716 0.0000000000
90504  -51.783  -3.634  18.027 0.0000000000
69774  -37.324  -23.528  26.404 0.0000000000
68622  -36.580  -24.108  25.878 0.0000000000
69782  -36.751  -23.237  25.673 0.0000000000
72078  -40.119  -21.160  17.147 0.0000000000
147286  -40.546  -21.590  16.667 0.0000000000
73036  -43.794  -19.223  22.914 0.0000000000
71982  -44.663  -19.954  22.445 0.0000000000
170910  -46.567  -21.101  20.330 0.0000000000
70962  -45.909  -21.207  19.947 0.0000000000
70982  -45.702  -21.210  19.079 0.0000000000
72063  -45.795  -21.122  18.280 0.0000000000
162227  -46.192  -20.840  18.269 0.0000000000
73122  -46.328  -20.414  18.092 0.0000000000
73115  -46.840  -19.989  19.481 0.0000000000
48304  -15.832  -41.444  40.730 0.0000000000
155551  -15.798  -41.455  41.661 0.0000000000
48289  -15.310  -42.236  41.300 0.0000000000
47117  -14.987  -43.021  40.907 0.0000000000
152531  -14.605  -43.716  40.619 0.0000000000
157729  -14.935  -43.133  40.077 0.0000000000
43577  -9.305  -46.172  41.233 0.0000000000
159696  -4.616  -45.118  42.887 0.0000000000
149399  -4.732  -44.295  43.499 0.0000000000
168438  -42.459  -21.501  29.777 0.0000000000
52086  -23.380  -39.256  30.815 0.0000000000
42250  -12.562  -45.476  45.468 0.0000000000
43494  -13.042  -44.735  46.831 0.0000000000
42240  -11.531  -45.237  46.167 0.0000000000
158373  -11.297  -44.978  46.706 0.0000000000
42247  -10.921  -45.429  45.417 0.0000000000
58572  -41.784  -32.798  24.243 0.0000000000
59578  -43.601  -32.579  25.899 0.0000000000
59589  -43.339  -32.360  24.988 0.0000000000
61571  -44.224  -30.670  25.886 0.0000000000
166585  -44.491  -30.848  26.766 0.0000000000
53146  -29.386  -37.472  29.683 0.0000000000
53165  -29.461  -37.124  28.734 0.0000000000
54192  -29.903  -36.905  29.652 0.0000000000
56343  -31.708  -34.937  30.156 0.0000000000
55261  -31.014  -35.591  29.971 0.0000000000
57423  -31.397  -34.624  29.252 0.0000000000
145431  -30.847  -34.638  28.272 0.0000000000
57424  -32.274  -34.045  29.016 0.0000000000
56364  -40.455  -33.929  29.635 0.0000000000
57428  -39.869  -33.890  29.301 0.0000000000
166925  -40.465  -33.748  29.154 0.0000000000
155030  -40.542  -33.448  27.370 0.0000000000
58522  -39.675  -33.278  27.222 0.0000000000
58539  -38.110  -32.869  26.214 0.0000000000
58540  -38.999  -32.861  26.077 0.0000000000
52052  -33.352  -37.941  33.919 0.0000000000
50901  -33.358  -38.492  34.299 0.0000000000
50900  -32.524  -38.563  34.028 0.0000000000
50922  -31.331  -38.557  32.938 0.0000000000
50939  -31.454  -38.001  32.719 0.0000000000
53124  -30.866  -37.007  31.443 0.0000000000
52092  -30.503  -37.624  31.563 0.0000000000
52108  -29.145  -38.074  30.280 0.0000000000
71967  -36.964  -21.123  24.631 0.0000000000
70884  -36.623  -21.943  24.801 0.0000000000
164424  -36.297  -21.478  24.226 0.0000000000
148001  -38.884  -19.931  18.910 0.0000000000
73112  -39.271  -20.346  18.275 0.0000000000
72061  -39.698  -20.719  17.696 0.0000000000
167271  -39.747  -19.819  18.801 0.0000000000
71972  -47.685  -20.538  24.122 0.0000000000
71971  -47.063  -20.388  23.753 0.0000000000
148439  -48.139  -22.519  21.935 0.0000000000
49553  -20.691  -39.863  37.010 0.0000000000
49554  -21.254  -39.581  37.850 0.0000000000
49540  -20.224  -40.014  37.955 0.0000000000
49539  -18.896  -40.270  38.480 0.0000000000
156538  -19.676  -39.987  38.696 0.0000000000
49494  -18.752  -39.662  40.851 0.0000000000
145984  -18.418  -40.004  39.720 0.0000000000
166472  -16.806  -40.924  38.352 0.0000000000
49537  -16.758  -40.819  39.238 0.0000000000
168209  -16.208  -41.252  38.834 0.0000000000
48313  -15.859  -41.446  39.667 0.0000000000
159635  -15.132  -42.512  38.783 0.0000000000
48324  -15.410  -42.201  38.043 0.0000000000
57431  -43.502  -33.160  28.895 0.0000000000
57432  -43.817  -32.926  28.889 0.0000000000
169262  -44.370  -32.772  29.581 0.0000000000
58490  -46.286  -32.766  31.414 0.0000000000
58505  -46.196  -32.372  30.898 0.0000000000
58491  -46.752  -32.260  31.535 0.0000000000
53086  -36.520  -37.622  32.881 0.0000000000
54152  -35.683  -36.740  31.951 0.0000000000
53106  -36.914  -37.461  32.055 0.0000000000
52095  -39.385  -37.028  32.365 0.0000000000
53129  -38.501  -36.651  31.710 0.0000000000
53130  -39.118  -36.556  31.851 0.0000000000
53148  -38.681  -36.090  31.189 0.0000000000
165025  -39.598  -36.206  31.896 0.0000000000
162706  -42.415  -36.162  34.353 0.0000000000
54119  -41.567  -36.779  34.148 0.0000000000
55238  -41.873  -34.851  32.093 0.0000000000
55225  -41.754  -35.603  32.879 0.0000000000
55237  -40.873  -35.416  32.208 0.0000000000
55253  -40.374  -35.486  31.899 0.0000000000
165278  -40.783  -34.193  30.448 0.0000000000
167061  -41.978  -34.330  31.437 0.0000000000
57413  -42.479  -33.583  29.914 0.0000000000
57414  -43.345  -33.328  29.632 0.0000000000
57430  -42.825  -33.432  29.003 0.0000000000
52057  -38.288  -38.472  33.167 0.0000000000
52056  -37.552  -38.438  33.319 0.0000000000
75228  -43.815  -18.370  17.060 0.0000000000
161628  -42.855  -18.046  17.050 0.0000000000
76267  -44.440  -17.456  17.576 0.0000000000
77286  -45.511  -16.117  18.586 0.0000000000
78360  -44.622  -15.893  18.307 0.0000000000
78359  -44.350  -15.013  18.423 0.0000000000
78355  -48.285  -14.555  20.187 0.0000000000
143613  -47.038  -15.169  19.702 0.0000000000
79328  -47.768  -14.312  19.791 0.0000000000
79341  -46.392  -13.736  18.596 0.0000000000
167510  -46.137  -13.344  18.270 0.0000000000
153752  -45.733  -12.757  17.887 0.0000000000
81290  -44.870  -12.295  17.342 0.0000000000
82338  -47.230  -11.164  16.714 0.0000000000
82337  -46.264  -11.191  16.484 0.0000000000
82355  -46.843  -10.647  16.011 0.0000000000
83374  -50.234  -10.390  16.468 0.0000000000
83392  -50.530  -10.129  16.250 0.0000000000
84446  -50.551  -9.816  16.210 0.0000000000
83393  -51.059  -10.193  16.406 0.0000000000
84421  -53.432  -9.781  18.160 0.0000000000
67283  -37.977  -25.610  29.503 0.0000000000
67282  -37.559  -26.051  29.061 0.0000000000
68595  -38.677  -23.847  28.282 0.0000000000
69775  -38.299  -23.405  27.490 0.0000000000
69776  -38.842  -22.465  27.517 0.0000000000
70859  -41.150  -21.813  28.697 0.0000000000
146897  -39.469  -21.039  27.089 0.0000000000
70867  -38.645  -21.663  26.804 0.0000000000
157980  -38.141  -21.111  25.937 0.0000000000
74061  -39.897  -19.152  25.595 0.0000000000
73024  -39.106  -19.231  25.043 0.0000000000
143151  -41.016  -18.455  24.407 0.0000000000
161886  -42.546  -18.486  24.628 0.0000000000
74087  -43.573  -18.735  23.943 0.0000000000
73000  -46.752  -19.547  26.738 0.0000000000
73009  -46.830  -19.668  25.735 0.0000000000
74064  -46.224  -19.496  25.132 0.0000000000
71960  -47.427  -20.016  25.405 0.0000000000
50859  -24.889  -38.604  35.098 0.0000000000
50843  -23.468  -38.770  36.028 0.0000000000
150944  -24.297  -38.993  36.659 0.0000000000
52068  -22.521  -39.459  31.978 0.0000000000
52048  -22.400  -39.316  32.832 0.0000000000
50873  -21.131  -40.210  33.602 0.0000000000
50874  -21.803  -39.462  34.048 0.0000000000
50841  -21.558  -39.522  35.332 0.0000000000
50840  -20.944  -40.016  35.258 0.0000000000
47053  -5.648  -42.968  47.838 0.0000000000
146058  -42.803  -30.909  23.084 0.0000000000
63765  -40.567  -28.167  27.177 0.0000000000
64977  -40.755  -27.969  28.020 0.0000000000
58527  -44.460  -32.282  28.299 0.0000000000
59572  -44.302  -32.296  27.429 0.0000000000
59574  -45.002  -31.666  28.847 0.0000000000
62614  -45.036  -29.795  29.572 0.0000000000
61539  -44.908  -30.423  28.591 0.0000000000
62623  -44.689  -29.738  28.900 0.0000000000
62622  -44.535  -29.677  28.274 0.0000000000
63744  -44.202  -28.966  28.974 0.0000000000
163989  -42.190  -28.678  32.125 0.0000000000
142702  -42.827  -28.564  31.388 0.0000000000
63730  -42.749  -28.394  30.396 0.0000000000
63743  -43.566  -28.593  29.593 0.0000000000
142378  -41.810  -28.280  30.182 0.0000000000
63729  -40.041  -28.437  31.038 0.0000000000
63740  -40.288  -28.278  30.450 0.0000000000
64949  -39.667  -28.129  30.601 0.0000000000
162808  -39.341  -27.775  29.326 0.0000000000
64948  -39.066  -27.701  30.862 0.0000000000
64947  -38.569  -27.347  30.306 0.0000000000
64940  -38.714  -27.057  30.975 0.0000000000
67251  -41.468  -25.276  31.542 0.0000000000
67250  -40.420  -25.468  31.387 0.0000000000
67267  -41.318  -25.019  30.613 0.0000000000
67287  -41.724  -24.498  30.508 0.0000000000
67268  -42.122  -24.821  30.894 0.0000000000
67235  -44.566  -24.702  33.918 0.0000000000
67234  -43.842  -24.922  33.355 0.0000000000
68517  -43.909  -24.345  33.197 0.0000000000
69746  -42.897  -23.267  31.216 0.0000000000
154736  -29.039  -37.214  27.342 0.0000000000
54256  -28.853  -37.278  26.381 0.0000000000
55251  -35.564  -36.011  30.552 0.0000000000
55250  -34.622  -35.762  31.087 0.0000000000
55263  -35.069  -35.674  30.038 0.0000000000
56360  -35.494  -35.075  28.663 0.0000000000
56359  -34.816  -35.072  28.722 0.0000000000
57426  -34.181  -34.564  28.187 0.0000000000
57442  -34.379  -34.222  27.266 0.0000000000
56378  -37.556  -34.139  28.654 0.0000000000
56377  -36.868  -34.599  28.822 0.0000000000
57445  -36.779  -33.976  28.003 0.0000000000
142090  -27.761  -39.273  34.187 0.0000000000
144669  -29.086  -39.066  32.069 0.0000000000
52090  -27.062  -38.460  30.043 0.0000000000
50933  -27.442  -38.543  31.056 0.0000000000
52072  -26.020  -38.382  31.161 0.0000000000
52088  -25.205  -38.575  30.285 0.0000000000
52104  -25.344  -38.831  29.401 0.0000000000
84453  -47.834  -9.123  14.740 0.0000000000
84452  -47.122  -9.155  14.124 0.0000000000
148060  -48.131  -8.716  14.682 0.0000000000
86573  -48.432  -8.040  14.577 0.0000000000
85550  -47.837  -8.331  14.034 0.0000000000
86578  -47.923  -7.529  13.481 0.0000000000
87527  -51.121  -6.661  18.715 0.0000000000
87540  -50.346  -7.247  17.363 0.0000000000
89504  -49.260  -5.167  15.304 0.0000000000
87553  -48.899  -6.103  15.061 0.0000000000
88486  -48.590  -5.628  13.651 0.0000000000
87560  -48.220  -6.417  13.417 0.0000000000
88493  -48.589  -5.632  12.907 0.0000000000
87568  -48.865  -5.889  12.118 0.0000000000
88487  -49.001  -4.981  13.348 0.0000000000
89520  -50.464  -4.284  13.500 0.0000000000
88495  -50.311  -4.913  12.161 0.0000000000
88496  -51.415  -4.794  11.969 0.0000000000
89506  -52.483  -3.527  14.995 0.0000000000
89507  -53.425  -3.490  14.891 0.0000000000
90512  -53.413  -2.895  16.345 0.0000000000
42306  -12.900  -46.001  41.041 0.0000000000
42305  -12.247  -46.302  41.141 0.0000000000
42317  -11.696  -46.654  40.335 0.0000000000
64989  -36.890  -26.816  26.999 0.0000000000
67320  -36.712  -26.134  26.976 0.0000000000
72095  -41.804  -21.455  15.301 0.0000000000
72087  -42.207  -20.848  16.389 0.0000000000
74117  -39.838  -18.549  21.137 0.0000000000
74118  -40.773  -18.692  21.379 0.0000000000
154217  -42.175  -19.388  20.952 0.0000000000
73067  -41.418  -19.155  20.788 0.0000000000
73083  -42.053  -19.575  20.359 0.0000000000
73100  -41.701  -19.735  19.609 0.0000000000
72028  -42.634  -19.999  20.061 0.0000000000
71997  -45.594  -20.678  21.915 0.0000000000
71996  -44.561  -20.315  21.710 0.0000000000
72014  -45.164  -20.637  21.563 0.0000000000
155893  -44.371  -20.799  19.926 0.0000000000
70960  -43.957  -20.610  20.179 0.0000000000
71001  -42.688  -20.621  18.250 0.0000000000
72079  -43.853  -20.927  17.843 0.0000000000
73131  -43.506  -20.395  16.844 0.0000000000
73132  -44.180  -20.058  16.816 0.0000000000
75241  -43.788  -19.347  16.772 0.0000000000
74149  -46.466  -19.376  18.770 0.0000000000
75231  -46.217  -18.943  18.267 0.0000000000
75218  -46.430  -18.654  19.074 0.0000000000
153802  -46.867  -18.247  19.883 0.0000000000
47095  -14.817  -43.096  42.694 0.0000000000
48267  -15.152  -42.203  43.766 0.0000000000
47089  -14.736  -43.279  43.506 0.0000000000
45937  -14.532  -43.868  43.827 0.0000000000
44777  -14.228  -44.262  42.751 0.0000000000
44789  -13.847  -44.954  41.576 0.0000000000
44822  -13.597  -45.272  39.891 0.0000000000
43601  -13.029  -45.967  39.435 0.0000000000
148204  -11.136  -46.383  41.765 0.0000000000
169332  -11.115  -46.143  42.539 0.0000000000
151432  -10.802  -46.248  42.215 0.0000000000
43542  -8.975  -45.433  42.749 0.0000000000
43543  -9.842  -45.748  43.233 0.0000000000
43526  -9.252  -45.316  43.716 0.0000000000
144441  -9.488  -45.125  44.664 0.0000000000
165990  -8.651  -44.945  44.140 0.0000000000
43574  -6.858  -45.906  41.570 0.0000000000
149913  -6.529  -45.444  42.195 0.0000000000
44758  -6.467  -44.562  43.477 0.0000000000
44726  -7.677  -44.323  45.216 0.0000000000
44725  -6.911  -43.902  45.652 0.0000000000
44715  -6.892  -43.834  46.445 0.0000000000
44724  -6.172  -43.617  45.082 0.0000000000
45922  -5.191  -43.134  45.290 0.0000000000
167228  -5.069  -43.099  45.426 0.0000000000
43540  -3.539  -45.422  42.075 0.0000000000
44755  -3.667  -44.742  42.652 0.0000000000
42264  -11.855  -45.729  44.530 0.0000000000
58558  -42.268  -33.036  25.111 0.0000000000
54193  -30.567  -36.638  30.502 0.0000000000
55262  -31.706  -35.496  30.800 0.0000000000
56344  -32.571  -34.821  30.510 0.0000000000
162548  -40.374  -33.631  28.508 0.0000000000
57448  -41.044  -33.638  28.077 0.0000000000
58557  -41.457  -33.021  25.092 0.0000000000
52054  -35.041  -38.304  34.246 0.0000000000
52053  -34.047  -37.943  33.985 0.0000000000
52074  -32.577  -37.619  33.389 0.0000000000
52073  -31.846  -37.519  32.816 0.0000000000
53125  -31.552  -36.968  32.201 0.0000000000
82366  -45.255  -11.231  14.920 0.0000000000
84469  -47.136  -9.816  12.408 0.0000000000
169937  -39.985  -28.694  25.632 0.0000000000
73034  -37.007  -20.073  23.403 0.0000000000
71981  -36.519  -20.792  23.867 0.0000000000
73065  -36.154  -20.513  21.886 0.0000000000
74141  -38.667  -19.507  19.711 0.0000000000
74132  -39.503  -18.934  20.277 0.0000000000
49565  -19.263  -40.570  36.352 0.0000000000
50796  -19.590  -40.338  37.217 0.0000000000
144482  -18.809  -40.626  36.908 0.0000000000
49552  -18.807  -40.479  37.648 0.0000000000
49538  -18.191  -40.483  38.119 0.0000000000
49529  -18.301  -40.299  39.008 0.0000000000
48327  -17.467  -40.751  37.801 0.0000000000
48326  -16.775  -41.177  37.524 0.0000000000
48342  -15.980  -41.826  37.151 0.0000000000
56350  -43.928  -33.307  30.227 0.0000000000
161055  -44.470  -32.983  30.106 0.0000000000
56336  -45.240  -33.247  31.237 0.0000000000
57395  -46.228  -33.003  31.582 0.0000000000
57397  -46.889  -32.938  32.190 0.0000000000
52058  -38.882  -38.375  33.262 0.0000000000
52077  -38.591  -37.863  32.708 0.0000000000
52059  -39.795  -37.955  33.333 0.0000000000
52080  -39.959  -37.592  33.189 0.0000000000
53109  -40.125  -36.898  32.831 0.0000000000
55215  -42.473  -35.885  33.745 0.0000000000
55216  -43.487  -35.197  33.566 0.0000000000
156739  -42.586  -34.829  32.485 0.0000000000
56322  -43.091  -34.237  31.901 0.0000000000
56333  -42.670  -34.015  31.333 0.0000000000
56334  -43.759  -33.616  31.133 0.0000000000
50906  -39.755  -38.729  34.033 0.0000000000
77303  -45.801  -16.973  18.431 0.0000000000
77287  -46.137  -16.258  18.941 0.0000000000
78353  -46.447  -15.513  19.331 0.0000000000
79330  -49.596  -13.402  19.754 0.0000000000
79343  -47.948  -13.324  19.159 0.0000000000
80297  -47.913  -12.699  18.443 0.0000000000
81292  -47.390  -12.571  18.114 0.0000000000
81291  -46.677  -12.248  17.714 0.0000000000
81305  -47.551  -11.785  17.475 0.0000000000
82339  -48.072  -11.101  16.898 0.0000000000
161705  -48.487  -10.667  16.468 0.0000000000
82340  -48.838  -10.927  16.918 0.0000000000
149316  -49.697  -10.730  16.903 0.0000000000
82341  -50.654  -10.650  16.914 0.0000000000
158562  -39.631  -25.014  29.823 0.0000000000
67304  -39.517  -24.493  29.325 0.0000000000
149204  -39.618  -23.655  28.899 0.0000000000
69770  -40.041  -22.718  28.641 0.0000000000
151035  -41.504  -20.814  28.301 0.0000000000
71937  -40.917  -21.231  28.100 0.0000000000
72998  -41.182  -20.627  27.865 0.0000000000
71948  -40.818  -20.610  27.567 0.0000000000
71958  -39.885  -20.367  26.772 0.0000000000
73015  -40.234  -19.567  26.276 0.0000000000
141829  -40.688  -18.806  25.464 0.0000000000
169193  -41.275  -18.537  24.931 0.0000000000
161738  -42.251  -18.546  25.579 0.0000000000
74062  -43.913  -18.477  25.615 0.0000000000
50860  -26.128  -38.772  34.901 0.0000000000
50855  -20.655  -40.334  34.379 0.0000000000
148674  -53.693  -4.373  12.481 0.0000000000
89532  -54.444  -4.285  12.359 0.0000000000
44705  -6.683  -43.658  47.473 0.0000000000
60554  -43.941  -31.133  24.978 0.0000000000
60561  -43.178  -31.275  24.022 0.0000000000
152172  -43.250  -29.935  24.456 0.0000000000
144770  -42.456  -28.918  25.548 0.0000000000
63783  -42.247  -28.462  26.896 0.0000000000
63767  -42.147  -28.271  27.645 0.0000000000
61524  -45.838  -31.386  30.218 0.0000000000
61541  -45.409  -31.207  29.606 0.0000000000
62604  -45.921  -30.446  30.368 0.0000000000
62603  -45.539  -29.858  30.307 0.0000000000
63733  -45.066  -29.314  30.189 0.0000000000
63710  -42.797  -28.874  33.271 0.0000000000
63709  -42.065  -28.730  32.994 0.0000000000
165177  -40.947  -28.591  31.831 0.0000000000
63719  -40.149  -28.406  31.808 0.0000000000
64942  -39.632  -27.869  31.936 0.0000000000
64932  -39.534  -27.173  32.107 0.0000000000
66120  -40.065  -26.787  32.500 0.0000000000
67231  -41.566  -25.718  32.549 0.0000000000
69721  -44.398  -23.588  33.413 0.0000000000
56373  -30.231  -35.304  27.605 0.0000000000
54196  -36.765  -35.702  30.388 0.0000000000
55264  -35.786  -35.642  29.773 0.0000000000
55265  -36.274  -35.420  29.779 0.0000000000
55279  -36.344  -35.085  29.348 0.0000000000
55295  -35.940  -34.947  28.768 0.0000000000
57463  -36.805  -33.426  27.026 0.0000000000
49639  -28.653  -39.421  33.383 0.0000000000
50948  -28.962  -38.463  30.890 0.0000000000
50935  -28.843  -38.729  31.417 0.0000000000
50947  -28.333  -38.531  30.690 0.0000000000
52105  -26.150  -38.640  29.285 0.0000000000
166414  -26.029  -38.896  28.478 0.0000000000
52133  -25.599  -39.442  27.816 0.0000000000
85552  -49.317  -9.008  15.599 0.0000000000
151509  -49.149  -8.479  15.325 0.0000000000
87534  -50.113  -5.915  17.417 0.0000000000
88481  -49.612  -4.982  16.110 0.0000000000
89511  -49.571  -4.487  14.669 0.0000000000
150050  -49.863  -4.283  15.369 0.0000000000
166580  -50.594  -3.986  14.440 0.0000000000
89521  -51.430  -4.124  13.477 0.0000000000
89512  -51.430  -3.627  15.159 0.0000000000
90518  -51.995  -3.408  15.872 0.0000000000
90511  -52.497  -3.207  16.628 0.0000000000
42326  -11.834  -46.916  39.492 0.0000000000
41158  -11.264  -47.266  39.537 0.0000000000
67338  -36.737  -25.311  26.796 0.0000000000
68607  -36.314  -24.991  26.102 0.0000000000
71018  -40.839  -22.052  16.100 0.0000000000
143440  -42.466  -20.691  17.493 0.0000000000
74101  -42.577  -18.817  22.621 0.0000000000
73048  -42.105  -18.838  22.133 0.0000000000
73049  -42.928  -19.277  21.994 0.0000000000
73069  -43.270  -19.695  21.464 0.0000000000
70921  -45.879  -21.013  21.215 0.0000000000
70920  -45.227  -20.767  21.242 0.0000000000
70939  -45.188  -20.877  20.845 0.0000000000
70961  -44.965  -20.944  20.161 0.0000000000
161038  -44.545  -20.983  19.201 0.0000000000
71003  -44.522  -21.064  18.362 0.0000000000
72081  -45.265  -21.021  17.716 0.0000000000
163325  -45.229  -20.405  17.153 0.0000000000
74156  -45.802  -19.655  17.224 0.0000000000
144119  -46.000  -20.253  17.486 0.0000000000
73123  -46.455  -19.890  18.426 0.0000000000
74142  -47.266  -19.543  20.300 0.0000000000
160005  -16.997  -40.398  41.392 0.0000000000
49491  -16.421  -40.811  42.017 0.0000000000
49481  -16.771  -40.384  42.699 0.0000000000
47096  -15.278  -42.240  42.306 0.0000000000
47106  -14.929  -42.985  41.773 0.0000000000
44805  -14.060  -44.647  41.152 0.0000000000
45959  -14.196  -44.459  40.461 0.0000000000
44821  -13.564  -45.447  38.874 0.0000000000
42302  -9.905  -46.670  40.749 0.0000000000
43578  -10.242  -46.266  41.753 0.0000000000
143509  -5.729  -45.519  42.453 0.0000000000
44740  -5.793  -43.983  43.919 0.0000000000
44739  -4.017  -44.145  43.291 0.0000000000
53062  -41.302  -37.830  34.953 0.0000000000
56291  -44.093  -35.041  34.101 0.0000000000
77274  -48.732  -16.118  21.084 0.0000000000
78343  -49.357  -14.936  21.124 0.0000000000
78356  -49.044  -14.280  20.353 0.0000000000
170280  -50.314  -12.846  19.523 0.0000000000
80299  -50.618  -12.231  19.079 0.0000000000
81295  -51.076  -11.503  18.340 0.0000000000
69765  -42.099  -22.289  29.687 0.0000000000
159433  -41.771  -22.265  29.468 0.0000000000
71927  -42.157  -21.583  29.360 0.0000000000
71926  -41.784  -21.331  28.833 0.0000000000
72986  -41.859  -20.315  28.397 0.0000000000
74046  -42.964  -18.611  27.441 0.0000000000
52050  -24.135  -38.458  32.432 0.0000000000
52069  -23.297  -38.990  31.728 0.0000000000
43483  -10.222  -44.654  47.370 0.0000000000
159061  -9.752  -44.701  46.463 0.0000000000
60553  -43.551  -31.762  24.660 0.0000000000
62659  -44.138  -30.053  26.074 0.0000000000
62647  -44.078  -29.576  26.755 0.0000000000
66123  -42.773  -26.045  33.623 0.0000000000
52122  -27.852  -38.141  28.388 0.0000000000
53163  -28.175  -37.864  28.055 0.0000000000
53164  -28.876  -37.508  28.302 0.0000000000
167712  -29.275  -37.232  28.050 0.0000000000
161896  -29.797  -36.547  28.158 0.0000000000
54217  -30.214  -36.468  29.546 0.0000000000
55275  -30.058  -36.120  28.586 0.0000000000
58519  -32.016  -33.557  27.335 0.0000000000
56347  -39.512  -34.711  30.427 0.0000000000
56362  -38.440  -34.587  29.766 0.0000000000
56363  -39.251  -34.413  29.860 0.0000000000
57427  -38.961  -34.038  29.230 0.0000000000
57446  -38.450  -33.737  28.466 0.0000000000
169138  -31.036  -39.446  33.500 0.0000000000
49655  -31.184  -39.075  33.217 0.0000000000
50921  -30.689  -38.883  32.624 0.0000000000
50937  -30.136  -38.629  32.016 0.0000000000
52091  -30.181  -38.149  31.642 0.0000000000
50949  -29.634  -38.328  31.283 0.0000000000
80306  -43.657  -12.861  16.629 0.0000000000
85565  -48.337  -8.224  11.755 0.0000000000
86547  -52.489  -8.592  18.622 0.0000000000
152089  -50.824  -8.219  17.243 0.0000000000
147231  -51.787  -7.772  18.666 0.0000000000
86543  -51.849  -7.040  19.434 0.0000000000
170372  -51.674  -3.900  18.774 0.0000000000
70876  -37.026  -22.406  25.469 0.0000000000
72062  -40.708  -20.406  17.939 0.0000000000
71969  -45.771  -20.027  23.238 0.0000000000
155069  -46.103  -20.430  22.797 0.0000000000
71984  -46.059  -20.698  22.288 0.0000000000
70892  -46.460  -21.022  22.156 0.0000000000
69806  -46.916  -21.475  21.937 0.0000000000
69829  -46.908  -21.471  21.513 0.0000000000
69851  -47.286  -21.440  21.492 0.0000000000
70965  -47.299  -20.827  20.645 0.0000000000
72048  -47.113  -20.412  20.286 0.0000000000
49493  -17.783  -39.909  41.209 0.0000000000
49528  -17.590  -40.368  39.709 0.0000000000
49511  -17.273  -40.355  40.668 0.0000000000
48312  -15.229  -42.364  39.502 0.0000000000
47123  -14.826  -43.197  39.247 0.0000000000
47134  -14.736  -43.142  38.234 0.0000000000
156990  -4.689  -46.342  42.361 0.0000000000
58525  -43.427  -33.046  27.530 0.0000000000
57452  -43.632  -32.986  28.275 0.0000000000
58511  -44.326  -32.477  28.707 0.0000000000
58513  -45.034  -32.313  29.766 0.0000000000
57416  -44.806  -32.666  30.011 0.0000000000
59555  -45.601  -32.096  30.125 0.0000000000
60525  -45.569  -31.694  30.002 0.0000000000
61517  -46.671  -31.231  31.051 0.0000000000
161852  -47.009  -33.262  32.723 0.0000000000
53104  -34.026  -36.801  33.005 0.0000000000
54150  -33.950  -36.088  32.206 0.0000000000
54151  -34.808  -36.509  32.378 0.0000000000
54153  -36.520  -36.921  31.596 0.0000000000
54176  -36.663  -36.327  30.984 0.0000000000
53108  -38.204  -37.317  32.207 0.0000000000
53128  -37.780  -36.765  31.642 0.0000000000
54177  -37.302  -36.207  30.987 0.0000000000
54197  -37.424  -35.607  30.443 0.0000000000
54198  -38.096  -35.599  30.544 0.0000000000
55266  -38.681  -35.581  30.757 0.0000000000
53073  -41.054  -37.681  34.092 0.0000000000
54118  -41.017  -37.083  33.746 0.0000000000
53110  -40.519  -36.791  33.157 0.0000000000
54135  -41.656  -36.183  33.479 0.0000000000
54178  -39.979  -36.207  32.197 0.0000000000
55252  -39.883  -35.611  31.619 0.0000000000
170504  -39.489  -35.723  31.382 0.0000000000
55281  -38.803  -34.979  30.343 0.0000000000
56348  -40.274  -34.346  30.367 0.0000000000
56365  -40.975  -33.878  29.874 0.0000000000
56332  -42.135  -33.901  30.859 0.0000000000
57450  -42.434  -33.495  28.323 0.0000000000
52041  -37.008  -38.871  34.281 0.0000000000
53085  -35.477  -37.543  33.541 0.0000000000
74168  -42.494  -19.106  16.102 0.0000000000
77301  -43.930  -16.523  17.893 0.0000000000
77300  -42.969  -16.279  17.876 0.0000000000
149866  -42.626  -16.709  17.387 0.0000000000
78354  -47.745  -15.352  20.165 0.0000000000
78352  -45.894  -15.245  18.970 0.0000000000
148395  -47.240  -14.043  19.389 0.0000000000
79326  -45.965  -14.365  18.767 0.0000000000
78350  -44.355  -14.106  18.223 0.0000000000
154938  -43.574  -13.733  17.644 0.0000000000
80294  -43.665  -13.023  17.209 0.0000000000
81289  -44.024  -12.404  16.995 0.0000000000
81303  -45.729  -11.807  17.125 0.0000000000
82336  -45.371  -11.371  16.198 0.0000000000
167899  -45.277  -11.247  15.596 0.0000000000
83387  -45.838  -10.538  14.713 0.0000000000
159601  -46.376  -10.045  14.478 0.0000000000
84461  -46.554  -9.748  13.748 0.0000000000
83401  -48.136  -9.657  15.419 0.0000000000
154585  -48.390  -10.242  16.002 0.0000000000
83390  -49.018  -9.815  15.872 0.0000000000
84445  -49.534  -9.515  15.863 0.0000000000
85544  -50.403  -9.354  16.250 0.0000000000
85538  -51.588  -9.652  17.026 0.0000000000
81309  -51.798  -11.160  17.456 0.0000000000
82343  -52.161  -10.975  16.779 0.0000000000
84437  -52.116  -10.122  16.802 0.0000000000
85527  -52.737  -9.646  17.896 0.0000000000
85516  -52.376  -9.148  18.133 0.0000000000
85511  -53.291  -8.676  19.279 0.0000000000
64974  -38.047  -27.356  28.907 0.0000000000
142332  -37.538  -27.078  28.301 0.0000000000
66167  -37.413  -26.438  28.542 0.0000000000
67301  -37.301  -25.829  28.335 0.0000000000
68579  -38.194  -24.579  28.444 0.0000000000
67322  -37.543  -25.074  28.015 0.0000000000
68593  -37.290  -24.771  27.278 0.0000000000
68609  -37.658  -23.996  27.015 0.0000000000
168435  -37.840  -23.431  26.902 0.0000000000
70852  -41.390  -22.233  29.225 0.0000000000
69771  -40.825  -22.366  28.947 0.0000000000
70857  -39.612  -22.339  28.068 0.0000000000
71968  -37.730  -20.690  25.104 0.0000000000
73023  -38.152  -19.862  24.697 0.0000000000
73035  -37.830  -19.639  23.814 0.0000000000
74082  -38.414  -18.962  23.353 0.0000000000
162467  -39.091  -18.438  21.761 0.0000000000
146318  -39.161  -18.426  22.749 0.0000000000
142572  -40.021  -18.337  22.924 0.0000000000
74085  -41.716  -18.477  23.240 0.0000000000
73025  -44.483  -19.343  23.409 0.0000000000
74054  -43.331  -18.466  26.686 0.0000000000
74055  -44.639  -18.585  26.275 0.0000000000
164266  -45.956  -19.159  27.091 0.0000000000
74063  -45.253  -19.039  25.053 0.0000000000
74072  -45.210  -19.453  23.849 0.0000000000
71959  -46.821  -19.921  24.577 0.0000000000
167690  -47.402  -20.244  24.568 0.0000000000
52038  -24.047  -38.439  33.361 0.0000000000
52027  -22.723  -38.887  34.438 0.0000000000
52036  -22.293  -39.239  33.579 0.0000000000
142153  -22.782  -38.846  35.346 0.0000000000
50842  -22.291  -39.067  35.862 0.0000000000
50825  -21.338  -39.570  36.513 0.0000000000
50824  -20.728  -40.014  36.039 0.0000000000
150762  -20.210  -40.384  34.986 0.0000000000
49566  -19.872  -40.429  35.686 0.0000000000
63803  -41.584  -28.779  25.481 0.0000000000
63802  -40.646  -28.711  25.583 0.0000000000
63781  -40.115  -28.457  26.329 0.0000000000
63764  -39.756  -28.134  27.066 0.0000000000
64975  -38.961  -27.721  28.535 0.0000000000
60545  -44.503  -31.656  27.019 0.0000000000
60524  -45.106  -31.061  28.833 0.0000000000
61555  -44.860  -30.747  28.071 0.0000000000
61565  -44.652  -30.566  27.447 0.0000000000
62648  -44.404  -30.159  26.968 0.0000000000
62633  -44.338  -29.599  27.515 0.0000000000
145123  -43.918  -29.042  27.233 0.0000000000
63732  -44.436  -28.857  30.760 0.0000000000
143219  -43.662  -28.687  31.487 0.0000000000
149954  -44.353  -28.923  29.839 0.0000000000
143847  -43.489  -28.621  28.655 0.0000000000
63754  -43.403  -28.664  27.749 0.0000000000
63753  -42.582  -28.311  28.309 0.0000000000
63752  -41.622  -28.068  28.227 0.0000000000
63741  -40.941  -28.170  29.893 0.0000000000
64961  -40.874  -27.945  28.944 0.0000000000
64976  -39.979  -27.861  28.713 0.0000000000
64958  -38.029  -27.098  29.721 0.0000000000
66143  -38.305  -26.695  30.325 0.0000000000
67264  -38.317  -25.895  30.190 0.0000000000
66135  -39.119  -26.666  31.521 0.0000000000
67249  -39.422  -25.783  31.203 0.0000000000
67285  -40.375  -24.507  29.751 0.0000000000
149479  -41.369  -23.970  30.257 0.0000000000
69757  -41.971  -23.298  30.380 0.0000000000
67233  -43.244  -25.134  32.901 0.0000000000
67253  -42.908  -24.837  32.005 0.0000000000
68530  -43.743  -23.888  32.796 0.0000000000
68529  -43.233  -24.189  32.218 0.0000000000
67269  -42.455  -24.639  31.341 0.0000000000
68549  -42.384  -24.159  31.202 0.0000000000
68569  -42.149  -23.714  30.778 0.0000000000
69758  -42.250  -22.904  30.345 0.0000000000
55249  -33.532  -35.502  31.483 0.0000000000
161268  -33.271  -35.087  30.908 0.0000000000
56345  -33.580  -34.854  30.111 0.0000000000
56346  -34.508  -35.222  29.599 0.0000000000
57412  -32.977  -34.421  29.602 0.0000000000
57425  -33.221  -34.147  28.649 0.0000000000
57440  -32.499  -33.683  28.025 0.0000000000
58520  -32.657  -33.484  27.023 0.0000000000
56361  -37.606  -34.677  29.467 0.0000000000
56376  -35.532  -34.651  28.084 0.0000000000
56389  -35.499  -34.030  27.147 0.0000000000
57459  -33.509  -33.661  26.571 0.0000000000
50861  -27.072  -39.256  35.161 0.0000000000
148914  -25.942  -38.491  32.973 0.0000000000
154565  -30.025  -39.491  33.065 0.0000000000
49653  -29.288  -39.407  32.932 0.0000000000
50899  -28.097  -39.138  33.039 0.0000000000
50934  -28.309  -38.776  31.519 0.0000000000
50918  -27.841  -38.800  32.082 0.0000000000
143383  -27.366  -38.809  32.662 0.0000000000
50896  -26.272  -38.453  32.212 0.0000000000
52051  -25.135  -38.355  32.256 0.0000000000
52087  -24.150  -38.943  30.345 0.0000000000
162327  -24.801  -39.469  28.766 0.0000000000
84462  -47.050  -9.257  13.191 0.0000000000
85559  -47.437  -8.677  13.074 0.0000000000
84470  -47.845  -8.642  12.217 0.0000000000
86588  -48.584  -7.656  11.686 0.0000000000
86560  -50.223  -7.849  16.657 0.0000000000
86567  -49.640  -7.507  16.128 0.0000000000
87547  -49.137  -7.178  15.471 0.0000000000
87538  -49.325  -6.209  15.973 0.0000000000
162959  -48.720  -6.883  14.839 0.0000000000
148725  -48.110  -6.922  12.718 0.0000000000
87573  -48.555  -6.834  11.975 0.0000000000
87574  -49.386  -6.409  11.464 0.0000000000
86590  -49.995  -6.976  10.900 0.0000000000
88502  -49.757  -5.550  11.702 0.0000000000
87575  -50.346  -6.107  11.093 0.0000000000
88497  -52.373  -4.667  11.883 0.0000000000
89531  -52.944  -4.389  12.584 0.0000000000
89522  -52.545  -4.110  13.383 0.0000000000
89508  -54.249  -3.421  14.872 0.0000000000
42293  -13.428  -45.359  42.552 0.0000000000
145495  -12.446  -45.830  42.750 0.0000000000
42291  -12.088  -46.190  42.028 0.0000000000
42304  -11.553  -46.431  41.253 0.0000000000
152064  -11.061  -46.613  40.958 0.0000000000
42315  -10.488  -46.998  40.246 0.0000000000
143472  -37.422  -27.353  27.270 0.0000000000
65006  -37.444  -27.759  26.470 0.0000000000
69781  -36.035  -23.805  25.224 0.0000000000
74116  -39.020  -18.587  20.972 0.0000000000
168078  -40.318  -19.208  19.878 0.0000000000
73068  -41.692  -18.962  21.476 0.0000000000
73099  -40.610  -19.609  19.243 0.0000000000
72045  -41.246  -19.965  18.812 0.0000000000
70979  -41.676  -20.328  18.471 0.0000000000
73070  -43.888  -20.136  21.315 0.0000000000
72030  -44.286  -20.537  20.723 0.0000000000
72029  -43.518  -20.310  20.452 0.0000000000
162753  -41.969  -20.532  18.099 0.0000000000
71020  -42.849  -20.705  17.336 0.0000000000
75229  -45.133  -18.349  17.297 0.0000000000
161152  -45.664  -18.981  17.249 0.0000000000
158512  -45.870  -18.453  17.837 0.0000000000
76253  -46.512  -17.765  19.346 0.0000000000
76254  -47.094  -17.261  19.985 0.0000000000
73101  -47.207  -20.070  20.258 0.0000000000
158521  -14.239  -44.728  44.206 0.0000000000
47084  -14.688  -43.431  44.144 0.0000000000
44762  -14.390  -44.361  44.045 0.0000000000
43545  -13.792  -45.014  42.897 0.0000000000
43563  -13.615  -45.206  42.082 0.0000000000
44804  -13.802  -45.073  40.724 0.0000000000
43592  -12.765  -46.110  40.192 0.0000000000
44836  -14.008  -44.780  38.255 0.0000000000
42276  -12.032  -45.807  43.669 0.0000000000
145730  -11.474  -45.766  44.133 0.0000000000
42274  -11.030  -45.778  44.093 0.0000000000
43561  -10.428  -46.039  42.729 0.0000000000
43544  -10.562  -45.834  43.671 0.0000000000
42263  -10.953  -45.633  44.802 0.0000000000
43516  -10.680  -45.403  45.252 0.0000000000
145032  -9.363  -44.665  46.086 0.0000000000
44788  -7.713  -45.750  41.539 0.0000000000
44775  -8.013  -45.246  42.307 0.0000000000
44759  -7.177  -45.023  42.847 0.0000000000
44743  -8.541  -44.681  44.905 0.0000000000
44727  -8.478  -44.515  45.766 0.0000000000
44717  -8.426  -44.401  46.492 0.0000000000
44712  -7.568  -44.101  46.791 0.0000000000
44711  -6.836  -43.763  46.995 0.0000000000
165923  -6.337  -43.567  47.111 0.0000000000
45923  -5.762  -43.389  45.532 0.0000000000
164744  -5.777  -43.332  46.313 0.0000000000
45910  -5.956  -43.391  46.970 0.0000000000
148121  -5.589  -43.146  46.775 0.0000000000
160155  -4.037  -46.585  42.052 0.0000000000
45931  -3.971  -43.490  43.759 0.0000000000
42241  -12.605  -45.175  46.205 0.0000000000
42248  -11.222  -45.425  45.614 0.0000000000
42249  -11.854  -45.466  45.671 0.0000000000
42258  -11.794  -45.644  45.066 0.0000000000
42275  -11.371  -45.904  43.268 0.0000000000
42277  -12.809  -45.600  43.522 0.0000000000
42292  -13.052  -45.631  42.639 0.0000000000
43491  -9.670  -44.629  47.021 0.0000000000
43492  -10.196  -44.793  46.610 0.0000000000
43493  -12.554  -44.804  46.937 0.0000000000
43502  -9.100  -44.522  46.743 0.0000000000
43503  -10.185  -44.967  45.870 0.0000000000
43504  -10.823  -45.142  46.105 0.0000000000
43515  -10.376  -45.456  44.836 0.0000000000
43528  -10.685  -45.667  44.464 0.0000000000
43529  -13.898  -45.089  44.261 0.0000000000
43593  -13.239  -45.649  40.461 0.0000000000
44706  -7.175  -43.713  48.095 0.0000000000
44710  -6.324  -43.587  46.712 0.0000000000
44713  -8.327  -44.325  47.082 0.0000000000
44744  -14.428  -44.533  44.689 0.0000000000
44761  -14.150  -44.602  43.373 0.0000000000
44790  -14.073  -44.413  41.865 0.0000000000
45906  -6.062  -43.390  47.516 0.0000000000
45909  -5.630  -43.114  47.245 0.0000000000
45933  -14.546  -44.052  44.436 0.0000000000
45943  -14.523  -43.755  43.099 0.0000000000
45960  -14.297  -44.101  41.236 0.0000000000
45971  -14.540  -43.899  39.819 0.0000000000
47085  -14.904  -42.729  44.402 0.0000000000
47090  -15.031  -42.595  43.205 0.0000000000
49654  -30.583  -39.301  33.045 0.0000000000
50886  -40.769  -39.277  34.899 0.0000000000
50905  -39.139  -38.875  33.863 0.0000000000
50907  -40.508  -38.717  34.420 0.0000000000
50924  -32.742  -38.062  33.841 0.0000000000
52061  -40.678  -37.994  34.072 0.0000000000
52078  -39.302  -37.686  32.839 0.0000000000
52079  -39.803  -37.156  32.717 0.0000000000
52096  -39.545  -36.545  32.134 0.0000000000
53087  -37.265  -37.918  32.646 0.0000000000
53089  -40.704  -37.329  33.666 0.0000000000
53105  -36.101  -37.199  32.470 0.0000000000
53107  -37.524  -37.436  32.123 0.0000000000
54154  -40.382  -36.205  32.537 0.0000000000
54175  -36.038  -36.462  31.058 0.0000000000
54239  -29.538  -36.882  27.854 0.0000000000
55267  -39.215  -35.400  30.892 0.0000000000
55268  -40.483  -34.692  31.098 0.0000000000
55276  -30.431  -36.023  29.487 0.0000000000
55278  -35.875  -35.285  29.220 0.0000000000
55280  -36.961  -34.945  29.479 0.0000000000
56323  -45.885  -33.299  31.687 0.0000000000
56324  -46.350  -33.312  32.060 0.0000000000
56335  -44.562  -33.236  30.772 0.0000000000
57396  -46.638  -33.148  32.132 0.0000000000
57403  -44.853  -33.113  30.709 0.0000000000
57417  -44.977  -32.978  30.624 0.0000000000
57457  -31.533  -33.783  26.790 0.0000000000
58453  -47.435  -33.155  33.114 0.0000000000
58465  -47.157  -33.183  32.673 0.0000000000
58477  -46.576  -32.929  31.828 0.0000000000
58478  -46.768  -32.728  31.916 0.0000000000
58489  -45.806  -32.735  30.997 0.0000000000
58503  -44.915  -32.495  29.908 0.0000000000
58504  -45.360  -32.522  30.430 0.0000000000
58512  -44.624  -32.340  29.190 0.0000000000
59522  -47.341  -32.345  32.491 0.0000000000
59530  -47.027  -32.423  32.092 0.0000000000
59556  -46.045  -31.969  30.280 0.0000000000
59568  -44.976  -31.920  28.992 0.0000000000
59569  -45.268  -31.997  29.671 0.0000000000
60497  -46.586  -31.842  30.992 0.0000000000
60508  -46.092  -31.815  30.526 0.0000000000
60536  -44.752  -31.154  27.599 0.0000000000
60537  -44.918  -31.300  28.237 0.0000000000
60544  -44.273  -31.406  26.003 0.0000000000
61516  -46.205  -30.788  30.540 0.0000000000
61523  -45.628  -30.847  29.950 0.0000000000
61540  -45.200  -30.632  29.292 0.0000000000
62624  -44.956  -30.105  29.080 0.0000000000
63688  -42.394  -28.615  33.824 0.0000000000
63708  -41.271  -28.380  33.114 0.0000000000
63713  -46.109  -29.462  31.708 0.0000000000
63734  -45.649  -29.434  30.939 0.0000000000
63756  -44.465  -29.412  28.705 0.0000000000
64934  -40.742  -27.882  33.085 0.0000000000
64941  -39.232  -27.466  31.493 0.0000000000
66137  -40.607  -25.951  32.275 0.0000000000
66155  -37.880  -26.370  29.708 0.0000000000
67265  -39.053  -25.472  30.457 0.0000000000
67286  -41.107  -24.566  30.075 0.0000000000
67303  -38.527  -24.921  29.032 0.0000000000
68528  -42.760  -24.468  31.727 0.0000000000
68548  -42.094  -24.356  30.903 0.0000000000
68583  -41.615  -23.313  30.154 0.0000000000
69745  -42.484  -23.461  30.932 0.0000000000
69763  -41.503  -22.722  29.699 0.0000000000
69830  -47.627  -21.667  21.944 0.0000000000
69831  -47.985  -22.454  21.929 0.0000000000
69832  -48.265  -22.244  22.036 0.0000000000
69850  -46.791  -21.405  21.408 0.0000000000
69852  -47.678  -21.576  21.841 0.0000000000
69870  -46.427  -21.202  20.631 0.0000000000
69871  -46.866  -21.226  20.800 0.0000000000
70853  -41.895  -21.922  29.263 0.0000000000
70904  -46.328  -21.114  21.641 0.0000000000
70919  -44.795  -20.703  20.946 0.0000000000
70940  -45.756  -21.088  20.552 0.0000000000
70941  -47.337  -21.051  20.898 0.0000000000
70963  -46.264  -21.162  19.822 0.0000000000
70964  -46.518  -21.184  20.073 0.0000000000
70983  -46.231  -20.955  18.997 0.0000000000
71004  -45.154  -21.172  18.324 0.0000000000
71985  -46.625  -20.701  22.818 0.0000000000
71998  -46.005  -20.856  21.893 0.0000000000
72013  -44.584  -20.531  21.193 0.0000000000
72047  -46.803  -20.646  20.011 0.0000000000
72049  -47.803  -20.269  20.925 0.0000000000
72064  -46.436  -20.616  18.738 0.0000000000
72065  -46.658  -20.421  19.416 0.0000000000
73114  -46.556  -20.266  18.843 0.0000000000
74053  -41.635  -19.319  27.063 0.0000000000
74157  -46.228  -19.816  17.784 0.0000000000
75214  -47.357  -18.709  20.451 0.0000000000
76269  -45.895  -17.725  18.331 0.0000000000
78351  -45.231  -14.623  18.636 0.0000000000
79317  -49.979  -13.934  20.562 0.0000000000
79345  -49.734  -12.586  19.156 0.0000000000
80286  -51.019  -12.678  19.606 0.0000000000
81308  -50.024  -10.962  17.500 0.0000000000
82329  -52.486  -11.124  17.445 0.0000000000
82342  -51.490  -10.862  16.835 0.0000000000
83376  -51.759  -10.501  16.542 0.0000000000
84426  -52.447  -9.867  17.272 0.0000000000
84438  -52.767  -10.169  17.058 0.0000000000
85526  -51.985  -9.375  17.583 0.0000000000
86553  -51.668  -8.584  17.907 0.0000000000
86566  -49.582  -8.196  15.727 0.0000000000
86568  -50.180  -8.778  16.227 0.0000000000
87552  -48.339  -7.143  14.305 0.0000000000
88488  -49.862  -4.610  12.988 0.0000000000
89501  -50.042  -4.808  16.853 0.0000000000
143160  -11.943  -44.900  46.896 0.0000000000
143541  -45.342  -21.107  19.619 0.0000000000
143936  -45.077  -29.074  31.009 0.0000000000
145556  -10.769  -44.832  46.969 0.0000000000
145741  -44.521  -34.965  34.661 0.0000000000
145903  -11.863  -45.954  42.807 0.0000000000
146286  -11.296  -45.661  44.737 0.0000000000
146343  -9.965  -45.058  45.382 0.0000000000
146821  -30.604  -36.226  30.096 0.0000000000
149789  -12.722  -45.972  41.885 0.0000000000
150885  -7.928  -44.000  48.140 0.0000000000
151979  -46.301  -31.517  30.631 0.0000000000
153230  -6.005  -43.155  48.115 0.0000000000
153380  -14.368  -44.196  43.461 0.0000000000
156889  -49.949  -9.420  15.987 0.0000000000
156979  -47.382  -21.882  21.983 0.0000000000
157154  -9.416  -44.159  48.833 0.0000000000
157325  -41.833  -18.468  24.340 0.0000000000
159547  -39.153  -27.825  30.090 0.0000000000
159782  -8.876  -43.806  49.186 0.0000000000
160009  -39.390  -38.319  33.451 0.0000000000
160016  -11.027  -45.579  45.082 0.0000000000
161276  -44.854  -20.900  17.367 0.0000000000
161339  -46.311  -19.460  18.134 0.0000000000
161519  -46.415  -32.529  31.330 0.0000000000
162053  -10.619  -45.198  45.720 0.0000000000
162155  -10.877  -44.614  47.729 0.0000000000
162584  -12.151  -45.157  46.346 0.0000000000
163094  -12.295  -45.645  44.879 0.0000000000
164325  -13.962  -44.933  43.641 0.0000000000
164658  -46.959  -20.980  20.483 0.0000000000
164717  -45.115  -20.473  21.979 0.0000000000
165193  -53.225  -7.995  19.888 0.0000000000
166940  -47.289  -21.739  21.856 0.0000000000
167491  -44.233  -23.983  33.347 0.0000000000
167677  -46.434  -21.230  21.357 0.0000000000
167696  -31.502  -33.935  26.067 0.0000000000
168540  -44.766  -30.028  28.540 0.0000000000
168652  -9.401  -44.581  46.836 0.0000000000
168820  -49.934  -9.898  15.993 0.0000000000
169218  -10.769  -45.574  44.870 0.0000000000
170480  -51.707  -10.763  16.581 0.0000000000
