#!ascii label  , from subject sub-v1s13x0050016_ses-1 vox2ras=TkReg
951
39866  -35.943  -50.515  -49.978 0.5000000000
38632  -34.550  -51.235  -49.519 0.8000000119
39863  -33.194  -49.760  -49.626 0.8000000119
149979  -33.929  -50.654  -49.707 0.8000000119
38634  -36.584  -51.110  -49.096 0.5000000000
38625  -35.066  -51.549  -49.004 0.5000000000
39865  -34.899  -50.511  -50.067 0.6000000238
42220  -32.020  -47.999  -49.006 0.6999999881
41062  -32.469  -48.698  -49.405 0.6999999881
39864  -34.054  -49.745  -49.940 0.8000000119
39870  -34.858  -49.577  -50.294 0.6999999881
38635  -37.602  -51.241  -49.317 0.6000000238
39867  -37.000  -50.478  -49.812 0.5000000000
39872  -36.544  -49.969  -50.371 0.6000000238
42209  -31.307  -48.292  -47.915 0.6999999881
39871  -35.655  -49.984  -50.408 0.6000000238
42228  -36.900  -48.725  -50.715 0.6000000238
42210  -32.336  -48.307  -47.544 0.6999999881
42215  -31.340  -48.234  -48.501 0.6999999881
42224  -33.595  -47.991  -49.571 0.6999999881
42227  -35.860  -48.648  -50.515 0.6000000238
43473  -37.190  -47.913  -50.414 0.6000000238
42225  -34.451  -47.965  -49.820 0.8000000119
42226  -35.337  -47.908  -50.106 0.8000000119
43472  -36.255  -47.920  -50.320 0.6999999881
39868  -38.114  -50.723  -49.894 0.4000000060
39873  -37.571  -50.017  -50.433 0.6000000238
41049  -31.845  -48.950  -46.874 0.6999999881
43474  -38.132  -47.853  -50.587 0.6000000238
42217  -32.812  -47.727  -48.109 0.6999999881
43456  -33.546  -47.255  -48.926 0.6999999881
43457  -34.398  -46.977  -49.045 0.6999999881
44676  -35.326  -46.876  -49.213 0.6000000238
43465  -36.647  -47.319  -49.877 0.6999999881
44671  -38.404  -46.238  -48.029 0.5000000000
43449  -34.161  -47.146  -48.309 0.6000000238
44668  -35.084  -46.813  -48.564 0.6000000238
44677  -35.888  -46.593  -48.828 0.6000000238
146639  -37.373  -46.301  -47.983 0.6000000238
44678  -36.538  -46.480  -48.419 0.6000000238
45874  -38.063  -46.050  -47.125 0.5000000000
39874  -38.927  -50.271  -50.583 0.4000000060
162359  -38.110  -49.617  -50.738 0.5000000000
41036  -32.747  -49.476  -44.635 0.6999999881
42230  -38.827  -48.492  -50.989 0.6000000238
43475  -39.009  -47.803  -50.824 0.6000000238
168539  -33.888  -47.934  -46.883 0.6999999881
43467  -38.623  -47.340  -50.294 0.6000000238
146019  -34.371  -47.449  -47.218 0.6999999881
44680  -38.841  -46.441  -48.977 0.5000000000
44672  -39.495  -46.147  -48.132 0.6000000238
43450  -35.045  -46.960  -47.643 0.6999999881
44669  -35.797  -46.608  -48.032 0.6000000238
45875  -39.011  -45.868  -47.228 0.5000000000
44670  -36.529  -46.445  -47.474 0.5000000000
39827  -30.161  -50.657  -43.789 0.6000000238
41024  -30.822  -50.205  -43.113 0.6000000238
39875  -40.465  -50.294  -51.009 0.5000000000
42231  -41.142  -48.698  -51.354 0.5000000000
168430  -31.805  -50.227  -43.973 0.6999999881
41034  -31.902  -50.134  -44.800 0.6999999881
152947  -39.985  -48.811  -51.287 0.5000000000
160305  -39.955  -48.141  -51.163 0.5000000000
43469  -41.935  -47.491  -50.836 0.4000000060
41042  -33.247  -49.025  -45.424 0.6999999881
166226  -40.647  -47.287  -50.672 0.5000000000
148529  -33.828  -48.582  -45.246 0.6999999881
42212  -34.375  -47.856  -46.270 0.6999999881
159517  -41.643  -46.359  -49.522 0.5000000000
43443  -35.120  -47.288  -46.495 0.6999999881
151990  -35.805  -46.916  -46.193 0.6000000238
44661  -35.794  -46.753  -47.046 0.6000000238
45876  -40.037  -45.683  -47.432 0.5000000000
44654  -36.695  -46.307  -45.474 0.5000000000
44655  -37.211  -46.088  -45.896 0.5000000000
45868  -37.872  -45.803  -46.219 0.5000000000
45870  -39.575  -45.359  -46.601 0.5000000000
45869  -38.685  -45.600  -46.368 0.5000000000
48151  -40.390  -43.498  -46.348 0.3000000119
43459  -43.714  -47.654  -50.030 0.3000000119
41022  -28.852  -49.688  -43.279 0.6000000238
41023  -29.857  -49.997  -43.071 0.6000000238
42233  -42.527  -48.083  -51.062 0.4000000060
43471  -43.765  -47.294  -50.101 0.4000000060
41027  -32.887  -49.269  -43.677 0.6000000238
42200  -33.534  -48.812  -44.389 0.6999999881
42201  -34.246  -48.227  -44.769 0.6999999881
44673  -40.700  -45.908  -48.446 0.5000000000
43438  -35.471  -47.210  -45.653 0.5000000000
45877  -41.160  -45.422  -47.914 0.5000000000
44653  -36.049  -46.729  -45.364 0.5000000000
47017  -41.063  -44.515  -47.215 0.4000000060
47016  -40.032  -44.734  -46.351 0.3000000119
48155  -41.263  -43.681  -47.220 0.4000000060
47010  -38.786  -44.584  -45.155 0.5000000000
47012  -39.658  -44.134  -45.635 0.4000000060
41012  -29.385  -48.839  -42.686 0.6000000238
41013  -30.443  -49.371  -42.529 0.6000000238
42183  -31.712  -48.819  -42.044 0.6000000238
42185  -33.117  -48.339  -42.302 0.6000000238
45881  -43.839  -45.952  -49.139 0.3000000119
45880  -42.212  -45.783  -48.948 0.4000000060
42194  -33.419  -48.639  -43.250 0.6000000238
45878  -42.738  -45.194  -48.450 0.3000000119
42195  -34.100  -48.167  -43.765 0.6000000238
42206  -34.232  -48.200  -45.557 0.6999999881
48159  -43.064  -43.694  -48.173 0.3000000119
43432  -34.744  -47.663  -44.289 0.6000000238
48158  -42.384  -42.806  -48.296 0.3000000119
48156  -42.144  -43.866  -47.817 0.3000000119
44640  -35.620  -46.319  -43.318 0.5000000000
43433  -35.396  -47.204  -44.796 0.5000000000
44647  -36.513  -46.203  -44.699 0.5000000000
49356  -41.224  -42.796  -47.487 0.3000000119
45862  -37.125  -45.849  -45.035 0.5000000000
45858  -37.605  -45.134  -44.492 0.5000000000
49355  -40.692  -41.973  -47.646 0.3000000119
45857  -36.889  -45.559  -44.210 0.5000000000
48150  -39.549  -43.101  -45.574 0.4000000060
156218  -40.305  -42.729  -46.599 0.3000000119
42181  -28.628  -47.847  -42.866 0.5000000000
165643  -30.738  -48.067  -41.890 0.5000000000
43427  -33.833  -47.910  -42.696 0.6000000238
43416  -33.401  -47.533  -41.815 0.5000000000
51848  -42.285  -40.959  -48.717 0.3000000119
43428  -34.531  -47.454  -43.214 0.6000000238
51852  -41.680  -40.497  -48.780 0.3000000119
49360  -41.848  -41.956  -48.693 0.3000000119
44641  -36.274  -45.951  -43.810 0.5000000000
48134  -37.181  -43.615  -43.395 0.5000000000
48144  -38.877  -43.749  -44.856 0.4000000060
49350  -38.088  -42.324  -44.734 0.4000000060
43413  -29.464  -47.695  -42.515 0.5000000000
43414  -30.238  -47.503  -42.179 0.5000000000
42173  -30.990  -47.450  -41.810 0.5000000000
42174  -31.378  -48.150  -41.725 0.5000000000
43407  -31.846  -47.449  -41.522 0.5000000000
51841  -41.430  -39.969  -46.995 0.3000000119
51847  -41.830  -40.068  -48.330 0.3000000119
43417  -34.204  -47.110  -42.129 0.6000000238
44639  -34.919  -46.672  -42.715 0.6000000238
45851  -35.941  -45.584  -42.955 0.5000000000
47005  -36.968  -44.378  -43.314 0.5000000000
50608  -39.645  -42.075  -46.493 0.4000000060
49353  -37.975  -41.430  -45.519 0.4000000060
44625  -30.456  -46.638  -42.277 0.5000000000
44626  -31.025  -46.222  -42.333 0.5000000000
44612  -31.895  -46.421  -41.760 0.5000000000
50609  -40.608  -40.577  -45.613 0.4000000060
51840  -40.580  -39.789  -46.049 0.4000000060
44613  -32.938  -46.175  -41.485 0.5000000000
44614  -33.718  -45.938  -41.449 0.5000000000
52927  -40.988  -39.039  -46.852 0.4000000060
52931  -41.380  -39.113  -47.956 0.3000000119
45832  -33.221  -45.431  -41.792 0.4000000060
52933  -41.292  -39.627  -48.545 0.3000000119
44628  -34.476  -46.144  -41.755 0.5000000000
154876  -35.177  -44.619  -42.051 0.4000000060
46999  -35.754  -44.415  -42.358 0.4000000060
50598  -37.292  -41.639  -44.776 0.4000000060
45831  -29.914  -45.565  -42.284 0.5000000000
45843  -30.505  -45.695  -42.473 0.5000000000
45844  -31.255  -45.574  -42.577 0.5000000000
51835  -39.787  -40.057  -45.118 0.4000000060
45845  -32.159  -45.523  -42.279 0.5000000000
46995  -31.655  -44.729  -42.899 0.4000000060
52926  -40.332  -39.041  -45.914 0.4000000060
53959  -40.595  -38.382  -46.682 0.4000000060
46996  -32.491  -44.765  -42.729 0.4000000060
45833  -34.125  -45.330  -41.617 0.4000000060
53964  -40.825  -38.444  -47.490 0.4000000060
46998  -34.514  -44.604  -41.971 0.4000000060
48121  -35.066  -43.831  -42.351 0.4000000060
48132  -35.529  -42.973  -42.876 0.4000000060
49334  -37.076  -42.746  -43.563 0.4000000060
49333  -36.110  -42.385  -43.463 0.4000000060
50606  -37.793  -40.605  -46.403 0.4000000060
145410  -37.031  -40.812  -45.626 0.4000000060
46983  -30.403  -44.774  -41.304 0.5000000000
46990  -30.471  -45.035  -42.377 0.4000000060
52916  -38.585  -39.594  -43.654 0.4000000060
52921  -38.985  -39.077  -44.312 0.4000000060
46991  -31.294  -44.484  -42.696 0.5000000000
48119  -31.642  -43.832  -42.874 0.4000000060
47004  -32.829  -44.123  -43.116 0.4000000060
147144  -39.948  -36.923  -45.434 0.4000000060
48120  -33.912  -43.944  -42.639 0.4000000060
160532  -34.220  -43.034  -43.270 0.4000000060
50611  -37.740  -40.089  -46.984 0.3000000119
49349  -36.693  -41.951  -44.097 0.4000000060
46984  -31.029  -44.273  -40.929 0.4000000060
48110  -31.555  -43.676  -40.626 0.5000000000
49293  -31.911  -43.142  -41.398 0.4000000060
53954  -39.533  -38.133  -44.779 0.4000000060
49306  -31.819  -43.241  -42.578 0.4000000060
47003  -32.161  -44.106  -43.286 0.4000000060
49320  -32.272  -42.628  -43.110 0.4000000060
166352  -32.490  -43.640  -43.446 0.4000000060
48131  -33.106  -43.454  -43.456 0.4000000060
49331  -33.180  -42.686  -43.852 0.4000000060
49332  -34.998  -42.239  -43.679 0.4000000060
49348  -35.626  -41.661  -44.280 0.4000000060
51843  -36.571  -39.886  -46.753 0.4000000060
50605  -35.943  -40.469  -45.857 0.4000000060
49307  -32.249  -42.505  -42.123 0.4000000060
49330  -32.499  -42.704  -43.609 0.4000000060
49345  -32.746  -41.890  -44.073 0.4000000060
52928  -37.131  -39.513  -46.823 0.4000000060
50595  -32.987  -41.231  -44.528 0.4000000060
49347  -34.375  -41.560  -44.680 0.4000000060
146581  -33.554  -41.280  -44.780 0.4000000060
50603  -34.241  -40.704  -45.386 0.4000000060
50604  -35.021  -40.385  -45.967 0.4000000060
49287  -32.518  -42.336  -39.788 0.4000000060
50549  -33.008  -41.610  -40.367 0.4000000060
50560  -32.727  -41.734  -41.633 0.4000000060
51815  -32.786  -40.958  -42.359 0.4000000060
50572  -32.551  -41.813  -42.789 0.4000000060
51824  -32.580  -41.019  -43.394 0.4000000060
51831  -32.677  -41.133  -44.107 0.4000000060
51832  -32.940  -40.477  -44.499 0.4000000060
52925  -36.267  -39.607  -46.539 0.3000000119
51837  -34.641  -40.025  -46.038 0.4000000060
51838  -35.658  -40.024  -46.507 0.4000000060
50509  -32.334  -41.373  -38.568 0.4000000060
50532  -32.801  -41.633  -39.297 0.4000000060
51765  -33.046  -41.031  -38.857 0.4000000060
50550  -33.420  -40.847  -40.292 0.4000000060
51799  -33.185  -40.934  -41.210 0.4000000060
51816  -32.824  -40.141  -42.955 0.4000000060
52910  -32.937  -39.286  -43.457 0.4000000060
53957  -37.440  -38.183  -46.404 0.4000000060
53960  -36.934  -39.026  -46.594 0.3000000119
52920  -33.390  -39.923  -44.826 0.4000000060
53955  -35.274  -38.915  -45.738 0.5000000000
165506  -33.794  -39.523  -45.065 0.5000000000
52861  -33.011  -40.176  -37.852 0.4000000060
52862  -33.524  -39.758  -38.147 0.4000000060
51750  -33.409  -40.382  -38.641 0.4000000060
142696  -33.741  -38.973  -38.044 0.4000000060
51766  -33.656  -40.347  -39.640 0.4000000060
168714  -33.077  -38.982  -44.087 0.4000000060
53952  -34.824  -38.575  -45.052 0.5000000000
53879  -32.537  -38.913  -37.035 0.4000000060
147021  -33.111  -38.096  -36.718 0.4000000060
143011  -33.713  -38.194  -37.433 0.4000000060
53943  -33.507  -38.558  -44.216 0.4000000060
55046  -34.221  -38.138  -44.357 0.5000000000
55990  -31.852  -36.800  -36.120 0.4000000060
144460  -32.731  -36.834  -36.021 0.4000000060
54968  -33.167  -37.185  -36.375 0.4000000060
55037  -33.755  -37.930  -43.605 0.5000000000
59242  -31.565  -33.284  -35.825 0.4000000060
147630  -31.631  -35.832  -36.023 0.4000000060
57048  -32.100  -35.396  -35.610 0.4000000060
55991  -32.535  -36.098  -35.727 0.4000000060
58170  -32.673  -34.343  -35.466 0.4000000060
58171  -33.261  -34.412  -35.690 0.5000000000
57047  -31.451  -34.885  -35.954 0.4000000060
47006  -37.620  -44.308  -43.828 0.5000000000
48143  -37.986  -43.309  -44.118 0.5000000000
49354  -38.815  -42.211  -45.505 0.4000000060
38626  -35.898  -51.609  -48.580 0.5000000000
38630  -33.100  -50.759  -49.437 0.8000000119
39862  -32.359  -49.743  -49.300 0.8000000119
41060  -31.661  -48.648  -49.035 0.6999999881
165091  -37.885  -52.039  -49.285 0.5000000000
41058  -30.206  -48.829  -48.156 0.6999999881
37452  -38.374  -52.676  -49.701 0.5000000000
41048  -30.571  -48.823  -47.302 0.6999999881
38636  -39.094  -51.092  -50.187 0.4000000060
41040  -31.391  -49.658  -46.049 0.6999999881
39835  -31.143  -50.566  -44.100 0.6999999881
38638  -40.129  -51.031  -50.656 0.4000000060
146061  -41.890  -50.309  -51.011 0.4000000060
39826  -29.379  -50.450  -43.611 0.6000000238
42222  -42.963  -48.383  -50.652 0.4000000060
145286  -27.888  -49.157  -43.467 0.6000000238
142913  -27.869  -48.025  -43.266 0.5000000000
143372  -28.713  -46.840  -42.724 0.5000000000
44624  -29.617  -46.795  -42.485 0.5000000000
45830  -29.118  -45.615  -42.170 0.4000000060
166725  -30.597  -44.575  -39.946 0.4000000060
48106  -30.972  -43.917  -39.219 0.4000000060
164507  -31.250  -44.099  -39.976 0.4000000060
48098  -31.267  -43.155  -38.847 0.4000000060
166382  -31.531  -42.477  -38.698 0.4000000060
51737  -32.237  -40.361  -37.830 0.4000000060
52850  -32.336  -39.743  -37.489 0.4000000060
144777  -31.489  -38.503  -37.025 0.4000000060
53863  -31.653  -37.667  -36.562 0.4000000060
58180  -31.141  -33.976  -36.241 0.4000000060
38631  -33.730  -51.481  -49.377 0.8000000119
43448  -33.320  -47.411  -48.482 0.6999999881
41069  -37.963  -49.075  -50.882 0.6000000238
43466  -37.582  -47.328  -50.004 0.6999999881
43464  -35.750  -47.298  -49.753 0.6999999881
44688  -39.502  -46.883  -50.006 0.6000000238
160068  -37.918  -46.465  -48.712 0.6000000238
44679  -37.196  -46.554  -48.894 0.6000000238
44681  -40.130  -46.361  -49.217 0.5000000000
41025  -31.714  -49.973  -43.280 0.6000000238
41072  -42.134  -49.364  -51.135 0.5000000000
43476  -41.250  -47.920  -51.188 0.5000000000
44682  -43.264  -46.567  -49.731 0.3000000119
45859  -38.199  -45.032  -44.951 0.5000000000
43415  -32.617  -47.916  -41.656 0.6000000238
47009  -38.235  -44.368  -44.481 0.5000000000
155539  -37.466  -42.377  -44.172 0.4000000060
160483  -36.636  -43.846  -42.962 0.4000000060
50607  -38.788  -41.231  -46.395 0.4000000060
50596  -35.175  -41.020  -45.321 0.4000000060
159833  -33.825  -42.200  -44.161 0.4000000060
49276  -31.916  -42.808  -39.284 0.4000000060
51836  -33.947  -40.048  -45.366 0.4000000060
55981  -33.072  -35.856  -35.739 0.4000000060
25770  -30.978  -62.141  -53.972 0.4000000060
26961  -30.947  -61.421  -54.666 0.4000000060
29215  -29.787  -59.570  -56.359 0.4000000060
171039  -29.967  -59.134  -56.827 0.4000000060
29208  -28.761  -59.744  -55.391 0.4000000060
29214  -29.083  -59.617  -56.063 0.4000000060
30274  -28.978  -58.496  -56.568 0.4000000060
31361  -27.974  -58.194  -55.935 0.4000000060
31357  -29.644  -57.331  -54.524 0.5000000000
148071  -27.843  -59.422  -55.336 0.4000000060
30269  -27.670  -58.642  -55.906 0.4000000060
31355  -27.621  -57.835  -55.493 0.5000000000
31356  -28.312  -57.490  -55.030 0.5000000000
31344  -29.080  -57.695  -52.992 0.6000000238
28058  -28.519  -59.975  -53.998 0.4000000060
29207  -26.977  -58.903  -55.030 0.4000000060
31354  -26.758  -57.898  -55.200 0.4000000060
31351  -29.884  -57.337  -53.709 0.5000000000
145851  -38.593  -51.739  -49.759 0.3000000119
37454  -39.942  -51.822  -50.504 0.4000000060
41065  -42.461  -49.841  -50.743 0.3000000119
31345  -30.181  -57.369  -52.845 0.5000000000
34924  -36.656  -54.663  -48.450 0.5000000000
34925  -37.648  -53.806  -49.109 0.4000000060
161344  -26.178  -59.026  -52.881 0.4000000060
31349  -27.512  -57.443  -54.432 0.5000000000
31343  -27.968  -57.464  -53.400 0.5000000000
29199  -26.934  -59.432  -53.077 0.4000000060
30265  -26.310  -58.212  -55.042 0.4000000060
153043  -29.532  -57.895  -52.010 0.6000000238
31338  -30.653  -57.413  -51.956 0.6000000238
31316  -31.449  -57.685  -48.777 0.6999999881
36217  -36.462  -53.696  -48.033 0.5000000000
161295  -31.254  -57.863  -49.807 0.6999999881
31308  -33.117  -57.244  -48.068 0.6999999881
34913  -35.919  -54.414  -47.718 0.6999999881
31307  -32.074  -57.310  -47.816 0.6999999881
32460  -33.085  -56.153  -47.020 0.6999999881
31342  -26.797  -57.272  -53.862 0.5000000000
31337  -29.132  -57.952  -51.244 0.6000000238
142067  -29.672  -57.840  -49.833 0.6000000238
31347  -25.588  -57.739  -53.919 0.4000000060
31341  -25.827  -57.336  -53.878 0.5000000000
31335  -27.325  -57.273  -52.849 0.6000000238
162072  -29.581  -58.021  -50.553 0.6000000238
31305  -30.505  -57.423  -48.673 0.6000000238
31306  -31.163  -57.298  -48.086 0.6000000238
167100  -42.566  -49.089  -50.871 0.3000000119
31326  -30.349  -58.036  -50.252 0.6000000238
32459  -32.193  -56.483  -47.135 0.6999999881
36207  -35.602  -53.488  -47.586 0.6000000238
37448  -36.817  -52.053  -48.514 0.5000000000
32503  -25.118  -56.782  -52.779 0.6000000238
155960  -26.118  -56.494  -52.582 0.6000000238
32490  -27.311  -56.194  -51.447 0.6999999881
32491  -27.983  -56.914  -51.125 0.6000000238
31324  -28.395  -57.665  -51.345 0.6000000238
32471  -30.538  -56.633  -48.188 0.6000000238
31340  -25.225  -57.172  -53.221 0.5000000000
33696  -31.579  -55.845  -47.149 0.6000000238
33697  -32.451  -55.577  -46.908 0.6999999881
34911  -34.164  -54.260  -46.941 0.6999999881
33698  -33.470  -55.138  -46.869 0.6999999881
37447  -36.091  -52.578  -47.984 0.6000000238
36206  -34.711  -53.439  -47.312 0.6999999881
33733  -26.455  -56.139  -51.689 0.6000000238
149706  -27.941  -55.765  -50.780 0.6999999881
33716  -29.063  -55.180  -49.869 0.6999999881
32492  -28.648  -56.291  -50.273 0.6999999881
33705  -29.901  -56.114  -48.800 0.6000000238
34909  -31.865  -55.031  -47.207 0.6999999881
34910  -32.653  -54.677  -47.014 0.6999999881
37438  -35.215  -52.756  -47.671 0.6000000238
34933  -30.018  -54.140  -49.422 0.6999999881
144199  -32.088  -52.767  -49.169 0.6999999881
34932  -29.413  -54.524  -49.551 0.6999999881
36213  -31.485  -53.322  -49.084 0.6000000238
34922  -31.373  -54.094  -48.605 0.5000000000
33718  -29.795  -55.032  -49.352 0.6999999881
34921  -30.577  -54.497  -48.967 0.6000000238
34923  -32.035  -54.271  -47.712 0.6999999881
37451  -34.351  -51.893  -48.961 0.5000000000
33707  -31.134  -55.104  -47.851 0.6000000238
36204  -32.787  -53.802  -47.549 0.6999999881
36205  -33.719  -53.509  -47.370 0.6000000238
37443  -31.484  -51.903  -48.901 0.6999999881
37444  -32.269  -51.855  -49.137 0.6999999881
38623  -31.570  -50.868  -48.832 0.6999999881
36215  -32.997  -52.961  -48.559 0.6000000238
170225  -32.757  -52.369  -49.130 0.6999999881
155734  -37.065  -54.025  -48.643 0.5000000000
36214  -32.098  -53.485  -48.566 0.6000000238
28063  -30.300  -60.593  -55.003 0.4000000060
31362  -28.485  -57.757  -55.810 0.4000000060
29204  -27.798  -59.761  -53.490 0.4000000060
30268  -27.027  -58.427  -55.449 0.4000000060
31353  -26.024  -57.807  -54.648 0.4000000060
30264  -25.854  -58.062  -54.613 0.4000000060
32461  -34.039  -55.937  -47.264 0.6999999881
33699  -34.533  -55.058  -47.105 0.6999999881
31325  -28.908  -57.548  -50.520 0.6000000238
32481  -29.341  -57.144  -49.631 0.6000000238
32504  -25.560  -56.762  -53.111 0.6999999881
32499  -26.903  -56.670  -52.241 0.6000000238
165214  -30.748  -53.611  -49.269 0.6000000238
163389  -27.917  -55.144  -50.178 0.5000000000
30257  -25.167  -58.302  -52.440 0.4000000060
32497  -24.978  -56.541  -52.008 0.5000000000
157369  -28.198  -54.693  -49.620 0.6000000238
29187  -25.211  -58.832  -51.506 0.4000000060
30249  -24.652  -58.490  -50.996 0.5000000000
152250  -24.633  -57.426  -52.220 0.5000000000
32489  -25.119  -56.129  -51.186 0.5000000000
33715  -26.834  -55.200  -50.201 0.5000000000
34919  -27.714  -54.386  -48.965 0.5000000000
33725  -26.295  -55.600  -50.875 0.5000000000
36221  -29.430  -54.144  -49.476 0.6000000238
37442  -30.333  -52.836  -48.983 0.5000000000
36211  -29.127  -53.598  -48.943 0.5000000000
37441  -29.456  -52.846  -48.562 0.6999999881
38621  -29.829  -50.771  -48.303 0.6000000238
149063  -25.042  -59.272  -50.532 0.5000000000
30248  -24.361  -58.061  -50.480 0.5000000000
33723  -24.881  -55.950  -50.472 0.5000000000
34929  -26.200  -54.801  -49.549 0.5000000000
33714  -25.889  -55.212  -50.150 0.5000000000
158974  -30.621  -51.885  -48.629 0.6000000238
37440  -28.560  -53.022  -48.039 0.6000000238
38618  -28.846  -50.674  -48.007 0.5000000000
41057  -29.457  -48.952  -47.863 0.6000000238
30243  -24.440  -58.849  -50.064 0.5000000000
31314  -24.450  -57.439  -49.894 0.5000000000
33704  -24.843  -55.078  -49.190 0.5000000000
34928  -25.419  -54.954  -49.540 0.5000000000
36210  -27.087  -53.944  -48.220 0.5000000000
39858  -30.784  -49.699  -48.601 0.6000000238
37437  -28.735  -51.906  -47.900 0.5000000000
165995  -29.272  -48.893  -47.528 0.6000000238
29181  -24.480  -58.984  -49.231 0.5000000000
30242  -24.361  -58.313  -49.593 0.5000000000
31302  -24.589  -57.679  -49.139 0.5000000000
32456  -24.699  -56.011  -48.436 0.5000000000
34907  -24.828  -54.473  -47.663 0.6000000238
34916  -24.772  -54.801  -48.399 0.4000000060
36200  -24.826  -53.643  -47.253 0.4000000060
34908  -25.029  -54.105  -47.984 0.5000000000
36202  -26.411  -53.313  -47.639 0.5000000000
34917  -25.376  -54.527  -48.847 0.4000000060
38613  -25.928  -51.807  -46.258 0.4000000060
38614  -26.867  -51.466  -46.361 0.5000000000
38616  -27.295  -51.550  -46.864 0.5000000000
38612  -25.260  -52.094  -46.088 0.4000000060
39852  -27.890  -49.811  -47.141 0.6000000238
39853  -28.405  -49.663  -47.553 0.6000000238
41047  -29.535  -48.933  -47.161 0.6000000238
41039  -30.300  -49.676  -46.299 0.6000000238
37434  -25.893  -52.745  -47.150 0.5000000000
38605  -26.259  -51.357  -45.876 0.5000000000
38607  -27.831  -50.765  -45.853 0.5000000000
39851  -27.639  -50.623  -46.695 0.5000000000
39840  -25.668  -51.074  -45.346 0.4000000060
38596  -26.643  -51.046  -45.292 0.5000000000
39841  -28.441  -50.363  -46.080 0.6000000238
39846  -27.842  -50.030  -46.720 0.6000000238
39848  -29.197  -49.763  -46.401 0.6000000238
39833  -29.257  -50.841  -44.406 0.5000000000
42191  -27.100  -48.229  -43.632 0.3000000119
41021  -26.890  -49.337  -43.806 0.4000000060
39830  -26.121  -50.654  -44.802 0.4000000060
39831  -27.160  -50.691  -44.584 0.5000000000
39834  -30.212  -50.797  -44.730 0.5000000000
46982  -29.819  -45.072  -40.554 0.3000000119
45841  -28.406  -45.994  -42.501 0.3000000119
43426  -27.920  -47.160  -43.087 0.4000000060
158715  -29.480  -44.407  -38.771 0.3000000119
50508  -31.430  -41.720  -38.403 0.3000000119
48097  -30.484  -43.414  -38.581 0.3000000119
152227  -30.900  -40.905  -38.325 0.3000000119
51748  -31.810  -40.861  -38.147 0.3000000119
52849  -31.272  -39.993  -37.876 0.3000000119
52848  -30.900  -39.042  -37.662 0.3000000119
54983  -30.826  -37.733  -37.211 0.3000000119
55989  -31.112  -36.224  -36.541 0.3000000119
39825  -27.672  -50.160  -43.916 0.5000000000
147833  -29.766  -44.805  -39.462 0.3000000119
32488  -24.724  -56.600  -51.143 0.5000000000
37436  -27.865  -52.182  -47.406 0.5000000000
41045  -28.322  -49.342  -47.156 0.6000000238
32473  -33.609  -56.708  -47.627 0.6000000238
33708  -34.988  -55.761  -47.679 0.6000000238
36228  -41.335  -53.630  -50.530 0.3000000119
36227  -40.438  -54.053  -50.922 0.3000000119
36226  -39.482  -53.924  -50.729 0.3000000119
37453  -39.301  -52.583  -50.311 0.3000000119
33721  -38.959  -55.230  -50.756 0.3000000119
36223  -38.951  -53.386  -50.299 0.3000000119
32474  -34.515  -56.573  -47.989 0.6000000238
33709  -35.964  -55.434  -48.195 0.5000000000
34937  -41.473  -54.495  -50.056 0.3000000119
37455  -42.010  -52.614  -50.201 0.3000000119
169189  -40.733  -53.303  -50.846 0.3000000119
38639  -41.349  -52.076  -50.684 0.3000000119
34935  -38.210  -54.548  -49.882 0.3000000119
34934  -37.441  -54.837  -49.282 0.3000000119
33710  -36.858  -55.588  -48.964 0.4000000060
30259  -25.005  -57.579  -52.882 0.4000000060
34927  -41.229  -54.738  -49.619 0.3000000119
158889  -42.120  -53.144  -49.974 0.3000000119
38629  -41.894  -51.531  -49.654 0.3000000119
38637  -41.929  -51.656  -50.301 0.3000000119
145647  -31.016  -57.677  -56.607 0.5000000000
32523  -32.229  -56.456  -55.987 0.5000000000
28070  -30.455  -60.138  -55.878 0.4000000060
28079  -30.749  -59.506  -56.720 0.4000000060
146728  -30.700  -58.896  -57.144 0.4000000060
160938  -31.632  -58.542  -57.287 0.5000000000
33734  -32.102  -55.429  -53.463 0.5000000000
32515  -32.218  -55.330  -54.582 0.5000000000
31369  -30.398  -57.767  -56.479 0.5000000000
31364  -31.265  -57.041  -55.930 0.5000000000
160316  -29.843  -58.573  -56.800 0.4000000060
32502  -32.766  -56.633  -51.794 0.6000000238
32507  -32.300  -55.979  -52.450 0.6000000238
146662  -31.635  -56.739  -51.934 0.5000000000
32514  -31.505  -55.847  -54.473 0.5000000000
31368  -29.362  -57.842  -56.279 0.3000000119
32518  -30.602  -56.925  -54.796 0.4000000060
166834  -31.167  -56.547  -55.138 0.5000000000
165207  -33.703  -57.731  -49.452 0.6000000238
32501  -32.204  -56.761  -51.341 0.6000000238
32513  -30.784  -56.593  -54.106 0.4000000060
32506  -31.332  -56.268  -52.858 0.5000000000
33720  -38.116  -55.504  -50.136 0.3000000119
32483  -35.929  -56.955  -49.201 0.4000000060
31317  -32.618  -57.528  -48.690 0.6000000238
33728  -38.771  -56.254  -50.778 0.3000000119
171020  -39.947  -55.400  -51.144 0.3000000119
33719  -37.474  -55.771  -49.659 0.3000000119
32475  -35.434  -56.373  -48.450 0.5000000000
142943  -32.269  -57.571  -49.583 0.6000000238
31318  -33.526  -57.478  -48.827 0.6000000238
31327  -32.758  -57.228  -50.639 0.6000000238
32484  -36.925  -56.553  -49.641 0.3000000119
31339  -33.151  -57.160  -51.255 0.5000000000
154435  -33.297  -57.301  -51.966 0.5000000000
31328  -33.406  -57.694  -50.257 0.5000000000
30258  -33.396  -58.118  -51.084 0.4000000060
30244  -34.105  -58.089  -49.735 0.5000000000
30263  -33.499  -57.830  -52.979 0.5000000000
31346  -33.385  -56.496  -52.865 0.5000000000
30261  -33.357  -58.358  -52.010 0.4000000060
29189  -33.826  -59.048  -50.663 0.4000000060
31320  -34.890  -58.202  -49.511 0.4000000060
166988  -34.942  -57.763  -49.184 0.5000000000
32511  -32.761  -55.468  -53.319 0.5000000000
148549  -33.192  -55.740  -53.316 0.5000000000
165013  -35.507  -57.753  -49.463 0.4000000060
22325  -33.261  -65.442  -58.462 0.3000000119
21092  -34.500  -66.316  -57.991 0.3000000119
22326  -34.151  -65.128  -58.713 0.3000000119
24587  -34.635  -63.620  -60.118 0.3000000119
143683  -35.743  -63.596  -59.248 0.4000000060
23461  -33.537  -64.073  -60.041 0.3000000119
23469  -33.318  -63.121  -60.522 0.3000000119
25803  -37.471  -62.546  -58.956 0.4000000060
24588  -35.485  -62.844  -60.058 0.4000000060
25807  -34.301  -62.572  -60.536 0.3000000119
24592  -32.330  -62.748  -60.227 0.3000000119
151486  -37.595  -61.222  -58.708 0.4000000060
26992  -36.779  -61.010  -58.900 0.4000000060
25801  -35.164  -62.007  -60.182 0.4000000060
26995  -34.191  -61.939  -60.259 0.4000000060
25797  -33.981  -61.959  -58.767 0.4000000060
25800  -33.879  -61.805  -59.824 0.4000000060
28091  -39.543  -59.318  -57.151 0.3000000119
28094  -37.687  -60.240  -58.410 0.4000000060
29235  -37.368  -59.291  -58.190 0.4000000060
28093  -36.632  -60.170  -58.720 0.4000000060
29233  -35.605  -59.488  -58.525 0.4000000060
28088  -35.013  -60.148  -58.615 0.4000000060
156000  -34.550  -60.295  -58.208 0.4000000060
28074  -37.306  -59.296  -55.840 0.3000000119
29231  -38.000  -58.490  -57.548 0.4000000060
30281  -37.059  -57.522  -57.460 0.4000000060
29230  -37.204  -58.402  -57.901 0.4000000060
147394  -35.821  -57.903  -57.835 0.4000000060
147090  -35.284  -57.361  -57.551 0.4000000060
141741  -35.104  -59.137  -58.261 0.4000000060
29228  -34.639  -58.484  -57.953 0.4000000060
167565  -34.676  -59.765  -58.295 0.4000000060
28087  -34.235  -59.579  -58.078 0.4000000060
29217  -37.554  -57.816  -56.636 0.4000000060
30276  -36.594  -56.725  -56.877 0.4000000060
31372  -34.459  -56.467  -56.852 0.4000000060
31375  -33.796  -57.336  -57.319 0.4000000060
29227  -33.382  -58.965  -57.995 0.4000000060
30279  -34.149  -57.941  -57.650 0.4000000060
28083  -34.131  -60.613  -57.416 0.4000000060
30271  -36.060  -56.807  -56.348 0.4000000060
31365  -35.174  -56.309  -56.290 0.4000000060
32525  -34.192  -55.936  -56.202 0.4000000060
31371  -33.551  -56.659  -56.746 0.4000000060
29226  -32.445  -58.772  -57.683 0.4000000060
31374  -32.702  -57.785  -57.243 0.4000000060
31359  -34.892  -56.251  -55.587 0.4000000060
32516  -33.779  -55.457  -54.571 0.4000000060
33737  -32.593  -55.172  -54.407 0.4000000060
31358  -34.212  -56.242  -54.532 0.4000000060
31352  -33.592  -55.877  -53.811 0.4000000060
29196  -33.517  -59.200  -51.500 0.3000000119
30251  -35.357  -59.257  -50.034 0.3000000119
167807  -32.563  -55.783  -55.538 0.4000000060
156784  -33.792  -56.736  -53.595 0.4000000060
31329  -35.818  -58.569  -49.938 0.3000000119
32512  -33.225  -55.331  -53.929 0.4000000060
25802  -36.304  -62.269  -59.597 0.4000000060
26991  -36.005  -61.496  -59.542 0.4000000060
28092  -35.683  -60.198  -58.853 0.4000000060
26990  -35.006  -61.207  -59.446 0.4000000060
29224  -38.352  -58.162  -57.036 0.4000000060
29232  -38.722  -58.812  -57.310 0.4000000060
29218  -38.865  -58.784  -56.693 0.3000000119
29234  -36.428  -59.355  -58.445 0.4000000060
159250  -38.029  -57.866  -56.860 0.4000000060
29223  -37.731  -57.599  -57.046 0.4000000060
30280  -36.425  -56.812  -57.190 0.4000000060
29216  -35.594  -57.880  -55.651 0.4000000060
32522  -34.599  -55.891  -55.847 0.4000000060
30278  -33.228  -58.276  -57.650 0.4000000060
32521  -33.812  -55.491  -55.311 0.4000000060
30267  -34.630  -57.232  -54.891 0.4000000060
25798  -39.892  -61.775  -58.031 0.3000000119
23465  -38.811  -64.574  -58.397 0.3000000119
23464  -37.817  -64.447  -58.410 0.3000000119
24590  -38.128  -63.516  -58.624 0.3000000119
26994  -39.035  -61.800  -58.435 0.3000000119
24589  -36.732  -63.257  -58.872 0.3000000119
26988  -39.542  -60.564  -57.815 0.3000000119
26993  -38.472  -60.917  -58.352 0.3000000119
28090  -38.752  -59.764  -57.820 0.3000000119
29211  -35.758  -58.919  -55.451 0.3000000119
29210  -34.911  -58.893  -54.897 0.3000000119
29209  -34.378  -58.412  -54.436 0.3000000119
29205  -33.814  -58.786  -53.593 0.3000000119
152914  -34.898  -57.974  -55.130 0.3000000119
21102  -33.642  -66.603  -58.045 0.3000000119
23468  -32.540  -63.459  -60.244 0.3000000119
24591  -39.046  -63.731  -58.449 0.3000000119
25796  -32.731  -62.302  -59.981 0.3000000119
25804  -38.573  -62.725  -58.689 0.3000000119
25806  -33.265  -62.274  -60.367 0.3000000119
26987  -34.614  -61.060  -58.858 0.4000000060
28026  -25.192  -60.182  -49.210 0.5000000000
28069  -29.721  -59.987  -55.672 0.4000000060
28075  -38.361  -59.356  -56.049 0.3000000119
28089  -38.156  -59.248  -57.854 0.4000000060
29182  -24.746  -59.517  -49.613 0.5000000000
29198  -26.098  -58.868  -53.779 0.4000000060
29201  -33.470  -59.263  -52.590 0.3000000119
29202  -26.167  -58.551  -54.572 0.4000000060
29203  -26.867  -59.256  -54.127 0.4000000060
29212  -27.470  -58.967  -55.652 0.4000000060
29213  -28.252  -59.220  -56.021 0.4000000060
29220  -29.076  -59.121  -56.631 0.4000000060
29225  -39.010  -58.801  -56.950 0.3000000119
29229  -36.212  -58.566  -58.173 0.4000000060
30250  -34.526  -58.842  -49.945 0.4000000060
30255  -24.464  -57.720  -51.451 0.5000000000
30256  -24.714  -58.043  -51.983 0.5000000000
30260  -25.513  -58.339  -53.306 0.4000000060
30262  -25.719  -58.274  -54.186 0.4000000060
30266  -34.018  -57.595  -54.005 0.4000000060
30270  -35.321  -57.017  -55.653 0.4000000060
30272  -36.655  -57.438  -56.378 0.4000000060
30273  -28.362  -58.660  -56.326 0.4000000060
30275  -30.830  -58.243  -56.961 0.4000000060
30277  -37.194  -56.981  -57.006 0.4000000060
30282  -37.762  -57.872  -57.331 0.4000000060
31296  -31.378  -56.663  -47.542 0.6000000238
31304  -29.902  -57.490  -49.223 0.6000000238
31309  -34.028  -57.162  -48.373 0.6000000238
31315  -30.481  -57.830  -49.392 0.6000000238
31319  -34.346  -57.672  -49.103 0.5000000000
31323  -24.443  -57.255  -50.880 0.5000000000
31333  -24.549  -57.093  -51.831 0.5000000000
31334  -24.803  -57.062  -52.610 0.4000000060
31336  -28.451  -57.732  -52.190 0.6000000238
31348  -26.529  -57.563  -54.628 0.5000000000
31350  -28.699  -57.469  -54.034 0.5000000000
31360  -27.357  -58.176  -55.622 0.4000000060
31363  -30.368  -57.271  -55.649 0.4000000060
31366  -35.890  -56.596  -56.748 0.4000000060
31367  -28.588  -58.158  -56.260 0.4000000060
31370  -31.754  -57.571  -56.701 0.5000000000
31373  -35.210  -56.431  -56.798 0.4000000060
31376  -34.794  -56.933  -57.291 0.4000000060
31377  -35.630  -56.661  -57.152 0.4000000060
32458  -30.921  -56.012  -47.614 0.6000000238
32468  -24.631  -56.530  -49.214 0.5000000000
32470  -29.831  -56.911  -48.910 0.6000000238
32472  -32.814  -56.855  -47.458 0.6999999881
32476  -36.259  -56.189  -48.863 0.5000000000
32480  -24.610  -56.576  -50.201 0.5000000000
32482  -34.974  -57.241  -48.774 0.5000000000
32498  -25.625  -56.416  -52.350 0.6000000238
32500  -27.739  -57.310  -51.902 0.6000000238
32505  -26.288  -56.857  -53.191 0.5000000000
32508  -32.926  -56.072  -52.653 0.5000000000
32509  -30.843  -56.598  -53.496 0.4000000060
32510  -31.475  -55.739  -53.763 0.5000000000
32517  -34.305  -55.707  -55.219 0.4000000060
32519  -31.936  -55.865  -55.230 0.5000000000
32520  -32.802  -55.305  -55.060 0.4000000060
32524  -33.192  -55.932  -55.924 0.4000000060
32526  -34.811  -56.166  -56.381 0.4000000060
33694  -24.678  -55.210  -48.085 0.5000000000
33700  -35.344  -54.989  -47.485 0.6999999881
33703  -24.651  -55.516  -48.776 0.4000000060
33706  -30.426  -55.575  -48.408 0.6000000238
33712  -24.713  -55.780  -49.601 0.5000000000
33713  -25.149  -55.380  -49.936 0.5000000000
33717  -29.354  -56.130  -49.502 0.6000000238
33724  -25.492  -55.657  -50.703 0.5000000000
33726  -27.182  -55.642  -50.873 0.6000000238
33727  -28.477  -55.308  -50.175 0.6999999881
33732  -25.668  -56.025  -51.503 0.5000000000
33735  -32.085  -55.229  -54.108 0.5000000000
33736  -32.646  -55.167  -53.985 0.4000000060
33738  -33.146  -55.217  -54.540 0.4000000060
34912  -35.083  -54.263  -47.231 0.6999999881
34918  -26.584  -54.439  -48.849 0.5000000000
34920  -28.679  -54.230  -49.298 0.5000000000
34930  -27.285  -54.804  -49.559 0.5000000000
34931  -28.834  -54.716  -49.782 0.5000000000
34936  -38.831  -54.231  -50.419 0.3000000119
34938  -39.652  -54.637  -50.955 0.3000000119
34939  -40.613  -55.053  -51.041 0.3000000119
36201  -25.404  -53.434  -47.538 0.5000000000
36203  -27.559  -53.218  -47.714 0.5000000000
36209  -25.861  -53.936  -48.189 0.4000000060
36212  -29.924  -53.556  -49.279 0.6000000238
36216  -34.235  -52.620  -48.067 0.6000000238
36218  -37.027  -53.103  -48.429 0.5000000000
36220  -41.421  -53.875  -49.615 0.3000000119
36222  -37.655  -52.704  -48.996 0.5000000000
36224  -41.677  -53.775  -50.134 0.3000000119
36225  -41.956  -53.197  -50.243 0.3000000119
37427  -25.040  -52.626  -46.534 0.4000000060
37428  -25.553  -52.388  -46.645 0.4000000060
37429  -26.432  -52.099  -46.690 0.5000000000
37432  -24.853  -53.094  -46.828 0.4000000060
37433  -25.123  -52.927  -47.054 0.4000000060
37435  -26.920  -52.530  -47.165 0.5000000000
37445  -33.486  -52.226  -49.015 0.6000000238
37446  -35.172  -52.070  -48.268 0.5000000000
37450  -42.058  -52.425  -49.826 0.3000000119
37456  -40.465  -52.660  -50.772 0.3000000119
37457  -41.477  -52.914  -50.642 0.3000000119
38597  -27.611  -50.933  -45.216 0.5000000000
38598  -28.494  -50.864  -45.195 0.5000000000
38606  -27.236  -51.052  -46.045 0.5000000000
38617  -27.952  -50.705  -47.411 0.6000000238
38622  -30.740  -50.840  -48.562 0.6000000238
38624  -32.334  -50.838  -49.122 0.6999999881
38627  -37.356  -51.774  -48.900 0.6000000238
38633  -35.447  -51.081  -49.474 0.5000000000
39824  -26.569  -50.143  -44.266 0.4000000060
39832  -28.184  -50.756  -44.480 0.5000000000
39842  -30.056  -50.440  -45.556 0.6000000238
39843  -30.929  -50.459  -45.256 0.6999999881
39847  -28.346  -49.475  -46.822 0.6000000238
39856  -29.120  -49.637  -48.001 0.6000000238
39857  -29.947  -49.662  -48.322 0.6000000238
39859  -31.568  -49.719  -48.948 0.6999999881
41014  -31.331  -49.508  -42.534 0.6000000238
41015  -32.076  -49.324  -42.606 0.6000000238
41026  -32.354  -49.528  -43.210 0.6000000238
41035  -32.282  -49.840  -43.892 0.6999999881
41041  -32.388  -49.423  -45.685 0.6999999881
41046  -28.835  -49.090  -47.190 0.6000000238
41052  -28.862  -49.086  -47.523 0.6000000238
41053  -29.859  -48.776  -47.734 0.6999999881
41054  -30.615  -48.434  -48.069 0.6999999881
41059  -30.996  -48.718  -48.500 0.6999999881
41063  -33.341  -48.792  -49.684 0.6999999881
41064  -34.209  -48.811  -49.920 0.8000000119
41066  -35.007  -48.698  -50.271 0.6999999881
41067  -36.265  -49.409  -50.600 0.6000000238
41068  -37.191  -49.494  -50.675 0.6000000238
41070  -39.270  -49.419  -51.013 0.5000000000
41071  -40.893  -49.482  -51.243 0.5000000000
42175  -32.008  -48.248  -41.653 0.5000000000
42182  -30.969  -48.767  -42.061 0.6000000238
42184  -32.396  -48.635  -42.133 0.6000000238
42192  -28.513  -48.693  -43.087 0.5000000000
42193  -32.740  -49.008  -42.817 0.6000000238
42204  -32.853  -48.802  -46.457 0.6999999881
42205  -33.711  -48.439  -46.136 0.6999999881
42211  -33.253  -48.217  -47.171 0.6999999881
42216  -31.999  -47.954  -48.437 0.6999999881
42223  -32.804  -47.966  -49.310 0.6999999881
42229  -37.780  -48.450  -50.733 0.6000000238
42232  -42.318  -48.640  -51.155 0.4000000060
43408  -32.735  -47.024  -41.406 0.5000000000
43429  -35.213  -47.033  -43.775 0.6000000238
43437  -34.821  -47.696  -45.406 0.6999999881
43442  -33.613  -47.589  -47.720 0.6999999881
43455  -32.737  -47.593  -48.853 0.6999999881
43460  -44.023  -47.328  -49.754 0.3000000119
43461  -33.236  -47.535  -49.200 0.6999999881
43462  -33.937  -47.407  -49.332 0.6999999881
43463  -34.832  -47.329  -49.537 0.6000000238
43468  -39.768  -47.501  -50.765 0.6000000238
43470  -43.103  -47.738  -50.598 0.4000000060
44611  -31.252  -46.841  -41.835 0.5000000000
44627  -33.610  -46.651  -41.558 0.5000000000
44629  -35.299  -45.866  -42.366 0.6000000238
44646  -35.864  -46.600  -44.303 0.5000000000
44662  -36.487  -46.516  -46.346 0.6000000238
44663  -37.244  -46.202  -46.872 0.5000000000
44685  -36.176  -46.831  -49.378 0.6999999881
44686  -37.003  -46.867  -49.446 0.6999999881
44687  -38.041  -46.821  -49.494 0.6999999881
44689  -41.039  -46.837  -50.196 0.5000000000
44690  -42.609  -47.058  -50.358 0.4000000060
45842  -29.760  -46.045  -42.493 0.5000000000
45846  -34.919  -45.270  -41.827 0.5000000000
45847  -35.580  -45.122  -42.283 0.4000000060
45848  -36.118  -44.969  -42.685 0.4000000060
45852  -36.581  -45.144  -43.347 0.5000000000
45853  -37.179  -44.939  -43.803 0.5000000000
45863  -37.734  -45.550  -45.368 0.5000000000
45864  -38.433  -45.302  -45.585 0.5000000000
45865  -39.244  -44.987  -45.814 0.4000000060
45871  -40.468  -45.176  -47.078 0.4000000060
45872  -41.437  -45.010  -47.696 0.3000000119
46961  -30.221  -44.246  -38.924 0.3000000119
46989  -29.755  -45.243  -41.718 0.5000000000
46994  -31.000  -45.087  -42.713 0.5000000000
46997  -33.538  -44.692  -42.185 0.4000000060
47000  -36.394  -44.410  -42.801 0.4000000060
47002  -31.839  -44.010  -43.179 0.4000000060
47013  -40.439  -44.145  -46.404 0.3000000119
47018  -42.415  -44.512  -48.004 0.3000000119
48107  -31.567  -43.495  -39.631 0.4000000060
48113  -31.396  -43.881  -41.953 0.5000000000
48122  -36.001  -43.707  -42.588 0.4000000060
48130  -32.277  -43.497  -43.408 0.4000000060
48133  -36.475  -43.174  -43.033 0.4000000060
48149  -38.725  -42.973  -44.837 0.4000000060
49275  -30.838  -42.549  -38.456 0.3000000119
49286  -32.084  -43.042  -40.212 0.4000000060
49294  -32.450  -42.418  -40.882 0.4000000060
49319  -31.990  -43.350  -43.265 0.4000000060
49346  -33.152  -41.904  -44.311 0.4000000060
49362  -42.444  -41.933  -48.869 0.3000000119
50531  -32.157  -42.109  -38.899 0.4000000060
50533  -33.296  -41.056  -39.584 0.4000000060
50584  -32.615  -41.891  -43.611 0.4000000060
50597  -36.312  -41.230  -44.971 0.4000000060
50616  -42.076  -41.281  -48.946 0.3000000119
50617  -42.619  -41.652  -48.702 0.3000000119
51749  -32.681  -40.738  -38.256 0.4000000060
51785  -33.593  -40.210  -40.754 0.4000000060
51825  -32.704  -40.262  -43.855 0.4000000060
51833  -33.479  -40.620  -44.920 0.4000000060
51834  -39.077  -39.852  -44.338 0.4000000060
51839  -36.783  -40.140  -46.560 0.4000000060
51844  -37.393  -39.830  -47.017 0.4000000060
52851  -33.188  -39.454  -37.538 0.4000000060
52877  -33.805  -39.527  -39.008 0.4000000060
52915  -32.950  -39.651  -44.291 0.4000000060
52922  -39.542  -39.063  -45.082 0.4000000060
52923  -34.432  -39.389  -45.610 0.5000000000
52924  -35.331  -39.551  -46.214 0.4000000060
53864  -32.314  -38.185  -36.624 0.4000000060
53878  -30.691  -38.344  -37.594 0.3000000119
53880  -33.330  -38.784  -37.256 0.4000000060
53950  -33.352  -39.222  -44.629 0.4000000060
53951  -33.987  -38.915  -44.835 0.5000000000
53958  -40.218  -37.910  -45.938 0.4000000060
53966  -40.874  -38.820  -48.204 0.3000000119
54967  -32.526  -37.503  -36.320 0.4000000060
55038  -34.161  -37.528  -42.846 0.5000000000
55049  -39.126  -37.728  -43.310 0.4000000060
55063  -40.325  -37.831  -46.868 0.4000000060
55992  -33.233  -36.346  -36.008 0.4000000060
56004  -30.954  -36.941  -36.811 0.3000000119
57035  -32.177  -34.796  -35.520 0.4000000060
57036  -32.923  -35.213  -35.541 0.4000000060
57037  -33.338  -35.658  -35.895 0.4000000060
58179  -30.673  -34.583  -36.716 0.4000000060
141734  -29.429  -57.424  -55.382 0.3000000119
143461  -38.055  -61.867  -58.782 0.3000000119
144419  -29.330  -50.706  -45.346 0.6000000238
144640  -27.241  -57.608  -55.049 0.5000000000
144924  -31.678  -39.264  -37.346 0.4000000060
145281  -25.970  -59.371  -51.351 0.4000000060
145464  -27.680  -59.599  -54.505 0.4000000060
146426  -36.700  -58.660  -55.891 0.3000000119
146654  -33.092  -57.523  -49.542 0.6000000238
146987  -32.701  -56.903  -56.533 0.4000000060
147080  -28.187  -53.812  -48.466 0.6000000238
147832  -29.527  -60.124  -55.079 0.4000000060
148324  -38.213  -58.335  -56.667 0.4000000060
148689  -30.191  -48.388  -42.240 0.6000000238
149001  -32.659  -43.071  -43.627 0.4000000060
149451  -31.179  -52.800  -49.166 0.6999999881
150203  -32.812  -42.424  -43.863 0.4000000060
151054  -30.025  -58.049  -51.131 0.6000000238
151115  -33.092  -56.671  -52.089 0.5000000000
151180  -34.607  -64.422  -59.227 0.3000000119
151720  -38.255  -53.573  -49.708 0.3000000119
152568  -39.858  -53.305  -50.795 0.3000000119
153476  -37.033  -61.768  -59.160 0.4000000060
157504  -29.680  -51.883  -48.320 0.6999999881
158581  -32.021  -57.328  -50.425 0.6000000238
159103  -33.371  -54.264  -46.974 0.6999999881
159991  -35.501  -56.511  -56.222 0.4000000060
160264  -28.620  -50.410  -43.813 0.6000000238
160369  -35.963  -60.792  -59.158 0.4000000060
161184  -29.289  -59.863  -55.563 0.4000000060
161546  -31.209  -57.576  -50.966 0.6999999881
162859  -32.963  -51.687  -49.299 0.6999999881
164858  -35.512  -49.300  -50.475 0.6000000238
165731  -31.590  -54.640  -47.765 0.6999999881
165946  -29.118  -46.205  -42.531 0.5000000000
166253  -36.539  -46.599  -49.036 0.6000000238
167760  -28.278  -49.906  -43.585 0.5000000000
167883  -30.840  -44.460  -41.992 0.4000000060
168008  -33.757  -58.359  -50.298 0.4000000060
169660  -27.484  -56.777  -51.711 0.6000000238
169785  -28.362  -59.792  -54.774 0.4000000060
170202  -33.633  -41.719  -44.540 0.4000000060
171042  -33.388  -40.715  -39.153 0.4000000060
