#!ascii label  , from subject sub-v1s13x0050016_ses-1 vox2ras=TkReg
839
168981  35.718  -52.407  -44.761 0.3000000119
39010  30.734  -45.640  -43.639 0.6000000238
42677  30.627  -42.470  -44.634 0.6999999881
43883  30.122  -41.879  -43.963 0.6999999881
30713  35.028  -52.927  -44.689 0.4000000060
34379  32.321  -49.611  -43.879 0.4000000060
30697  35.040  -51.881  -44.691 0.5000000000
31902  35.982  -51.413  -44.848 0.5000000000
39009  31.446  -45.279  -43.090 0.6999999881
40235  30.600  -44.689  -45.122 0.6999999881
39021  31.065  -44.991  -44.303 0.5000000000
43895  31.529  -42.123  -45.121 0.6000000238
42692  31.026  -43.109  -45.198 0.6000000238
43882  30.832  -41.521  -44.566 0.6999999881
44993  30.263  -40.597  -43.471 0.6999999881
31883  34.041  -51.180  -45.053 0.5000000000
34378  32.947  -49.142  -44.473 0.4000000060
31903  35.029  -51.029  -45.022 0.6000000238
35503  32.435  -48.349  -42.410 0.4000000060
36685  32.792  -47.371  -42.165 0.5000000000
33172  34.782  -49.615  -46.412 0.6000000238
36686  31.795  -47.480  -42.071 0.6000000238
37872  31.612  -46.528  -42.069 0.6000000238
33157  35.461  -50.395  -45.564 0.6000000238
38998  31.894  -45.747  -42.184 0.6000000238
41464  31.715  -43.465  -45.203 0.6000000238
154695  31.692  -42.880  -45.360 0.6000000238
45005  31.647  -40.030  -45.261 0.6999999881
43881  31.599  -41.014  -45.136 0.6999999881
46166  31.163  -39.603  -44.545 0.6999999881
46145  30.485  -39.069  -42.600 0.6999999881
47415  31.403  -38.734  -44.491 0.6999999881
47407  31.056  -38.430  -43.529 0.6999999881
47406  31.715  -37.839  -44.408 0.6999999881
31904  32.936  -50.886  -45.344 0.5000000000
33160  32.645  -50.142  -45.594 0.5000000000
34393  32.496  -49.732  -45.277 0.5000000000
35502  33.283  -48.138  -42.716 0.4000000060
33173  33.946  -49.548  -46.370 0.5000000000
37871  32.349  -46.520  -41.991 0.6000000238
34421  35.109  -49.070  -47.195 0.6000000238
155281  34.310  -49.141  -46.736 0.5000000000
36743  34.859  -48.200  -46.679 0.5000000000
40222  32.654  -44.125  -43.547 0.6999999881
40233  32.155  -43.852  -44.622 0.6000000238
40223  31.799  -44.555  -43.841 0.6999999881
43894  32.291  -41.432  -45.578 0.6000000238
41475  32.527  -42.602  -45.423 0.6000000238
45016  32.349  -40.514  -45.787 0.6000000238
47421  32.737  -38.748  -45.482 0.6000000238
46165  31.859  -39.123  -45.217 0.6999999881
47391  30.689  -38.108  -42.556 0.6999999881
47413  33.055  -37.905  -45.239 0.6000000238
48662  31.298  -37.447  -43.539 0.6999999881
48667  32.609  -37.439  -44.847 0.6999999881
35515  33.507  -48.592  -43.756 0.4000000060
172506  33.524  -49.443  -46.306 0.5000000000
34392  33.075  -49.136  -45.560 0.4000000060
36684  33.675  -47.255  -42.502 0.5000000000
37870  33.247  -46.490  -42.130 0.6000000238
35540  33.621  -48.824  -46.136 0.4000000060
151480  32.878  -45.579  -42.142 0.6000000238
33174  33.731  -49.130  -46.519 0.4000000060
35539  34.111  -48.400  -45.459 0.4000000060
36728  34.714  -48.045  -45.782 0.4000000060
36712  35.251  -47.669  -44.737 0.4000000060
38997  32.253  -44.892  -42.720 0.6999999881
41463  32.532  -43.225  -45.144 0.6000000238
45015  33.228  -40.148  -46.196 0.6000000238
42690  32.879  -41.812  -45.767 0.6000000238
46172  33.258  -39.341  -45.769 0.6000000238
48655  30.837  -36.991  -42.690 0.6999999881
49918  31.546  -36.354  -43.653 0.6999999881
49924  32.967  -36.632  -44.629 0.6000000238
49917  32.465  -35.941  -44.199 0.6000000238
35526  34.098  -48.296  -44.351 0.4000000060
36697  33.997  -47.902  -43.287 0.4000000060
167061  33.611  -45.186  -42.270 0.6999999881
147489  34.651  -47.759  -43.911 0.4000000060
40212  33.267  -44.504  -42.594 0.8000000119
36711  36.166  -47.517  -45.027 0.5000000000
41446  33.028  -43.452  -44.518 0.6999999881
41462  33.372  -42.644  -45.372 0.6000000238
148719  33.644  -40.832  -46.209 0.5000000000
165297  33.341  -42.102  -45.770 0.6000000238
48639  30.230  -36.516  -41.908 0.6999999881
47405  33.700  -38.114  -44.564 0.6000000238
47420  33.428  -38.542  -45.284 0.6000000238
49909  30.905  -35.655  -42.923 0.8000000119
48660  33.644  -37.132  -44.370 0.6000000238
49923  33.381  -36.783  -44.522 0.6000000238
37884  34.851  -46.576  -42.937 0.5000000000
37869  34.167  -46.364  -42.442 0.6000000238
36695  35.155  -47.152  -43.553 0.5000000000
37882  36.365  -46.237  -43.357 0.6999999881
37901  35.920  -47.091  -43.927 0.4000000060
162514  33.575  -43.666  -43.448 0.6999999881
144850  33.929  -42.979  -44.534 0.6999999881
45013  34.162  -41.170  -46.134 0.6000000238
42689  34.033  -42.033  -46.070 0.6000000238
45004  34.125  -39.923  -45.564 0.6000000238
49910  30.087  -35.365  -42.106 0.6000000238
168695  33.699  -38.207  -45.042 0.6000000238
51086  31.868  -35.266  -43.753 0.6999999881
51077  31.401  -34.549  -43.242 0.6999999881
48653  33.610  -36.739  -43.647 0.6999999881
51083  33.498  -35.392  -43.833 0.6999999881
163774  32.674  -35.120  -44.041 0.6999999881
37868  34.983  -45.864  -42.634 0.5000000000
38996  34.317  -45.329  -42.340 0.6000000238
167421  33.631  -45.800  -42.208 0.6000000238
39007  36.705  -45.198  -43.099 0.6999999881
37883  35.531  -46.404  -43.159 0.6000000238
40211  33.997  -44.658  -42.353 0.6999999881
39006  37.451  -45.298  -43.450 0.6999999881
37900  36.897  -47.002  -44.155 0.6999999881
41445  34.465  -43.401  -43.605 0.6999999881
45003  34.440  -40.998  -45.834 0.5000000000
42676  34.395  -42.363  -45.680 0.6000000238
51069  28.591  -35.001  -41.541 0.5000000000
44992  34.035  -39.911  -44.493 0.6000000238
51068  29.985  -34.533  -42.023 0.6000000238
146213  28.941  -34.468  -41.465 0.5000000000
166377  33.604  -38.566  -43.765 0.6000000238
46164  33.797  -38.945  -45.032 0.6000000238
52222  31.855  -33.854  -43.177 0.6000000238
52215  29.974  -34.154  -41.805 0.5000000000
163417  30.619  -33.482  -40.502 0.5000000000
47390  33.507  -37.924  -43.485 0.6999999881
48654  33.312  -37.411  -42.728 0.6999999881
49907  33.651  -35.924  -43.642 0.6999999881
51076  33.079  -34.205  -43.277 0.6999999881
52221  32.463  -33.725  -42.916 0.5000000000
49908  33.398  -36.401  -42.709 0.6999999881
160660  33.341  -34.719  -42.770 0.6000000238
40210  34.672  -44.463  -42.433 0.6000000238
38994  35.937  -44.614  -42.730 0.6999999881
40209  35.327  -44.278  -42.589 0.6000000238
149939  37.232  -44.593  -43.464 0.6999999881
41435  34.984  -43.742  -42.845 0.6999999881
42688  34.763  -41.925  -46.247 0.6999999881
41461  34.884  -42.780  -44.883 0.6999999881
43891  34.733  -41.609  -46.169 0.6000000238
52216  28.119  -34.160  -41.261 0.4000000060
44991  34.520  -40.687  -44.917 0.5000000000
53254  29.992  -33.834  -40.147 0.4000000060
46144  33.380  -39.160  -42.890 0.6000000238
53261  31.483  -33.377  -42.043 0.5000000000
53257  30.841  -33.441  -41.299 0.5000000000
52214  32.788  -34.042  -42.235 0.5000000000
53260  32.221  -33.422  -41.951 0.4000000060
48638  32.905  -37.440  -41.778 0.6000000238
150316  32.907  -36.543  -41.537 0.6999999881
49899  33.243  -35.590  -42.189 0.6000000238
51059  32.736  -35.219  -40.701 0.5000000000
40220  36.576  -44.133  -43.295 0.6000000238
41443  36.243  -43.444  -44.179 0.6999999881
40221  35.761  -43.808  -43.071 0.6999999881
170940  37.679  -43.365  -44.946 0.6999999881
41458  37.214  -42.992  -45.365 0.6999999881
41444  35.353  -43.327  -43.917 0.6000000238
42675  35.317  -42.211  -46.033 0.6000000238
158347  34.891  -41.256  -44.171 0.6000000238
171880  34.954  -41.178  -45.325 0.5000000000
44978  34.238  -40.783  -43.638 0.6000000238
164717  32.972  -39.528  -41.791 0.6000000238
142964  33.704  -40.087  -43.246 0.6000000238
53256  31.737  -33.313  -41.118 0.4000000060
147170  31.396  -33.265  -40.335 0.5000000000
53253  30.954  -33.332  -39.658 0.4000000060
163077  32.996  -38.473  -42.057 0.6000000238
53252  31.785  -33.092  -39.257 0.4000000060
48622  32.655  -37.369  -40.780 0.6000000238
49886  32.877  -35.826  -41.122 0.5000000000
41459  36.628  -42.860  -45.350 0.6999999881
42685  37.795  -42.201  -45.683 0.6999999881
43890  36.402  -41.990  -46.039 0.6000000238
42674  36.160  -42.212  -46.021 0.6000000238
148223  38.166  -41.853  -45.564 0.6999999881
43879  35.964  -41.720  -45.877 0.5000000000
43853  34.649  -41.410  -42.692 0.6000000238
44979  33.833  -40.902  -42.462 0.6000000238
46133  33.307  -40.211  -42.121 0.5000000000
46134  32.695  -39.289  -41.001 0.6000000238
47364  32.660  -38.294  -40.934 0.6000000238
160805  32.685  -36.612  -40.661 0.5000000000
43877  37.594  -41.669  -45.234 0.6999999881
43878  36.752  -41.788  -45.609 0.6999999881
43864  36.235  -41.551  -44.734 0.6000000238
43852  35.509  -41.475  -43.683 0.5000000000
43843  34.526  -41.405  -41.682 0.6000000238
43842  35.165  -41.475  -41.846 0.6000000238
44951  33.476  -40.737  -40.651 0.6000000238
46119  32.629  -39.850  -40.191 0.6000000238
48607  32.472  -37.142  -39.929 0.5000000000
148992  37.998  -47.758  -46.942 0.5000000000
152845  37.071  -47.461  -45.323 0.5000000000
37914  39.233  -47.074  -45.507 0.5000000000
36709  38.105  -47.420  -45.664 0.5000000000
37899  37.659  -46.572  -44.066 0.6999999881
39018  39.811  -45.405  -44.527 0.6999999881
37898  38.523  -46.666  -44.464 0.5000000000
37897  39.570  -46.290  -44.782 0.5000000000
39020  37.999  -45.857  -43.760 0.6999999881
39019  38.881  -45.616  -44.096 0.6999999881
40232  38.051  -43.913  -44.397 0.6999999881
148302  35.810  -53.302  -45.134 0.3000000119
157870  30.675  -40.008  -43.788 0.6999999881
41476  31.187  -43.514  -45.277 0.6000000238
46158  30.846  -39.312  -43.618 0.6999999881
47374  30.216  -37.703  -41.738 0.6999999881
46171  33.665  -39.325  -45.520 0.6000000238
49916  33.202  -35.762  -44.195 0.6999999881
51078  30.633  -34.755  -42.624 0.6000000238
52225  32.615  -34.100  -43.475 0.6999999881
52223  30.854  -34.037  -42.607 0.6000000238
49898  33.582  -35.385  -43.216 0.6999999881
53263  29.083  -34.111  -41.292 0.5000000000
53259  28.842  -33.913  -40.869 0.5000000000
52207  32.653  -34.244  -40.958 0.5000000000
43880  35.177  -41.511  -45.984 0.5000000000
42686  36.969  -42.290  -45.811 0.6999999881
43865  35.501  -41.422  -45.092 0.5000000000
44970  32.950  -40.207  -41.050 0.6000000238
154510  32.503  -38.980  -40.115 0.6000000238
44969  33.572  -40.831  -41.518 0.6000000238
43863  36.987  -41.491  -44.399 0.5000000000
41472  41.395  -42.912  -45.668 0.6000000238
43873  44.550  -41.537  -46.168 0.6000000238
45000  43.812  -40.495  -45.465 0.4000000060
41471  42.892  -42.878  -46.412 0.5000000000
41455  40.543  -43.632  -45.130 0.6000000238
36687  29.975  -48.071  -42.600 0.5000000000
43875  43.281  -41.333  -44.790 0.4000000060
37873  30.917  -46.919  -42.291 0.5000000000
37886  30.389  -46.346  -43.169 0.5000000000
41470  44.003  -42.838  -46.568 0.5000000000
159616  42.314  -39.909  -44.093 0.4000000060
37902  29.717  -45.673  -44.888 0.5000000000
45007  44.024  -40.784  -46.410 0.6000000238
146726  30.150  -45.901  -44.108 0.5000000000
42682  41.795  -41.947  -46.155 0.5000000000
41456  39.365  -43.488  -44.850 0.6000000238
44975  40.568  -40.409  -42.805 0.4000000060
167023  43.842  -39.701  -45.978 0.4000000060
37915  28.451  -45.830  -45.383 0.5000000000
43896  43.570  -41.111  -46.556 0.5000000000
39030  29.979  -45.078  -45.378 0.5000000000
40246  29.036  -45.227  -45.345 0.5000000000
162915  39.711  -42.552  -45.504 0.6000000238
40231  38.963  -44.438  -44.332 0.6000000238
41477  30.646  -43.856  -45.312 0.5000000000
41466  29.657  -43.915  -44.791 0.5000000000
40236  28.620  -44.909  -44.797 0.4000000060
43886  40.940  -41.164  -46.142 0.5000000000
43885  42.218  -41.117  -46.413 0.5000000000
42683  40.419  -41.897  -45.967 0.6000000238
159834  39.502  -41.779  -45.847 0.6000000238
42684  38.731  -42.039  -45.715 0.6000000238
41473  38.508  -42.653  -45.415 0.6000000238
46161  43.411  -39.448  -44.957 0.4000000060
46154  41.438  -39.747  -43.426 0.4000000060
42666  29.462  -42.269  -43.288 0.5000000000
41447  29.356  -43.285  -43.771 0.5000000000
41448  28.319  -43.616  -43.291 0.4000000060
42678  29.946  -42.671  -44.052 0.6000000238
40224  27.979  -44.492  -43.757 0.4000000060
43897  42.635  -40.339  -46.534 0.6000000238
155283  40.502  -40.650  -46.087 0.6000000238
45011  39.884  -40.509  -45.793 0.6000000238
45012  39.173  -40.703  -45.346 0.6000000238
46140  40.676  -39.473  -42.670 0.4000000060
42667  28.576  -42.648  -42.844 0.4000000060
158304  26.779  -41.870  -43.215 0.4000000060
46167  43.287  -38.929  -46.127 0.6000000238
46160  43.529  -38.656  -45.645 0.4000000060
45009  41.851  -39.641  -46.448 0.6000000238
46174  43.163  -39.659  -46.442 0.6000000238
149982  41.393  -40.442  -46.331 0.5000000000
46170  40.250  -39.469  -45.722 0.6000000238
46169  41.066  -39.018  -46.175 0.5000000000
43876  38.479  -41.221  -45.025 0.6000000238
46141  39.977  -40.028  -42.016 0.4000000060
46153  42.564  -39.025  -44.090 0.4000000060
44994  29.677  -40.588  -42.761 0.6000000238
43855  27.865  -40.939  -42.484 0.5000000000
43856  26.938  -41.026  -42.875 0.5000000000
47408  43.163  -37.698  -45.476 0.4000000060
47409  43.226  -38.358  -44.869 0.4000000060
47416  42.946  -38.100  -46.005 0.5000000000
48670  40.460  -37.414  -45.691 0.5000000000
47410  39.862  -37.884  -45.117 0.5000000000
45001  39.575  -39.939  -45.229 0.6000000238
45002  38.935  -40.387  -44.738 0.6000000238
47386  41.632  -37.898  -43.089 0.4000000060
47402  41.550  -38.820  -43.296 0.4000000060
47387  40.903  -38.616  -42.449 0.4000000060
46129  40.251  -39.152  -41.816 0.4000000060
48657  42.409  -37.082  -43.816 0.4000000060
47401  42.517  -38.084  -43.992 0.4000000060
46147  28.398  -39.797  -41.885 0.6000000238
46148  27.345  -39.892  -42.213 0.5000000000
43857  26.325  -40.466  -42.967 0.4000000060
47400  42.849  -37.380  -44.782 0.4000000060
48669  41.325  -37.081  -46.069 0.5000000000
46162  39.780  -38.930  -45.149 0.5000000000
46163  39.197  -39.465  -44.563 0.6000000238
43861  38.366  -40.759  -44.266 0.6000000238
43862  37.738  -41.245  -44.269 0.6000000238
48650  41.191  -37.809  -42.160 0.4000000060
47392  29.976  -38.726  -41.779 0.6000000238
47393  28.843  -39.171  -41.551 0.6000000238
47394  27.711  -39.441  -41.759 0.5000000000
147643  25.820  -40.106  -42.873 0.5000000000
48656  42.553  -36.234  -44.503 0.4000000060
168387  42.201  -36.180  -45.339 0.4000000060
49925  41.517  -36.225  -45.703 0.5000000000
48665  39.915  -36.882  -45.141 0.5000000000
44989  38.649  -40.055  -43.935 0.5000000000
48635  40.915  -37.693  -41.339 0.4000000060
47375  29.316  -38.313  -41.212 0.6000000238
47376  28.173  -38.766  -41.256 0.5000000000
172278  26.682  -38.768  -41.494 0.5000000000
48664  40.556  -36.421  -45.638 0.5000000000
47403  39.453  -37.469  -44.447 0.4000000060
46142  38.367  -38.692  -42.938 0.4000000060
44990  37.945  -40.635  -43.548 0.4000000060
43850  37.162  -41.174  -43.360 0.6000000238
43851  36.283  -41.432  -43.232 0.4000000060
48618  41.391  -37.103  -41.007 0.4000000060
48649  41.865  -36.996  -42.810 0.4000000060
49912  42.548  -36.014  -43.514 0.4000000060
49900  29.399  -35.939  -41.358 0.5000000000
48641  28.618  -37.754  -40.802 0.5000000000
48642  27.453  -38.186  -40.869 0.5000000000
48643  26.497  -38.080  -40.931 0.4000000060
48623  27.940  -36.739  -40.674 0.4000000060
49922  40.028  -35.992  -45.138 0.5000000000
48658  39.598  -36.627  -44.432 0.5000000000
48659  39.111  -37.241  -43.597 0.6000000238
46156  38.238  -39.725  -43.132 0.4000000060
164554  37.535  -40.420  -42.691 0.4000000060
44977  36.773  -41.039  -42.368 0.4000000060
47389  37.923  -38.388  -42.157 0.5000000000
49901  28.554  -35.902  -41.039 0.5000000000
152364  28.862  -36.763  -40.872 0.6000000238
49902  27.770  -35.236  -41.336 0.4000000060
44967  36.397  -40.677  -41.484 0.5000000000
43841  35.946  -41.363  -42.081 0.5000000000
48652  38.135  -37.651  -42.002 0.5000000000
47388  38.506  -37.796  -42.810 0.5000000000
46131  37.404  -39.032  -41.575 0.5000000000
44966  37.172  -40.078  -41.835 0.5000000000
49904  42.383  -36.108  -42.505 0.4000000060
44952  32.962  -40.338  -40.226 0.5000000000
43828  34.776  -41.270  -41.078 0.4000000060
44968  35.578  -41.117  -41.232 0.5000000000
47363  37.149  -38.695  -40.865 0.5000000000
47373  37.627  -38.185  -41.425 0.5000000000
51070  27.842  -34.481  -41.447 0.4000000060
44939  33.426  -40.573  -39.769 0.4000000060
44950  34.262  -40.953  -40.241 0.4000000060
43829  34.054  -41.253  -41.135 0.5000000000
44948  36.047  -40.308  -40.661 0.5000000000
44949  35.216  -40.862  -40.392 0.5000000000
46132  36.741  -39.611  -41.091 0.5000000000
46118  36.541  -39.301  -40.246 0.5000000000
46106  35.751  -40.070  -39.787 0.4000000060
41465  30.223  -43.371  -44.764 0.5000000000
43867  29.699  -41.283  -43.158 0.6000000238
46159  30.191  -39.960  -42.813 0.6000000238
158683  30.810  -48.037  -42.225 0.5000000000
165001  29.372  -34.941  -41.760 0.5000000000
171276  29.661  -44.987  -45.410 0.5000000000
40244  30.197  -44.514  -45.321 0.5000000000
40245  29.519  -44.578  -45.204 0.5000000000
42668  27.509  -42.806  -42.942 0.4000000060
46168  42.290  -38.681  -46.366 0.6000000238
43868  28.746  -41.649  -42.594 0.6000000238
42661  27.699  -41.837  -42.608 0.4000000060
46146  29.566  -39.554  -41.993 0.6000000238
44980  29.166  -40.219  -42.198 0.6000000238
44981  28.066  -40.329  -42.192 0.5000000000
43869  26.202  -41.103  -43.405 0.5000000000
42669  25.961  -41.900  -43.844 0.5000000000
159559  26.773  -39.585  -42.167 0.5000000000
47377  27.146  -39.094  -41.630 0.5000000000
47404  38.946  -38.079  -43.658 0.5000000000
47395  26.327  -39.259  -42.040 0.5000000000
49921  40.883  -35.621  -45.340 0.5000000000
48640  29.539  -37.219  -41.168 0.6000000238
44937  34.880  -40.664  -39.674 0.4000000060
21088  37.678  -60.625  -49.697 0.3000000119
162496  36.265  -59.167  -49.534 0.3000000119
22378  37.322  -59.580  -49.355 0.3000000119
165466  37.694  -57.560  -49.856 0.3000000119
23577  37.304  -58.456  -49.546 0.3000000119
23576  38.507  -57.983  -49.342 0.3000000119
24757  37.502  -57.157  -50.677 0.3000000119
24756  38.595  -57.104  -50.337 0.3000000119
23554  39.666  -58.566  -47.519 0.3000000119
24729  39.626  -58.045  -49.058 0.3000000119
24742  39.445  -57.476  -49.734 0.3000000119
23555  39.601  -58.427  -48.313 0.3000000119
24703  39.787  -57.658  -47.592 0.3000000119
24728  40.173  -57.749  -48.956 0.3000000119
24741  40.300  -57.368  -49.752 0.4000000060
24755  39.973  -57.107  -50.657 0.4000000060
25859  40.486  -56.540  -51.512 0.4000000060
27115  40.021  -55.846  -51.943 0.3000000119
27080  40.171  -55.868  -46.998 0.3000000119
25813  40.793  -56.301  -48.099 0.4000000060
25827  41.376  -56.530  -49.140 0.4000000060
25842  41.025  -57.029  -50.684 0.4000000060
25806  39.402  -56.564  -46.467 0.3000000119
27114  41.088  -55.940  -51.581 0.4000000060
27068  39.894  -55.338  -45.418 0.4000000060
28303  40.204  -55.098  -51.583 0.4000000060
150015  41.021  -54.509  -50.317 0.3000000119
27075  41.176  -55.199  -46.702 0.4000000060
27090  41.607  -55.880  -48.616 0.3000000119
25826  41.937  -55.858  -49.386 0.4000000060
152555  40.205  -55.417  -46.218 0.4000000060
28289  42.011  -55.335  -49.316 0.5000000000
27101  42.041  -55.771  -50.077 0.4000000060
34409  35.792  -49.653  -46.504 0.5000000000
27059  39.616  -55.242  -44.513 0.4000000060
28290  41.858  -55.160  -50.099 0.4000000060
29487  36.520  -53.456  -45.762 0.3000000119
159416  37.433  -52.353  -45.255 0.4000000060
29524  39.395  -53.277  -48.110 0.3000000119
35505  30.944  -48.939  -42.289 0.4000000060
35506  30.304  -48.810  -42.414 0.4000000060
36726  36.321  -47.614  -46.170 0.4000000060
36725  37.147  -47.645  -46.563 0.4000000060
36742  35.517  -47.958  -47.002 0.4000000060
27079  41.331  -55.513  -47.725 0.3000000119
27078  41.910  -55.204  -48.391 0.5000000000
35568  36.494  -48.118  -47.570 0.4000000060
34420  36.074  -49.120  -47.376 0.4000000060
27067  41.033  -55.045  -45.753 0.4000000060
31901  37.093  -51.533  -44.981 0.4000000060
28278  41.921  -54.765  -49.030 0.4000000060
34408  37.705  -50.018  -45.705 0.5000000000
29555  41.264  -54.292  -49.481 0.5000000000
31900  38.079  -51.735  -45.279 0.4000000060
29486  37.257  -52.998  -45.692 0.4000000060
29539  40.278  -53.644  -48.853 0.3000000119
169947  37.745  -53.079  -46.258 0.4000000060
36699  29.309  -47.652  -43.382 0.4000000060
27066  42.160  -54.793  -46.126 0.4000000060
27074  41.958  -54.764  -47.113 0.4000000060
34430  37.070  -48.325  -47.615 0.4000000060
152518  36.819  -49.509  -46.615 0.5000000000
28251  42.714  -54.504  -46.356 0.4000000060
28263  42.081  -54.493  -47.265 0.4000000060
150493  37.831  -49.262  -46.822 0.5000000000
28228  42.521  -54.376  -44.885 0.4000000060
28237  43.176  -54.355  -45.962 0.4000000060
29521  42.481  -54.026  -47.056 0.5000000000
29522  41.722  -53.688  -47.576 0.5000000000
34429  37.857  -48.572  -47.353 0.4000000060
144231  38.973  -48.805  -46.897 0.5000000000
29473  42.844  -53.681  -44.622 0.4000000060
29523  40.566  -53.351  -47.896 0.5000000000
33154  38.428  -50.716  -45.450 0.4000000060
30735  39.792  -52.292  -46.330 0.4000000060
29506  38.590  -52.782  -46.482 0.4000000060
30711  38.759  -52.182  -45.819 0.4000000060
36724  38.837  -47.544  -46.449 0.4000000060
37913  40.218  -46.722  -45.768 0.3000000119
29503  43.357  -53.956  -45.938 0.4000000060
29504  43.061  -53.619  -46.398 0.4000000060
165910  38.644  -48.239  -47.319 0.4000000060
41450  26.061  -43.750  -44.045 0.4000000060
30687  42.287  -52.316  -44.002 0.4000000060
30695  43.334  -53.165  -45.078 0.4000000060
29505  42.251  -53.211  -46.776 0.5000000000
30754  40.940  -52.903  -47.007 0.5000000000
34407  38.740  -49.785  -45.919 0.4000000060
31882  42.963  -52.040  -44.397 0.4000000060
30755  39.643  -52.957  -47.159 0.4000000060
166604  39.375  -51.913  -45.825 0.4000000060
148614  39.546  -50.591  -45.643 0.4000000060
37896  40.519  -45.967  -45.247 0.4000000060
36739  38.986  -47.916  -47.147 0.3000000119
30708  43.349  -53.255  -45.765 0.4000000060
30733  42.914  -52.746  -46.243 0.4000000060
36738  40.196  -47.883  -47.043 0.3000000119
30709  43.356  -52.321  -45.500 0.4000000060
31897  43.066  -51.582  -45.804 0.4000000060
30710  42.736  -52.052  -46.083 0.4000000060
30734  41.587  -52.270  -46.402 0.5000000000
31871  43.124  -51.324  -44.497 0.4000000060
33140  43.361  -50.552  -44.719 0.4000000060
31898  41.957  -51.467  -46.003 0.4000000060
31919  40.241  -51.521  -45.912 0.4000000060
34406  39.945  -49.597  -46.094 0.4000000060
39017  40.587  -45.227  -45.038 0.4000000060
28317  35.159  -54.177  -52.424 0.3000000119
23541  39.492  -58.027  -46.807 0.3000000119
24704  39.491  -57.246  -46.856 0.3000000119
25801  39.440  -55.877  -45.996 0.4000000060
28230  40.327  -54.779  -44.045 0.4000000060
28229  41.434  -54.536  -44.468 0.4000000060
29462  40.932  -53.531  -43.482 0.4000000060
30688  41.244  -52.587  -43.517 0.4000000060
36722  40.779  -47.335  -46.561 0.3000000119
31872  42.574  -51.664  -44.067 0.4000000060
39029  41.613  -45.595  -45.706 0.4000000060
37921  41.657  -47.326  -46.519 0.4000000060
36737  41.146  -47.810  -46.891 0.4000000060
34375  43.269  -49.949  -44.202 0.4000000060
33152  43.298  -50.270  -45.415 0.4000000060
33153  42.761  -50.862  -45.810 0.4000000060
152393  42.392  -49.984  -45.870 0.4000000060
34417  41.407  -48.558  -46.739 0.3000000119
34418  40.288  -48.645  -46.808 0.4000000060
33156  36.661  -50.417  -45.461 0.4000000060
40229  41.173  -44.614  -45.382 0.4000000060
24743  36.866  -57.727  -50.056 0.3000000119
27132  34.852  -54.944  -52.673 0.3000000119
28316  36.177  -54.513  -52.192 0.3000000119
24717  39.848  -57.969  -48.229 0.3000000119
25860  39.273  -56.641  -51.403 0.4000000060
25814  40.377  -57.183  -48.532 0.3000000119
25805  39.922  -56.751  -47.438 0.3000000119
25828  40.954  -57.160  -49.607 0.4000000060
25841  41.721  -56.443  -50.280 0.4000000060
25802  38.851  -56.528  -45.565 0.3000000119
165246  38.736  -53.151  -47.398 0.3000000119
29538  41.434  -54.026  -48.512 0.5000000000
28217  41.831  -53.995  -44.203 0.4000000060
34405  41.251  -49.421  -46.233 0.4000000060
41453  44.483  -43.923  -46.036 0.4000000060
149030  43.807  -43.649  -46.456 0.4000000060
42663  43.983  -42.975  -45.117 0.4000000060
42673  43.836  -42.025  -45.139 0.3000000119
165630  44.422  -42.780  -46.357 0.5000000000
155805  42.799  -43.817  -46.196 0.4000000060
40242  41.702  -43.908  -45.590 0.4000000060
37851  37.895  -46.681  -40.264 0.3000000119
160536  38.471  -46.210  -40.571 0.3000000119
42653  38.814  -43.015  -41.237 0.3000000119
42660  39.920  -42.910  -42.260 0.3000000119
43849  39.835  -41.969  -42.287 0.3000000119
44988  41.491  -40.760  -43.592 0.3000000119
38978  38.695  -45.403  -40.707 0.3000000119
40190  38.529  -44.444  -40.697 0.3000000119
41417  38.365  -43.539  -40.689 0.3000000119
37841  36.792  -46.819  -39.231 0.3000000119
38971  36.825  -45.907  -39.184 0.3000000119
43839  39.292  -41.557  -41.642 0.3000000119
44964  39.342  -40.577  -41.448 0.3000000119
38969  38.003  -44.941  -40.162 0.3000000119
43827  37.738  -42.233  -39.989 0.3000000119
43840  38.723  -42.096  -41.184 0.3000000119
40171  36.885  -44.186  -38.963 0.3000000119
41408  37.342  -43.664  -39.508 0.3000000119
43817  37.429  -41.850  -39.242 0.3000000119
41397  36.887  -43.300  -38.758 0.3000000119
42622  37.026  -42.372  -38.473 0.3000000119
155561  36.523  -44.715  -38.527 0.3000000119
43826  38.216  -41.718  -40.538 0.3000000119
44946  38.788  -40.231  -40.712 0.3000000119
47361  39.579  -38.931  -40.520 0.3000000119
41384  36.461  -43.272  -37.317 0.3000000119
43816  37.821  -41.381  -39.850 0.3000000119
46104  38.629  -39.739  -39.464 0.3000000119
42613  36.813  -42.543  -37.551 0.3000000119
43794  37.707  -41.150  -37.766 0.3000000119
44936  37.691  -41.052  -39.162 0.3000000119
44919  38.408  -40.257  -38.228 0.3000000119
47360  40.146  -38.337  -40.332 0.3000000119
46116  38.970  -39.438  -40.163 0.3000000119
47350  39.598  -38.804  -39.783 0.3000000119
48619  40.751  -37.710  -40.593 0.3000000119
49895  42.208  -36.279  -41.575 0.3000000119
49869  42.325  -36.304  -40.195 0.3000000119
49883  42.008  -36.510  -40.782 0.3000000119
49894  42.940  -35.046  -42.240 0.3000000119
42664  42.564  -42.258  -44.260 0.3000000119
42672  44.600  -42.171  -45.886 0.4000000060
43848  40.520  -41.408  -42.876 0.3000000119
41454  44.429  -43.766  -45.676 0.5000000000
38979  37.979  -45.812  -40.191 0.3000000119
42640  38.251  -42.627  -40.646 0.3000000119
42652  39.315  -42.496  -41.731 0.3000000119
42659  40.538  -42.414  -42.858 0.3000000119
43860  41.335  -41.854  -43.522 0.3000000119
40191  37.881  -44.051  -40.151 0.3000000119
40181  36.871  -45.036  -39.122 0.3000000119
44965  38.731  -41.162  -41.019 0.3000000119
42632  37.317  -42.750  -39.365 0.3000000119
149874  37.697  -41.469  -36.988 0.3000000119
43793  38.209  -40.869  -37.171 0.3000000119
167039  38.023  -40.729  -39.703 0.3000000119
42604  36.722  -42.741  -36.719 0.3000000119
46087  38.738  -39.725  -38.712 0.3000000119
35553  41.505  -48.053  -46.863 0.3000000119
35552  42.312  -48.423  -46.524 0.4000000060
165454  43.422  -47.628  -44.491 0.4000000060
149263  43.403  -47.950  -45.462 0.4000000060
37911  42.500  -47.000  -46.228 0.3000000119
37879  43.614  -46.273  -44.768 0.4000000060
37880  42.943  -46.667  -43.720 0.3000000119
36736  42.191  -47.756  -46.523 0.4000000060
36708  43.487  -46.973  -45.351 0.4000000060
39005  42.904  -45.928  -43.641 0.3000000119
37910  43.195  -46.479  -45.864 0.3000000119
37895  43.573  -46.064  -45.603 0.4000000060
39004  43.568  -45.607  -44.464 0.4000000060
40240  44.205  -44.198  -46.221 0.3000000119
39015  44.247  -44.561  -45.959 0.4000000060
41439  43.632  -44.009  -44.727 0.4000000060
39028  42.796  -46.106  -46.064 0.3000000119
40241  42.682  -44.889  -46.072 0.3000000119
37912  41.500  -46.567  -46.092 0.3000000119
39016  43.904  -45.350  -45.463 0.4000000060
153571  43.018  -47.416  -46.028 0.4000000060
25793  38.404  -56.464  -44.686 0.3000000119
169841  42.983  -49.749  -45.839 0.3000000119
23496  38.482  -58.756  -42.779 0.3000000119
23505  38.126  -58.426  -43.642 0.3000000119
24685  37.892  -57.074  -44.213 0.3000000119
27069  38.990  -55.813  -45.126 0.3000000119
35551  43.025  -48.243  -46.172 0.3000000119
34391  43.544  -49.780  -44.981 0.3000000119
152687  37.474  -57.730  -41.979 0.3000000119
25783  37.447  -56.852  -43.440 0.3000000119
24665  37.278  -57.357  -42.791 0.3000000119
27060  38.656  -55.726  -44.276 0.3000000119
28219  39.789  -54.504  -43.398 0.3000000119
35537  43.399  -48.909  -45.432 0.3000000119
149507  37.625  -57.665  -41.016 0.3000000119
24666  36.848  -57.056  -42.086 0.3000000119
24657  37.059  -57.295  -41.445 0.3000000119
27051  37.492  -56.040  -43.229 0.3000000119
25771  37.007  -56.571  -42.704 0.3000000119
28204  38.761  -54.817  -43.149 0.3000000119
25768  36.666  -56.777  -41.341 0.3000000119
27040  36.556  -56.244  -41.904 0.3000000119
27038  37.794  -55.266  -42.907 0.3000000119
27039  37.028  -55.745  -42.568 0.3000000119
29463  40.130  -53.950  -43.108 0.3000000119
150293  41.560  -51.622  -43.616 0.3000000119
24649  37.043  -57.157  -40.746 0.3000000119
28203  39.233  -54.146  -42.814 0.3000000119
28205  38.141  -54.421  -42.511 0.3000000119
168831  40.214  -53.475  -43.032 0.3000000119
35525  43.452  -48.493  -44.527 0.3000000119
27029  36.274  -55.615  -41.303 0.3000000119
149664  36.087  -55.940  -40.542 0.3000000119
27028  36.732  -55.331  -41.925 0.3000000119
160950  37.333  -55.027  -42.369 0.3000000119
29453  39.581  -53.410  -42.670 0.3000000119
31863  40.508  -51.937  -43.027 0.3000000119
162680  42.669  -50.348  -43.905 0.3000000119
159967  42.769  -49.030  -43.796 0.3000000119
35513  42.787  -48.008  -43.724 0.3000000119
34404  42.455  -49.225  -46.215 0.3000000119
28189  37.198  -54.420  -41.864 0.3000000119
29454  38.697  -53.653  -42.323 0.3000000119
146764  39.802  -52.201  -42.588 0.3000000119
33127  41.586  -50.323  -43.526 0.3000000119
25782  37.962  -56.297  -43.916 0.3000000119
23497  37.712  -58.103  -42.847 0.3000000119
24677  37.657  -57.647  -43.581 0.3000000119
25762  36.567  -56.565  -40.570 0.3000000119
25858  41.458  -56.467  -51.190 0.4000000060
27049  39.251  -55.095  -43.779 0.3000000119
27050  38.262  -55.539  -43.556 0.3000000119
27058  40.746  -54.957  -44.839 0.4000000060
27102  41.870  -55.893  -50.913 0.4000000060
27133  34.151  -55.180  -52.820 0.3000000119
28218  40.776  -54.262  -43.738 0.4000000060
28238  42.834  -54.554  -45.662 0.4000000060
28239  41.946  -54.765  -45.241 0.4000000060
28250  42.961  -54.229  -46.428 0.4000000060
28291  40.128  -54.351  -50.813 0.3000000119
28302  41.215  -55.211  -51.036 0.4000000060
28318  34.269  -54.178  -52.582 0.3000000119
29461  42.051  -53.172  -44.066 0.4000000060
29472  43.242  -54.076  -45.368 0.4000000060
29537  41.901  -54.437  -47.972 0.5000000000
30678  40.251  -52.868  -42.936 0.3000000119
30696  42.961  -52.772  -44.473 0.4000000060
30712  36.598  -52.559  -45.034 0.3000000119
31881  43.275  -52.147  -44.821 0.4000000060
31899  39.034  -51.500  -45.566 0.4000000060
33125  43.097  -50.617  -44.252 0.4000000060
33126  42.376  -50.984  -43.878 0.4000000060
33155  37.606  -50.848  -45.229 0.5000000000
33158  34.419  -50.305  -45.743 0.6000000238
33159  33.437  -50.052  -45.935 0.5000000000
34376  42.355  -49.790  -43.736 0.3000000119
34403  43.253  -49.487  -45.702 0.3000000119
34410  33.163  -49.417  -46.083 0.5000000000
34419  36.956  -48.912  -47.388 0.5000000000
34431  36.317  -48.580  -47.615 0.4000000060
34432  35.673  -48.719  -47.541 0.6000000238
35516  32.864  -48.964  -43.158 0.4000000060
35527  33.493  -48.721  -45.028 0.4000000060
35538  43.013  -48.876  -46.120 0.3000000119
35554  40.678  -48.088  -47.128 0.4000000060
35555  39.620  -48.144  -47.205 0.3000000119
35556  37.896  -48.073  -47.381 0.4000000060
35557  35.227  -48.508  -47.234 0.4000000060
35558  34.296  -48.449  -46.293 0.4000000060
35569  35.866  -48.227  -47.499 0.4000000060
36650  37.326  -47.212  -39.793 0.3000000119
36694  43.406  -46.972  -44.412 0.4000000060
36696  34.445  -47.180  -43.020 0.5000000000
36698  30.101  -47.229  -42.819 0.5000000000
36710  37.686  -47.148  -44.630 0.5000000000
36713  34.581  -48.042  -44.849 0.4000000060
36723  39.762  -47.465  -46.488 0.3000000119
36727  35.468  -47.759  -46.090 0.5000000000
36740  37.116  -47.897  -47.363 0.5000000000
36741  36.303  -47.835  -47.127 0.4000000060
37840  37.384  -46.306  -39.715 0.3000000119
37881  37.205  -46.060  -43.547 0.6999999881
37885  31.121  -46.033  -42.594 0.5000000000
38961  36.403  -45.492  -38.552 0.3000000119
38970  37.425  -45.415  -39.659 0.3000000119
38995  35.206  -45.005  -42.446 0.6000000238
39008  35.808  -45.540  -42.830 0.5000000000
39022  30.365  -45.319  -44.735 0.5000000000
39027  43.765  -45.259  -46.028 0.4000000060
39031  29.293  -45.388  -45.299 0.5000000000
40180  37.401  -44.545  -39.605 0.3000000119
40217  43.633  -44.925  -44.619 0.4000000060
40218  42.753  -45.192  -43.630 0.3000000119
40219  38.042  -44.732  -43.764 0.6999999881
40228  44.258  -44.489  -45.568 0.5000000000
40230  40.103  -44.471  -44.669 0.6000000238
40234  31.362  -44.277  -44.907 0.6000000238
40243  30.927  -44.065  -45.326 0.6000000238
41398  36.650  -43.048  -38.054 0.3000000119
41427  39.453  -43.392  -41.722 0.3000000119
41436  34.162  -43.937  -42.693 0.6999999881
41442  37.243  -43.700  -44.258 0.6999999881
41449  27.255  -43.777  -43.338 0.4000000060
41457  38.332  -43.393  -44.890 0.6000000238
41460  35.802  -42.749  -45.218 0.6000000238
41467  28.948  -44.170  -44.241 0.4000000060
41474  37.675  -42.748  -45.462 0.6999999881
42612  37.241  -41.820  -37.698 0.3000000119
42641  37.771  -43.147  -40.098 0.3000000119
42679  44.499  -42.145  -46.218 0.5000000000
42680  44.190  -42.055  -46.559 0.5000000000
42681  43.207  -41.988  -46.535 0.5000000000
42687  35.511  -41.892  -46.134 0.5000000000
42691  32.207  -42.191  -45.462 0.6000000238
42693  34.346  -41.698  -46.217 0.5000000000
43806  37.441  -41.491  -38.484 0.3000000119
43854  28.906  -40.836  -42.430 0.6000000238
43866  30.358  -41.154  -43.939 0.6999999881
43874  44.281  -41.374  -45.724 0.3000000119
43884  44.335  -41.384  -46.378 0.6000000238
43887  39.951  -41.218  -46.011 0.6000000238
43888  39.109  -41.364  -45.675 0.6000000238
43889  37.208  -42.033  -45.754 0.6999999881
43892  33.677  -41.545  -46.110 0.6000000238
43893  33.011  -41.027  -46.095 0.6000000238
44898  38.877  -40.575  -36.677 0.3000000119
44909  38.665  -40.356  -37.468 0.3000000119
44910  38.127  -40.658  -37.813 0.3000000119
44920  37.861  -40.791  -38.440 0.3000000119
44935  38.199  -40.326  -39.107 0.3000000119
44940  32.820  -40.143  -39.507 0.5000000000
44947  38.272  -40.861  -40.327 0.3000000119
44976  39.860  -40.997  -42.192 0.3000000119
44982  27.091  -40.378  -42.561 0.5000000000
44987  42.728  -40.546  -44.495 0.4000000060
44999  44.257  -40.798  -46.184 0.4000000060
45006  30.883  -40.538  -44.452 0.6999999881
45008  43.870  -40.300  -46.338 0.4000000060
45010  40.757  -39.951  -46.139 0.6000000238
45014  33.988  -40.392  -46.153 0.6000000238
45017  43.537  -40.403  -46.515 0.6000000238
46117  38.391  -40.151  -39.945 0.3000000119
46130  39.490  -39.546  -41.129 0.3000000119
46143  37.779  -39.383  -42.335 0.4000000060
46149  26.004  -39.678  -42.518 0.5000000000
46155  38.811  -39.067  -43.761 0.4000000060
46157  33.701  -39.118  -44.030 0.6000000238
46173  32.482  -39.612  -45.742 0.6000000238
47371  40.581  -38.375  -41.620 0.4000000060
47372  39.999  -38.712  -41.091 0.4000000060
47411  39.335  -38.441  -44.481 0.5000000000
47412  33.524  -37.635  -44.929 0.6000000238
47414  32.203  -38.251  -45.074 0.6999999881
47417  42.065  -37.763  -46.208 0.5000000000
47418  41.201  -38.035  -46.156 0.5000000000
47419  40.407  -38.438  -45.692 0.5000000000
48603  41.334  -37.207  -40.104 0.3000000119
48634  41.565  -37.031  -41.863 0.4000000060
48661  32.131  -36.915  -44.293 0.6000000238
48663  42.697  -36.680  -45.213 0.4000000060
48666  33.191  -37.260  -44.898 0.6000000238
48668  42.391  -37.091  -45.765 0.5000000000
49873  32.569  -36.089  -40.059 0.5000000000
49913  39.794  -35.899  -44.346 0.5000000000
49915  33.588  -36.197  -44.136 0.6999999881
51067  33.046  -34.881  -41.666 0.6000000238
51082  40.503  -35.369  -44.839 0.5000000000
51084  33.060  -34.727  -43.805 0.6999999881
51085  32.312  -34.451  -43.716 0.6999999881
53255  32.179  -33.494  -40.800 0.4000000060
53258  29.874  -33.730  -41.022 0.5000000000
53262  30.736  -33.639  -42.121 0.5000000000
53264  31.899  -33.526  -42.621 0.5000000000
53265  31.369  -33.609  -42.605 0.5000000000
146712  36.348  -56.252  -41.156 0.3000000119
148557  26.499  -39.984  -42.596 0.5000000000
149136  43.446  -51.308  -45.175 0.4000000060
150064  27.287  -34.267  -41.266 0.4000000060
151179  30.088  -33.856  -41.554 0.5000000000
151194  41.961  -54.910  -48.481 0.5000000000
152775  33.734  -39.772  -45.969 0.6000000238
153746  34.403  -48.791  -46.792 0.4000000060
154492  44.623  -43.089  -46.077 0.4000000060
155023  26.497  -42.795  -43.593 0.4000000060
159586  40.420  -38.141  -40.984 0.3000000119
159909  37.971  -52.587  -45.743 0.4000000060
161212  43.480  -49.262  -44.562 0.3000000119
163823  43.645  -44.394  -46.307 0.3000000119
164154  35.869  -47.757  -46.661 0.4000000060
164162  43.007  -47.306  -43.811 0.3000000119
164294  41.140  -50.482  -45.820 0.4000000060
166693  34.053  -41.294  -41.861 0.6000000238
167228  30.076  -44.086  -45.271 0.5000000000
167464  35.513  -41.493  -42.614 0.5000000000
168046  33.404  -34.810  -43.489 0.6999999881
168152  44.391  -43.446  -46.284 0.4000000060
168887  41.491  -50.957  -43.552 0.3000000119
169996  28.340  -33.993  -41.174 0.4000000060
171386  43.364  -53.650  -45.525 0.4000000060
