#!ascii label  , from subject sub-v1s13x0050029_ses-1 vox2ras=TkReg
1112
52174  25.997  -24.483  61.692 0.0000000000
52042  38.788  -24.319  67.873 0.0000000000
72621  44.593  -5.483  41.161 0.0000000000
59730  36.811  -18.085  53.930 0.0000000000
59630  42.785  -17.794  61.626 0.0000000000
82821  53.039  4.777  32.771 0.0000000000
69524  45.081  -8.763  45.298 0.0000000000
65198  40.090  -12.260  45.851 0.0000000000
50087  20.741  -25.694  61.189 0.0000000000
52131  32.391  -24.628  63.596 0.0000000000
52164  36.091  -24.622  61.463 0.0000000000
128443  30.051  -24.119  58.120 0.0000000000
141304  51.472  -1.959  36.029 0.0000000000
52072  28.324  -23.775  66.468 0.0000000000
52075  22.862  -23.767  66.494 0.0000000000
144774  50.190  -2.795  40.885 0.0000000000
50999  18.525  -25.448  66.535 0.0000000000
46066  15.146  -30.316  66.717 0.0000000000
63975  39.578  -13.466  51.448 0.0000000000
138268  39.599  -18.078  57.788 0.0000000000
54335  42.499  -21.741  57.109 0.0000000000
128130  39.635  -23.550  59.306 0.0000000000
67426  44.891  -10.033  47.242 0.0000000000
67441  42.597  -10.599  45.522 0.0000000000
66319  42.496  -11.534  47.505 0.0000000000
70464  47.804  -7.550  47.539 0.0000000000
52254  25.808  -24.672  58.757 0.0000000000
51096  23.156  -25.931  58.652 0.0000000000
52203  23.607  -24.569  60.693 0.0000000000
52171  29.312  -24.659  61.845 0.0000000000
52195  30.990  -24.530  60.591 0.0000000000
52251  28.186  -24.590  59.283 0.0000000000
52301  27.897  -24.863  56.811 0.0000000000
73653  45.311  -4.265  39.435 0.0000000000
73618  47.835  -4.779  43.196 0.0000000000
74686  47.984  -3.823  41.181 0.0000000000
74721  47.905  -2.875  38.649 0.0000000000
53204  21.676  -23.247  69.426 0.0000000000
52078  20.404  -24.400  66.708 0.0000000000
52013  19.507  -24.020  69.515 0.0000000000
48143  15.122  -28.865  71.358 0.0000000000
48165  15.893  -28.402  68.573 0.0000000000
44965  14.602  -30.731  68.966 0.0000000000
132264  13.048  -33.810  68.368 0.0000000000
41828  12.763  -33.912  70.489 0.0000000000
61710  39.156  -15.687  59.811 0.0000000000
145859  41.524  -17.627  60.000 0.0000000000
57588  41.300  -19.525  57.488 0.0000000000
56438  42.962  -20.820  59.109 0.0000000000
52245  35.802  -23.808  58.822 0.0000000000
51075  38.666  -24.038  60.816 0.0000000000
129526  37.177  -23.760  57.755 0.0000000000
146620  39.265  -23.375  56.640 0.0000000000
61795  36.964  -15.289  52.845 0.0000000000
149687  36.834  -15.075  49.705 0.0000000000
59769  35.884  -17.690  50.729 0.0000000000
85823  55.796  7.617  29.544 0.0000000000
83871  52.469  4.692  29.849 0.0000000000
70545  45.006  -7.343  43.227 0.0000000000
69575  42.774  -8.915  43.217 0.0000000000
132137  47.460  -6.510  45.538 0.0000000000
51025  35.082  -24.589  65.388 0.0000000000
51038  37.699  -24.539  64.298 0.0000000000
134630  33.842  -24.974  62.015 0.0000000000
52221  33.197  -23.790  59.356 0.0000000000
135872  33.093  -23.653  56.702 0.0000000000
137700  54.030  -1.922  37.843 0.0000000000
76692  54.265  -1.018  35.817 0.0000000000
78763  53.481  0.096  34.267 0.0000000000
78770  52.323  0.899  33.111 0.0000000000
52133  27.579  -24.324  64.050 0.0000000000
52136  24.638  -24.214  63.740 0.0000000000
53246  25.488  -23.499  66.711 0.0000000000
52110  29.867  -24.410  65.028 0.0000000000
152871  50.709  -2.462  38.490 0.0000000000
52137  21.813  -24.522  63.792 0.0000000000
51043  19.707  -25.474  63.722 0.0000000000
49141  17.343  -27.409  63.961 0.0000000000
50971  17.599  -25.508  68.897 0.0000000000
49124  16.403  -27.724  66.269 0.0000000000
40032  11.202  -36.442  72.540 0.0000000000
65115  41.730  -12.294  50.096 0.0000000000
62816  37.550  -14.773  55.231 0.0000000000
61731  37.955  -15.374  58.013 0.0000000000
59684  38.059  -17.799  56.560 0.0000000000
57601  40.405  -19.561  56.523 0.0000000000
139078  42.404  -21.199  55.970 0.0000000000
54346  41.922  -22.426  54.893 0.0000000000
51035  39.429  -23.680  63.640 0.0000000000
143821  41.061  -23.183  61.787 0.0000000000
54308  42.779  -21.785  60.500 0.0000000000
53335  41.148  -22.933  58.084 0.0000000000
53357  40.268  -22.716  55.367 0.0000000000
64027  39.465  -13.338  48.497 0.0000000000
62951  37.112  -14.873  46.235 0.0000000000
67385  44.642  -10.632  48.513 0.0000000000
67405  43.716  -10.751  47.410 0.0000000000
66302  43.404  -11.357  48.634 0.0000000000
68443  46.525  -9.497  48.657 0.0000000000
52226  25.935  -24.494  59.674 0.0000000000
52228  24.554  -24.720  59.341 0.0000000000
132833  25.171  -24.451  60.966 0.0000000000
52173  27.656  -24.607  62.034 0.0000000000
52198  28.506  -24.615  60.838 0.0000000000
127940  27.755  -24.583  60.289 0.0000000000
52253  26.682  -24.609  58.568 0.0000000000
73644  45.313  -4.518  40.361 0.0000000000
72612  46.385  -5.463  42.598 0.0000000000
73624  47.568  -4.541  42.423 0.0000000000
73632  46.538  -4.519  41.416 0.0000000000
74696  46.666  -3.764  39.978 0.0000000000
46007  14.653  -29.974  71.385 0.0000000000
140701  15.109  -29.397  70.192 0.0000000000
44966  14.266  -31.378  70.002 0.0000000000
43817  13.826  -32.127  68.367 0.0000000000
43797  13.599  -32.577  69.736 0.0000000000
41838  12.804  -34.005  69.381 0.0000000000
60689  41.313  -16.528  60.722 0.0000000000
60701  41.896  -17.368  60.616 0.0000000000
58583  42.080  -18.533  59.678 0.0000000000
58581  42.983  -19.186  60.359 0.0000000000
52063  39.797  -23.599  67.115 0.0000000000
135874  34.873  -23.586  57.018 0.0000000000
52244  36.446  -23.739  58.059 0.0000000000
52292  36.185  -23.616  56.314 0.0000000000
152549  36.890  -23.641  56.457 0.0000000000
59718  36.483  -16.464  53.843 0.0000000000
61824  36.275  -16.012  51.693 0.0000000000
82803  53.890  4.049  34.095 0.0000000000
83846  54.605  5.617  33.582 0.0000000000
83858  54.237  5.919  32.805 0.0000000000
84848  54.476  6.601  31.415 0.0000000000
83860  52.751  5.019  31.923 0.0000000000
153047  45.199  -7.820  43.982 0.0000000000
69574  43.659  -8.458  43.437 0.0000000000
69555  43.984  -8.837  44.256 0.0000000000
66347  41.339  -11.381  45.681 0.0000000000
67454  41.480  -10.587  44.424 0.0000000000
66360  40.182  -11.437  44.517 0.0000000000
135632  46.171  -8.141  45.888 0.0000000000
70505  46.588  -7.514  45.579 0.0000000000
70543  46.301  -6.799  44.141 0.0000000000
51079  21.872  -25.715  60.039 0.0000000000
50088  20.160  -26.151  61.413 0.0000000000
130844  33.710  -24.627  64.514 0.0000000000
52128  34.985  -24.664  64.055 0.0000000000
52130  33.257  -24.704  63.503 0.0000000000
145793  30.830  -24.199  59.643 0.0000000000
127945  32.585  -24.146  60.131 0.0000000000
52248  31.631  -23.706  58.352 0.0000000000
52247  32.720  -23.611  58.307 0.0000000000
52274  31.454  -23.743  57.392 0.0000000000
52275  30.343  -24.049  57.065 0.0000000000
56496  40.445  -20.464  54.373 0.0000000000
75726  52.554  -2.159  37.484 0.0000000000
76675  53.964  -1.780  37.132 0.0000000000
76686  52.932  -1.566  36.018 0.0000000000
76701  53.396  -1.055  34.665 0.0000000000
76709  53.119  -1.084  33.549 0.0000000000
78764  52.646  0.885  33.795 0.0000000000
130792  27.258  -23.998  65.099 0.0000000000
52094  26.382  -23.807  65.173 0.0000000000
52074  26.880  -23.705  66.005 0.0000000000
152138  29.306  -24.289  65.393 0.0000000000
144700  28.595  -24.439  64.136 0.0000000000
137989  52.009  -2.448  38.926 0.0000000000
75696  50.534  -2.601  39.664 0.0000000000
75730  48.726  -2.582  37.558 0.0000000000
127086  23.778  -23.933  65.095 0.0000000000
145075  23.234  -24.374  63.567 0.0000000000
127608  22.798  -24.133  65.245 0.0000000000
52079  19.693  -24.745  66.448 0.0000000000
51011  20.094  -24.895  64.931 0.0000000000
51028  18.783  -25.666  64.901 0.0000000000
50071  18.549  -26.296  63.895 0.0000000000
50055  18.195  -25.945  65.132 0.0000000000
50033  16.793  -26.123  70.255 0.0000000000
47132  15.329  -29.648  67.456 0.0000000000
48171  15.956  -28.407  67.675 0.0000000000
130263  15.697  -29.099  66.315 0.0000000000
48186  16.226  -28.645  64.874 0.0000000000
62828  38.192  -14.194  54.802 0.0000000000
60716  39.319  -16.962  58.732 0.0000000000
61711  38.548  -15.171  59.300 0.0000000000
136483  38.384  -16.394  58.280 0.0000000000
60727  37.508  -16.151  57.090 0.0000000000
59667  38.417  -17.630  57.172 0.0000000000
58648  39.008  -19.051  55.979 0.0000000000
58617  39.774  -18.549  57.400 0.0000000000
56453  42.489  -20.616  57.445 0.0000000000
56469  42.160  -20.465  56.842 0.0000000000
55376  42.558  -21.306  56.642 0.0000000000
54344  42.409  -21.747  55.999 0.0000000000
54345  42.267  -22.124  55.563 0.0000000000
51052  36.876  -24.566  62.968 0.0000000000
51037  38.256  -24.269  64.340 0.0000000000
51051  38.167  -24.308  62.624 0.0000000000
52188  39.287  -23.649  60.032 0.0000000000
51073  39.478  -23.693  61.114 0.0000000000
129041  40.268  -23.307  60.149 0.0000000000
52160  42.054  -22.540  61.118 0.0000000000
52213  41.548  -22.650  60.263 0.0000000000
53324  41.797  -22.478  59.321 0.0000000000
53326  40.626  -23.098  58.739 0.0000000000
53359  38.770  -23.315  54.558 0.0000000000
53347  39.678  -23.101  56.117 0.0000000000
63990  40.523  -12.942  50.553 0.0000000000
64025  40.756  -12.751  49.287 0.0000000000
63991  38.902  -13.735  49.888 0.0000000000
61859  36.362  -15.862  48.141 0.0000000000
62928  37.327  -14.635  48.175 0.0000000000
85840  55.819  7.125  27.934 0.0000000000
68484  45.237  -9.505  46.731 0.0000000000
68507  43.860  -9.763  45.444 0.0000000000
67428  43.527  -10.546  46.634 0.0000000000
66334  42.321  -11.352  46.735 0.0000000000
65182  41.214  -12.061  46.812 0.0000000000
146129  47.984  -7.972  48.366 0.0000000000
69479  46.615  -8.643  47.496 0.0000000000
51095  24.488  -25.178  58.429 0.0000000000
51077  22.969  -24.885  60.224 0.0000000000
51067  21.990  -24.802  61.467 0.0000000000
52148  30.528  -24.639  62.855 0.0000000000
52147  31.870  -24.707  62.110 0.0000000000
52170  30.198  -24.666  61.987 0.0000000000
127942  29.502  -24.596  60.061 0.0000000000
52250  29.127  -24.457  58.416 0.0000000000
52276  29.378  -24.314  57.302 0.0000000000
144981  28.296  -24.578  58.405 0.0000000000
52279  26.967  -24.765  57.759 0.0000000000
75747  50.505  -2.525  35.181 0.0000000000
53230  27.343  -23.428  67.726 0.0000000000
73622  49.066  -3.832  43.143 0.0000000000
74677  49.162  -3.541  42.209 0.0000000000
74695  48.513  -3.367  40.476 0.0000000000
74706  48.900  -2.956  39.814 0.0000000000
128172  47.610  -3.558  40.200 0.0000000000
131163  46.784  -3.442  39.175 0.0000000000
53235  22.632  -23.565  67.608 0.0000000000
52076  22.008  -24.056  66.500 0.0000000000
52053  21.268  -23.805  67.833 0.0000000000
52054  20.479  -24.133  67.567 0.0000000000
50969  19.009  -24.716  67.842 0.0000000000
137235  16.116  -27.779  69.842 0.0000000000
130059  15.715  -28.349  70.290 0.0000000000
47110  15.322  -29.420  68.822 0.0000000000
46052  15.005  -30.245  67.698 0.0000000000
44987  14.199  -31.678  67.495 0.0000000000
60702  40.693  -16.759  60.048 0.0000000000
59653  40.675  -18.050  58.707 0.0000000000
59664  40.697  -18.551  58.099 0.0000000000
58600  41.191  -18.658  58.480 0.0000000000
57573  42.126  -19.557  58.442 0.0000000000
56439  42.691  -20.663  58.245 0.0000000000
130566  35.546  -24.406  60.162 0.0000000000
52190  37.536  -24.407  60.826 0.0000000000
52217  37.229  -24.399  59.938 0.0000000000
130531  37.909  -24.322  59.292 0.0000000000
52241  39.143  -23.836  59.250 0.0000000000
52265  39.719  -23.464  58.158 0.0000000000
52267  38.424  -23.734  57.575 0.0000000000
52309  38.175  -23.552  55.528 0.0000000000
62885  38.076  -14.249  51.607 0.0000000000
62900  37.872  -14.343  50.731 0.0000000000
62886  37.244  -14.829  51.279 0.0000000000
61837  36.158  -15.833  50.041 0.0000000000
85804  55.734  7.616  31.421 0.0000000000
84864  54.144  6.368  29.570 0.0000000000
70551  45.121  -6.610  42.689 0.0000000000
71596  43.997  -6.111  41.386 0.0000000000
70553  43.745  -7.218  42.294 0.0000000000
68522  42.779  -9.789  44.344 0.0000000000
67467  41.133  -10.355  43.580 0.0000000000
71504  49.105  -6.196  47.560 0.0000000000
72554  48.488  -5.759  46.099 0.0000000000
73587  48.801  -4.803  45.199 0.0000000000
72595  47.624  -5.678  44.472 0.0000000000
71585  45.987  -6.188  42.988 0.0000000000
131685  37.154  -24.606  66.462 0.0000000000
51007  37.795  -24.531  65.674 0.0000000000
51023  36.825  -24.656  64.913 0.0000000000
136882  35.714  -24.643  63.717 0.0000000000
52165  35.152  -24.803  61.723 0.0000000000
135876  32.591  -24.833  61.910 0.0000000000
52166  33.722  -24.916  61.222 0.0000000000
52193  34.737  -24.401  60.204 0.0000000000
52220  34.244  -23.867  59.493 0.0000000000
52271  34.362  -23.572  57.788 0.0000000000
52295  33.605  -23.773  55.966 0.0000000000
77722  55.164  0.168  35.674 0.0000000000
76694  52.874  -1.466  35.090 0.0000000000
77724  53.919  -0.752  35.135 0.0000000000
78761  54.908  0.941  35.320 0.0000000000
79734  53.331  1.116  34.488 0.0000000000
79735  52.598  1.851  33.911 0.0000000000
80755  51.814  2.774  32.732 0.0000000000
81760  51.604  2.828  31.941 0.0000000000
145392  27.067  -24.512  62.685 0.0000000000
52152  25.557  -24.409  62.631 0.0000000000
130936  25.991  -24.289  63.466 0.0000000000
52095  25.417  -23.745  65.074 0.0000000000
53247  24.524  -23.536  66.603 0.0000000000
53231  26.531  -23.298  67.849 0.0000000000
53234  23.460  -23.353  67.896 0.0000000000
136532  23.252  -23.087  68.774 0.0000000000
50967  37.784  -24.449  68.102 0.0000000000
50981  36.286  -24.583  67.096 0.0000000000
52087  34.348  -24.558  65.882 0.0000000000
52108  32.451  -24.530  64.931 0.0000000000
52089  31.484  -24.445  65.694 0.0000000000
129168  30.829  -24.562  63.778 0.0000000000
129210  29.939  -24.576  63.514 0.0000000000
52132  28.315  -24.508  63.426 0.0000000000
76654  53.893  -1.838  39.322 0.0000000000
133083  52.086  -2.357  38.068 0.0000000000
149230  51.004  -2.291  37.441 0.0000000000
75716  49.424  -2.501  38.180 0.0000000000
75729  49.576  -2.411  37.266 0.0000000000
75738  49.724  -2.454  36.360 0.0000000000
150701  24.105  -24.394  62.679 0.0000000000
52178  22.636  -24.526  62.024 0.0000000000
151853  21.318  -24.838  62.513 0.0000000000
127150  20.884  -24.543  65.220 0.0000000000
51041  20.951  -24.767  63.690 0.0000000000
51054  20.359  -25.563  62.216 0.0000000000
149724  19.181  -26.278  62.783 0.0000000000
49147  18.268  -27.317  62.737 0.0000000000
50962  18.140  -24.885  69.305 0.0000000000
50046  17.490  -25.876  67.653 0.0000000000
148473  16.937  -26.374  67.869 0.0000000000
50052  17.292  -26.377  66.303 0.0000000000
49135  17.067  -27.143  64.874 0.0000000000
40947  12.099  -35.352  71.656 0.0000000000
65129  42.999  -11.628  49.845 0.0000000000
62846  39.032  -13.694  52.835 0.0000000000
149242  38.492  -14.016  53.266 0.0000000000
61776  36.931  -15.431  53.830 0.0000000000
142503  36.688  -16.036  54.485 0.0000000000
62787  37.660  -14.827  56.794 0.0000000000
128709  37.065  -16.502  55.815 0.0000000000
58650  37.568  -18.220  55.208 0.0000000000
58649  38.290  -18.704  55.629 0.0000000000
57617  39.509  -19.578  55.537 0.0000000000
56483  40.696  -20.307  55.259 0.0000000000
58632  40.664  -19.303  57.219 0.0000000000
57614  41.569  -20.317  56.418 0.0000000000
56495  42.076  -20.869  54.797 0.0000000000
55382  42.470  -21.572  55.139 0.0000000000
138227  42.954  -22.429  53.706 0.0000000000
58559  43.215  -18.313  62.094 0.0000000000
51005  38.809  -24.020  65.647 0.0000000000
52105  39.839  -23.605  65.135 0.0000000000
129911  40.423  -23.240  64.611 0.0000000000
142256  38.670  -24.083  62.319 0.0000000000
51048  40.466  -23.343  62.573 0.0000000000
53275  42.205  -22.470  63.372 0.0000000000
54283  42.840  -21.928  62.194 0.0000000000
55347  43.322  -21.485  61.459 0.0000000000
57557  43.663  -20.466  60.729 0.0000000000
56423  43.304  -21.001  59.820 0.0000000000
54318  42.217  -22.190  58.857 0.0000000000
54327  42.183  -22.213  57.763 0.0000000000
53336  40.435  -23.157  57.867 0.0000000000
53345  41.065  -22.672  57.140 0.0000000000
54337  41.746  -22.322  56.343 0.0000000000
53369  41.070  -22.613  54.503 0.0000000000
65147  42.082  -12.021  48.735 0.0000000000
65149  40.691  -12.723  48.158 0.0000000000
65167  39.867  -12.941  47.223 0.0000000000
62927  38.067  -14.102  48.613 0.0000000000
64042  38.502  -13.635  47.287 0.0000000000
64065  38.801  -13.159  45.986 0.0000000000
81770  51.837  3.203  30.431 0.0000000000
67367  44.861  -10.770  49.310 0.0000000000
66301  44.131  -11.063  48.980 0.0000000000
67384  45.381  -10.361  48.817 0.0000000000
52200  26.021  -24.477  60.598 0.0000000000
52201  25.231  -24.471  60.025 0.0000000000
52199  26.989  -24.541  61.132 0.0000000000
145839  27.883  -24.610  61.186 0.0000000000
128170  26.747  -24.490  60.067 0.0000000000
72630  45.084  -4.972  40.978 0.0000000000
72631  44.596  -5.066  40.450 0.0000000000
72620  45.310  -5.320  41.592 0.0000000000
72619  46.053  -5.070  41.906 0.0000000000
73633  45.733  -4.732  41.174 0.0000000000
46017  14.490  -30.716  71.160 0.0000000000
46027  14.512  -30.733  70.419 0.0000000000
43776  13.938  -32.063  70.232 0.0000000000
43777  13.555  -32.632  70.511 0.0000000000
150394  42.506  -17.446  61.416 0.0000000000
134163  42.262  -17.104  61.351 0.0000000000
59631  42.386  -17.932  60.663 0.0000000000
58582  42.583  -18.817  60.012 0.0000000000
59641  42.761  -18.484  60.758 0.0000000000
52018  39.708  -23.865  68.488 0.0000000000
153343  39.462  -23.936  67.331 0.0000000000
135875  35.803  -23.593  57.127 0.0000000000
52293  35.332  -23.608  56.204 0.0000000000
59731  36.382  -17.328  53.481 0.0000000000
60779  36.286  -16.618  52.983 0.0000000000
82814  53.419  4.449  33.511 0.0000000000
82813  54.211  4.815  33.869 0.0000000000
83847  53.785  5.223  33.207 0.0000000000
83859  53.478  5.464  32.381 0.0000000000
129858  45.425  -8.208  44.814 0.0000000000
69554  44.752  -8.529  44.531 0.0000000000
68520  44.342  -9.158  44.998 0.0000000000
66348  40.523  -11.663  45.364 0.0000000000
65212  39.655  -12.004  44.960 0.0000000000
152453  38.785  -12.523  44.421 0.0000000000
65199  39.204  -12.621  45.465 0.0000000000
150403  45.649  -8.366  45.460 0.0000000000
69553  45.769  -7.720  44.576 0.0000000000
127300  21.494  -25.348  60.886 0.0000000000
142584  21.169  -26.111  60.305 0.0000000000
50096  20.470  -26.502  60.638 0.0000000000
129121  32.813  -24.563  64.344 0.0000000000
52249  30.764  -23.965  58.753 0.0000000000
52223  31.400  -23.874  59.210 0.0000000000
129207  30.854  -23.858  57.843 0.0000000000
151061  30.940  -23.857  57.253 0.0000000000
141742  41.314  -20.615  54.583 0.0000000000
130452  52.163  -1.921  36.605 0.0000000000
75736  53.136  -1.868  36.868 0.0000000000
77739  53.195  -0.731  32.712 0.0000000000
52093  27.812  -23.883  65.801 0.0000000000
52073  27.587  -23.666  66.504 0.0000000000
52092  28.739  -24.109  65.704 0.0000000000
75683  51.522  -2.387  40.644 0.0000000000
75695  51.383  -2.493  39.777 0.0000000000
137957  50.769  -2.584  40.398 0.0000000000
52097  23.298  -23.818  65.873 0.0000000000
50998  19.153  -25.157  66.263 0.0000000000
51012  19.567  -25.024  65.679 0.0000000000
51013  18.794  -25.473  65.634 0.0000000000
50051  17.966  -25.843  65.956 0.0000000000
50030  16.697  -26.081  71.090 0.0000000000
148918  15.440  -29.596  66.734 0.0000000000
47149  15.662  -29.037  67.196 0.0000000000
47164  15.786  -29.269  65.388 0.0000000000
59655  38.946  -17.455  57.912 0.0000000000
59666  39.105  -18.177  57.323 0.0000000000
55370  42.701  -21.136  57.548 0.0000000000
56468  42.521  -20.878  56.690 0.0000000000
54336  42.176  -22.141  56.712 0.0000000000
51066  36.899  -24.523  62.082 0.0000000000
136299  37.627  -24.466  62.688 0.0000000000
146575  39.309  -23.691  59.658 0.0000000000
52187  39.645  -23.566  60.386 0.0000000000
52186  41.040  -23.038  60.598 0.0000000000
52214  40.872  -22.958  59.920 0.0000000000
151721  40.834  -22.964  59.353 0.0000000000
52239  40.240  -23.251  59.423 0.0000000000
153807  40.174  -13.183  51.142 0.0000000000
136375  39.700  -13.394  50.425 0.0000000000
68485  44.634  -9.879  46.597 0.0000000000
67427  44.227  -10.312  46.955 0.0000000000
66318  43.214  -11.243  47.850 0.0000000000
66333  43.021  -11.056  47.070 0.0000000000
66335  41.618  -11.612  46.430 0.0000000000
65181  41.798  -11.831  47.158 0.0000000000
151936  48.522  -7.750  48.805 0.0000000000
68459  45.549  -9.657  47.542 0.0000000000
132394  46.231  -9.277  47.887 0.0000000000
68458  45.951  -9.077  47.062 0.0000000000
52202  24.420  -24.515  60.327 0.0000000000
52229  23.707  -24.790  59.791 0.0000000000
52204  22.806  -24.615  61.079 0.0000000000
52149  29.606  -24.614  62.695 0.0000000000
127941  28.691  -24.612  60.082 0.0000000000
52197  29.137  -24.620  60.636 0.0000000000
128169  29.031  -24.582  59.333 0.0000000000
52224  29.937  -24.369  59.216 0.0000000000
52280  26.064  -24.965  57.727 0.0000000000
72603  48.062  -5.047  44.005 0.0000000000
73631  47.327  -4.306  41.669 0.0000000000
73630  47.949  -4.131  41.944 0.0000000000
130560  48.883  -3.476  41.280 0.0000000000
73652  45.880  -4.064  39.947 0.0000000000
74709  46.016  -3.778  39.247 0.0000000000
53236  22.039  -23.560  68.053 0.0000000000
53219  21.450  -23.534  68.597 0.0000000000
52028  20.559  -23.842  68.475 0.0000000000
127332  19.754  -24.256  68.134 0.0000000000
52030  18.999  -24.410  68.822 0.0000000000
48152  15.550  -28.300  71.034 0.0000000000
149547  14.804  -30.241  69.361 0.0000000000
149515  15.080  -29.702  69.438 0.0000000000
46036  14.963  -30.101  68.651 0.0000000000
140180  15.239  -29.687  68.162 0.0000000000
44974  14.608  -30.812  68.080 0.0000000000
44986  14.711  -30.964  67.080 0.0000000000
42755  13.443  -32.988  68.136 0.0000000000
43839  13.800  -32.497  67.504 0.0000000000
41829  12.401  -34.755  70.048 0.0000000000
127223  41.392  -17.070  60.385 0.0000000000
59643  40.999  -17.520  59.609 0.0000000000
60715  40.207  -17.310  59.180 0.0000000000
59652  41.443  -18.204  59.340 0.0000000000
58598  42.361  -19.242  59.206 0.0000000000
57572  42.708  -20.035  58.818 0.0000000000
55363  42.762  -21.253  58.719 0.0000000000
52219  35.204  -23.997  59.525 0.0000000000
52218  36.162  -24.228  59.669 0.0000000000
52243  37.474  -24.009  58.465 0.0000000000
52242  38.448  -24.042  58.671 0.0000000000
129810  37.829  -23.870  57.937 0.0000000000
52268  37.502  -23.699  57.089 0.0000000000
52291  37.432  -23.632  56.051 0.0000000000
62866  37.501  -14.713  52.248 0.0000000000
61810  36.823  -15.331  51.969 0.0000000000
60798  35.855  -16.789  51.301 0.0000000000
133933  36.157  -15.960  50.909 0.0000000000
60814  35.830  -16.700  50.394 0.0000000000
83870  53.108  5.606  30.674 0.0000000000
84855  54.306  6.577  30.474 0.0000000000
84856  53.583  6.022  30.143 0.0000000000
134274  53.478  5.705  29.285 0.0000000000
82840  52.904  4.907  29.156 0.0000000000
70559  44.218  -6.649  42.136 0.0000000000
70552  44.405  -7.271  42.737 0.0000000000
134302  42.974  -8.293  42.660 0.0000000000
68557  42.161  -9.322  42.996 0.0000000000
67452  43.120  -10.111  45.059 0.0000000000
67453  42.327  -10.364  44.747 0.0000000000
67455  40.629  -10.889  44.052 0.0000000000
67481  40.914  -10.123  42.688 0.0000000000
71505  48.508  -6.856  47.530 0.0000000000
71524  47.922  -6.403  46.123 0.0000000000
151049  48.492  -5.368  45.482 0.0000000000
71542  47.929  -5.898  45.347 0.0000000000
72594  48.270  -5.249  44.811 0.0000000000
71543  47.272  -6.314  44.883 0.0000000000
70544  45.692  -6.943  43.535 0.0000000000
71577  46.309  -6.385  43.608 0.0000000000
51009  35.888  -24.585  65.871 0.0000000000
51008  36.943  -24.639  65.689 0.0000000000
51024  36.125  -24.642  65.154 0.0000000000
52143  34.806  -24.762  63.264 0.0000000000
152757  35.388  -24.742  62.709 0.0000000000
128723  34.570  -24.897  62.340 0.0000000000
52169  31.458  -24.687  61.395 0.0000000000
147408  32.127  -24.748  61.418 0.0000000000
52168  32.830  -24.789  61.004 0.0000000000
148643  33.679  -24.388  60.322 0.0000000000
130500  34.479  -24.808  60.949 0.0000000000
52273  32.693  -23.607  57.369 0.0000000000
52272  33.438  -23.577  57.607 0.0000000000
135873  33.970  -23.582  56.873 0.0000000000
52277  28.506  -24.546  57.505 0.0000000000
52300  28.739  -24.673  56.441 0.0000000000
51116  28.132  -25.232  56.098 0.0000000000
75711  54.435  -1.808  38.461 0.0000000000
76685  53.762  -1.470  36.329 0.0000000000
76684  54.645  -1.308  36.643 0.0000000000
77715  54.992  -0.687  36.042 0.0000000000
77714  55.640  -0.302  36.278 0.0000000000
75755  52.137  -1.863  34.629 0.0000000000
77732  53.553  -0.594  34.429 0.0000000000
77731  53.989  -0.230  34.874 0.0000000000
78762  54.253  0.445  34.991 0.0000000000
79733  54.282  1.459  34.929 0.0000000000
79740  52.110  1.495  33.251 0.0000000000
150273  52.425  2.479  33.644 0.0000000000
79741  51.759  1.842  32.720 0.0000000000
151844  27.150  -24.434  63.334 0.0000000000
52134  26.660  -24.420  63.171 0.0000000000
52113  26.700  -24.277  63.836 0.0000000000
53258  25.906  -23.637  65.910 0.0000000000
53259  25.012  -23.604  65.928 0.0000000000
53216  25.134  -23.135  68.216 0.0000000000
132524  24.308  -23.283  67.826 0.0000000000
53217  24.220  -23.069  68.500 0.0000000000
152089  36.879  -24.566  67.418 0.0000000000
52088  33.495  -24.542  65.989 0.0000000000
52090  30.553  -24.372  65.712 0.0000000000
52109  30.953  -24.490  64.829 0.0000000000
127946  31.858  -24.510  65.091 0.0000000000
144967  30.196  -24.523  64.244 0.0000000000
52150  27.728  -24.534  63.011 0.0000000000
70560  43.349  -6.849  41.596 0.0000000000
75714  51.284  -2.411  38.181 0.0000000000
75727  51.728  -2.241  37.424 0.0000000000
74707  48.385  -2.888  39.198 0.0000000000
75698  49.179  -2.647  39.046 0.0000000000
75717  48.575  -2.661  38.426 0.0000000000
75739  48.892  -2.630  36.668 0.0000000000
75728  50.405  -2.269  36.947 0.0000000000
52135  25.250  -24.286  63.378 0.0000000000
52153  24.693  -24.375  62.802 0.0000000000
129208  22.554  -24.418  63.878 0.0000000000
136101  22.418  -24.505  63.040 0.0000000000
52179  21.825  -24.677  62.342 0.0000000000
52155  21.516  -24.677  63.034 0.0000000000
129002  21.104  -24.359  66.131 0.0000000000
127590  21.841  -24.282  65.453 0.0000000000
143361  19.715  -25.279  64.387 0.0000000000
52119  20.700  -24.739  64.477 0.0000000000
51026  20.259  -25.065  64.073 0.0000000000
51042  20.315  -25.248  63.231 0.0000000000
51055  19.696  -25.758  62.904 0.0000000000
49140  18.005  -26.945  63.532 0.0000000000
50080  18.648  -26.589  63.121 0.0000000000
48190  17.623  -27.758  63.110 0.0000000000
50963  17.415  -25.471  69.766 0.0000000000
50970  18.315  -25.061  68.421 0.0000000000
50984  17.777  -25.548  68.174 0.0000000000
128632  16.185  -27.746  69.003 0.0000000000
49117  16.323  -27.699  67.187 0.0000000000
49116  16.615  -26.976  67.594 0.0000000000
49123  16.711  -26.994  66.707 0.0000000000
142207  17.109  -26.368  67.155 0.0000000000
49129  16.841  -27.022  65.793 0.0000000000
48179  16.529  -27.806  65.335 0.0000000000
41808  12.468  -34.601  71.953 0.0000000000
40941  12.048  -35.234  72.521 0.0000000000
40948  11.657  -35.931  72.189 0.0000000000
150557  40.992  -12.685  52.440 0.0000000000
63946  39.159  -13.639  53.704 0.0000000000
62829  37.576  -14.707  54.309 0.0000000000
61775  37.103  -15.421  54.794 0.0000000000
61719  38.320  -15.546  58.672 0.0000000000
61732  37.631  -15.332  57.263 0.0000000000
60737  37.716  -17.014  56.859 0.0000000000
60738  37.262  -16.304  56.400 0.0000000000
59685  37.418  -17.175  56.188 0.0000000000
59705  37.051  -17.268  55.424 0.0000000000
59704  37.758  -17.991  55.920 0.0000000000
58647  39.712  -19.332  56.278 0.0000000000
57616  40.196  -19.812  55.792 0.0000000000
57630  40.009  -20.062  55.079 0.0000000000
58615  40.957  -19.001  57.830 0.0000000000
56481  42.151  -20.770  55.948 0.0000000000
56482  41.448  -20.520  55.534 0.0000000000
152931  42.311  -21.112  55.291 0.0000000000
152174  42.491  -22.267  54.489 0.0000000000
54355  42.400  -22.708  53.729 0.0000000000
51022  37.423  -24.608  64.973 0.0000000000
51006  38.369  -24.303  65.720 0.0000000000
148934  38.433  -24.225  65.159 0.0000000000
51036  38.779  -23.876  64.005 0.0000000000
51020  39.307  -23.728  64.624 0.0000000000
52127  39.912  -23.518  64.199 0.0000000000
51076  38.204  -24.254  61.083 0.0000000000
51064  38.377  -24.225  61.743 0.0000000000
51062  40.388  -23.436  61.756 0.0000000000
152728  39.817  -23.618  61.642 0.0000000000
127203  41.098  -22.964  62.626 0.0000000000
52142  41.879  -22.693  62.566 0.0000000000
53274  42.802  -22.251  62.892 0.0000000000
52141  42.247  -22.443  61.693 0.0000000000
53299  42.392  -22.228  60.817 0.0000000000
54294  42.880  -21.749  61.191 0.0000000000
54301  43.112  -21.630  61.022 0.0000000000
56407  43.840  -20.841  61.070 0.0000000000
55351  43.428  -21.399  60.891 0.0000000000
56422  43.566  -21.045  60.458 0.0000000000
54316  42.846  -21.709  60.148 0.0000000000
53323  42.305  -22.186  59.778 0.0000000000
53334  41.714  -22.587  58.400 0.0000000000
52266  39.186  -23.545  57.463 0.0000000000
53337  39.784  -23.253  57.191 0.0000000000
53346  40.364  -22.849  56.659 0.0000000000
53356  41.056  -22.466  55.873 0.0000000000
65114  42.447  -11.903  50.311 0.0000000000
65130  42.255  -11.989  49.534 0.0000000000
64026  40.240  -12.994  48.817 0.0000000000
137055  40.888  -12.652  48.768 0.0000000000
64040  40.036  -13.045  47.982 0.0000000000
65166  40.454  -12.720  47.546 0.0000000000
64041  39.312  -13.301  47.676 0.0000000000
143925  37.642  -14.464  49.940 0.0000000000
62915  38.204  -14.092  49.456 0.0000000000
62916  37.467  -14.574  49.098 0.0000000000
62939  37.192  -14.715  47.236 0.0000000000
134510  37.894  -14.105  47.723 0.0000000000
62938  37.743  -14.162  46.792 0.0000000000
64053  38.296  -13.620  46.407 0.0000000000
62950  37.653  -14.194  45.834 0.0000000000
131002  56.441  7.649  28.123 0.0000000000
85855  56.376  7.385  27.541 0.0000000000
85854  56.987  7.924  27.650 0.0000000000
147250  51.627  3.225  31.164 0.0000000000
80770  52.042  2.532  30.641 0.0000000000
67403  45.138  -10.194  48.016 0.0000000000
67404  44.427  -10.480  47.719 0.0000000000
66317  43.920  -10.927  48.194 0.0000000000
66303  42.662  -11.644  48.289 0.0000000000
68444  45.822  -9.836  48.344 0.0000000000
52227  25.310  -24.596  59.302 0.0000000000
52176  24.315  -24.454  61.259 0.0000000000
52172  28.501  -24.639  61.615 0.0000000000
152770  29.070  -24.636  61.187 0.0000000000
52225  27.244  -24.519  59.358 0.0000000000
148409  26.487  -24.513  59.294 0.0000000000
73645  44.664  -4.762  39.705 0.0000000000
72611  47.125  -5.150  42.884 0.0000000000
73625  46.823  -4.813  42.169 0.0000000000
73642  47.067  -4.035  40.854 0.0000000000
73643  46.203  -4.254  40.636 0.0000000000
53220  20.942  -23.555  69.106 0.0000000000
53205  20.820  -23.469  69.784 0.0000000000
46026  14.790  -30.096  69.989 0.0000000000
151534  14.334  -31.225  69.347 0.0000000000
44975  14.239  -31.388  68.616 0.0000000000
43818  13.622  -32.539  68.985 0.0000000000
42731  13.193  -33.210  70.041 0.0000000000
42721  13.172  -33.218  70.922 0.0000000000
60688  41.845  -16.617  61.212 0.0000000000
58597  42.827  -19.581  59.614 0.0000000000
52270  35.344  -23.607  57.935 0.0000000000
52269  36.663  -23.656  57.148 0.0000000000
142301  36.666  -23.657  55.612 0.0000000000
61796  36.528  -15.905  53.208 0.0000000000
61811  36.413  -15.947  52.476 0.0000000000
60788  36.046  -16.754  52.158 0.0000000000
151041  54.287  3.767  34.399 0.0000000000
82801  55.430  4.305  34.694 0.0000000000
82802  54.613  4.276  34.357 0.0000000000
84847  55.189  7.082  31.862 0.0000000000
83866  53.952  6.068  31.921 0.0000000000
83867  53.250  5.602  31.510 0.0000000000
83868  52.611  5.136  31.085 0.0000000000
69573  44.429  -7.854  43.331 0.0000000000
133580  44.423  -8.317  43.897 0.0000000000
68538  43.202  -9.158  43.937 0.0000000000
67442  41.810  -10.840  45.220 0.0000000000
66359  40.987  -11.099  44.896 0.0000000000
66372  39.940  -11.272  43.764 0.0000000000
69494  47.035  -8.011  47.131 0.0000000000
70482  47.359  -7.463  46.785 0.0000000000
70504  47.272  -7.062  46.069 0.0000000000
71544  46.945  -6.901  45.243 0.0000000000
71569  46.745  -6.692  44.629 0.0000000000
70533  46.339  -7.293  44.771 0.0000000000
70534  45.861  -7.324  44.195 0.0000000000
51088  22.418  -26.050  59.288 0.0000000000
49153  19.792  -26.844  61.046 0.0000000000
52107  34.609  -24.637  64.662 0.0000000000
52129  34.225  -24.695  63.834 0.0000000000
52144  33.986  -24.882  62.887 0.0000000000
52194  31.941  -24.522  60.724 0.0000000000
127944  31.647  -24.056  59.934 0.0000000000
52222  32.188  -23.771  59.240 0.0000000000
151221  32.116  -23.628  57.609 0.0000000000
135836  32.075  -23.763  56.585 0.0000000000
134496  31.101  -23.892  56.640 0.0000000000
52298  30.495  -24.203  55.984 0.0000000000
152327  39.888  -20.240  54.611 0.0000000000
75725  53.351  -2.050  37.671 0.0000000000
76702  52.751  -1.485  34.097 0.0000000000
76710  52.677  -1.809  33.061 0.0000000000
134825  53.245  -0.518  33.626 0.0000000000
78769  52.962  0.065  33.115 0.0000000000
78777  53.050  -0.035  32.198 0.0000000000
153085  26.789  -24.086  64.522 0.0000000000
53245  26.284  -23.548  66.535 0.0000000000
145598  29.442  -24.500  64.183 0.0000000000
52111  29.009  -24.356  64.893 0.0000000000
52112  28.152  -24.223  64.964 0.0000000000
75682  52.348  -2.239  40.001 0.0000000000
133816  51.022  -2.520  38.988 0.0000000000
75718  47.917  -2.761  37.878 0.0000000000
52115  24.609  -23.924  64.614 0.0000000000
128766  23.894  -24.171  64.125 0.0000000000
52116  23.088  -24.269  64.420 0.0000000000
52117  22.236  -24.352  64.555 0.0000000000
52099  20.276  -24.623  65.842 0.0000000000
51027  19.359  -25.341  64.970 0.0000000000
50062  19.104  -25.696  64.261 0.0000000000
50070  19.142  -25.984  63.451 0.0000000000
145867  18.486  -26.010  64.525 0.0000000000
50063  17.839  -26.548  64.466 0.0000000000
50959  17.272  -25.409  70.642 0.0000000000
50036  16.880  -26.284  69.331 0.0000000000
47131  15.549  -29.065  68.135 0.0000000000
48176  16.015  -28.417  66.759 0.0000000000
48180  16.091  -28.475  65.833 0.0000000000
63932  38.935  -13.721  54.444 0.0000000000
63920  38.803  -13.740  55.233 0.0000000000
62815  38.083  -14.225  55.640 0.0000000000
60704  38.841  -16.092  59.081 0.0000000000
148289  37.819  -16.014  57.657 0.0000000000
60726  38.060  -16.816  57.531 0.0000000000
58635  38.522  -18.445  56.277 0.0000000000
59683  38.673  -18.211  56.824 0.0000000000
58634  39.269  -18.715  56.725 0.0000000000
58633  40.009  -19.082  56.982 0.0000000000
56454  42.129  -20.210  57.435 0.0000000000
57599  41.675  -20.046  57.141 0.0000000000
128924  37.364  -24.551  63.603 0.0000000000
133984  37.921  -24.422  63.487 0.0000000000
141202  38.415  -24.150  63.298 0.0000000000
51085  38.934  -23.882  59.994 0.0000000000
51074  39.125  -23.763  60.576 0.0000000000
153138  40.235  -23.455  60.949 0.0000000000
52162  40.885  -23.234  61.211 0.0000000000
52161  41.473  -22.906  61.133 0.0000000000
52185  41.660  -22.690  60.709 0.0000000000
53300  42.091  -22.406  60.538 0.0000000000
53312  42.393  -22.149  60.326 0.0000000000
53314  41.361  -22.690  59.682 0.0000000000
53325  41.219  -22.793  58.959 0.0000000000
53348  39.023  -23.383  55.746 0.0000000000
53358  39.519  -23.037  54.926 0.0000000000
53370  40.186  -22.774  54.050 0.0000000000
63989  41.246  -12.546  50.728 0.0000000000
64008  40.999  -12.692  49.924 0.0000000000
64009  40.293  -13.033  49.723 0.0000000000
64010  39.579  -13.369  49.384 0.0000000000
61850  36.269  -15.805  49.083 0.0000000000
61849  36.777  -15.168  48.651 0.0000000000
61858  36.724  -15.260  47.719 0.0000000000
134593  54.621  6.587  29.033 0.0000000000
84874  55.304  7.025  28.762 0.0000000000
69496  45.602  -8.828  46.133 0.0000000000
68506  44.707  -9.447  45.897 0.0000000000
67439  44.062  -10.058  46.217 0.0000000000
67440  43.350  -10.339  45.845 0.0000000000
67429  42.817  -10.825  46.300 0.0000000000
66346  42.102  -11.118  45.976 0.0000000000
65197  40.897  -11.915  46.163 0.0000000000
70450  48.525  -7.369  48.225 0.0000000000
69464  46.878  -8.895  48.258 0.0000000000
69478  47.319  -8.285  47.901 0.0000000000
69495  46.362  -8.413  46.676 0.0000000000
51086  23.759  -25.237  58.904 0.0000000000
51087  23.044  -25.339  59.420 0.0000000000
132608  22.473  -25.382  59.878 0.0000000000
51078  22.234  -25.057  60.568 0.0000000000
135837  31.561  -24.666  63.065 0.0000000000
135807  31.064  -24.675  62.131 0.0000000000
145023  30.736  -24.684  61.419 0.0000000000
52196  29.907  -24.654  60.980 0.0000000000
127943  30.246  -24.508  60.098 0.0000000000
52278  27.731  -24.685  57.686 0.0000000000
52252  27.530  -24.590  58.532 0.0000000000
131030  50.623  -2.253  35.987 0.0000000000
75746  51.291  -2.160  35.151 0.0000000000
53244  27.979  -23.568  67.254 0.0000000000
74670  49.624  -3.482  43.609 0.0000000000
134429  49.616  -3.387  42.876 0.0000000000
73623  48.370  -4.151  42.617 0.0000000000
74685  49.673  -3.120  41.448 0.0000000000
74694  49.431  -3.030  40.549 0.0000000000
75684  50.125  -2.713  40.241 0.0000000000
139361  48.211  -3.216  39.812 0.0000000000
74708  47.601  -3.214  39.315 0.0000000000
153053  47.170  -3.490  39.681 0.0000000000
74722  47.164  -3.153  38.351 0.0000000000
144803  22.518  -23.759  67.019 0.0000000000
52052  21.940  -23.818  67.341 0.0000000000
52077  21.206  -24.121  67.019 0.0000000000
52055  19.722  -24.503  67.269 0.0000000000
50982  19.093  -25.017  66.983 0.0000000000
49105  16.041  -27.606  70.695 0.0000000000
47093  15.773  -28.475  69.485 0.0000000000
47094  15.406  -29.108  69.509 0.0000000000
47109  15.596  -28.899  68.934 0.0000000000
45000  14.611  -31.822  66.412 0.0000000000
61709  40.029  -16.052  60.273 0.0000000000
60703  39.714  -16.508  59.516 0.0000000000
59654  39.841  -17.718  58.378 0.0000000000
59665  40.196  -18.296  57.973 0.0000000000
58614  41.530  -19.253  58.146 0.0000000000
58599  41.785  -18.921  58.866 0.0000000000
57587  41.875  -19.786  57.767 0.0000000000
57586  42.367  -20.139  58.003 0.0000000000
52191  36.396  -24.485  60.604 0.0000000000
52163  36.951  -24.501  61.349 0.0000000000
52189  38.290  -24.313  60.204 0.0000000000
130565  36.860  -24.099  59.026 0.0000000000
52216  38.661  -24.126  59.524 0.0000000000
143617  39.555  -23.598  58.854 0.0000000000
130095  39.130  -23.747  58.393 0.0000000000
52290  38.687  -23.531  56.608 0.0000000000
137403  38.049  -23.640  56.585 0.0000000000
62884  38.888  -13.784  51.952 0.0000000000
62899  38.754  -13.826  50.900 0.0000000000
62901  37.243  -14.767  50.457 0.0000000000
148499  36.631  -15.445  51.294 0.0000000000
61823  36.694  -15.287  50.617 0.0000000000
85814  55.699  7.648  30.475 0.0000000000
84854  55.039  7.156  30.916 0.0000000000
84863  54.979  7.047  29.831 0.0000000000
83889  53.493  5.153  28.374 0.0000000000
71595  44.794  -5.965  41.917 0.0000000000
69583  43.735  -7.799  42.760 0.0000000000
69584  43.101  -7.603  42.114 0.0000000000
68521  43.566  -9.488  44.661 0.0000000000
68539  42.444  -9.519  43.627 0.0000000000
67466  42.007  -10.103  43.978 0.0000000000
68540  41.710  -9.824  43.211 0.0000000000
70481  47.891  -6.928  46.821 0.0000000000
71523  48.521  -6.286  46.822 0.0000000000
73608  48.648  -4.605  44.406 0.0000000000
72604  47.374  -5.440  43.658 0.0000000000
71568  46.894  -6.156  44.101 0.0000000000
72605  46.672  -5.792  43.311 0.0000000000
72613  45.598  -5.748  42.313 0.0000000000
50979  38.419  -24.428  67.274 0.0000000000
50994  38.269  -24.431  66.489 0.0000000000
50995  37.591  -24.574  66.274 0.0000000000
52106  35.511  -24.631  64.620 0.0000000000
51040  36.365  -24.624  64.436 0.0000000000
51039  37.099  -24.622  64.333 0.0000000000
152804  36.162  -24.635  63.096 0.0000000000
153260  36.085  -24.651  62.332 0.0000000000
52146  32.472  -24.749  62.780 0.0000000000
52145  33.236  -24.876  62.450 0.0000000000
52167  33.240  -24.957  61.694 0.0000000000
145696  34.327  -24.961  61.617 0.0000000000
52192  35.375  -24.670  60.821 0.0000000000
127939  34.790  -23.677  58.686 0.0000000000
52246  33.790  -23.617  58.551 0.0000000000
52294  34.463  -23.652  56.112 0.0000000000
52299  29.650  -24.397  56.300 0.0000000000
58661  37.388  -18.517  54.540 0.0000000000
78755  55.650  0.992  35.774 0.0000000000
75745  52.142  -1.765  35.607 0.0000000000
76693  53.575  -1.211  35.508 0.0000000000
77723  54.470  -0.386  35.401 0.0000000000
79732  55.208  1.672  35.340 0.0000000000
80746  53.536  2.147  34.512 0.0000000000
81747  53.858  3.213  34.404 0.0000000000
81748  52.907  2.752  34.020 0.0000000000
81756  52.335  3.082  33.363 0.0000000000
82815  52.625  4.020  33.122 0.0000000000
82822  52.336  4.291  32.260 0.0000000000
81759  52.002  3.479  32.537 0.0000000000
146807  26.819  -24.525  62.026 0.0000000000
52151  26.356  -24.457  62.603 0.0000000000
52114  25.335  -24.084  64.132 0.0000000000
146865  26.097  -24.017  64.379 0.0000000000
52096  24.594  -23.724  65.340 0.0000000000
53260  24.148  -23.678  65.903 0.0000000000
53248  23.666  -23.615  66.533 0.0000000000
138148  26.971  -23.518  66.989 0.0000000000
130942  26.192  -23.440  67.113 0.0000000000
53215  25.931  -23.123  68.246 0.0000000000
53232  25.688  -23.306  67.599 0.0000000000
53233  24.840  -23.390  67.353 0.0000000000
133135  23.989  -23.452  67.216 0.0000000000
53249  23.181  -23.575  67.127 0.0000000000
53218  22.723  -23.385  68.216 0.0000000000
149277  22.285  -23.290  68.738 0.0000000000
53203  22.644  -22.939  69.413 0.0000000000
138348  39.138  -24.168  68.585 0.0000000000
50966  38.225  -24.428  67.799 0.0000000000
145064  37.631  -24.556  67.182 0.0000000000
50996  36.497  -24.599  66.406 0.0000000000
51010  34.988  -24.541  66.161 0.0000000000
127256  34.079  -24.614  65.305 0.0000000000
127591  33.194  -24.558  65.172 0.0000000000
145283  32.490  -24.506  65.713 0.0000000000
129120  31.846  -24.550  64.244 0.0000000000
129209  29.080  -24.546  63.409 0.0000000000
145375  28.598  -24.603  62.574 0.0000000000
71597  43.311  -6.306  40.790 0.0000000000
76666  54.850  -1.600  39.208 0.0000000000
75712  53.584  -2.046  38.456 0.0000000000
75694  52.976  -2.164  39.146 0.0000000000
75713  52.771  -2.242  38.295 0.0000000000
75737  51.230  -2.121  36.741 0.0000000000
75697  49.716  -2.708  39.703 0.0000000000
130134  50.141  -2.540  38.857 0.0000000000
75715  50.359  -2.384  37.911 0.0000000000
52175  24.998  -24.438  61.904 0.0000000000
141566  24.188  -24.427  62.130 0.0000000000
145372  24.010  -24.329  63.246 0.0000000000
52154  23.446  -24.422  62.609 0.0000000000
52177  23.493  -24.470  61.611 0.0000000000
51068  21.198  -25.082  61.913 0.0000000000
52098  22.556  -24.008  65.925 0.0000000000
52118  21.379  -24.513  64.530 0.0000000000
51053  20.913  -24.991  62.765 0.0000000000
50078  19.576  -26.336  62.026 0.0000000000
50079  18.910  -26.897  62.361 0.0000000000
49154  18.674  -27.741  61.983 0.0000000000
50983  18.310  -25.373  67.499 0.0000000000
50045  17.778  -25.849  66.847 0.0000000000
50037  16.407  -26.950  70.038 0.0000000000
49110  16.272  -27.696  68.105 0.0000000000
49109  16.603  -26.875  68.536 0.0000000000
50039  17.178  -26.031  68.413 0.0000000000
50056  17.496  -26.434  65.404 0.0000000000
48185  16.728  -27.990  64.403 0.0000000000
48191  17.043  -28.302  63.524 0.0000000000
41819  12.797  -33.901  71.409 0.0000000000
41820  12.440  -34.671  71.060 0.0000000000
40956  12.099  -35.469  70.654 0.0000000000
40038  11.700  -36.066  71.244 0.0000000000
66285  44.322  -11.122  49.770 0.0000000000
63974  40.236  -13.135  51.904 0.0000000000
63959  39.636  -13.433  52.331 0.0000000000
62865  38.279  -14.159  52.541 0.0000000000
62848  37.685  -14.584  53.287 0.0000000000
62847  38.317  -14.102  53.959 0.0000000000
60771  36.655  -16.823  54.657 0.0000000000
62801  37.580  -14.798  56.091 0.0000000000
61741  37.404  -15.446  56.562 0.0000000000
61755  37.195  -15.584  55.722 0.0000000000
60756  36.831  -16.239  55.178 0.0000000000
59717  36.976  -17.695  54.656 0.0000000000
58660  38.006  -19.007  55.006 0.0000000000
57618  38.784  -19.330  55.284 0.0000000000
57631  39.354  -19.917  54.766 0.0000000000
58616  40.391  -18.792  57.585 0.0000000000
57600  41.057  -19.801  56.806 0.0000000000
57615  40.861  -20.094  56.068 0.0000000000
56494  42.464  -21.337  54.442 0.0000000000
54354  42.656  -21.990  54.716 0.0000000000
50993  38.851  -24.133  66.304 0.0000000000
50992  39.248  -23.835  66.112 0.0000000000
52086  39.698  -23.579  65.913 0.0000000000
51021  38.778  -23.979  64.926 0.0000000000
51004  39.263  -23.780  65.451 0.0000000000
134131  40.259  -23.273  65.593 0.0000000000
53267  41.579  -22.235  64.482 0.0000000000
51065  37.763  -24.431  61.739 0.0000000000
51050  39.017  -23.897  62.965 0.0000000000
138017  38.912  -23.928  61.393 0.0000000000
51063  39.259  -23.828  61.972 0.0000000000
51034  40.012  -23.510  63.310 0.0000000000
52126  40.479  -23.200  63.533 0.0000000000
150269  41.078  -22.596  63.745 0.0000000000
53266  42.491  -22.078  63.961 0.0000000000
54274  43.027  -21.831  63.409 0.0000000000
53289  42.442  -22.212  61.230 0.0000000000
55342  43.274  -21.529  62.008 0.0000000000
56380  43.900  -20.416  62.436 0.0000000000
57532  43.886  -19.784  62.100 0.0000000000
58570  43.553  -19.268  61.651 0.0000000000
58571  43.134  -18.779  61.185 0.0000000000
141222  43.190  -19.830  60.027 0.0000000000
54309  42.611  -21.916  60.046 0.0000000000
54317  42.595  -21.804  59.463 0.0000000000
54326  42.507  -21.703  58.251 0.0000000000
52240  40.020  -23.352  58.762 0.0000000000
54328  41.693  -22.509  57.445 0.0000000000
53368  41.790  -22.818  53.787 0.0000000000
66286  43.588  -11.388  49.410 0.0000000000
65146  42.844  -11.688  49.066 0.0000000000
65164  41.934  -11.976  47.929 0.0000000000
65131  41.437  -12.408  49.238 0.0000000000
65148  41.373  -12.383  48.381 0.0000000000
65165  41.157  -12.350  47.532 0.0000000000
65183  40.496  -12.451  46.782 0.0000000000
65184  39.609  -12.769  46.369 0.0000000000
64011  38.811  -13.679  49.001 0.0000000000
64028  38.672  -13.646  48.146 0.0000000000
64052  39.098  -13.233  46.844 0.0000000000
81765  51.798  3.690  31.652 0.0000000000
82825  51.740  3.851  30.798 0.0000000000
133705  51.978  3.977  30.007 0.0000000000
81781  52.242  3.401  29.506 0.0000000000
43796  13.975  -31.905  69.357 0.0000000000
50978  38.975  -24.244  67.112 0.0000000000
50980  36.928  -24.596  66.893 0.0000000000
50997  35.656  -24.556  66.602 0.0000000000
51049  39.764  -23.641  62.541 0.0000000000
52041  39.355  -24.087  67.875 0.0000000000
52064  39.337  -23.924  66.735 0.0000000000
52215  39.684  -23.509  59.791 0.0000000000
52255  25.063  -24.789  58.762 0.0000000000
53278  42.562  -22.118  61.861 0.0000000000
53279  42.423  -22.419  62.424 0.0000000000
53288  42.728  -21.891  61.384 0.0000000000
53298  42.668  -21.951  61.030 0.0000000000
53311  42.686  -21.871  60.726 0.0000000000
53313  41.925  -22.414  59.965 0.0000000000
54266  42.472  -21.396  64.436 0.0000000000
54273  42.923  -21.139  63.971 0.0000000000
54293  43.062  -21.636  61.352 0.0000000000
54302  42.841  -21.755  60.825 0.0000000000
55352  43.043  -21.603  60.608 0.0000000000
55357  43.195  -21.445  60.286 0.0000000000
55362  42.947  -21.390  59.663 0.0000000000
56393  43.812  -20.998  61.601 0.0000000000
57546  43.790  -20.113  61.305 0.0000000000
57547  43.434  -19.717  60.743 0.0000000000
57558  43.422  -20.443  60.174 0.0000000000
57571  43.115  -20.315  59.528 0.0000000000
59642  41.868  -17.954  60.056 0.0000000000
69523  46.007  -7.897  45.164 0.0000000000
72570  48.985  -5.119  45.946 0.0000000000
72640  44.189  -5.240  39.909 0.0000000000
80751  51.971  2.233  33.216 0.0000000000
81755  53.140  3.627  33.798 0.0000000000
82824  52.150  4.475  31.383 0.0000000000
82830  52.187  4.576  30.567 0.0000000000
83845  55.371  5.993  33.909 0.0000000000
84836  54.708  6.511  32.339 0.0000000000
84849  53.745  6.121  31.021 0.0000000000
128321  41.859  -21.728  64.941 0.0000000000
128804  38.013  -24.472  65.026 0.0000000000
129560  43.727  -21.074  62.239 0.0000000000
130378  41.699  -22.789  61.724 0.0000000000
132732  42.930  -21.745  61.685 0.0000000000
134888  39.617  -23.655  66.479 0.0000000000
135110  52.980  5.392  29.895 0.0000000000
140295  14.553  -30.717  69.702 0.0000000000
144788  48.464  -3.811  41.850 0.0000000000
146271  38.289  -14.079  50.182 0.0000000000
148244  36.666  -24.613  63.726 0.0000000000
148315  15.470  -28.835  70.036 0.0000000000
148520  36.571  -17.284  54.145 0.0000000000
149560  43.920  -20.481  61.672 0.0000000000
150280  28.672  -24.580  58.876 0.0000000000
151854  38.034  -24.397  62.211 0.0000000000
153406  52.637  5.117  30.404 0.0000000000
