#!ascii label  , from subject sub-v1s13x0050049_ses-1 vox2ras=TkReg
1598
52755  54.187  -24.215  27.351 0.0000000000
39872  41.363  -39.234  37.586 0.0000000000
31386  28.940  -47.752  39.958 0.0000000000
29394  22.944  -50.822  44.546 0.0000000000
114585  39.308  -47.003  41.879 0.0000000000
36453  32.620  -43.715  33.472 0.0000000000
46187  55.614  -32.742  30.471 0.0000000000
57667  58.300  -19.043  20.370 0.0000000000
102429  52.370  -27.513  36.429 0.0000000000
46983  43.104  -31.562  32.137 0.0000000000
42682  35.432  -36.406  28.161 0.0000000000
111532  31.930  -49.927  43.658 0.0000000000
29449  26.687  -49.425  42.198 0.0000000000
28512  29.155  -51.135  46.303 0.0000000000
31366  34.375  -47.964  40.702 0.0000000000
52656  54.451  -24.215  36.749 0.0000000000
113393  43.299  -39.306  42.478 0.0000000000
43490  44.714  -35.917  39.634 0.0000000000
46128  45.729  -32.611  37.571 0.0000000000
42610  41.820  -35.874  35.041 0.0000000000
44540  39.297  -34.328  29.521 0.0000000000
40832  38.888  -37.958  32.945 0.0000000000
35505  26.522  -44.434  32.553 0.0000000000
38349  28.103  -41.051  29.380 0.0000000000
54479  56.746  -21.650  24.626 0.0000000000
55356  54.941  -21.883  19.876 0.0000000000
33498  24.690  -46.086  35.709 0.0000000000
31426  22.224  -47.871  37.793 0.0000000000
110486  40.468  -42.969  39.351 0.0000000000
120658  37.811  -41.792  35.317 0.0000000000
34429  36.362  -45.388  37.562 0.0000000000
33478  30.501  -46.275  36.282 0.0000000000
50324  55.764  -27.955  29.303 0.0000000000
114590  26.561  -51.951  51.015 0.0000000000
28489  20.739  -51.257  48.155 0.0000000000
56893  58.206  -19.179  27.773 0.0000000000
54400  56.770  -22.298  30.888 0.0000000000
51929  56.392  -26.326  32.695 0.0000000000
49444  54.561  -28.512  32.575 0.0000000000
106518  49.890  -27.461  30.751 0.0000000000
48530  49.717  -29.652  39.679 0.0000000000
48596  47.033  -29.476  34.090 0.0000000000
48662  45.196  -29.053  28.144 0.0000000000
103414  41.288  -31.145  25.956 0.0000000000
39981  34.125  -39.833  30.631 0.0000000000
112711  33.095  -50.812  46.473 0.0000000000
112199  30.372  -50.574  45.011 0.0000000000
28495  31.846  -50.952  48.341 0.0000000000
29401  34.467  -50.136  44.494 0.0000000000
39834  42.417  -39.727  39.629 0.0000000000
40738  43.217  -37.585  38.521 0.0000000000
43501  43.583  -35.663  37.461 0.0000000000
41713  41.657  -37.567  36.287 0.0000000000
42623  40.754  -36.720  34.072 0.0000000000
40794  39.836  -38.794  35.115 0.0000000000
111442  24.020  -45.709  31.476 0.0000000000
35539  24.980  -44.780  29.874 0.0000000000
53586  55.295  -22.674  26.069 0.0000000000
53613  53.740  -23.340  23.562 0.0000000000
52780  52.972  -24.173  25.361 0.0000000000
32467  27.374  -46.893  37.771 0.0000000000
32487  23.443  -46.864  36.759 0.0000000000
31408  25.509  -47.725  38.994 0.0000000000
29432  24.455  -49.703  43.021 0.0000000000
30341  22.478  -48.995  40.930 0.0000000000
29450  22.080  -49.713  42.296 0.0000000000
29415  21.041  -50.918  43.219 0.0000000000
36320  41.867  -43.489  42.503 0.0000000000
35392  40.203  -45.002  40.740 0.0000000000
35423  38.542  -44.520  38.470 0.0000000000
34413  37.877  -45.979  39.153 0.0000000000
31383  31.652  -47.499  40.059 0.0000000000
32443  32.458  -46.922  38.823 0.0000000000
32465  29.503  -46.768  37.808 0.0000000000
33495  27.903  -46.194  35.767 0.0000000000
47841  56.640  -30.793  29.535 0.0000000000
47852  55.257  -30.533  28.016 0.0000000000
46226  55.806  -33.078  28.504 0.0000000000
30256  20.269  -49.600  49.664 0.0000000000
109796  56.448  -24.116  31.762 0.0000000000
115665  55.815  -22.862  33.866 0.0000000000
51091  53.842  -26.717  36.749 0.0000000000
50230  54.269  -26.953  34.930 0.0000000000
50246  52.845  -27.082  35.091 0.0000000000
50286  52.031  -27.347  31.556 0.0000000000
50262  50.479  -27.668  33.468 0.0000000000
46150  44.252  -32.213  34.524 0.0000000000
46949  46.170  -31.056  36.007 0.0000000000
47811  44.900  -30.053  32.952 0.0000000000
48617  46.156  -28.985  31.915 0.0000000000
47836  44.148  -29.970  30.294 0.0000000000
48664  43.635  -29.655  27.230 0.0000000000
47016  42.217  -31.308  29.828 0.0000000000
45406  37.905  -33.393  27.241 0.0000000000
37390  35.586  -42.683  34.238 0.0000000000
39128  35.948  -41.081  32.990 0.0000000000
38308  33.753  -41.792  32.117 0.0000000000
40015  29.401  -39.689  27.833 0.0000000000
57684  60.800  -19.575  17.322 0.0000000000
56238  60.518  -20.799  19.643 0.0000000000
30315  30.827  -48.778  42.024 0.0000000000
30336  27.070  -48.434  40.663 0.0000000000
29428  28.816  -49.598  43.106 0.0000000000
29390  27.325  -50.665  44.112 0.0000000000
28549  26.210  -51.004  45.010 0.0000000000
31345  38.415  -48.137  43.507 0.0000000000
32415  36.581  -47.780  40.649 0.0000000000
31351  36.050  -48.992  42.686 0.0000000000
102416  32.701  -48.818  42.333 0.0000000000
119283  54.707  -21.756  35.978 0.0000000000
51061  52.840  -26.768  38.813 0.0000000000
106751  45.363  -34.314  39.179 0.0000000000
44470  43.862  -33.926  36.184 0.0000000000
45327  42.411  -33.718  33.846 0.0000000000
45361  41.170  -33.279  30.899 0.0000000000
43561  40.779  -34.913  32.338 0.0000000000
42645  39.273  -36.340  31.608 0.0000000000
101049  37.164  -37.121  29.728 0.0000000000
36455  30.071  -44.091  32.954 0.0000000000
37435  30.578  -42.621  31.621 0.0000000000
37438  27.755  -42.602  31.058 0.0000000000
55330  58.694  -21.040  23.256 0.0000000000
55353  57.851  -21.483  20.835 0.0000000000
54505  55.738  -22.010  22.040 0.0000000000
31391  24.035  -48.219  39.772 0.0000000000
109077  42.661  -41.349  41.419 0.0000000000
38210  40.625  -41.399  38.565 0.0000000000
103331  39.418  -40.544  36.266 0.0000000000
37332  38.753  -42.653  37.180 0.0000000000
36416  36.899  -43.820  36.049 0.0000000000
35452  34.363  -44.591  35.452 0.0000000000
33449  35.291  -46.464  38.494 0.0000000000
33475  33.204  -46.058  36.679 0.0000000000
35455  32.109  -45.167  34.870 0.0000000000
34476  28.396  -45.273  33.838 0.0000000000
34494  25.506  -45.237  33.688 0.0000000000
51191  54.894  -25.951  28.687 0.0000000000
51200  52.869  -26.391  26.826 0.0000000000
49510  54.038  -28.711  27.493 0.0000000000
28482  27.151  -51.642  48.256 0.0000000000
28502  24.604  -51.913  47.483 0.0000000000
28486  23.216  -52.089  49.086 0.0000000000
118113  22.215  -51.753  45.878 0.0000000000
57645  58.178  -19.223  24.619 0.0000000000
55301  57.867  -20.695  25.506 0.0000000000
55278  57.209  -21.183  26.914 0.0000000000
53544  55.662  -23.470  29.063 0.0000000000
51974  55.913  -25.443  30.369 0.0000000000
51175  56.661  -27.330  31.001 0.0000000000
112337  56.807  -30.089  32.032 0.0000000000
51912  55.319  -26.147  34.468 0.0000000000
50257  55.570  -28.128  33.366 0.0000000000
115606  55.207  -30.287  31.912 0.0000000000
48629  53.177  -29.357  30.425 0.0000000000
50326  51.187  -27.975  29.015 0.0000000000
49376  51.005  -28.789  37.823 0.0000000000
47749  47.744  -30.869  38.918 0.0000000000
48555  48.401  -29.983  36.988 0.0000000000
49407  50.098  -28.860  35.451 0.0000000000
49447  48.610  -28.400  32.499 0.0000000000
106837  47.670  -28.086  29.685 0.0000000000
46219  40.428  -32.466  28.658 0.0000000000
39125  38.029  -40.016  34.025 0.0000000000
40835  36.621  -39.088  31.985 0.0000000000
40868  34.523  -38.389  29.447 0.0000000000
39162  31.722  -40.776  30.257 0.0000000000
40870  31.971  -39.040  28.924 0.0000000000
29366  32.428  -50.988  46.554 0.0000000000
29354  32.564  -50.511  47.862 0.0000000000
39851  41.644  -39.531  38.293 0.0000000000
40730  42.857  -38.861  39.418 0.0000000000
40751  42.285  -38.130  37.664 0.0000000000
41701  42.535  -37.461  37.389 0.0000000000
40772  41.372  -38.250  36.576 0.0000000000
40792  41.066  -37.973  35.877 0.0000000000
40773  40.758  -38.648  36.203 0.0000000000
113879  54.695  -23.259  26.494 0.0000000000
53588  53.660  -23.720  25.583 0.0000000000
52767  53.954  -23.828  26.509 0.0000000000
32448  27.799  -47.270  38.468 0.0000000000
32450  26.013  -47.357  38.356 0.0000000000
31406  27.301  -47.648  39.168 0.0000000000
29411  24.009  -50.057  43.706 0.0000000000
29433  23.502  -49.787  43.082 0.0000000000
29434  22.433  -50.061  43.148 0.0000000000
29435  21.491  -50.336  42.788 0.0000000000
28562  21.571  -50.962  43.997 0.0000000000
33425  39.860  -46.506  43.293 0.0000000000
34374  40.253  -46.002  42.939 0.0000000000
35372  41.043  -44.766  42.227 0.0000000000
34407  39.737  -45.643  40.817 0.0000000000
34411  39.215  -45.520  39.991 0.0000000000
33429  38.859  -46.225  40.437 0.0000000000
31385  29.841  -47.583  39.819 0.0000000000
31403  30.383  -47.181  39.266 0.0000000000
32446  29.278  -47.031  38.471 0.0000000000
32466  28.272  -46.812  37.695 0.0000000000
47012  56.735  -31.783  30.296 0.0000000000
47850  56.472  -31.832  29.252 0.0000000000
46209  55.881  -33.219  29.149 0.0000000000
56119  56.321  -19.774  33.651 0.0000000000
103137  56.234  -22.214  33.309 0.0000000000
55208  55.919  -21.628  34.031 0.0000000000
50221  52.983  -27.289  36.879 0.0000000000
50220  53.531  -26.986  36.379 0.0000000000
117694  52.373  -27.368  35.723 0.0000000000
101558  52.130  -26.958  34.334 0.0000000000
50247  51.808  -27.371  35.091 0.0000000000
46163  43.881  -31.982  33.800 0.0000000000
46964  44.489  -31.489  34.123 0.0000000000
46982  43.822  -31.000  32.587 0.0000000000
47812  44.355  -30.257  32.198 0.0000000000
47825  43.622  -30.743  31.703 0.0000000000
47838  42.846  -30.913  30.303 0.0000000000
47006  42.363  -31.547  30.688 0.0000000000
37403  33.939  -42.938  33.386 0.0000000000
37416  34.367  -42.389  33.090 0.0000000000
37418  32.682  -42.697  32.394 0.0000000000
57681  59.576  -19.405  19.198 0.0000000000
56954  59.431  -19.670  20.070 0.0000000000
29426  31.468  -49.516  43.121 0.0000000000
30302  29.539  -49.166  42.628 0.0000000000
115935  30.670  -49.627  43.299 0.0000000000
113449  29.982  -50.906  45.841 0.0000000000
29388  28.922  -50.315  44.242 0.0000000000
28547  27.821  -50.894  44.832 0.0000000000
119570  26.642  -50.840  44.419 0.0000000000
28531  27.497  -51.159  45.679 0.0000000000
31346  37.776  -48.541  43.861 0.0000000000
103876  36.895  -48.890  42.735 0.0000000000
30291  36.515  -49.201  43.517 0.0000000000
29403  32.778  -50.116  43.995 0.0000000000
30294  33.739  -49.531  43.191 0.0000000000
30300  32.115  -49.151  42.726 0.0000000000
30314  31.779  -48.688  41.993 0.0000000000
42545  44.649  -36.638  40.343 0.0000000000
42544  45.450  -36.055  41.632 0.0000000000
43481  45.720  -35.268  41.108 0.0000000000
44429  46.114  -33.873  40.732 0.0000000000
43489  45.019  -35.056  39.414 0.0000000000
43512  42.728  -35.769  36.253 0.0000000000
43510  43.818  -34.952  37.241 0.0000000000
44472  42.669  -34.721  35.237 0.0000000000
44485  42.947  -33.978  35.042 0.0000000000
44486  42.441  -34.307  34.480 0.0000000000
44505  41.401  -34.330  32.783 0.0000000000
43548  41.539  -35.291  33.913 0.0000000000
41762  39.562  -37.572  33.302 0.0000000000
42635  40.088  -36.332  32.691 0.0000000000
41778  38.908  -37.024  31.904 0.0000000000
42646  38.588  -36.759  31.154 0.0000000000
41779  38.205  -37.442  31.512 0.0000000000
35503  28.326  -44.252  32.739 0.0000000000
36482  28.236  -43.147  31.670 0.0000000000
36483  27.179  -43.215  31.487 0.0000000000
55321  58.152  -21.236  23.991 0.0000000000
55332  57.215  -21.624  22.927 0.0000000000
112745  56.600  -21.809  23.702 0.0000000000
53623  53.729  -23.206  22.695 0.0000000000
33518  23.428  -46.233  34.385 0.0000000000
115953  22.857  -46.645  34.840 0.0000000000
112938  26.952  -48.967  41.623 0.0000000000
30356  25.615  -48.422  40.324 0.0000000000
30338  25.376  -48.729  41.073 0.0000000000
30342  21.592  -49.281  40.667 0.0000000000
116122  22.192  -48.775  40.280 0.0000000000
36341  41.571  -43.396  41.271 0.0000000000
37242  42.475  -42.226  42.418 0.0000000000
37279  41.123  -42.314  39.775 0.0000000000
38191  41.673  -41.213  39.742 0.0000000000
37280  40.514  -42.167  38.929 0.0000000000
38211  40.030  -41.900  38.158 0.0000000000
37281  39.825  -42.793  38.484 0.0000000000
35424  37.824  -44.862  38.106 0.0000000000
36406  37.660  -43.789  36.852 0.0000000000
35441  36.405  -44.493  36.443 0.0000000000
36417  35.981  -44.087  35.770 0.0000000000
35442  35.618  -44.706  36.218 0.0000000000
32416  35.715  -47.827  40.476 0.0000000000
32422  36.181  -47.309  39.961 0.0000000000
32424  34.393  -47.540  39.868 0.0000000000
33462  31.630  -46.538  37.042 0.0000000000
33461  32.726  -46.518  37.394 0.0000000000
34443  31.925  -45.984  35.910 0.0000000000
34456  32.414  -45.530  35.501 0.0000000000
105719  31.009  -45.665  35.096 0.0000000000
35470  30.140  -45.099  33.946 0.0000000000
34445  30.267  -45.920  35.331 0.0000000000
33496  26.525  -46.174  36.102 0.0000000000
34477  26.999  -45.766  34.638 0.0000000000
33516  25.304  -45.750  35.141 0.0000000000
106706  55.109  -27.021  28.871 0.0000000000
118188  54.443  -27.297  28.262 0.0000000000
49496  54.718  -28.758  28.226 0.0000000000
48669  54.496  -30.243  27.135 0.0000000000
113899  27.323  -51.829  49.949 0.0000000000
28483  26.244  -51.719  48.225 0.0000000000
102105  25.085  -52.068  49.055 0.0000000000
29337  21.327  -50.989  49.691 0.0000000000
28487  22.272  -51.970  48.698 0.0000000000
28503  22.890  -52.120  48.033 0.0000000000
28520  21.229  -51.815  46.643 0.0000000000
28537  21.241  -51.608  45.319 0.0000000000
28522  20.075  -51.370  46.085 0.0000000000
58361  57.881  -17.750  23.570 0.0000000000
107194  58.168  -19.534  26.025 0.0000000000
56176  57.846  -20.244  26.575 0.0000000000
55292  57.220  -21.183  26.124 0.0000000000
56177  57.701  -20.495  26.852 0.0000000000
55246  57.116  -21.493  29.678 0.0000000000
55262  57.038  -21.456  28.691 0.0000000000
53531  56.418  -22.794  30.344 0.0000000000
52734  55.689  -24.465  29.823 0.0000000000
105405  56.290  -23.756  30.781 0.0000000000
51943  56.490  -25.540  32.138 0.0000000000
110897  56.515  -26.471  31.299 0.0000000000
51167  56.694  -27.358  31.766 0.0000000000
49470  57.171  -29.007  31.065 0.0000000000
50272  56.568  -28.337  32.331 0.0000000000
53473  54.647  -23.612  36.286 0.0000000000
53472  54.942  -23.464  35.582 0.0000000000
52668  54.783  -24.607  35.850 0.0000000000
49417  54.655  -27.682  33.733 0.0000000000
50243  55.171  -27.563  33.986 0.0000000000
49428  55.165  -28.240  33.206 0.0000000000
48604  55.773  -29.838  32.404 0.0000000000
48605  55.098  -29.580  32.186 0.0000000000
48628  54.100  -29.993  31.049 0.0000000000
103850  54.170  -28.990  32.067 0.0000000000
110797  51.201  -27.283  31.333 0.0000000000
50298  51.633  -27.539  30.778 0.0000000000
50299  50.779  -27.424  30.492 0.0000000000
50312  49.829  -27.486  29.335 0.0000000000
48529  50.436  -29.319  39.215 0.0000000000
46120  46.549  -32.347  38.921 0.0000000000
46916  47.402  -31.327  39.345 0.0000000000
46942  46.563  -31.581  37.554 0.0000000000
48589  47.012  -29.834  34.868 0.0000000000
47786  47.344  -30.163  36.052 0.0000000000
104657  47.916  -29.792  35.704 0.0000000000
48567  49.422  -29.346  35.949 0.0000000000
108147  48.597  -29.310  34.640 0.0000000000
49420  49.114  -28.990  34.167 0.0000000000
49432  48.100  -28.761  33.084 0.0000000000
49475  45.836  -28.972  30.539 0.0000000000
120597  47.022  -28.503  30.574 0.0000000000
49487  46.516  -28.565  29.303 0.0000000000
49500  47.279  -28.085  27.910 0.0000000000
49518  45.941  -28.655  27.662 0.0000000000
48674  45.200  -28.902  26.846 0.0000000000
47868  42.310  -30.371  27.203 0.0000000000
47880  42.882  -30.035  25.872 0.0000000000
45362  40.618  -33.656  30.531 0.0000000000
46201  40.611  -32.845  29.370 0.0000000000
45376  40.141  -33.361  29.417 0.0000000000
46235  38.619  -32.741  26.889 0.0000000000
38273  38.854  -40.968  35.922 0.0000000000
39104  38.706  -40.492  35.321 0.0000000000
39119  37.747  -40.717  34.401 0.0000000000
39148  34.738  -40.672  31.762 0.0000000000
39959  35.869  -39.944  32.017 0.0000000000
39970  35.470  -39.598  31.414 0.0000000000
40855  35.175  -38.656  30.154 0.0000000000
40856  34.324  -39.124  30.016 0.0000000000
38323  29.876  -41.806  30.817 0.0000000000
38333  31.255  -41.344  30.657 0.0000000000
39163  29.934  -40.788  29.858 0.0000000000
40013  30.771  -38.934  28.217 0.0000000000
41815  32.668  -37.613  28.102 0.0000000000
117118  56.254  -21.596  19.990 0.0000000000
55362  57.158  -21.517  20.013 0.0000000000
51226  51.672  -26.436  25.574 0.0000000000
29384  32.771  -50.585  44.974 0.0000000000
29386  30.786  -50.276  44.345 0.0000000000
29377  31.831  -50.955  45.796 0.0000000000
28511  30.779  -51.127  46.485 0.0000000000
28496  30.169  -51.250  47.037 0.0000000000
29383  33.647  -50.389  44.750 0.0000000000
118711  43.331  -39.617  41.131 0.0000000000
40714  43.697  -38.785  42.247 0.0000000000
40729  43.473  -38.523  40.117 0.0000000000
120698  43.750  -37.902  39.846 0.0000000000
42550  44.189  -36.699  39.415 0.0000000000
43496  44.458  -35.517  38.748 0.0000000000
42567  43.361  -36.379  37.672 0.0000000000
42579  42.495  -36.462  36.483 0.0000000000
42598  41.628  -36.591  35.301 0.0000000000
42611  41.327  -36.330  34.527 0.0000000000
41749  41.083  -37.035  34.814 0.0000000000
41750  40.484  -37.428  34.405 0.0000000000
40821  39.238  -38.242  33.656 0.0000000000
121330  24.857  -44.818  32.132 0.0000000000
36485  25.738  -43.802  31.129 0.0000000000
35540  24.668  -44.928  30.652 0.0000000000
105187  56.038  -22.021  24.886 0.0000000000
54488  55.690  -22.230  23.777 0.0000000000
120241  54.802  -22.839  24.589 0.0000000000
118122  53.787  -23.403  24.239 0.0000000000
33483  25.911  -46.401  36.605 0.0000000000
32504  24.082  -46.476  36.231 0.0000000000
32485  25.395  -46.731  37.141 0.0000000000
32470  24.540  -47.198  37.739 0.0000000000
32451  24.141  -47.469  38.251 0.0000000000
30305  24.915  -49.416  42.369 0.0000000000
30339  24.395  -48.813  41.241 0.0000000000
30306  24.020  -49.426  42.391 0.0000000000
30322  21.806  -49.497  41.495 0.0000000000
28575  20.157  -51.314  42.016 0.0000000000
36321  41.354  -44.100  41.790 0.0000000000
36366  40.391  -43.732  39.833 0.0000000000
36367  39.866  -43.580  39.037 0.0000000000
35411  39.083  -44.954  39.268 0.0000000000
34419  38.251  -45.276  38.815 0.0000000000
34421  36.702  -45.733  38.260 0.0000000000
103996  32.944  -47.731  40.626 0.0000000000
32425  33.526  -47.387  39.651 0.0000000000
32427  32.015  -47.174  39.440 0.0000000000
32464  30.831  -46.759  38.069 0.0000000000
33464  29.818  -46.536  36.991 0.0000000000
33493  29.600  -46.262  36.048 0.0000000000
33480  28.598  -46.442  36.640 0.0000000000
33481  27.332  -46.347  36.376 0.0000000000
48647  56.180  -29.696  29.243 0.0000000000
48648  55.342  -29.615  28.495 0.0000000000
47851  56.087  -31.188  28.679 0.0000000000
47863  55.617  -31.544  28.006 0.0000000000
29329  20.918  -50.161  50.097 0.0000000000
29347  20.524  -50.681  48.638 0.0000000000
29367  19.851  -51.024  46.736 0.0000000000
30264  19.333  -49.741  48.064 0.0000000000
55229  56.984  -21.759  31.292 0.0000000000
53522  56.530  -23.133  31.112 0.0000000000
54392  56.507  -23.009  32.214 0.0000000000
53493  56.420  -23.750  32.260 0.0000000000
104385  56.198  -25.337  32.916 0.0000000000
51879  54.316  -25.812  36.741 0.0000000000
109905  54.628  -25.829  35.870 0.0000000000
51111  54.003  -26.782  35.851 0.0000000000
50245  54.168  -27.163  34.428 0.0000000000
110873  53.977  -27.360  33.812 0.0000000000
49445  53.664  -27.973  32.294 0.0000000000
50260  52.524  -26.823  33.451 0.0000000000
50275  51.834  -26.864  32.851 0.0000000000
50287  50.660  -27.291  31.938 0.0000000000
46141  45.328  -32.060  35.935 0.0000000000
46950  45.848  -31.699  36.403 0.0000000000
46957  45.208  -31.601  35.255 0.0000000000
47794  45.616  -30.330  34.359 0.0000000000
47801  46.078  -29.674  33.820 0.0000000000
48606  46.706  -28.974  32.590 0.0000000000
48607  45.755  -29.464  32.794 0.0000000000
48630  45.210  -29.379  30.924 0.0000000000
48643  44.658  -29.572  29.653 0.0000000000
48663  44.430  -29.342  27.642 0.0000000000
47844  43.247  -30.246  28.908 0.0000000000
106939  42.650  -30.571  28.645 0.0000000000
47856  41.691  -31.038  28.151 0.0000000000
44541  38.626  -34.671  29.112 0.0000000000
44556  38.880  -33.911  28.783 0.0000000000
44557  38.235  -34.280  28.454 0.0000000000
45407  37.161  -33.858  26.868 0.0000000000
106245  37.137  -33.971  25.326 0.0000000000
37374  36.398  -42.643  34.730 0.0000000000
38296  36.347  -41.426  33.692 0.0000000000
38297  35.665  -41.733  33.385 0.0000000000
115070  34.819  -41.185  32.229 0.0000000000
109837  33.945  -40.650  31.224 0.0000000000
39176  28.546  -40.574  28.809 0.0000000000
39201  28.537  -40.639  26.874 0.0000000000
58400  59.205  -17.945  17.631 0.0000000000
56957  61.031  -20.566  18.845 0.0000000000
55371  60.487  -21.219  19.045 0.0000000000
31371  29.526  -48.082  40.649 0.0000000000
111913  28.275  -47.935  40.121 0.0000000000
30334  29.111  -48.480  41.335 0.0000000000
30318  28.001  -49.016  42.050 0.0000000000
29448  27.399  -49.417  42.325 0.0000000000
29406  29.313  -49.920  43.732 0.0000000000
29407  28.445  -50.068  43.684 0.0000000000
106804  27.186  -50.216  43.366 0.0000000000
29409  26.584  -50.495  43.820 0.0000000000
29392  25.135  -50.439  44.308 0.0000000000
116952  24.446  -50.662  44.817 0.0000000000
33427  38.826  -47.631  42.011 0.0000000000
32413  38.240  -47.520  41.240 0.0000000000
32410  37.889  -48.125  41.824 0.0000000000
31357  36.434  -48.652  41.975 0.0000000000
31358  34.512  -48.410  41.462 0.0000000000
30292  35.191  -49.513  43.451 0.0000000000
30312  34.547  -48.806  42.275 0.0000000000
31367  33.615  -48.100  41.171 0.0000000000
30331  31.915  -48.176  41.293 0.0000000000
30332  31.062  -48.347  41.338 0.0000000000
47013  54.854  -32.863  30.402 0.0000000000
46195  55.018  -33.543  30.057 0.0000000000
46196  54.379  -33.486  29.768 0.0000000000
112306  54.810  -20.490  35.497 0.0000000000
106539  53.629  -24.677  38.061 0.0000000000
101268  53.395  -25.670  38.170 0.0000000000
51076  53.051  -26.872  38.052 0.0000000000
50209  52.825  -27.279  37.708 0.0000000000
45271  46.237  -33.066  39.349 0.0000000000
45279  45.367  -33.311  37.972 0.0000000000
43500  44.135  -35.233  37.990 0.0000000000
45280  44.747  -33.774  37.459 0.0000000000
45288  44.541  -33.506  36.597 0.0000000000
45296  44.268  -33.181  35.786 0.0000000000
46151  43.631  -32.694  34.239 0.0000000000
46173  42.848  -32.312  32.777 0.0000000000
46181  42.080  -32.497  31.722 0.0000000000
45339  41.589  -33.579  32.336 0.0000000000
44516  41.055  -34.096  32.038 0.0000000000
44526  40.206  -34.385  30.946 0.0000000000
42634  40.566  -35.733  32.791 0.0000000000
42644  39.947  -35.882  32.097 0.0000000000
43582  39.295  -35.405  30.565 0.0000000000
43583  38.718  -35.795  30.099 0.0000000000
42669  37.443  -36.476  29.269 0.0000000000
42670  36.692  -36.780  29.008 0.0000000000
36454  31.781  -43.869  33.253 0.0000000000
37419  31.818  -42.921  32.187 0.0000000000
37421  30.115  -43.103  31.925 0.0000000000
37437  28.704  -42.523  31.228 0.0000000000
37453  28.186  -42.025  30.606 0.0000000000
36484  26.267  -43.171  30.796 0.0000000000
37455  26.438  -42.600  29.995 0.0000000000
56933  59.151  -20.219  21.703 0.0000000000
56222  59.566  -20.532  20.937 0.0000000000
101581  58.659  -21.179  22.431 0.0000000000
116752  57.498  -21.552  21.495 0.0000000000
54509  55.141  -22.123  21.283 0.0000000000
54500  54.580  -22.701  22.764 0.0000000000
54501  54.157  -22.823  22.106 0.0000000000
31388  26.779  -48.013  39.809 0.0000000000
31409  24.580  -47.741  38.997 0.0000000000
31410  23.601  -47.786  38.944 0.0000000000
30340  23.943  -48.571  40.560 0.0000000000
31392  22.368  -48.457  39.615 0.0000000000
38991  42.940  -40.895  41.953 0.0000000000
39028  42.292  -40.578  40.119 0.0000000000
39029  41.805  -40.410  39.312 0.0000000000
39067  41.064  -39.953  37.875 0.0000000000
39084  40.241  -39.938  36.836 0.0000000000
39069  39.889  -40.952  37.241 0.0000000000
38254  39.362  -41.152  36.717 0.0000000000
37356  38.484  -42.230  36.470 0.0000000000
36405  38.410  -43.403  37.400 0.0000000000
36415  38.159  -43.013  36.596 0.0000000000
36428  37.050  -43.005  35.482 0.0000000000
36429  36.286  -43.421  35.292 0.0000000000
104895  35.084  -43.259  34.472 0.0000000000
36441  33.735  -43.958  34.445 0.0000000000
33431  37.062  -47.163  40.169 0.0000000000
33448  36.239  -46.315  38.726 0.0000000000
34422  35.920  -45.921  38.017 0.0000000000
33450  33.791  -46.752  38.400 0.0000000000
33459  34.486  -46.323  37.847 0.0000000000
110157  34.892  -45.808  37.163 0.0000000000
35444  34.086  -45.188  35.894 0.0000000000
35466  33.274  -44.492  34.749 0.0000000000
36443  32.174  -44.281  33.863 0.0000000000
35483  30.518  -44.543  33.505 0.0000000000
35484  29.668  -44.635  33.397 0.0000000000
35486  27.920  -44.813  33.240 0.0000000000
34459  28.396  -46.045  35.144 0.0000000000
34492  27.482  -45.329  33.846 0.0000000000
35488  26.041  -44.884  33.111 0.0000000000
34514  24.264  -45.377  32.307 0.0000000000
52746  54.680  -24.536  28.143 0.0000000000
106620  53.452  -24.716  26.916 0.0000000000
51198  53.797  -26.134  27.659 0.0000000000
48658  54.589  -29.547  27.720 0.0000000000
48659  53.980  -29.394  26.955 0.0000000000
45383  55.370  -33.810  28.619 0.0000000000
29343  32.223  -50.279  48.518 0.0000000000
28479  31.151  -51.026  49.059 0.0000000000
28497  29.377  -51.495  48.341 0.0000000000
28481  28.668  -51.564  48.819 0.0000000000
28498  28.467  -51.491  47.784 0.0000000000
28500  26.618  -51.485  47.391 0.0000000000
28516  25.086  -51.487  46.552 0.0000000000
28535  23.445  -51.440  45.806 0.0000000000
28470  24.815  -52.139  49.910 0.0000000000
107038  23.848  -52.109  48.219 0.0000000000
28518  23.126  -51.857  46.444 0.0000000000
100762  22.799  -51.303  45.223 0.0000000000
28552  21.463  -51.356  44.627 0.0000000000
106319  58.054  -17.549  21.256 0.0000000000
57660  57.757  -18.711  22.228 0.0000000000
56918  58.580  -19.998  23.487 0.0000000000
55311  58.221  -21.008  24.619 0.0000000000
57638  58.122  -18.376  25.216 0.0000000000
56192  58.156  -20.306  25.273 0.0000000000
55302  57.802  -21.026  25.155 0.0000000000
55303  57.278  -21.203  25.509 0.0000000000
54455  55.949  -22.051  26.436 0.0000000000
53572  55.214  -22.893  27.032 0.0000000000
113597  57.227  -21.165  27.736 0.0000000000
54425  56.094  -22.487  28.433 0.0000000000
53545  55.154  -23.799  28.382 0.0000000000
52745  55.265  -24.466  28.941 0.0000000000
51975  55.456  -25.451  29.445 0.0000000000
51185  55.879  -27.166  29.735 0.0000000000
52724  56.291  -24.509  31.048 0.0000000000
112222  56.280  -26.411  30.735 0.0000000000
50309  56.486  -28.044  30.021 0.0000000000
49482  56.960  -28.924  30.349 0.0000000000
106582  57.125  -30.731  30.599 0.0000000000
119205  56.438  -31.456  31.645 0.0000000000
54369  55.468  -22.098  34.723 0.0000000000
112910  55.545  -23.973  34.103 0.0000000000
51930  55.796  -25.702  33.723 0.0000000000
115756  54.894  -26.656  34.754 0.0000000000
51126  55.280  -26.981  34.228 0.0000000000
50256  56.180  -27.872  33.067 0.0000000000
49441  56.487  -29.325  32.424 0.0000000000
48615  56.278  -30.460  32.224 0.0000000000
46996  55.924  -31.653  31.653 0.0000000000
47835  54.386  -30.913  30.834 0.0000000000
48640  53.696  -30.296  30.364 0.0000000000
49471  52.865  -28.357  30.939 0.0000000000
107304  52.499  -28.546  30.136 0.0000000000
50197  52.204  -27.846  38.922 0.0000000000
49391  51.613  -28.118  37.547 0.0000000000
48543  49.015  -30.048  38.999 0.0000000000
47766  46.986  -31.009  37.356 0.0000000000
119127  48.146  -30.268  37.636 0.0000000000
102860  48.939  -29.955  37.875 0.0000000000
48554  49.725  -29.602  37.720 0.0000000000
49393  50.232  -29.017  36.311 0.0000000000
49406  50.824  -28.347  36.047 0.0000000000
49430  50.366  -28.078  34.221 0.0000000000
118844  49.913  -28.093  33.151 0.0000000000
49458  48.846  -27.996  31.704 0.0000000000
49448  47.594  -28.628  32.345 0.0000000000
49459  48.299  -28.029  30.974 0.0000000000
119302  48.724  -27.766  30.544 0.0000000000
50314  48.082  -27.794  29.090 0.0000000000
48675  44.307  -29.325  26.519 0.0000000000
47891  43.900  -30.126  24.875 0.0000000000
47007  41.774  -31.938  30.228 0.0000000000
46218  40.995  -32.165  28.953 0.0000000000
47041  40.660  -31.503  27.301 0.0000000000
45393  39.237  -33.144  28.283 0.0000000000
46233  39.966  -31.929  27.211 0.0000000000
39916  39.523  -39.511  35.444 0.0000000000
39930  39.249  -39.222  34.720 0.0000000000
40822  38.544  -38.606  33.341 0.0000000000
39126  37.352  -40.363  33.704 0.0000000000
39957  37.276  -39.308  32.764 0.0000000000
40842  37.443  -38.422  32.039 0.0000000000
101444  36.565  -38.286  30.884 0.0000000000
41799  36.219  -37.502  29.489 0.0000000000
41813  35.036  -37.037  28.514 0.0000000000
38310  32.209  -42.275  31.804 0.0000000000
39150  32.153  -41.240  30.796 0.0000000000
39161  32.511  -40.615  30.406 0.0000000000
39174  30.473  -40.120  29.343 0.0000000000
103147  32.060  -39.773  29.511 0.0000000000
39995  32.762  -39.314  29.443 0.0000000000
40869  33.558  -38.758  29.329 0.0000000000
119925  33.380  -37.528  28.373 0.0000000000
100785  59.806  -21.050  20.482 0.0000000000
103081  59.555  -21.361  19.366 0.0000000000
55382  57.789  -21.281  17.558 0.0000000000
52004  52.735  -25.205  26.438 0.0000000000
40740  41.979  -38.828  38.007 0.0000000000
40752  41.667  -38.525  37.280 0.0000000000
39893  41.059  -38.928  36.893 0.0000000000
53573  54.556  -23.556  27.020 0.0000000000
31405  28.242  -47.606  39.305 0.0000000000
32449  26.904  -47.310  38.434 0.0000000000
29393  23.747  -50.500  44.386 0.0000000000
29412  23.144  -50.318  43.806 0.0000000000
29413  22.308  -50.646  43.951 0.0000000000
104869  39.800  -46.549  42.348 0.0000000000
33409  40.134  -45.948  43.579 0.0000000000
34393  40.109  -45.918  41.912 0.0000000000
33426  39.452  -46.414  41.388 0.0000000000
103201  38.843  -47.032  41.176 0.0000000000
31404  29.092  -47.407  39.145 0.0000000000
32447  28.613  -47.187  38.496 0.0000000000
46186  56.263  -32.514  30.290 0.0000000000
46208  56.326  -32.539  29.618 0.0000000000
46194  55.773  -33.150  29.873 0.0000000000
56120  55.878  -20.415  34.237 0.0000000000
55194  55.466  -20.979  34.866 0.0000000000
50232  53.015  -27.217  36.014 0.0000000000
50233  51.615  -27.740  35.857 0.0000000000
46974  43.507  -31.761  33.034 0.0000000000
46997  42.983  -31.175  31.189 0.0000000000
46998  42.489  -31.849  31.491 0.0000000000
36452  33.441  -43.546  33.759 0.0000000000
37404  33.111  -43.147  33.034 0.0000000000
58398  58.120  -18.023  19.759 0.0000000000
57679  58.606  -18.809  19.408 0.0000000000
56940  59.288  -19.937  20.844 0.0000000000
29404  31.164  -49.958  43.725 0.0000000000
28529  29.102  -50.880  45.480 0.0000000000
28530  28.383  -51.039  45.601 0.0000000000
28513  28.176  -51.278  46.653 0.0000000000
31341  37.467  -48.313  44.538 0.0000000000
31347  37.104  -48.892  44.165 0.0000000000
30286  36.457  -49.311  44.450 0.0000000000
29424  33.125  -49.724  43.406 0.0000000000
29425  32.398  -49.628  43.264 0.0000000000
119782  45.025  -36.567  41.180 0.0000000000
43482  45.180  -35.977  40.660 0.0000000000
104828  45.276  -35.347  40.185 0.0000000000
43527  42.413  -35.469  35.486 0.0000000000
43526  43.010  -35.088  35.980 0.0000000000
112600  42.040  -35.136  34.603 0.0000000000
41774  39.245  -37.306  32.599 0.0000000000
41775  38.552  -37.665  32.245 0.0000000000
35504  27.425  -44.348  32.648 0.0000000000
106835  27.814  -43.766  32.140 0.0000000000
36472  26.908  -43.890  32.060 0.0000000000
54478  57.434  -21.453  24.327 0.0000000000
55322  57.559  -21.518  23.655 0.0000000000
33517  24.301  -45.826  34.845 0.0000000000
33499  23.718  -46.265  35.333 0.0000000000
30319  26.080  -49.052  41.677 0.0000000000
30359  20.713  -49.579  39.307 0.0000000000
37261  41.053  -43.180  40.226 0.0000000000
37260  41.698  -42.626  40.739 0.0000000000
34428  37.097  -45.148  37.815 0.0000000000
35432  36.746  -44.846  37.115 0.0000000000
35433  36.036  -45.098  36.850 0.0000000000
32417  34.981  -47.808  40.370 0.0000000000
33477  31.383  -46.291  36.456 0.0000000000
33476  32.232  -46.275  36.688 0.0000000000
34444  31.137  -46.001  35.692 0.0000000000
33497  25.649  -46.052  35.942 0.0000000000
33515  26.303  -45.868  35.314 0.0000000000
50325  54.919  -27.953  28.616 0.0000000000
49495  55.574  -28.786  28.912 0.0000000000
28456  27.340  -51.694  50.836 0.0000000000
28468  26.476  -52.014  50.068 0.0000000000
28469  25.927  -51.992  49.051 0.0000000000
101191  25.585  -52.076  49.744 0.0000000000
29346  21.048  -51.206  48.923 0.0000000000
28473  21.758  -51.590  49.226 0.0000000000
28488  21.469  -51.689  48.383 0.0000000000
28504  22.000  -52.006  47.778 0.0000000000
28505  21.132  -51.747  47.451 0.0000000000
28521  20.579  -51.511  46.740 0.0000000000
110399  58.831  -16.254  23.323 0.0000000000
59160  58.849  -16.045  24.242 0.0000000000
56899  58.104  -19.520  26.840 0.0000000000
56166  57.939  -19.943  27.301 0.0000000000
54407  56.798  -22.019  30.240 0.0000000000
104613  56.612  -26.451  31.999 0.0000000000
51156  56.465  -27.262  32.545 0.0000000000
51896  54.515  -25.136  36.488 0.0000000000
49429  54.679  -28.017  33.174 0.0000000000
49443  55.305  -28.908  32.628 0.0000000000
113156  50.445  -27.372  31.221 0.0000000000
50311  50.627  -27.568  29.567 0.0000000000
112765  50.096  -27.442  30.036 0.0000000000
46127  46.309  -32.131  38.031 0.0000000000
48580  47.317  -29.918  35.380 0.0000000000
48588  47.797  -29.575  34.842 0.0000000000
48579  48.599  -29.496  35.377 0.0000000000
48587  48.127  -29.143  33.909 0.0000000000
48651  45.241  -29.200  29.169 0.0000000000
49488  45.859  -28.904  29.673 0.0000000000
49502  45.886  -28.809  28.728 0.0000000000
49501  46.587  -28.436  28.329 0.0000000000
47882  41.782  -30.628  26.569 0.0000000000
47881  42.383  -30.259  26.396 0.0000000000
44539  39.997  -33.924  29.966 0.0000000000
104917  40.479  -33.380  29.888 0.0000000000
38283  38.180  -41.061  35.184 0.0000000000
38284  37.474  -41.461  34.719 0.0000000000
39971  34.740  -40.033  31.265 0.0000000000
39147  35.246  -40.179  31.752 0.0000000000
39980  34.955  -39.356  30.737 0.0000000000
38336  28.558  -41.409  30.141 0.0000000000
38335  29.467  -41.332  30.326 0.0000000000
38348  28.976  -40.842  29.667 0.0000000000
55355  55.567  -21.776  20.476 0.0000000000
55363  55.551  -21.671  19.555 0.0000000000
29376  32.657  -50.876  45.810 0.0000000000
108295  32.073  -50.692  45.195 0.0000000000
28494  32.208  -51.011  47.391 0.0000000000
28510  31.586  -51.104  46.551 0.0000000000
102717  31.281  -51.223  47.353 0.0000000000
29363  34.246  -50.293  46.364 0.0000000000
29374  34.399  -50.329  45.456 0.0000000000
29375  33.555  -50.664  45.841 0.0000000000
39822  42.908  -40.058  40.572 0.0000000000
40723  43.714  -38.888  41.236 0.0000000000
39833  43.138  -39.287  40.329 0.0000000000
117294  43.303  -38.122  39.239 0.0000000000
41684  43.716  -37.406  39.245 0.0000000000
42557  43.662  -36.757  38.521 0.0000000000
41692  43.090  -37.130  37.851 0.0000000000
41712  42.264  -37.156  36.699 0.0000000000
41734  41.928  -36.860  36.031 0.0000000000
41735  41.370  -37.304  35.562 0.0000000000
40793  40.463  -38.384  35.487 0.0000000000
41736  40.765  -37.694  35.157 0.0000000000
40807  40.189  -38.123  34.742 0.0000000000
40820  39.873  -37.834  34.024 0.0000000000
40808  39.556  -38.517  34.379 0.0000000000
35507  24.500  -45.120  31.485 0.0000000000
34531  24.316  -45.681  30.803 0.0000000000
54468  55.991  -21.992  25.598 0.0000000000
53601  55.200  -22.666  25.153 0.0000000000
53603  53.374  -23.741  24.780 0.0000000000
52794  52.493  -24.341  24.654 0.0000000000
32484  26.179  -46.669  37.202 0.0000000000
32469  25.048  -47.049  37.593 0.0000000000
31424  25.080  -47.384  38.209 0.0000000000
29431  25.410  -49.765  43.008 0.0000000000
30307  23.074  -49.526  42.387 0.0000000000
29451  21.213  -50.146  42.011 0.0000000000
29460  20.334  -50.580  40.700 0.0000000000
29436  20.764  -50.802  42.414 0.0000000000
28563  20.527  -51.269  43.257 0.0000000000
35335  41.266  -44.069  43.341 0.0000000000
34406  40.459  -45.258  41.540 0.0000000000
109485  40.778  -44.629  41.165 0.0000000000
36342  40.935  -43.937  40.712 0.0000000000
35409  40.288  -44.431  40.314 0.0000000000
107253  39.762  -44.303  39.531 0.0000000000
35410  39.744  -45.009  40.051 0.0000000000
34412  38.565  -45.696  39.576 0.0000000000
34420  37.480  -45.523  38.507 0.0000000000
31368  32.164  -47.766  40.690 0.0000000000
31382  32.435  -47.497  40.080 0.0000000000
32445  30.063  -46.872  38.448 0.0000000000
111308  30.784  -46.880  38.782 0.0000000000
118190  30.216  -46.692  37.672 0.0000000000
32481  28.931  -46.617  37.231 0.0000000000
32483  27.750  -46.547  37.036 0.0000000000
107518  26.973  -46.620  37.139 0.0000000000
33482  26.612  -46.431  36.683 0.0000000000
47024  56.160  -32.532  28.877 0.0000000000
121504  56.085  -31.921  28.600 0.0000000000
47034  55.794  -32.415  28.176 0.0000000000
47035  55.366  -32.096  27.415 0.0000000000
46227  55.404  -33.196  27.732 0.0000000000
102706  20.696  -50.424  49.292 0.0000000000
30263  19.949  -49.901  48.837 0.0000000000
107545  56.711  -22.486  31.682 0.0000000000
55217  56.550  -22.235  32.571 0.0000000000
118421  56.293  -23.148  32.931 0.0000000000
52692  56.194  -24.211  32.868 0.0000000000
53494  55.930  -23.764  33.431 0.0000000000
51880  54.014  -26.319  36.979 0.0000000000
51090  54.231  -26.441  36.272 0.0000000000
50231  53.658  -26.980  35.356 0.0000000000
117035  53.619  -27.016  34.624 0.0000000000
103376  53.204  -26.907  34.154 0.0000000000
50261  51.477  -26.993  33.545 0.0000000000
50276  51.001  -27.122  32.750 0.0000000000
46142  44.676  -32.358  35.347 0.0000000000
46958  44.746  -31.754  34.758 0.0000000000
47803  44.818  -30.645  33.728 0.0000000000
46963  45.077  -31.091  34.583 0.0000000000
47802  45.386  -29.971  33.562 0.0000000000
47824  44.150  -30.141  31.241 0.0000000000
48619  44.771  -29.732  31.561 0.0000000000
48631  44.602  -29.748  30.879 0.0000000000
113910  44.778  -29.589  30.361 0.0000000000
48644  43.940  -29.863  29.300 0.0000000000
47837  43.402  -30.371  29.838 0.0000000000
47845  42.733  -30.735  29.413 0.0000000000
47027  42.060  -31.062  28.875 0.0000000000
47855  42.216  -30.638  28.059 0.0000000000
43595  38.384  -35.434  29.362 0.0000000000
43610  38.001  -35.028  28.712 0.0000000000
120096  36.769  -34.073  26.655 0.0000000000
45422  36.943  -33.826  26.165 0.0000000000
44608  36.466  -34.294  25.696 0.0000000000
38286  36.025  -42.091  34.025 0.0000000000
37401  35.421  -42.260  33.709 0.0000000000
38307  34.434  -41.798  32.544 0.0000000000
39138  34.206  -41.274  31.879 0.0000000000
38319  33.447  -41.427  31.568 0.0000000000
56953  60.309  -20.280  19.825 0.0000000000
56958  60.603  -19.967  19.084 0.0000000000
56952  60.741  -20.594  19.347 0.0000000000
55358  60.858  -20.925  19.156 0.0000000000
30333  30.065  -48.464  41.452 0.0000000000
30303  28.704  -49.136  42.422 0.0000000000
29447  28.060  -49.522  42.698 0.0000000000
29387  29.826  -50.242  44.300 0.0000000000
29389  28.135  -50.496  44.155 0.0000000000
29408  27.793  -50.233  43.575 0.0000000000
29430  26.397  -49.938  43.064 0.0000000000
29391  25.972  -50.681  44.371 0.0000000000
29379  25.318  -50.802  45.026 0.0000000000
31340  38.214  -47.943  44.306 0.0000000000
32397  38.486  -47.174  44.497 0.0000000000
32402  38.877  -47.516  43.989 0.0000000000
32406  38.991  -47.676  43.114 0.0000000000
32407  38.425  -48.107  42.633 0.0000000000
100571  35.427  -48.683  41.874 0.0000000000
101754  35.203  -49.855  44.228 0.0000000000
112412  35.885  -49.598  43.931 0.0000000000
30293  34.474  -49.768  43.662 0.0000000000
100808  33.658  -48.941  42.538 0.0000000000
30298  34.476  -49.294  42.970 0.0000000000
31359  33.905  -48.533  41.869 0.0000000000
30313  33.185  -48.482  41.818 0.0000000000
30330  32.721  -48.050  41.248 0.0000000000
119625  32.463  -48.442  41.732 0.0000000000
31370  30.439  -47.970  40.666 0.0000000000
52634  53.081  -24.859  38.801 0.0000000000
51856  52.888  -26.116  38.969 0.0000000000
51060  53.100  -26.321  38.372 0.0000000000
50196  52.652  -27.301  38.516 0.0000000000
40722  44.125  -38.102  41.811 0.0000000000
44436  45.879  -33.738  39.792 0.0000000000
45272  45.685  -33.580  38.834 0.0000000000
42566  43.884  -35.939  38.196 0.0000000000
44456  43.563  -34.674  36.471 0.0000000000
44455  44.138  -34.235  36.958 0.0000000000
45297  43.603  -33.610  35.400 0.0000000000
45312  42.798  -33.686  34.421 0.0000000000
45311  43.324  -33.341  34.679 0.0000000000
45326  42.982  -33.148  34.013 0.0000000000
46164  43.241  -32.485  33.528 0.0000000000
46165  42.585  -33.029  33.304 0.0000000000
45338  42.174  -32.897  32.482 0.0000000000
44504  41.943  -33.653  33.110 0.0000000000
44517  40.598  -34.475  31.679 0.0000000000
42622  41.068  -35.927  33.717 0.0000000000
101851  40.431  -36.470  33.309 0.0000000000
43572  39.574  -35.642  31.311 0.0000000000
42656  38.970  -36.067  30.867 0.0000000000
41789  37.793  -37.202  30.606 0.0000000000
42658  37.783  -36.712  29.887 0.0000000000
104501  30.930  -44.001  33.079 0.0000000000
36469  30.513  -43.570  32.503 0.0000000000
36470  29.637  -43.616  32.394 0.0000000000
37422  29.201  -43.101  31.793 0.0000000000
37454  27.289  -42.182  30.352 0.0000000000
110301  25.188  -44.257  30.549 0.0000000000
119191  25.302  -44.168  29.854 0.0000000000
36515  25.923  -43.032  29.350 0.0000000000
36531  26.031  -43.508  28.526 0.0000000000
37470  26.313  -42.597  28.933 0.0000000000
56213  58.980  -20.712  22.386 0.0000000000
54498  56.345  -21.856  22.707 0.0000000000
55342  57.822  -21.508  22.255 0.0000000000
55343  56.729  -21.710  21.927 0.0000000000
55344  55.932  -21.772  21.323 0.0000000000
54489  54.967  -22.599  23.521 0.0000000000
53622  54.288  -22.961  23.305 0.0000000000
32505  23.100  -46.672  35.817 0.0000000000
31373  27.945  -48.342  40.682 0.0000000000
31387  27.603  -47.957  39.968 0.0000000000
31390  25.072  -48.132  39.699 0.0000000000
102358  23.406  -48.832  41.092 0.0000000000
30375  21.200  -48.933  38.806 0.0000000000
31393  21.827  -48.500  39.067 0.0000000000
36305  41.724  -43.533  43.201 0.0000000000
36304  42.279  -42.767  42.988 0.0000000000
37259  42.321  -42.015  41.352 0.0000000000
38157  42.729  -41.615  42.246 0.0000000000
39008  42.789  -40.775  40.982 0.0000000000
38174  42.257  -41.312  40.611 0.0000000000
38209  41.221  -40.925  38.946 0.0000000000
39047  41.391  -40.211  38.593 0.0000000000
39048  40.802  -40.666  38.215 0.0000000000
39068  40.390  -40.394  37.431 0.0000000000
38230  40.216  -41.144  37.846 0.0000000000
37331  39.389  -42.314  37.696 0.0000000000
38231  39.656  -41.568  37.440 0.0000000000
37355  39.047  -41.906  37.002 0.0000000000
38255  38.807  -41.593  36.394 0.0000000000
35422  39.233  -44.106  38.802 0.0000000000
36390  39.358  -43.471  38.458 0.0000000000
36391  38.793  -43.793  38.113 0.0000000000
116251  37.544  -43.254  36.128 0.0000000000
35451  35.146  -44.328  35.574 0.0000000000
36430  35.474  -43.690  35.126 0.0000000000
36431  34.567  -43.930  34.885 0.0000000000
35465  33.913  -44.357  34.976 0.0000000000
32414  37.489  -47.687  40.899 0.0000000000
33430  38.020  -46.930  40.464 0.0000000000
33438  35.787  -46.939  39.221 0.0000000000
33437  36.644  -46.751  39.425 0.0000000000
32442  33.262  -47.012  38.969 0.0000000000
33451  32.991  -46.798  38.185 0.0000000000
33460  33.551  -46.421  37.574 0.0000000000
34431  34.090  -45.963  37.010 0.0000000000
34442  34.515  -45.487  36.505 0.0000000000
107282  33.843  -45.654  36.360 0.0000000000
35454  32.875  -45.040  35.114 0.0000000000
35467  32.526  -44.648  34.499 0.0000000000
35468  31.749  -44.797  34.271 0.0000000000
35482  31.356  -44.425  33.659 0.0000000000
35471  29.282  -45.198  33.873 0.0000000000
35485  28.802  -44.714  33.321 0.0000000000
33494  28.696  -46.293  35.966 0.0000000000
34478  25.943  -45.569  34.494 0.0000000000
34493  26.496  -45.309  33.846 0.0000000000
34513  25.085  -44.965  32.872 0.0000000000
51985  54.555  -25.332  28.241 0.0000000000
51994  53.977  -25.192  27.663 0.0000000000
112171  54.315  -25.829  28.069 0.0000000000
50339  54.200  -27.942  27.937 0.0000000000
112071  53.767  -27.073  27.665 0.0000000000
50340  53.532  -27.942  27.280 0.0000000000
48670  54.037  -29.915  26.285 0.0000000000
45370  54.451  -33.943  29.427 0.0000000000
45369  55.211  -33.859  29.449 0.0000000000
45384  54.553  -34.223  28.835 0.0000000000
30260  32.443  -49.744  48.482 0.0000000000
29345  31.017  -50.616  49.407 0.0000000000
28480  30.448  -50.963  49.681 0.0000000000
100910  30.309  -51.336  48.839 0.0000000000
116945  27.919  -51.606  48.280 0.0000000000
28499  27.552  -51.459  47.464 0.0000000000
28501  25.659  -51.612  47.397 0.0000000000
28534  24.506  -51.161  45.674 0.0000000000
28517  24.060  -51.740  46.504 0.0000000000
114867  23.134  -52.110  49.973 0.0000000000
28459  23.518  -52.028  50.782 0.0000000000
28458  24.567  -52.131  50.903 0.0000000000
28471  23.876  -52.159  49.971 0.0000000000
28485  24.231  -52.100  49.099 0.0000000000
107065  22.616  -52.060  47.115 0.0000000000
28519  22.365  -51.892  46.337 0.0000000000
28536  22.662  -51.638  45.830 0.0000000000
101412  22.062  -51.578  45.359 0.0000000000
28553  20.675  -51.445  44.588 0.0000000000
29368  19.330  -50.725  46.115 0.0000000000
59189  58.668  -16.582  21.536 0.0000000000
116732  57.737  -17.993  21.850 0.0000000000
58371  57.797  -17.846  22.607 0.0000000000
57646  57.997  -19.042  23.769 0.0000000000
117983  58.440  -19.849  24.131 0.0000000000
56917  58.585  -20.413  24.029 0.0000000000
58355  58.175  -17.420  25.004 0.0000000000
58350  58.235  -17.382  25.683 0.0000000000
56184  57.958  -20.238  26.016 0.0000000000
117187  58.104  -20.789  25.016 0.0000000000
54438  56.665  -21.580  26.713 0.0000000000
54439  55.983  -22.206  27.411 0.0000000000
56167  57.789  -20.268  27.906 0.0000000000
55261  57.488  -20.852  28.242 0.0000000000
120697  56.548  -22.067  28.786 0.0000000000
53557  55.450  -23.012  28.028 0.0000000000
118158  55.459  -26.375  29.385 0.0000000000
112985  55.900  -26.362  30.096 0.0000000000
106888  56.399  -23.964  31.296 0.0000000000
52715  56.389  -24.842  31.537 0.0000000000
51184  56.400  -27.274  30.412 0.0000000000
50308  56.815  -28.156  30.682 0.0000000000
48627  57.157  -29.754  31.455 0.0000000000
105946  57.119  -30.525  31.433 0.0000000000
47833  56.863  -31.358  31.299 0.0000000000
47820  56.693  -30.946  31.863 0.0000000000
55175  55.070  -21.444  35.459 0.0000000000
54355  55.051  -22.430  35.457 0.0000000000
104178  55.148  -24.297  34.927 0.0000000000
52679  55.417  -25.053  34.297 0.0000000000
51110  54.502  -26.635  35.357 0.0000000000
51109  54.837  -26.200  35.130 0.0000000000
51127  54.839  -27.002  34.613 0.0000000000
51145  55.720  -27.431  33.636 0.0000000000
50273  56.099  -28.697  32.874 0.0000000000
47810  55.697  -30.426  32.129 0.0000000000
47821  56.157  -31.092  31.999 0.0000000000
47822  55.542  -30.975  31.855 0.0000000000
47834  55.150  -31.436  31.356 0.0000000000
47823  54.847  -30.588  31.533 0.0000000000
48641  53.094  -30.093  29.659 0.0000000000
50274  52.633  -27.149  32.430 0.0000000000
49457  52.820  -27.751  31.651 0.0000000000
50310  51.384  -27.706  29.956 0.0000000000
49472  52.109  -27.912  30.375 0.0000000000
49485  51.911  -28.235  29.624 0.0000000000
49484  52.465  -29.110  29.435 0.0000000000
49363  51.103  -28.919  38.764 0.0000000000
49375  51.653  -28.306  38.416 0.0000000000
47748  48.398  -30.448  39.488 0.0000000000
47764  48.288  -30.374  38.454 0.0000000000
105090  46.404  -31.321  36.820 0.0000000000
47779  46.829  -30.696  36.441 0.0000000000
48569  47.946  -29.986  36.382 0.0000000000
47778  47.579  -30.373  36.975 0.0000000000
103231  49.298  -29.620  36.904 0.0000000000
120070  49.793  -29.335  36.560 0.0000000000
49418  50.769  -28.062  35.084 0.0000000000
49419  49.906  -28.678  34.576 0.0000000000
49431  48.853  -28.700  33.373 0.0000000000
50263  49.718  -28.417  33.685 0.0000000000
49446  49.416  -28.280  32.921 0.0000000000
120103  49.324  -28.027  32.272 0.0000000000
49449  46.868  -28.717  31.857 0.0000000000
103600  47.096  -28.397  29.861 0.0000000000
49460  47.433  -28.444  31.295 0.0000000000
49473  47.632  -28.216  30.415 0.0000000000
50300  48.343  -27.830  30.027 0.0000000000
50313  48.940  -27.567  29.213 0.0000000000
49516  47.419  -28.070  26.943 0.0000000000
47892  43.093  -30.421  25.095 0.0000000000
48689  43.506  -29.908  25.444 0.0000000000
117626  43.683  -30.817  24.624 0.0000000000
46182  41.607  -32.836  31.296 0.0000000000
46190  41.931  -32.182  31.018 0.0000000000
46191  41.452  -32.616  30.562 0.0000000000
46200  41.237  -32.398  29.773 0.0000000000
47029  40.628  -31.887  28.082 0.0000000000
45394  38.448  -33.592  28.060 0.0000000000
45405  38.695  -33.067  27.586 0.0000000000
46260  38.736  -32.563  25.947 0.0000000000
46246  39.290  -32.273  26.589 0.0000000000
46259  39.417  -32.244  25.671 0.0000000000
39085  39.846  -40.480  36.783 0.0000000000
39895  39.820  -39.870  36.208 0.0000000000
39118  38.382  -40.312  34.717 0.0000000000
39117  38.946  -39.899  35.048 0.0000000000
39931  38.639  -39.618  34.369 0.0000000000
39944  38.915  -38.912  34.031 0.0000000000
39945  38.279  -39.299  33.701 0.0000000000
39127  36.644  -40.706  33.358 0.0000000000
39958  36.599  -39.549  32.339 0.0000000000
40834  37.019  -38.939  32.231 0.0000000000
121021  37.539  -38.779  32.546 0.0000000000
40843  36.721  -38.671  31.601 0.0000000000
40854  36.012  -38.187  30.221 0.0000000000
40867  35.369  -38.016  29.518 0.0000000000
41800  35.469  -37.489  28.998 0.0000000000
41801  34.748  -37.706  28.914 0.0000000000
37434  31.338  -42.469  31.659 0.0000000000
39149  33.024  -41.023  30.947 0.0000000000
39188  28.988  -40.090  28.263 0.0000000000
39175  29.427  -40.315  29.127 0.0000000000
39187  29.796  -39.770  28.555 0.0000000000
106283  31.201  -39.089  28.655 0.0000000000
39996  31.288  -39.609  29.156 0.0000000000
115049  32.744  -38.718  28.968 0.0000000000
41826  32.361  -37.319  27.266 0.0000000000
41814  34.102  -37.154  28.299 0.0000000000
57688  60.315  -18.588  16.676 0.0000000000
55351  59.531  -20.875  20.966 0.0000000000
55352  59.078  -21.255  20.918 0.0000000000
102047  58.648  -21.413  19.516 0.0000000000
116417  58.452  -21.358  18.623 0.0000000000
51995  53.205  -25.705  27.075 0.0000000000
52005  52.582  -25.930  26.584 0.0000000000
29364  33.594  -50.542  46.801 0.0000000000
29365  32.937  -50.715  47.155 0.0000000000
39850  42.244  -39.187  38.776 0.0000000000
40739  42.662  -38.345  38.500 0.0000000000
41693  42.758  -37.719  37.975 0.0000000000
40771  41.945  -37.831  36.993 0.0000000000
53587  54.498  -23.232  25.784 0.0000000000
52768  53.140  -24.396  26.100 0.0000000000
32468  26.516  -46.948  37.789 0.0000000000
31407  26.409  -47.695  39.070 0.0000000000
29414  21.727  -50.558  43.452 0.0000000000
34373  40.469  -45.427  43.426 0.0000000000
35351  40.941  -44.736  43.232 0.0000000000
34392  40.642  -45.401  42.598 0.0000000000
33435  38.155  -46.275  39.847 0.0000000000
31384  30.802  -47.545  39.990 0.0000000000
118144  29.703  -47.183  39.036 0.0000000000
104039  28.918  -46.858  37.959 0.0000000000
30249  19.773  -48.912  50.064 0.0000000000
55207  56.464  -21.142  33.253 0.0000000000
50208  53.371  -26.990  37.258 0.0000000000
50248  51.106  -27.445  34.317 0.0000000000
46973  44.148  -31.248  33.375 0.0000000000
102004  44.388  -30.621  32.979 0.0000000000
102377  43.508  -30.530  30.771 0.0000000000
37402  34.811  -42.713  33.738 0.0000000000
37417  33.628  -42.416  32.629 0.0000000000
57682  58.884  -18.494  18.580 0.0000000000
30316  30.068  -48.813  42.201 0.0000000000
30301  30.551  -49.197  42.725 0.0000000000
29427  29.848  -49.550  43.213 0.0000000000
28545  29.448  -50.570  44.924 0.0000000000
28546  28.612  -50.695  44.837 0.0000000000
28548  27.011  -51.033  44.912 0.0000000000
28532  26.582  -51.196  45.714 0.0000000000
31350  37.747  -48.569  42.847 0.0000000000
104729  37.245  -48.893  43.422 0.0000000000
121062  35.790  -49.323  43.261 0.0000000000
29402  33.717  -50.001  43.859 0.0000000000
30299  32.964  -49.301  42.918 0.0000000000
117993  31.357  -49.046  42.545 0.0000000000
41677  44.571  -37.299  41.235 0.0000000000
42532  45.055  -36.732  42.031 0.0000000000
42531  45.344  -36.072  42.538 0.0000000000
44430  45.989  -34.493  41.104 0.0000000000
44437  45.635  -34.573  40.229 0.0000000000
42578  43.042  -36.064  36.967 0.0000000000
43511  43.304  -35.386  36.723 0.0000000000
44471  43.268  -34.347  35.729 0.0000000000
44496  41.823  -34.508  33.720 0.0000000000
43560  41.216  -35.143  33.187 0.0000000000
41761  40.191  -37.172  33.660 0.0000000000
41773  39.854  -36.910  32.978 0.0000000000
42636  39.559  -36.629  32.315 0.0000000000
36456  29.206  -44.160  32.851 0.0000000000
36471  28.739  -43.673  32.272 0.0000000000
55331  58.110  -21.379  23.115 0.0000000000
32488  22.503  -47.197  36.275 0.0000000000
30355  26.333  -48.336  40.264 0.0000000000
30337  26.246  -48.647  40.938 0.0000000000
30357  24.739  -48.495  40.428 0.0000000000
30358  21.487  -48.976  39.738 0.0000000000
37243  42.114  -42.793  41.897 0.0000000000
38175  41.764  -41.889  40.281 0.0000000000
118921  41.386  -41.755  39.760 0.0000000000
38192  41.075  -41.627  39.281 0.0000000000
35430  38.096  -44.139  37.727 0.0000000000
35431  37.403  -44.507  37.400 0.0000000000
35440  37.057  -44.327  36.734 0.0000000000
35443  34.845  -44.948  36.031 0.0000000000
32423  35.320  -47.419  39.841 0.0000000000
32440  34.889  -47.061  39.185 0.0000000000
32462  32.230  -46.769  38.004 0.0000000000
104945  32.079  -46.593  37.375 0.0000000000
34455  33.247  -45.471  35.836 0.0000000000
104312  32.616  -45.883  36.098 0.0000000000
34457  31.666  -45.617  35.271 0.0000000000
34473  31.354  -45.279  34.682 0.0000000000
34474  30.586  -45.429  34.594 0.0000000000
34475  29.743  -45.580  34.544 0.0000000000
33514  27.138  -46.079  35.546 0.0000000000
34460  27.694  -45.996  35.097 0.0000000000
34495  24.529  -45.391  33.328 0.0000000000
34479  24.891  -45.502  34.246 0.0000000000
33534  23.931  -45.762  33.877 0.0000000000
51192  54.369  -26.546  28.198 0.0000000000
47864  55.005  -31.144  27.276 0.0000000000
102106  26.819  -51.831  49.114 0.0000000000
28484  25.353  -51.901  48.249 0.0000000000
29328  21.625  -50.696  50.522 0.0000000000
28472  22.498  -51.913  49.578 0.0000000000
108555  21.825  -52.002  46.892 0.0000000000
102090  21.715  -51.814  46.052 0.0000000000
102328  20.877  -51.680  46.027 0.0000000000
58370  58.251  -16.976  22.941 0.0000000000
57639  57.920  -18.131  24.457 0.0000000000
57631  58.223  -18.510  25.945 0.0000000000
109232  57.570  -20.925  25.746 0.0000000000
55291  57.706  -20.620  26.116 0.0000000000
103282  57.501  -20.862  26.410 0.0000000000
55245  57.545  -20.922  29.835 0.0000000000
113797  57.429  -21.044  29.086 0.0000000000
54414  56.667  -22.077  29.555 0.0000000000
53543  56.217  -22.742  29.411 0.0000000000
53532  56.004  -23.603  30.080 0.0000000000
52733  56.071  -24.529  30.599 0.0000000000
52705  56.404  -24.623  32.222 0.0000000000
51954  56.463  -25.755  31.550 0.0000000000
50297  56.900  -28.244  31.433 0.0000000000
49455  56.946  -29.187  31.837 0.0000000000
54356  54.585  -22.548  36.307 0.0000000000
52667  54.987  -25.401  35.088 0.0000000000
50244  54.672  -27.361  34.184 0.0000000000
49442  55.613  -28.693  32.884 0.0000000000
48616  54.547  -29.780  31.751 0.0000000000
49456  53.694  -29.166  31.370 0.0000000000
50327  50.373  -27.651  28.693 0.0000000000
46114  46.637  -32.510  39.900 0.0000000000
46917  46.966  -31.838  39.504 0.0000000000
46932  47.025  -31.486  38.421 0.0000000000
116907  46.595  -30.345  35.428 0.0000000000
48568  48.583  -29.702  36.208 0.0000000000
49408  49.317  -29.183  34.992 0.0000000000
49461  46.500  -28.736  31.095 0.0000000000
49474  46.459  -28.668  30.182 0.0000000000
49486  47.283  -28.187  28.951 0.0000000000
49517  46.704  -28.329  27.307 0.0000000000
102129  44.908  -29.136  25.850 0.0000000000
47867  42.910  -29.941  26.789 0.0000000000
47893  42.217  -30.612  25.656 0.0000000000
46192  40.957  -33.052  30.161 0.0000000000
45392  39.983  -32.981  28.818 0.0000000000
45420  38.037  -33.001  26.245 0.0000000000
39103  39.209  -40.219  35.703 0.0000000000
39137  35.440  -40.689  32.303 0.0000000000
39136  36.253  -40.340  32.651 0.0000000000
39969  36.189  -39.277  31.717 0.0000000000
40844  35.861  -38.844  30.976 0.0000000000
38322  30.698  -41.989  31.119 0.0000000000
38334  30.352  -41.341  30.487 0.0000000000
105163  30.869  -40.791  30.048 0.0000000000
40034  29.487  -39.538  27.104 0.0000000000
40014  30.082  -39.238  27.859 0.0000000000
40884  31.417  -38.513  28.162 0.0000000000
40883  32.298  -38.298  28.473 0.0000000000
55361  58.290  -21.448  20.126 0.0000000000
51213  52.305  -26.671  26.300 0.0000000000
29385  31.826  -50.323  44.390 0.0000000000
29378  31.298  -50.630  45.065 0.0000000000
28528  30.960  -50.931  45.759 0.0000000000
30288  35.151  -50.049  45.103 0.0000000000
39814  43.434  -39.509  41.946 0.0000000000
41678  44.010  -38.031  40.716 0.0000000000
41683  44.179  -37.347  40.094 0.0000000000
42556  44.191  -36.173  38.878 0.0000000000
42568  42.791  -36.752  37.179 0.0000000000
42597  42.171  -36.173  35.773 0.0000000000
43537  41.558  -35.705  34.359 0.0000000000
35506  25.598  -44.565  32.355 0.0000000000
35520  26.040  -44.073  31.885 0.0000000000
35521  25.167  -44.439  31.478 0.0000000000
34551  24.743  -45.670  29.958 0.0000000000
110800  24.468  -46.305  30.380 0.0000000000
33590  25.101  -46.649  29.870 0.0000000000
105611  56.100  -22.005  24.308 0.0000000000
54480  55.333  -22.488  24.332 0.0000000000
53612  54.459  -22.998  24.045 0.0000000000
53602  54.249  -23.225  24.872 0.0000000000
53604  53.130  -23.779  24.004 0.0000000000
32503  25.050  -46.430  36.473 0.0000000000
32486  24.495  -46.826  37.108 0.0000000000
105058  25.689  -47.014  37.728 0.0000000000
32471  23.776  -47.200  37.546 0.0000000000
32472  22.793  -47.345  37.238 0.0000000000
31425  23.164  -47.573  38.107 0.0000000000
30304  25.919  -49.482  42.343 0.0000000000
30320  25.194  -49.093  41.768 0.0000000000
30321  24.448  -49.157  41.894 0.0000000000
112929  23.693  -49.144  41.770 0.0000000000
115056  22.759  -49.257  41.667 0.0000000000
30343  20.813  -49.733  40.262 0.0000000000
29452  20.516  -50.729  41.613 0.0000000000
35350  41.473  -44.135  42.862 0.0000000000
31381  33.658  -47.716  40.333 0.0000000000
115213  33.086  -47.521  40.030 0.0000000000
32426  32.799  -47.259  39.508 0.0000000000
31402  31.196  -47.159  39.388 0.0000000000
32444  31.572  -46.843  38.624 0.0000000000
32463  31.545  -46.684  37.705 0.0000000000
33463  30.852  -46.615  37.165 0.0000000000
33479  29.108  -46.423  36.567 0.0000000000
32482  28.347  -46.505  36.974 0.0000000000
106371  28.105  -46.385  36.455 0.0000000000
49483  56.430  -28.846  29.642 0.0000000000
109468  55.931  -30.372  28.787 0.0000000000
29355  20.299  -51.149  47.416 0.0000000000
29348  20.068  -50.535  48.053 0.0000000000
29356  19.541  -50.319  47.253 0.0000000000
108031  19.124  -49.187  48.822 0.0000000000
53514  56.511  -23.414  31.693 0.0000000000
52644  54.208  -24.918  37.221 0.0000000000
50259  53.724  -27.427  33.195 0.0000000000
102562  51.569  -27.069  32.134 0.0000000000
48531  49.029  -29.992  40.132 0.0000000000
46135  45.522  -32.373  36.719 0.0000000000
46943  46.047  -31.942  37.190 0.0000000000
109582  45.664  -31.461  35.752 0.0000000000
47787  45.745  -30.871  35.195 0.0000000000
119511  46.076  -30.376  34.889 0.0000000000
47793  46.381  -29.973  34.586 0.0000000000
119741  46.578  -29.300  33.314 0.0000000000
48618  45.436  -29.357  31.797 0.0000000000
48608  45.003  -29.716  32.280 0.0000000000
117030  45.815  -29.052  31.262 0.0000000000
48642  45.269  -29.280  30.055 0.0000000000
48652  44.540  -29.471  28.716 0.0000000000
48653  43.779  -29.769  28.299 0.0000000000
47854  42.971  -30.172  27.890 0.0000000000
47869  41.689  -30.787  27.451 0.0000000000
44573  37.886  -33.964  27.903 0.0000000000
44574  37.351  -34.149  27.511 0.0000000000
45421  37.495  -33.474  26.461 0.0000000000
37373  37.228  -42.225  35.054 0.0000000000
38285  36.759  -41.834  34.368 0.0000000000
38298  34.997  -42.064  33.190 0.0000000000
38306  35.230  -41.441  32.751 0.0000000000
38364  27.801  -40.996  28.436 0.0000000000
113291  27.717  -41.209  27.641 0.0000000000
39189  28.249  -40.611  27.714 0.0000000000
39212  28.782  -41.163  26.332 0.0000000000
39211  29.147  -40.244  26.396 0.0000000000
57685  59.987  -18.901  17.395 0.0000000000
105133  59.728  -19.162  18.280 0.0000000000
56961  60.764  -19.798  18.258 0.0000000000
56244  61.184  -20.955  18.519 0.0000000000
101608  61.073  -21.162  18.458 0.0000000000
55380  60.316  -21.415  18.190 0.0000000000
54513  54.239  -22.230  19.662 0.0000000000
31372  28.695  -48.205  40.680 0.0000000000
30335  28.339  -48.593  41.346 0.0000000000
30317  29.346  -48.773  42.009 0.0000000000
109491  28.675  -48.784  41.865 0.0000000000
100970  27.630  -48.731  41.401 0.0000000000
119716  27.490  -49.048  41.897 0.0000000000
29405  30.260  -49.921  43.756 0.0000000000
106819  28.084  -49.882  43.237 0.0000000000
29429  27.597  -49.874  43.003 0.0000000000
111099  27.018  -49.788  42.728 0.0000000000
120932  26.549  -49.668  42.553 0.0000000000
29410  25.753  -50.225  43.703 0.0000000000
108591  24.871  -50.046  43.661 0.0000000000
116232  24.431  -50.324  44.187 0.0000000000
32401  39.426  -47.028  43.649 0.0000000000
32405  39.434  -47.123  42.723 0.0000000000
32411  36.950  -48.209  41.411 0.0000000000
31356  37.205  -48.543  42.128 0.0000000000
31364  36.051  -48.285  41.178 0.0000000000
31365  35.175  -48.198  40.984 0.0000000000
30297  35.245  -49.093  42.763 0.0000000000
31369  31.328  -47.851  40.699 0.0000000000
103431  54.187  -21.472  36.551 0.0000000000
53457  54.335  -23.137  37.008 0.0000000000
53442  53.962  -23.745  37.638 0.0000000000
51868  53.901  -25.705  37.465 0.0000000000
51075  53.545  -26.426  37.571 0.0000000000
51855  53.054  -25.691  38.736 0.0000000000
50222  52.324  -27.614  37.250 0.0000000000
46121  45.989  -32.843  38.459 0.0000000000
43495  44.706  -34.767  38.581 0.0000000000
44448  44.396  -34.504  37.769 0.0000000000
44442  44.997  -34.016  38.332 0.0000000000
45287  45.191  -33.101  37.057 0.0000000000
46136  44.938  -32.774  36.228 0.0000000000
45310  43.982  -32.916  34.976 0.0000000000
46984  42.540  -32.219  32.123 0.0000000000
45351  41.739  -33.042  31.904 0.0000000000
45352  41.336  -33.465  31.633 0.0000000000
45353  40.829  -33.892  31.304 0.0000000000
119991  40.373  -35.412  32.229 0.0000000000
43571  40.181  -35.110  31.665 0.0000000000
43581  39.765  -35.043  30.977 0.0000000000
44527  39.613  -34.709  30.305 0.0000000000
43594  38.997  -35.065  29.829 0.0000000000
42657  38.361  -36.478  30.367 0.0000000000
42668  38.106  -36.161  29.605 0.0000000000
43596  37.756  -35.791  28.944 0.0000000000
43597  37.045  -36.067  28.648 0.0000000000
37405  32.240  -43.326  32.807 0.0000000000
36468  31.379  -43.478  32.631 0.0000000000
37420  30.970  -43.075  32.044 0.0000000000
37436  29.750  -42.427  31.343 0.0000000000
38324  29.098  -41.929  30.751 0.0000000000
38337  27.694  -41.606  29.879 0.0000000000
117015  26.414  -43.605  31.493 0.0000000000
37439  26.946  -42.681  30.792 0.0000000000
36516  25.614  -43.720  29.398 0.0000000000
36500  25.874  -43.160  29.989 0.0000000000
37469  26.897  -41.974  29.473 0.0000000000
38350  27.376  -41.479  28.967 0.0000000000
56941  58.529  -19.519  21.231 0.0000000000
55341  59.162  -21.053  21.705 0.0000000000
102472  58.440  -21.353  21.644 0.0000000000
55354  56.677  -21.612  20.846 0.0000000000
54499  55.533  -22.246  22.936 0.0000000000
54506  54.875  -22.427  22.065 0.0000000000
117214  22.351  -47.190  34.418 0.0000000000
31389  25.950  -48.074  39.686 0.0000000000
31374  23.082  -48.529  40.267 0.0000000000
111265  23.138  -48.176  39.494 0.0000000000
31411  22.555  -48.053  38.783 0.0000000000
31427  21.500  -48.407  37.435 0.0000000000
38990  43.075  -40.160  42.450 0.0000000000
39007  43.139  -40.196  41.528 0.0000000000
39835  41.919  -39.829  38.895 0.0000000000
39873  40.752  -39.625  37.198 0.0000000000
37372  38.332  -41.699  35.842 0.0000000000
36404  39.110  -43.089  37.864 0.0000000000
37357  37.819  -42.489  35.815 0.0000000000
37375  35.780  -43.154  34.752 0.0000000000
115734  34.264  -43.388  34.115 0.0000000000
33436  37.465  -46.530  39.671 0.0000000000
34414  37.103  -46.184  38.914 0.0000000000
34430  35.635  -45.602  37.324 0.0000000000
32441  34.041  -47.118  39.129 0.0000000000
105836  34.492  -46.745  38.621 0.0000000000
117306  35.262  -46.052  37.745 0.0000000000
34441  35.265  -45.281  36.674 0.0000000000
35453  33.622  -44.845  35.341 0.0000000000
36442  32.958  -44.097  34.140 0.0000000000
35469  30.955  -44.940  34.093 0.0000000000
34458  29.261  -46.029  35.219 0.0000000000
107817  28.847  -45.681  34.485 0.0000000000
105718  27.976  -45.720  34.484 0.0000000000
35487  27.004  -44.889  33.180 0.0000000000
110156  23.611  -46.113  31.932 0.0000000000
115851  53.304  -26.493  27.243 0.0000000000
51199  53.022  -27.188  26.896 0.0000000000
108492  53.550  -29.185  26.351 0.0000000000
45401  54.718  -34.156  27.908 0.0000000000
29344  31.593  -50.483  49.012 0.0000000000
104057  30.857  -51.297  48.151 0.0000000000
118582  29.995  -51.442  47.932 0.0000000000
107191  29.205  -51.352  47.321 0.0000000000
101546  29.596  -51.373  49.388 0.0000000000
28514  27.077  -51.318  46.557 0.0000000000
28515  26.097  -51.353  46.549 0.0000000000
28533  25.629  -51.163  45.751 0.0000000000
28550  23.624  -50.967  45.114 0.0000000000
28457  25.651  -52.106  50.700 0.0000000000
116540  24.629  -52.052  48.399 0.0000000000
107066  23.533  -52.056  47.273 0.0000000000
28551  22.181  -51.160  44.636 0.0000000000
100646  20.896  -51.250  43.886 0.0000000000
58387  57.942  -18.115  20.549 0.0000000000
59203  58.461  -17.025  20.442 0.0000000000
57668  57.834  -18.706  21.275 0.0000000000
56934  58.335  -19.518  21.980 0.0000000000
56924  58.810  -20.159  22.655 0.0000000000
57653  57.783  -18.571  23.004 0.0000000000
56925  58.137  -19.400  22.851 0.0000000000
56205  58.752  -20.574  23.313 0.0000000000
55320  58.533  -20.871  23.982 0.0000000000
55312  57.854  -21.204  24.661 0.0000000000
58360  58.268  -17.084  24.355 0.0000000000
106244  58.212  -19.454  25.317 0.0000000000
112714  58.384  -20.103  24.650 0.0000000000
56199  58.359  -20.648  24.587 0.0000000000
54466  57.349  -21.292  24.955 0.0000000000
54467  56.732  -21.559  25.257 0.0000000000
54454  56.709  -21.540  25.895 0.0000000000
53558  54.844  -23.639  27.666 0.0000000000
111485  58.075  -19.623  28.093 0.0000000000
55277  57.522  -20.790  27.251 0.0000000000
105915  56.684  -21.664  27.790 0.0000000000
51984  54.974  -25.151  28.681 0.0000000000
51965  56.258  -25.436  31.029 0.0000000000
48639  56.922  -29.788  30.015 0.0000000000
48638  57.237  -29.793  30.802 0.0000000000
46995  56.321  -32.094  31.112 0.0000000000
53483  55.339  -23.196  34.756 0.0000000000
52693  55.817  -24.675  33.528 0.0000000000
114991  56.114  -26.234  33.286 0.0000000000
106046  55.773  -26.628  33.780 0.0000000000
51144  56.186  -27.005  33.218 0.0000000000
110418  55.945  -29.314  32.680 0.0000000000
48603  56.287  -29.865  32.409 0.0000000000
47004  55.402  -32.181  31.033 0.0000000000
47005  54.624  -31.919  30.639 0.0000000000
116021  53.453  -28.434  31.687 0.0000000000
120198  52.291  -27.691  31.032 0.0000000000
50210  52.238  -27.701  38.097 0.0000000000
49405  51.598  -27.950  36.689 0.0000000000
47765  47.619  -30.721  37.943 0.0000000000
48542  49.720  -29.692  38.581 0.0000000000
48541  50.392  -29.311  38.188 0.0000000000
49377  50.209  -29.228  37.176 0.0000000000
49392  50.896  -28.571  36.924 0.0000000000
50277  50.063  -27.730  32.584 0.0000000000
50288  49.743  -27.632  31.639 0.0000000000
48595  47.349  -29.014  33.236 0.0000000000
109745  48.150  -28.306  31.769 0.0000000000
50289  49.095  -27.691  30.978 0.0000000000
116170  49.260  -27.575  30.132 0.0000000000
50330  47.829  -27.859  28.347 0.0000000000
48688  44.261  -29.560  25.430 0.0000000000
48676  43.542  -29.654  26.179 0.0000000000
47017  41.596  -31.726  29.376 0.0000000000
47028  41.363  -31.537  28.533 0.0000000000
47040  41.182  -31.296  27.741 0.0000000000
47051  41.119  -31.052  26.905 0.0000000000
45377  39.590  -33.610  29.128 0.0000000000
46220  39.875  -32.438  28.112 0.0000000000
46234  39.260  -32.563  27.458 0.0000000000
39894  40.462  -39.344  36.526 0.0000000000
39915  40.129  -39.076  35.843 0.0000000000
38295  37.059  -41.085  34.040 0.0000000000
39947  36.967  -39.987  33.027 0.0000000000
39946  37.630  -39.653  33.386 0.0000000000
39956  37.883  -38.976  33.069 0.0000000000
40833  38.107  -38.325  32.593 0.0000000000
40841  37.939  -37.960  31.932 0.0000000000
41780  37.371  -37.963  31.277 0.0000000000
41790  36.871  -37.746  30.341 0.0000000000
41812  35.870  -36.956  28.730 0.0000000000
38309  33.067  -42.065  31.959 0.0000000000
38321  31.714  -41.838  31.240 0.0000000000
38320  32.612  -41.657  31.384 0.0000000000
39160  33.307  -40.284  30.527 0.0000000000
39997  30.591  -39.436  28.675 0.0000000000
39173  31.431  -40.249  29.705 0.0000000000
39983  32.105  -40.312  29.944 0.0000000000
39982  32.718  -39.995  29.956 0.0000000000
104283  33.479  -39.568  29.970 0.0000000000
40882  33.083  -38.125  28.710 0.0000000000
41802  33.901  -37.948  28.850 0.0000000000
42683  34.609  -36.491  27.925 0.0000000000
56230  60.039  -20.772  20.297 0.0000000000
55359  60.300  -21.079  19.833 0.0000000000
55360  59.400  -21.290  20.133 0.0000000000
114765  59.599  -21.395  18.640 0.0000000000
55381  59.038  -21.358  17.817 0.0000000000
55364  54.769  -21.828  19.166 0.0000000000
102771  52.321  -24.877  25.603 0.0000000000
101993  52.077  -25.753  26.058 0.0000000000
36501  25.591  -43.651  30.303 0.0000000000
39200  28.881  -40.059  27.339 0.0000000000
50258  55.061  -27.858  33.710 0.0000000000
56223  59.299  -20.721  21.520 0.0000000000
56939  59.859  -20.304  20.444 0.0000000000
112038  58.387  -16.811  23.672 0.0000000000
