#!ascii label  , from subject sub-v1s13x0050049_ses-1 vox2ras=TkReg
806
82367  50.807  15.790  13.948 0.0000000000
84588  52.034  19.232  14.828 0.0000000000
79166  58.154  10.609  14.189 0.0000000000
81815  46.509  14.153  15.686 0.0000000000
79152  48.802  10.756  15.066 0.0000000000
84028  51.299  17.762  8.201 0.0000000000
85812  51.927  21.368  18.813 0.0000000000
88079  51.822  26.458  14.594 0.0000000000
76487  55.402  6.243  14.004 0.0000000000
78539  55.514  8.684  7.802 0.0000000000
83418  54.708  17.502  11.699 0.0000000000
80620  54.049  13.128  14.956 0.0000000000
82324  55.567  14.967  16.329 0.0000000000
79118  54.863  10.898  18.567 0.0000000000
88615  50.816  27.254  8.427 0.0000000000
110427  52.938  23.234  11.319 0.0000000000
117842  52.225  9.573  11.859 0.0000000000
82355  48.431  15.677  14.752 0.0000000000
80627  47.409  12.422  15.611 0.0000000000
81811  49.944  14.180  15.377 0.0000000000
83420  51.302  17.048  10.875 0.0000000000
83385  48.261  17.549  13.126 0.0000000000
87513  50.022  25.227  17.762 0.0000000000
75118  56.215  4.453  15.650 0.0000000000
74445  56.972  3.926  12.130 0.0000000000
74424  55.268  3.395  14.412 0.0000000000
87652  51.386  24.045  4.729 0.0000000000
83973  53.659  18.492  13.605 0.0000000000
82836  55.207  16.265  14.233 0.0000000000
83365  53.127  16.932  15.844 0.0000000000
81194  51.377  13.795  20.652 0.0000000000
81207  54.069  13.472  20.117 0.0000000000
79866  52.244  11.334  18.788 0.0000000000
77796  52.131  8.700  17.262 0.0000000000
86391  52.035  22.782  14.753 0.0000000000
87568  53.681  25.230  12.502 0.0000000000
85843  53.191  21.903  12.283 0.0000000000
84602  54.205  19.733  11.352 0.0000000000
79901  56.801  11.716  13.737 0.0000000000
79170  53.516  10.635  14.521 0.0000000000
78486  56.014  10.015  12.855 0.0000000000
115998  46.934  10.105  15.033 0.0000000000
79190  48.161  9.815  13.297 0.0000000000
85871  49.951  21.608  8.312 0.0000000000
111660  48.614  18.814  7.699 0.0000000000
117814  52.454  21.422  17.907 0.0000000000
83363  52.559  17.636  18.109 0.0000000000
86958  46.843  23.063  13.348 0.0000000000
86965  49.107  23.986  12.097 0.0000000000
86929  52.050  24.765  17.116 0.0000000000
77822  57.323  8.531  14.633 0.0000000000
117138  57.563  9.171  10.945 0.0000000000
102686  57.280  6.737  10.698 0.0000000000
76529  55.124  6.344  8.829 0.0000000000
82892  52.645  16.398  11.922 0.0000000000
102496  52.280  14.770  14.437 0.0000000000
81833  55.007  14.926  13.263 0.0000000000
81807  56.603  14.139  14.861 0.0000000000
105782  57.383  12.341  16.651 0.0000000000
82312  54.283  15.154  18.800 0.0000000000
108712  55.796  12.751  18.777 0.0000000000
79138  57.082  10.358  17.484 0.0000000000
77802  54.495  8.561  16.131 0.0000000000
76481  53.558  6.102  15.977 0.0000000000
88148  49.319  25.904  6.172 0.0000000000
117119  52.511  26.018  6.752 0.0000000000
88128  52.985  26.447  9.581 0.0000000000
112294  51.469  23.803  8.745 0.0000000000
85256  52.287  21.027  10.455 0.0000000000
83451  53.902  17.894  9.602 0.0000000000
80623  51.453  12.427  15.485 0.0000000000
114832  50.431  10.218  14.360 0.0000000000
79215  48.895  10.334  11.177 0.0000000000
78519  53.929  9.574  9.994 0.0000000000
82354  49.228  15.625  14.572 0.0000000000
81812  49.106  14.495  15.320 0.0000000000
81828  49.801  15.035  14.991 0.0000000000
82894  50.641  16.883  12.536 0.0000000000
114719  49.802  17.253  12.498 0.0000000000
82855  49.330  16.557  13.722 0.0000000000
82856  48.816  16.211  14.233 0.0000000000
75109  56.913  3.569  17.339 0.0000000000
74406  56.761  3.859  15.365 0.0000000000
74397  56.598  3.207  16.591 0.0000000000
79218  45.443  10.243  11.542 0.0000000000
83974  52.757  18.814  14.154 0.0000000000
83368  53.455  17.390  14.895 0.0000000000
109191  52.408  17.835  15.603 0.0000000000
80590  50.291  12.407  19.612 0.0000000000
80589  51.204  12.541  19.623 0.0000000000
106887  51.733  20.894  14.621 0.0000000000
85837  51.977  22.183  13.881 0.0000000000
107395  52.273  20.446  13.819 0.0000000000
84592  53.600  19.833  12.703 0.0000000000
79167  57.624  11.200  13.718 0.0000000000
79168  56.002  10.931  13.804 0.0000000000
79186  56.603  10.548  13.234 0.0000000000
116893  45.038  13.575  16.302 0.0000000000
81246  45.465  13.029  16.200 0.0000000000
80626  48.283  12.300  15.532 0.0000000000
79895  46.860  11.650  15.592 0.0000000000
79153  48.053  10.816  15.199 0.0000000000
79191  47.639  9.821  14.180 0.0000000000
114629  48.415  9.937  14.125 0.0000000000
84618  50.642  19.241  8.722 0.0000000000
84624  49.368  19.600  8.084 0.0000000000
84038  49.400  18.592  8.206 0.0000000000
82339  46.628  15.650  15.154 0.0000000000
81817  44.856  15.292  15.757 0.0000000000
85216  52.363  21.240  18.806 0.0000000000
84574  52.512  20.466  19.050 0.0000000000
85217  52.152  20.749  19.186 0.0000000000
111832  50.670  23.648  17.761 0.0000000000
87512  50.909  25.136  17.676 0.0000000000
86383  51.739  23.168  17.553 0.0000000000
86382  52.072  22.813  17.340 0.0000000000
77177  55.795  7.128  13.951 0.0000000000
106419  57.511  7.783  12.418 0.0000000000
76495  56.570  6.131  12.728 0.0000000000
75159  55.447  4.153  11.046 0.0000000000
75868  56.256  4.747  9.867 0.0000000000
75877  55.093  5.703  9.508 0.0000000000
82378  54.338  16.554  11.725 0.0000000000
109803  54.031  15.676  12.343 0.0000000000
82372  54.726  15.998  12.360 0.0000000000
82837  55.046  16.034  15.165 0.0000000000
82350  55.762  15.218  14.455 0.0000000000
101059  56.066  14.739  15.818 0.0000000000
81238  57.006  13.639  15.507 0.0000000000
81229  56.695  13.633  16.577 0.0000000000
113716  52.916  17.206  19.784 0.0000000000
82824  53.278  16.285  18.583 0.0000000000
113480  53.445  15.870  19.815 0.0000000000
79853  53.891  12.126  19.461 0.0000000000
80586  54.884  12.951  19.621 0.0000000000
79863  55.394  11.602  18.949 0.0000000000
79869  56.761  11.152  17.955 0.0000000000
79117  56.286  10.526  18.039 0.0000000000
78452  56.301  9.322  16.883 0.0000000000
78440  54.770  9.784  17.417 0.0000000000
113443  51.787  7.856  17.354 0.0000000000
77161  52.480  7.153  16.562 0.0000000000
88643  49.923  26.481  6.848 0.0000000000
88146  51.657  26.298  6.003 0.0000000000
88627  51.646  27.052  7.510 0.0000000000
87569  50.490  25.160  12.988 0.0000000000
87576  50.500  25.137  12.049 0.0000000000
88086  51.952  26.729  12.955 0.0000000000
86963  53.569  24.309  11.920 0.0000000000
88100  53.797  26.260  11.453 0.0000000000
87588  53.311  25.106  10.588 0.0000000000
87603  52.459  25.056  9.224 0.0000000000
86978  52.347  23.623  10.485 0.0000000000
86415  51.511  22.984  10.065 0.0000000000
85856  52.640  21.695  10.869 0.0000000000
83983  54.657  18.224  11.547 0.0000000000
84008  54.391  18.347  10.235 0.0000000000
83434  54.497  17.880  10.524 0.0000000000
82914  53.333  16.988  10.369 0.0000000000
81252  53.502  13.620  14.866 0.0000000000
81239  52.534  13.542  15.258 0.0000000000
80621  53.272  12.921  15.285 0.0000000000
78489  52.688  9.616  13.317 0.0000000000
119392  51.778  10.290  14.478 0.0000000000
110556  51.675  9.651  13.185 0.0000000000
79200  50.135  9.913  12.642 0.0000000000
79213  50.411  9.993  11.677 0.0000000000
77849  56.365  8.478  9.586 0.0000000000
78517  56.030  9.103  10.213 0.0000000000
78530  54.981  9.256  8.465 0.0000000000
82338  47.118  14.917  15.350 0.0000000000
81244  47.027  13.264  15.686 0.0000000000
81814  47.531  14.063  15.523 0.0000000000
114926  48.792  13.027  15.570 0.0000000000
80625  49.206  12.135  15.468 0.0000000000
113096  51.171  17.080  8.615 0.0000000000
82858  46.961  16.322  14.666 0.0000000000
75834  55.378  5.560  14.360 0.0000000000
75841  56.451  5.367  13.055 0.0000000000
75126  56.671  4.115  14.461 0.0000000000
74436  56.379  3.650  13.208 0.0000000000
83976  54.710  17.832  12.334 0.0000000000
82876  55.010  16.870  13.034 0.0000000000
82853  54.775  16.892  13.829 0.0000000000
108398  54.711  16.573  14.628 0.0000000000
82827  54.506  15.888  16.105 0.0000000000
82301  51.938  15.587  21.214 0.0000000000
81768  53.208  15.057  20.503 0.0000000000
81208  53.032  13.484  20.394 0.0000000000
79854  52.808  12.052  19.373 0.0000000000
79865  53.304  11.424  18.909 0.0000000000
78441  53.666  9.680  17.380 0.0000000000
79127  52.218  10.042  17.940 0.0000000000
77797  51.421  8.523  17.749 0.0000000000
77154  51.221  7.647  18.144 0.0000000000
88604  48.927  26.745  9.038 0.0000000000
87552  52.985  25.692  14.937 0.0000000000
88085  53.237  26.400  13.747 0.0000000000
87561  53.157  24.848  14.064 0.0000000000
86964  53.293  23.554  12.295 0.0000000000
86395  53.283  22.626  12.011 0.0000000000
85847  53.474  21.380  11.529 0.0000000000
85240  53.823  20.343  12.044 0.0000000000
121194  54.092  19.585  12.120 0.0000000000
120743  55.835  13.171  14.191 0.0000000000
79903  53.838  11.477  14.928 0.0000000000
79169  54.745  10.914  14.303 0.0000000000
79188  54.159  10.135  13.929 0.0000000000
78500  53.248  9.485  12.589 0.0000000000
77875  55.237  8.456  6.535 0.0000000000
78541  54.805  9.617  6.615 0.0000000000
79156  44.746  10.563  15.679 0.0000000000
121244  46.351  11.997  15.723 0.0000000000
79155  45.689  10.658  15.510 0.0000000000
79176  45.318  9.968  15.103 0.0000000000
116194  46.004  9.684  13.339 0.0000000000
79203  46.180  9.883  12.342 0.0000000000
113110  46.365  10.183  11.454 0.0000000000
85881  49.719  21.656  7.470 0.0000000000
85287  48.680  20.349  6.673 0.0000000000
84586  51.900  20.138  16.423 0.0000000000
113959  52.055  18.385  16.821 0.0000000000
111977  52.251  19.341  17.621 0.0000000000
83960  52.545  18.531  19.079 0.0000000000
83348  52.302  17.856  20.140 0.0000000000
82795  51.720  16.743  21.213 0.0000000000
81759  51.131  15.391  21.455 0.0000000000
86967  47.596  23.328  12.818 0.0000000000
109979  49.674  24.779  14.275 0.0000000000
88080  50.992  25.943  14.727 0.0000000000
88049  52.205  26.018  16.280 0.0000000000
86928  52.303  24.330  16.517 0.0000000000
85834  52.103  22.319  16.626 0.0000000000
78474  57.950  9.138  14.751 0.0000000000
78484  57.945  9.763  13.138 0.0000000000
77829  58.074  9.086  12.967 0.0000000000
77198  57.665  7.980  11.013 0.0000000000
121331  56.333  7.619  8.972 0.0000000000
113287  57.245  5.272  11.247 0.0000000000
76527  56.302  6.265  9.166 0.0000000000
77226  55.594  7.741  7.785 0.0000000000
82366  51.692  15.823  13.341 0.0000000000
82352  51.572  15.300  14.178 0.0000000000
82351  52.544  15.267  13.607 0.0000000000
81835  53.262  14.750  13.976 0.0000000000
81823  55.070  14.343  13.809 0.0000000000
82362  55.345  15.673  13.265 0.0000000000
81832  55.548  15.098  13.611 0.0000000000
106445  55.677  13.730  14.172 0.0000000000
81251  56.406  13.297  14.193 0.0000000000
80618  57.757  12.240  14.706 0.0000000000
79888  58.110  11.541  14.959 0.0000000000
82829  52.834  16.798  17.137 0.0000000000
103813  53.346  16.203  17.579 0.0000000000
82315  54.534  15.107  17.791 0.0000000000
81783  53.938  14.323  20.111 0.0000000000
81215  55.167  13.861  19.013 0.0000000000
81787  55.827  13.940  17.774 0.0000000000
81217  56.763  12.814  17.378 0.0000000000
79882  57.522  11.238  17.070 0.0000000000
78450  57.943  9.774  16.086 0.0000000000
78464  57.499  9.053  15.687 0.0000000000
117956  55.737  8.121  15.275 0.0000000000
77169  55.231  7.490  14.731 0.0000000000
77803  53.421  8.318  16.328 0.0000000000
77815  53.816  7.702  15.683 0.0000000000
76480  54.112  6.253  15.281 0.0000000000
75827  54.266  5.599  15.749 0.0000000000
88158  49.923  25.368  5.476 0.0000000000
88156  52.075  25.558  5.670 0.0000000000
87016  52.298  24.542  6.602 0.0000000000
88572  53.188  27.024  12.406 0.0000000000
113422  52.348  27.033  8.759 0.0000000000
88137  52.613  26.526  8.605 0.0000000000
87619  52.183  24.695  7.568 0.0000000000
117750  51.619  24.060  8.090 0.0000000000
86425  50.492  22.494  8.540 0.0000000000
85864  50.914  21.346  9.715 0.0000000000
108076  51.618  19.428  9.250 0.0000000000
85255  53.222  20.751  10.701 0.0000000000
84616  52.854  18.969  9.421 0.0000000000
83463  52.181  17.566  8.495 0.0000000000
83437  52.621  17.083  9.610 0.0000000000
82906  52.009  16.747  11.524 0.0000000000
81810  51.265  14.105  15.283 0.0000000000
108121  50.698  12.686  15.533 0.0000000000
112365  49.937  11.563  15.299 0.0000000000
79904  52.803  11.186  15.015 0.0000000000
78477  51.196  10.440  14.634 0.0000000000
79151  49.677  10.732  14.888 0.0000000000
79189  49.012  9.950  13.686 0.0000000000
101345  48.521  9.956  12.458 0.0000000000
78498  56.715  9.818  11.864 0.0000000000
116611  54.688  9.454  11.826 0.0000000000
106794  53.415  9.565  11.083 0.0000000000
79241  53.232  10.246  8.657 0.0000000000
79212  51.099  10.058  10.917 0.0000000000
102729  54.566  3.284  15.669 0.0000000000
118736  53.382  4.000  13.714 0.0000000000
82368  50.007  15.667  14.353 0.0000000000
82877  50.802  16.359  13.235 0.0000000000
82895  49.971  16.783  13.184 0.0000000000
107344  50.058  16.212  13.769 0.0000000000
120588  49.469  16.046  14.122 0.0000000000
74386  56.986  3.430  16.828 0.0000000000
83971  52.316  18.526  14.959 0.0000000000
85238  51.885  20.025  14.659 0.0000000000
84590  52.471  19.593  13.989 0.0000000000
108659  58.095  11.241  14.285 0.0000000000
110571  57.029  11.054  13.442 0.0000000000
79185  57.784  10.578  13.323 0.0000000000
102379  45.654  13.848  16.035 0.0000000000
79894  48.569  11.455  15.369 0.0000000000
79173  48.249  10.253  14.705 0.0000000000
84623  50.018  18.886  8.338 0.0000000000
84029  50.361  18.033  8.233 0.0000000000
116541  46.348  15.018  15.500 0.0000000000
82340  45.775  15.525  15.403 0.0000000000
81816  45.689  14.715  15.772 0.0000000000
81230  44.964  14.348  16.150 0.0000000000
118813  51.321  22.379  17.964 0.0000000000
114995  51.346  23.036  17.738 0.0000000000
85825  51.876  22.028  18.134 0.0000000000
77186  56.558  7.056  13.246 0.0000000000
76496  56.004  6.218  13.328 0.0000000000
75170  54.805  4.723  10.600 0.0000000000
119050  54.273  16.086  12.017 0.0000000000
82903  54.737  16.795  11.925 0.0000000000
82335  55.155  15.517  15.919 0.0000000000
82334  55.662  15.333  15.324 0.0000000000
81228  56.536  14.251  15.733 0.0000000000
81799  56.093  14.249  16.770 0.0000000000
82816  53.034  16.654  20.190 0.0000000000
82299  53.106  15.899  20.370 0.0000000000
79864  54.382  11.503  19.020 0.0000000000
79852  54.832  12.241  19.427 0.0000000000
114426  55.691  10.934  18.537 0.0000000000
105344  55.337  10.358  18.062 0.0000000000
78439  55.829  9.814  17.518 0.0000000000
79125  54.289  10.299  17.969 0.0000000000
76471  51.787  7.009  17.622 0.0000000000
88616  49.718  26.926  8.426 0.0000000000
88629  49.314  26.628  7.674 0.0000000000
88628  50.441  26.938  7.603 0.0000000000
88087  51.276  26.064  13.660 0.0000000000
88093  51.207  25.968  12.523 0.0000000000
116884  52.107  26.674  13.797 0.0000000000
86972  53.327  23.944  11.489 0.0000000000
87575  53.553  24.697  11.276 0.0000000000
104603  53.124  24.182  10.918 0.0000000000
86405  52.274  22.655  10.809 0.0000000000
86404  52.878  22.277  11.305 0.0000000000
112372  54.647  17.820  11.073 0.0000000000
83996  54.614  18.206  10.834 0.0000000000
83419  54.414  17.293  11.035 0.0000000000
78501  52.382  9.534  12.514 0.0000000000
78502  51.669  9.625  12.201 0.0000000000
78503  50.935  9.751  12.476 0.0000000000
78513  51.156  9.809  11.729 0.0000000000
78529  55.676  8.729  9.000 0.0000000000
82337  48.158  14.859  15.224 0.0000000000
81813  48.472  13.906  15.508 0.0000000000
81242  49.336  13.650  15.523 0.0000000000
119151  49.521  12.911  15.575 0.0000000000
103775  51.551  17.020  9.554 0.0000000000
114569  50.810  17.133  9.366 0.0000000000
101317  50.288  17.346  10.907 0.0000000000
114442  48.957  17.583  12.413 0.0000000000
82857  47.922  16.454  14.395 0.0000000000
82356  47.539  15.667  14.954 0.0000000000
75825  56.061  4.643  14.741 0.0000000000
75117  56.832  4.040  15.521 0.0000000000
74423  56.266  3.520  14.931 0.0000000000
120896  56.672  3.894  14.590 0.0000000000
107892  56.280  3.623  14.094 0.0000000000
74447  55.435  3.674  12.571 0.0000000000
74437  55.351  3.527  13.536 0.0000000000
87653  50.310  24.110  4.453 0.0000000000
87664  49.497  23.967  4.013 0.0000000000
83383  54.395  18.162  12.992 0.0000000000
83382  54.715  17.451  13.091 0.0000000000
82854  54.194  17.017  14.616 0.0000000000
82838  54.164  16.530  15.400 0.0000000000
82828  53.648  16.305  16.484 0.0000000000
81770  51.732  14.705  21.159 0.0000000000
81193  52.417  14.093  20.793 0.0000000000
81209  52.127  13.426  20.399 0.0000000000
79855  51.731  11.963  19.209 0.0000000000
80588  52.272  12.765  19.860 0.0000000000
79120  52.743  10.752  18.358 0.0000000000
79121  51.746  10.581  18.374 0.0000000000
118317  51.116  9.082  18.038 0.0000000000
77792  50.796  8.495  18.343 0.0000000000
86936  52.692  24.832  15.478 0.0000000000
86944  52.572  23.792  14.458 0.0000000000
85840  52.597  22.023  13.091 0.0000000000
86392  52.395  22.908  13.621 0.0000000000
86393  52.944  22.828  12.627 0.0000000000
85842  53.554  21.194  11.952 0.0000000000
84593  53.291  19.264  13.406 0.0000000000
83977  54.035  18.957  12.686 0.0000000000
83984  54.502  18.435  12.267 0.0000000000
80633  56.060  12.509  14.125 0.0000000000
79902  54.901  11.925  14.632 0.0000000000
105951  55.688  11.534  14.121 0.0000000000
79187  55.310  10.371  13.592 0.0000000000
78487  54.732  9.817  13.175 0.0000000000
78488  53.672  9.666  13.334 0.0000000000
115801  54.199  9.498  12.554 0.0000000000
115261  46.615  12.489  15.740 0.0000000000
113550  47.298  10.817  15.344 0.0000000000
79154  46.514  10.741  15.428 0.0000000000
79175  46.164  9.973  15.067 0.0000000000
78478  45.700  9.686  14.319 0.0000000000
114970  46.686  9.717  14.274 0.0000000000
102034  47.049  9.740  13.140 0.0000000000
116859  46.913  9.946  12.147 0.0000000000
85880  50.178  22.235  7.748 0.0000000000
84629  48.871  19.264  7.726 0.0000000000
85277  48.914  20.108  7.511 0.0000000000
84630  48.479  19.495  7.115 0.0000000000
84039  48.237  18.589  7.737 0.0000000000
85234  52.386  20.810  17.529 0.0000000000
84585  52.186  19.962  17.281 0.0000000000
84581  52.555  20.317  18.275 0.0000000000
84561  52.361  19.430  19.346 0.0000000000
83944  52.307  18.497  19.702 0.0000000000
83320  51.575  17.151  21.099 0.0000000000
82291  51.432  16.160  21.348 0.0000000000
86968  46.923  23.301  12.485 0.0000000000
87564  48.944  24.127  13.970 0.0000000000
87511  51.573  24.998  17.441 0.0000000000
88050  51.584  25.864  16.834 0.0000000000
88066  51.474  26.085  16.282 0.0000000000
87530  51.877  25.536  17.000 0.0000000000
87529  52.343  25.300  16.464 0.0000000000
85831  52.200  21.977  17.619 0.0000000000
85832  52.220  21.490  17.073 0.0000000000
85235  51.998  20.867  16.495 0.0000000000
77821  57.994  9.081  13.901 0.0000000000
77830  57.595  8.444  13.598 0.0000000000
77191  57.371  7.141  11.704 0.0000000000
77197  57.869  8.349  11.879 0.0000000000
77205  57.161  7.514  10.141 0.0000000000
75146  57.004  4.272  12.333 0.0000000000
75840  56.847  5.094  12.486 0.0000000000
75157  57.130  4.168  11.567 0.0000000000
75876  55.908  5.638  9.306 0.0000000000
75875  56.615  5.348  9.721 0.0000000000
76528  55.751  6.634  8.681 0.0000000000
76537  55.565  7.284  8.123 0.0000000000
77227  55.293  7.629  7.486 0.0000000000
76538  55.273  7.091  8.116 0.0000000000
82374  52.846  15.781  12.585 0.0000000000
82364  54.555  15.292  12.843 0.0000000000
82365  53.620  15.196  13.082 0.0000000000
81834  54.285  14.723  13.479 0.0000000000
82875  55.253  16.277  13.337 0.0000000000
81822  56.062  14.531  14.216 0.0000000000
120001  56.455  13.911  14.288 0.0000000000
80612  57.147  13.102  16.295 0.0000000000
80619  57.441  12.840  15.281 0.0000000000
80611  57.845  11.904  15.821 0.0000000000
83967  52.358  18.525  17.950 0.0000000000
83366  52.352  17.547  16.859 0.0000000000
82313  53.663  15.763  19.056 0.0000000000
82316  53.797  15.625  18.131 0.0000000000
81192  53.268  14.230  20.544 0.0000000000
80585  55.354  13.140  19.174 0.0000000000
81785  55.450  14.044  18.312 0.0000000000
81214  55.765  13.405  18.484 0.0000000000
81218  56.280  13.483  17.609 0.0000000000
81213  56.239  12.815  18.256 0.0000000000
79137  57.740  10.276  16.761 0.0000000000
78451  57.195  9.544  16.784 0.0000000000
77801  55.762  8.657  16.085 0.0000000000
77814  54.809  7.972  15.402 0.0000000000
78442  52.644  9.502  17.475 0.0000000000
78455  53.017  8.936  16.914 0.0000000000
76474  52.935  6.654  16.303 0.0000000000
77160  53.005  7.428  16.127 0.0000000000
77171  53.507  6.874  15.644 0.0000000000
88644  48.774  26.229  6.937 0.0000000000
88150  47.145  25.814  6.218 0.0000000000
88149  48.185  25.749  6.240 0.0000000000
88145  52.310  26.194  6.275 0.0000000000
87627  52.390  25.289  6.186 0.0000000000
88084  53.630  25.960  13.131 0.0000000000
88571  53.459  26.587  12.798 0.0000000000
88091  53.797  26.077  12.266 0.0000000000
88112  53.446  26.087  10.317 0.0000000000
88593  53.566  27.026  11.125 0.0000000000
88127  53.248  26.931  10.271 0.0000000000
88600  52.695  26.947  9.444 0.0000000000
86989  51.851  23.963  9.516 0.0000000000
87614  51.992  24.542  8.574 0.0000000000
87004  51.089  23.389  8.251 0.0000000000
86424  51.081  23.177  9.175 0.0000000000
85863  51.620  21.833  10.302 0.0000000000
85264  51.522  20.710  9.927 0.0000000000
85265  50.620  20.450  9.254 0.0000000000
85245  53.833  20.657  11.439 0.0000000000
85246  53.622  20.913  11.138 0.0000000000
85254  53.888  20.214  10.814 0.0000000000
84615  53.821  18.654  9.708 0.0000000000
84019  53.109  18.021  8.952 0.0000000000
83452  52.957  17.519  9.051 0.0000000000
82905  53.032  16.646  11.175 0.0000000000
82893  51.676  16.465  12.464 0.0000000000
81826  51.407  14.712  14.823 0.0000000000
81809  52.027  14.215  15.049 0.0000000000
111173  51.847  13.140  15.495 0.0000000000
81240  51.117  13.333  15.501 0.0000000000
79892  50.698  11.928  15.421 0.0000000000
117934  51.309  9.937  14.084 0.0000000000
116249  50.724  10.998  15.061 0.0000000000
79172  49.596  10.187  14.279 0.0000000000
100834  49.853  9.955  13.550 0.0000000000
104878  49.690  10.042  12.009 0.0000000000
101418  49.032  10.126  11.845 0.0000000000
79216  48.215  10.200  11.510 0.0000000000
79229  48.485  10.483  10.636 0.0000000000
78497  57.630  9.541  11.635 0.0000000000
78485  57.489  10.101  12.549 0.0000000000
78518  54.985  9.249  9.649 0.0000000000
112703  55.768  9.470  11.319 0.0000000000
78509  54.642  9.415  10.886 0.0000000000
79253  54.131  10.161  6.278 0.0000000000
79240  54.045  10.083  7.605 0.0000000000
79254  53.184  10.649  7.403 0.0000000000
82336  48.942  15.159  15.003 0.0000000000
82907  51.201  16.945  11.883 0.0000000000
83401  50.460  17.223  11.774 0.0000000000
83384  49.160  17.161  13.178 0.0000000000
82878  48.570  16.886  13.794 0.0000000000
75114  56.571  4.213  16.602 0.0000000000
74396  56.915  3.688  16.194 0.0000000000
74407  56.407  3.392  15.771 0.0000000000
74408  55.397  3.286  15.288 0.0000000000
83371  53.116  18.084  14.480 0.0000000000
81210  50.751  13.115  20.080 0.0000000000
113964  51.529  13.109  20.107 0.0000000000
79867  51.224  11.174  18.754 0.0000000000
85838  51.743  21.808  14.641 0.0000000000
85237  52.073  21.375  13.745 0.0000000000
85239  53.062  20.899  12.832 0.0000000000
102770  52.999  20.014  13.347 0.0000000000
112364  47.755  11.570  15.471 0.0000000000
121392  47.215  9.897  14.605 0.0000000000
118095  49.984  20.868  8.750 0.0000000000
85271  49.479  20.721  8.053 0.0000000000
85270  49.923  19.983  8.619 0.0000000000
81800  44.074  14.703  16.245 0.0000000000
81231  44.380  13.775  16.450 0.0000000000
85227  52.570  21.058  18.458 0.0000000000
84575  52.208  19.956  19.508 0.0000000000
86916  50.382  24.502  17.825 0.0000000000
86915  51.278  24.187  17.666 0.0000000000
119972  51.743  24.233  17.388 0.0000000000
86914  52.048  23.795  17.176 0.0000000000
103597  52.046  22.274  17.837 0.0000000000
77176  56.828  7.816  13.882 0.0000000000
77185  57.251  7.781  13.111 0.0000000000
101872  57.003  7.013  12.533 0.0000000000
75158  56.697  3.898  11.455 0.0000000000
75167  57.001  4.187  10.918 0.0000000000
75168  56.414  4.171  10.617 0.0000000000
75869  55.391  5.023  9.832 0.0000000000
82373  53.677  16.241  11.796 0.0000000000
82363  55.108  15.450  12.975 0.0000000000
116996  55.473  15.752  14.610 0.0000000000
81808  56.188  14.745  15.047 0.0000000000
83361  52.739  17.551  19.100 0.0000000000
82825  52.869  16.862  18.261 0.0000000000
82822  52.971  16.879  19.061 0.0000000000
82821  53.224  16.460  19.465 0.0000000000
82310  53.931  15.281  19.476 0.0000000000
111300  54.356  12.759  19.824 0.0000000000
80595  55.500  12.385  19.102 0.0000000000
119113  55.831  11.894  18.867 0.0000000000
80594  56.085  12.161  18.649 0.0000000000
79862  56.112  11.416  18.543 0.0000000000
79139  56.605  9.873  17.428 0.0000000000
78453  55.241  9.242  16.807 0.0000000000
77804  52.484  7.972  16.716 0.0000000000
77157  52.100  7.294  17.001 0.0000000000
88630  48.275  26.353  7.702 0.0000000000
88147  50.547  26.163  6.025 0.0000000000
88642  51.089  26.726  6.706 0.0000000000
88141  52.327  26.599  7.043 0.0000000000
87570  49.787  24.463  12.497 0.0000000000
87577  49.742  24.601  11.697 0.0000000000
87574  53.773  25.330  11.704 0.0000000000
87587  53.705  25.633  11.006 0.0000000000
87602  52.984  25.571  9.804 0.0000000000
86988  52.628  24.599  10.119 0.0000000000
84601  54.521  18.810  10.993 0.0000000000
84609  54.213  19.280  10.447 0.0000000000
83450  54.322  17.940  10.097 0.0000000000
83435  54.176  17.668  10.201 0.0000000000
83436  53.599  17.403  9.773 0.0000000000
82913  53.968  17.240  10.423 0.0000000000
82904  53.912  16.794  11.016 0.0000000000
81825  52.899  14.207  14.695 0.0000000000
80622  52.384  12.633  15.452 0.0000000000
78475  53.120  9.958  14.044 0.0000000000
79171  52.513  10.451  14.545 0.0000000000
78476  52.167  9.879  14.013 0.0000000000
78490  50.705  9.831  13.424 0.0000000000
79214  49.614  10.256  11.202 0.0000000000
78516  57.026  8.880  10.295 0.0000000000
78508  57.001  9.438  10.954 0.0000000000
118364  54.476  9.468  9.277 0.0000000000
81243  47.917  13.181  15.580 0.0000000000
79893  49.247  11.294  15.259 0.0000000000
83464  51.496  17.339  8.359 0.0000000000
83465  50.647  17.539  8.366 0.0000000000
102375  50.191  17.352  9.943 0.0000000000
83421  49.598  17.510  11.664 0.0000000000
82879  47.872  17.141  13.820 0.0000000000
110001  49.654  23.593  17.742 0.0000000000
86384  50.450  22.667  17.700 0.0000000000
75833  56.077  5.142  13.766 0.0000000000
110952  56.701  4.396  13.207 0.0000000000
74435  56.883  3.907  12.866 0.0000000000
74422  56.759  3.935  13.747 0.0000000000
74446  56.507  3.744  12.336 0.0000000000
116689  55.894  3.762  11.694 0.0000000000
75147  55.039  3.997  11.809 0.0000000000
83400  54.856  17.149  12.427 0.0000000000
83370  54.122  17.675  13.941 0.0000000000
82325  54.866  15.279  16.764 0.0000000000
82300  52.579  15.797  20.805 0.0000000000
81769  52.546  14.911  20.903 0.0000000000
80587  53.484  12.781  19.958 0.0000000000
79119  53.801  10.847  18.450 0.0000000000
79126  53.219  10.209  17.895 0.0000000000
78443  51.767  9.288  17.706 0.0000000000
76468  51.616  6.743  18.482 0.0000000000
88603  49.985  27.023  9.149 0.0000000000
88541  52.718  26.384  14.969 0.0000000000
111427  52.628  26.580  14.378 0.0000000000
88078  53.044  26.261  14.643 0.0000000000
87551  53.337  25.810  14.003 0.0000000000
87560  53.489  25.286  13.305 0.0000000000
86954  52.982  23.747  13.273 0.0000000000
86953  53.415  24.480  12.846 0.0000000000
106898  53.275  23.328  11.778 0.0000000000
86397  53.155  22.291  11.662 0.0000000000
84596  54.385  18.965  11.810 0.0000000000
80634  55.013  12.951  14.555 0.0000000000
79889  54.026  12.404  15.097 0.0000000000
78548  55.441  8.716  6.858 0.0000000000
78540  55.266  9.202  7.152 0.0000000000
78549  55.225  9.015  6.060 0.0000000000
101781  43.983  10.223  15.374 0.0000000000
81245  46.199  13.190  15.910 0.0000000000
80628  45.883  12.302  15.921 0.0000000000
114873  46.088  11.474  15.692 0.0000000000
78479  44.844  9.774  14.374 0.0000000000
112343  49.193  20.998  7.110 0.0000000000
116049  49.819  17.957  8.306 0.0000000000
117964  51.777  19.742  15.466 0.0000000000
83969  51.837  19.057  16.099 0.0000000000
106363  52.535  19.560  18.716 0.0000000000
83347  52.540  17.864  19.774 0.0000000000
83333  52.593  17.327  20.422 0.0000000000
82290  52.117  16.412  21.094 0.0000000000
81771  50.769  14.554  21.170 0.0000000000
86966  48.354  23.629  12.455 0.0000000000
86956  48.288  23.584  13.300 0.0000000000
86955  49.072  23.941  12.939 0.0000000000
87563  49.737  24.541  13.420 0.0000000000
87562  50.382  25.277  13.993 0.0000000000
88041  50.518  25.557  17.414 0.0000000000
88081  50.764  25.983  15.689 0.0000000000
104606  51.521  26.247  15.386 0.0000000000
88065  52.232  26.324  15.359 0.0000000000
107891  52.630  25.707  15.769 0.0000000000
106621  52.346  23.673  15.645 0.0000000000
86389  52.183  23.326  16.638 0.0000000000
115804  52.099  22.885  15.875 0.0000000000
85835  51.813  21.428  15.765 0.0000000000
85236  51.725  20.484  15.538 0.0000000000
78473  58.126  9.867  14.047 0.0000000000
112143  58.015  9.458  12.272 0.0000000000
77840  57.968  8.994  11.450 0.0000000000
77184  57.799  8.440  12.731 0.0000000000
77834  58.139  8.983  12.208 0.0000000000
77841  57.427  8.558  10.589 0.0000000000
77856  56.749  8.080  9.626 0.0000000000
77857  56.016  8.075  8.488 0.0000000000
76501  57.053  5.916  11.963 0.0000000000
76507  57.223  6.070  11.219 0.0000000000
75867  56.882  4.606  10.318 0.0000000000
108635  57.101  5.432  10.486 0.0000000000
76517  56.866  6.324  9.840 0.0000000000
77214  56.592  7.133  9.332 0.0000000000
77215  56.046  7.184  8.567 0.0000000000
77864  55.544  8.244  7.313 0.0000000000
77238  55.379  7.984  7.050 0.0000000000
81824  53.900  14.198  14.250 0.0000000000
103676  54.514  13.639  14.434 0.0000000000
82891  55.037  16.464  12.582 0.0000000000
82371  55.230  15.920  12.794 0.0000000000
110417  55.467  15.738  13.908 0.0000000000
80632  57.152  12.676  14.111 0.0000000000
81250  56.932  13.484  14.607 0.0000000000
79900  57.679  11.845  14.056 0.0000000000
79150  58.252  10.607  15.272 0.0000000000
82326  54.083  15.692  17.104 0.0000000000
81788  55.325  14.564  17.468 0.0000000000
82311  53.708  15.156  20.016 0.0000000000
81782  54.434  14.545  19.450 0.0000000000
81206  54.694  13.675  19.631 0.0000000000
81786  54.893  14.504  18.518 0.0000000000
79861  56.446  11.752  18.253 0.0000000000
80598  56.903  11.914  17.659 0.0000000000
79881  58.067  10.979  16.088 0.0000000000
118380  58.082  10.349  16.137 0.0000000000
78463  58.192  9.765  15.079 0.0000000000
78465  56.763  8.943  16.288 0.0000000000
77813  56.617  8.507  15.493 0.0000000000
77823  56.264  7.917  14.662 0.0000000000
77178  55.015  6.855  14.446 0.0000000000
78454  54.089  9.148  16.777 0.0000000000
77170  54.320  7.067  15.010 0.0000000000
76488  54.751  6.277  14.617 0.0000000000
75826  55.020  5.356  15.103 0.0000000000
75816  55.128  4.913  16.049 0.0000000000
87639  50.681  24.753  4.978 0.0000000000
88157  51.187  25.552  5.480 0.0000000000
103525  51.741  24.817  5.211 0.0000000000
87638  52.233  24.659  5.534 0.0000000000
87026  52.267  24.375  5.920 0.0000000000
87027  52.108  23.690  6.123 0.0000000000
88602  51.094  27.318  9.259 0.0000000000
88560  52.778  26.895  13.245 0.0000000000
88573  52.614  27.077  12.312 0.0000000000
88584  53.620  26.822  11.952 0.0000000000
88614  51.812  27.259  8.535 0.0000000000
88626  52.316  26.872  7.948 0.0000000000
88140  52.575  26.247  7.530 0.0000000000
103736  52.728  25.931  9.069 0.0000000000
87613  52.561  25.562  8.186 0.0000000000
87618  52.514  25.437  7.058 0.0000000000
87017  51.692  23.759  7.204 0.0000000000
117195  50.798  22.884  7.533 0.0000000000
86416  50.868  22.252  9.565 0.0000000000
85870  50.363  21.509  9.108 0.0000000000
84617  51.279  18.496  8.510 0.0000000000
85855  53.233  21.516  11.258 0.0000000000
85263  52.575  20.128  9.977 0.0000000000
101231  53.577  19.694  10.127 0.0000000000
84020  52.120  18.208  8.617 0.0000000000
83453  52.016  17.178  8.713 0.0000000000
118859  51.968  16.932  10.148 0.0000000000
116713  52.383  16.863  10.606 0.0000000000
82353  50.702  15.201  14.612 0.0000000000
81827  50.628  14.553  15.130 0.0000000000
115579  50.631  13.912  15.421 0.0000000000
108182  51.756  13.690  15.365 0.0000000000
81241  50.187  13.303  15.550 0.0000000000
80624  50.044  12.421  15.519 0.0000000000
79890  53.085  12.040  15.325 0.0000000000
79891  52.136  11.759  15.341 0.0000000000
79905  51.776  10.916  14.985 0.0000000000
107759  51.351  11.576  15.305 0.0000000000
116493  48.960  10.281  14.523 0.0000000000
79201  49.283  9.946  12.738 0.0000000000
120112  48.747  9.882  13.043 0.0000000000
79202  47.689  9.925  12.335 0.0000000000
78499  55.320  9.640  12.310 0.0000000000
78510  53.809  9.418  11.847 0.0000000000
78511  52.908  9.497  11.879 0.0000000000
106750  52.505  9.666  11.218 0.0000000000
101472  54.655  9.615  7.736 0.0000000000
78531  54.061  9.752  8.806 0.0000000000
109078  52.487  10.553  8.589 0.0000000000
78532  53.264  9.902  9.531 0.0000000000
78520  52.877  9.775  10.361 0.0000000000
78521  51.985  9.911  10.584 0.0000000000
78512  51.752  9.750  11.418 0.0000000000
101290  50.320  10.239  10.835 0.0000000000
74398  55.582  3.147  16.128 0.0000000000
74425  54.085  3.453  14.863 0.0000000000
74438  54.147  3.657  13.837 0.0000000000
75113  57.065  3.672  16.585 0.0000000000
75169  55.682  4.478  10.289 0.0000000000
75848  57.174  4.798  11.751 0.0000000000
75856  57.178  4.605  10.985 0.0000000000
79174  47.590  10.209  14.907 0.0000000000
83438  50.811  17.186  10.167 0.0000000000
84622  50.721  18.330  8.285 0.0000000000
85824  52.293  21.580  18.222 0.0000000000
86394  53.370  21.862  11.832 0.0000000000
86957  47.622  23.305  13.548 0.0000000000
88064  52.709  26.158  15.381 0.0000000000
88585  53.168  27.238  11.675 0.0000000000
88641  51.944  26.717  6.608 0.0000000000
112074  56.967  3.966  16.125 0.0000000000
117434  53.669  26.446  10.801 0.0000000000
117529  51.888  22.237  15.512 0.0000000000
117605  56.479  12.279  18.109 0.0000000000
120380  53.754  16.960  15.150 0.0000000000
121517  56.145  3.887  11.147 0.0000000000
