#!ascii label  , from subject sub-v1s13x0050051_ses-1 vox2ras=TkReg
1544
98652  -57.743  18.509  22.710 0.0000000000
108817  -46.235  35.974  9.284 0.0000000000
131133  -48.316  29.863  17.476 0.0000000000
125712  -58.462  21.699  6.744 0.0000000000
143567  -53.129  36.319  9.529 0.0000000000
146148  -52.994  28.771  8.846 0.0000000000
103645  -54.761  26.925  3.738 0.0000000000
144224  -49.090  21.660  4.411 0.0000000000
97410  -45.997  18.076  23.331 0.0000000000
141353  -52.367  21.133  28.125 0.0000000000
111965  -36.624  41.496  7.492 0.0000000000
112527  -46.046  43.324  9.274 0.0000000000
112007  -52.973  42.135  5.107 0.0000000000
102219  -52.267  24.007  19.169 0.0000000000
105814  -45.944  29.886  13.151 0.0000000000
148493  -53.520  24.524  12.412 0.0000000000
100703  -58.224  22.425  15.196 0.0000000000
100750  -51.927  22.345  11.790 0.0000000000
100013  -45.200  21.411  12.073 0.0000000000
98688  -55.963  19.107  20.451 0.0000000000
144617  -53.196  35.313  5.109 0.0000000000
106479  -54.490  31.058  5.174 0.0000000000
105905  -53.369  30.484  3.117 0.0000000000
103620  -51.950  26.688  5.987 0.0000000000
98630  -49.108  19.451  24.756 0.0000000000
99884  -49.453  21.891  25.610 0.0000000000
111940  -32.452  41.390  8.240 0.0000000000
111973  -49.922  41.899  7.893 0.0000000000
104069  -51.360  27.017  21.394 0.0000000000
133860  -50.505  27.898  17.577 0.0000000000
109381  -42.579  36.618  9.500 0.0000000000
107048  -46.516  32.889  11.906 0.0000000000
102353  -56.225  24.924  6.471 0.0000000000
102982  -52.764  25.747  9.865 0.0000000000
101504  -57.915  23.597  9.804 0.0000000000
102261  -57.423  24.544  13.291 0.0000000000
100035  -59.594  21.723  10.951 0.0000000000
100729  -55.411  22.419  13.168 0.0000000000
100779  -54.725  22.436  9.430 0.0000000000
100072  -46.837  21.543  8.574 0.0000000000
109373  -50.285  36.364  10.082 0.0000000000
107064  -50.455  32.366  10.491 0.0000000000
107078  -54.048  32.129  9.311 0.0000000000
104750  -56.044  28.225  5.976 0.0000000000
101592  -56.010  23.400  3.991 0.0000000000
100105  -53.297  22.291  5.728 0.0000000000
102359  -52.027  23.357  5.125 0.0000000000
101540  -48.792  23.725  6.873 0.0000000000
138192  -48.420  16.782  21.051 0.0000000000
98035  -52.574  18.165  24.158 0.0000000000
98633  -55.043  18.782  25.376 0.0000000000
131168  -33.335  38.313  10.581 0.0000000000
110970  -36.992  39.365  9.472 0.0000000000
110991  -41.944  39.727  8.365 0.0000000000
130282  -46.649  39.525  8.683 0.0000000000
110976  -50.204  40.261  9.542 0.0000000000
110491  -52.469  38.820  7.347 0.0000000000
109971  -53.735  37.298  4.024 0.0000000000
111512  -53.547  41.003  3.367 0.0000000000
102178  -52.555  24.916  25.160 0.0000000000
99921  -51.380  22.052  22.559 0.0000000000
99924  -54.982  21.299  21.305 0.0000000000
104674  -45.185  28.086  15.780 0.0000000000
105272  -49.732  28.841  11.117 0.0000000000
142434  -48.707  26.568  12.668 0.0000000000
102915  -49.719  25.232  15.658 0.0000000000
103543  -53.579  26.466  16.221 0.0000000000
144755  -56.240  24.247  17.772 0.0000000000
124681  -58.763  21.015  19.213 0.0000000000
99957  -55.318  21.404  17.045 0.0000000000
99996  -52.274  22.041  15.345 0.0000000000
99346  -49.053  21.107  15.067 0.0000000000
100059  -50.683  21.726  8.734 0.0000000000
137802  -47.884  21.484  11.665 0.0000000000
98734  -45.813  19.530  14.735 0.0000000000
96724  -56.388  16.555  24.558 0.0000000000
97440  -57.247  16.546  22.643 0.0000000000
98055  -57.670  18.281  22.017 0.0000000000
107788  -53.303  34.313  3.621 0.0000000000
107148  -53.757  32.540  3.862 0.0000000000
126590  -52.349  32.083  3.302 0.0000000000
105330  -51.161  29.794  4.259 0.0000000000
104662  -49.244  28.900  17.435 0.0000000000
109382  -44.939  36.207  8.923 0.0000000000
101557  -58.324  22.484  6.521 0.0000000000
102317  -56.338  23.923  8.680 0.0000000000
101529  -59.360  22.104  8.485 0.0000000000
101506  -59.667  22.487  10.744 0.0000000000
100062  -58.238  21.704  9.310 0.0000000000
100769  -57.018  22.158  10.467 0.0000000000
100791  -55.975  22.272  8.201 0.0000000000
109389  -52.749  36.728  10.253 0.0000000000
134867  -52.532  34.180  10.349 0.0000000000
108270  -53.576  34.162  9.701 0.0000000000
105332  -55.065  29.596  4.470 0.0000000000
145829  -55.413  29.717  5.950 0.0000000000
104203  -55.631  27.475  4.227 0.0000000000
124633  -56.523  25.900  4.598 0.0000000000
103038  -55.476  25.377  3.852 0.0000000000
130312  -54.659  23.709  4.443 0.0000000000
103015  -53.508  25.122  5.074 0.0000000000
136991  -50.808  24.954  7.039 0.0000000000
98605  -50.844  19.669  27.813 0.0000000000
98647  -51.176  19.151  24.454 0.0000000000
98013  -52.657  18.819  26.281 0.0000000000
98014  -54.147  18.428  26.298 0.0000000000
99246  -53.572  19.713  26.969 0.0000000000
111485  -34.475  40.968  7.770 0.0000000000
110983  -34.642  39.923  8.901 0.0000000000
111466  -36.685  40.498  8.619 0.0000000000
110973  -39.727  39.331  9.130 0.0000000000
111468  -38.955  41.040  8.842 0.0000000000
112507  -44.319  43.919  10.009 0.0000000000
111949  -44.469  42.132  9.401 0.0000000000
111951  -46.320  41.916  9.480 0.0000000000
110974  -48.228  40.323  9.246 0.0000000000
111929  -48.787  41.936  9.654 0.0000000000
111994  -51.778  42.117  6.192 0.0000000000
111488  -51.671  40.749  8.023 0.0000000000
111499  -52.510  40.756  6.279 0.0000000000
110497  -53.465  38.048  5.350 0.0000000000
141487  -53.906  39.578  4.586 0.0000000000
129989  -53.840  39.151  3.740 0.0000000000
111507  -54.000  40.938  4.063 0.0000000000
106323  -52.993  30.843  22.585 0.0000000000
105188  -50.258  29.053  22.573 0.0000000000
104624  -51.929  27.992  23.966 0.0000000000
126702  -51.953  26.029  24.967 0.0000000000
104059  -53.386  27.523  24.149 0.0000000000
102210  -50.654  24.848  20.314 0.0000000000
125119  -51.201  24.172  22.143 0.0000000000
145287  -51.782  22.791  20.302 0.0000000000
99923  -53.709  21.228  21.544 0.0000000000
100683  -53.686  22.777  19.828 0.0000000000
105805  -43.901  30.157  14.627 0.0000000000
105230  -43.702  29.697  16.129 0.0000000000
104686  -45.484  28.492  14.365 0.0000000000
105845  -51.600  31.165  9.935 0.0000000000
105843  -50.109  30.574  10.641 0.0000000000
104722  -51.627  28.710  9.843 0.0000000000
146424  -53.251  24.687  11.397 0.0000000000
103577  -51.309  25.992  11.241 0.0000000000
102270  -51.320  25.013  12.347 0.0000000000
102941  -49.238  25.065  13.958 0.0000000000
102241  -50.768  24.575  14.372 0.0000000000
102917  -51.666  25.619  15.746 0.0000000000
143300  -53.344  24.633  14.350 0.0000000000
101476  -58.239  23.375  14.095 0.0000000000
102922  -57.227  24.995  15.291 0.0000000000
101466  -57.600  23.754  16.062 0.0000000000
100691  -57.457  22.698  18.216 0.0000000000
99970  -58.275  21.676  16.937 0.0000000000
99326  -57.663  20.837  17.904 0.0000000000
99984  -57.148  21.947  15.893 0.0000000000
100738  -53.174  22.467  12.640 0.0000000000
100714  -53.343  22.376  14.097 0.0000000000
100726  -51.911  22.338  13.524 0.0000000000
99978  -50.601  21.558  15.646 0.0000000000
100006  -50.259  21.889  13.879 0.0000000000
148339  -50.737  21.642  5.028 0.0000000000
124229  -51.235  21.808  7.236 0.0000000000
123245  -49.528  21.502  6.990 0.0000000000
124339  -45.981  21.643  9.934 0.0000000000
124337  -47.834  21.499  10.028 0.0000000000
135798  -46.493  21.480  11.630 0.0000000000
100003  -47.372  21.226  13.095 0.0000000000
99356  -45.264  20.523  13.593 0.0000000000
148974  -44.411  19.552  14.408 0.0000000000
96044  -51.993  15.455  22.139 0.0000000000
98698  -54.157  19.650  19.621 0.0000000000
108840  -52.560  35.836  6.835 0.0000000000
107754  -53.339  33.510  7.034 0.0000000000
107122  -53.586  32.863  5.881 0.0000000000
106488  -54.395  31.096  4.164 0.0000000000
104781  -53.358  28.819  3.432 0.0000000000
103633  -53.366  26.974  4.460 0.0000000000
104771  -51.770  28.707  4.622 0.0000000000
98031  -47.163  19.031  23.521 0.0000000000
125591  -47.560  19.639  26.754 0.0000000000
99867  -51.154  21.312  28.011 0.0000000000
111981  -34.597  41.951  6.572 0.0000000000
112544  -47.985  42.493  8.810 0.0000000000
112572  -51.202  42.712  5.346 0.0000000000
112585  -53.105  43.179  4.239 0.0000000000
104643  -52.993  28.364  22.216 0.0000000000
104091  -50.262  27.436  19.417 0.0000000000
103522  -51.349  26.697  17.948 0.0000000000
106402  -46.150  31.392  12.548 0.0000000000
135836  -54.744  27.133  7.446 0.0000000000
104163  -53.121  27.191  8.904 0.0000000000
102992  -54.314  25.406  8.253 0.0000000000
102315  -54.781  24.486  9.503 0.0000000000
102286  -55.763  24.382  11.656 0.0000000000
126351  -55.475  24.551  12.919 0.0000000000
102288  -57.945  23.993  11.612 0.0000000000
144299  -59.269  22.919  12.276 0.0000000000
139004  -58.587  22.414  13.173 0.0000000000
100717  -57.327  22.371  14.506 0.0000000000
123241  -56.475  22.351  12.025 0.0000000000
100753  -54.524  22.466  11.346 0.0000000000
100765  -52.652  22.422  10.626 0.0000000000
100085  -47.922  21.483  6.708 0.0000000000
131391  -46.490  31.074  17.615 0.0000000000
108819  -48.373  36.018  9.763 0.0000000000
108256  -48.910  34.763  10.458 0.0000000000
108258  -50.516  34.336  10.463 0.0000000000
107066  -52.323  32.789  10.158 0.0000000000
134974  -54.076  30.177  8.881 0.0000000000
107106  -54.263  32.224  7.946 0.0000000000
105294  -55.272  30.041  8.069 0.0000000000
104741  -55.203  28.755  7.429 0.0000000000
103616  -56.291  26.572  5.726 0.0000000000
102362  -57.060  24.878  5.207 0.0000000000
100125  -57.365  22.237  5.484 0.0000000000
100808  -55.177  22.363  6.252 0.0000000000
100123  -54.116  22.601  4.808 0.0000000000
100135  -52.410  22.381  4.598 0.0000000000
138985  -50.537  22.146  3.672 0.0000000000
103008  -52.112  25.104  6.219 0.0000000000
101554  -50.191  23.519  5.840 0.0000000000
98050  -48.618  18.769  22.446 0.0000000000
97428  -50.538  17.684  22.175 0.0000000000
96750  -51.559  16.408  22.236 0.0000000000
97412  -52.825  17.348  23.647 0.0000000000
97389  -55.149  17.623  25.486 0.0000000000
98650  -56.350  19.047  23.826 0.0000000000
109931  -35.583  37.582  10.958 0.0000000000
110469  -34.700  38.733  9.832 0.0000000000
144938  -37.411  38.086  10.341 0.0000000000
109940  -40.168  38.311  9.506 0.0000000000
109954  -42.691  37.791  8.692 0.0000000000
109956  -44.344  37.514  8.370 0.0000000000
112521  -39.002  42.243  8.223 0.0000000000
111471  -42.001  40.906  8.490 0.0000000000
110993  -43.708  39.768  8.261 0.0000000000
109944  -46.584  37.406  8.640 0.0000000000
130924  -48.942  38.228  9.309 0.0000000000
127312  -50.929  38.409  9.956 0.0000000000
130493  -52.144  38.645  10.123 0.0000000000
111476  -50.257  41.221  9.349 0.0000000000
110998  -51.867  39.688  9.522 0.0000000000
109962  -52.539  37.483  8.116 0.0000000000
109400  -52.629  36.570  6.273 0.0000000000
109408  -53.543  36.574  4.295 0.0000000000
109986  -53.197  37.445  3.576 0.0000000000
110512  -52.833  38.180  3.412 0.0000000000
112039  -53.412  43.013  3.376 0.0000000000
100633  -51.377  23.355  25.878 0.0000000000
100634  -51.937  23.116  25.965 0.0000000000
144162  -52.080  25.728  22.753 0.0000000000
100649  -51.526  23.009  23.425 0.0000000000
99253  -52.188  20.906  24.664 0.0000000000
99264  -52.819  20.301  23.890 0.0000000000
99280  -54.641  20.133  22.978 0.0000000000
99281  -56.533  20.258  22.286 0.0000000000
105221  -46.689  29.466  17.406 0.0000000000
107678  -48.303  33.029  11.232 0.0000000000
105834  -47.868  30.949  11.815 0.0000000000
105262  -47.608  29.322  12.279 0.0000000000
104154  -51.477  27.382  10.352 0.0000000000
104144  -49.496  27.491  11.691 0.0000000000
140293  -47.540  27.707  12.894 0.0000000000
103546  -46.914  26.666  14.375 0.0000000000
103531  -46.723  26.540  15.900 0.0000000000
104099  -47.707  27.716  16.989 0.0000000000
103534  -49.982  26.901  16.520 0.0000000000
103536  -51.667  27.089  16.741 0.0000000000
102901  -53.703  26.063  17.435 0.0000000000
102929  -55.905  25.605  14.859 0.0000000000
102903  -55.405  25.707  17.045 0.0000000000
139063  -54.174  24.113  18.697 0.0000000000
100685  -55.801  22.855  19.475 0.0000000000
144490  -57.092  21.810  20.130 0.0000000000
98682  -58.362  19.982  20.884 0.0000000000
98701  -57.740  19.777  19.952 0.0000000000
133287  -55.835  20.545  18.709 0.0000000000
124192  -53.880  20.655  18.328 0.0000000000
100701  -55.232  22.282  14.932 0.0000000000
99966  -54.046  21.820  16.111 0.0000000000
99322  -51.957  20.958  17.441 0.0000000000
99963  -50.594  21.108  16.560 0.0000000000
98713  -49.005  20.130  16.321 0.0000000000
100799  -53.952  22.422  7.681 0.0000000000
100777  -52.821  22.427  9.235 0.0000000000
100047  -51.266  21.977  10.286 0.0000000000
123248  -48.411  21.478  8.284 0.0000000000
145996  -49.207  21.501  10.389 0.0000000000
100033  -50.192  21.695  11.450 0.0000000000
100004  -48.377  21.342  13.413 0.0000000000
99344  -47.703  20.495  14.690 0.0000000000
97415  -57.296  17.055  23.873 0.0000000000
96747  -57.242  15.605  23.602 0.0000000000
97441  -57.528  17.415  22.749 0.0000000000
146237  -57.208  17.411  22.303 0.0000000000
98052  -57.713  18.213  22.565 0.0000000000
107787  -52.913  34.147  3.355 0.0000000000
126687  -53.336  33.314  3.654 0.0000000000
107162  -52.133  32.705  3.420 0.0000000000
105225  -49.912  29.992  17.810 0.0000000000
105224  -49.219  29.768  17.535 0.0000000000
109383  -45.685  36.368  8.910 0.0000000000
108804  -46.101  35.255  9.824 0.0000000000
108805  -47.042  35.247  10.073 0.0000000000
100109  -58.978  21.969  6.482 0.0000000000
101542  -58.805  22.333  7.133 0.0000000000
100793  -59.264  22.013  7.409 0.0000000000
100077  -59.316  21.964  8.357 0.0000000000
100090  -58.099  21.593  7.601 0.0000000000
100075  -57.555  21.721  8.589 0.0000000000
100792  -56.911  21.876  7.934 0.0000000000
131940  -53.132  36.145  10.044 0.0000000000
108269  -53.297  35.165  10.048 0.0000000000
108824  -53.462  34.847  9.508 0.0000000000
104783  -54.714  28.155  3.629 0.0000000000
104784  -55.271  28.041  4.004 0.0000000000
104211  -55.049  27.534  3.753 0.0000000000
103647  -55.804  26.523  4.125 0.0000000000
103635  -54.902  26.067  3.938 0.0000000000
103026  -54.854  25.291  4.047 0.0000000000
128194  -54.388  25.877  4.218 0.0000000000
97424  -46.447  17.651  22.342 0.0000000000
99229  -51.815  20.449  28.602 0.0000000000
98616  -51.638  19.274  26.812 0.0000000000
137896  -52.862  19.835  28.017 0.0000000000
98607  -53.568  19.318  27.226 0.0000000000
99239  -53.260  19.902  27.589 0.0000000000
111486  -35.367  40.973  7.856 0.0000000000
111465  -35.824  40.484  8.417 0.0000000000
111487  -36.205  41.085  8.051 0.0000000000
111467  -37.554  40.793  8.723 0.0000000000
111942  -37.808  41.451  8.364 0.0000000000
112526  -44.980  43.999  9.209 0.0000000000
113093  -44.276  44.070  9.527 0.0000000000
113086  -45.178  43.504  9.463 0.0000000000
111925  -44.856  42.931  9.830 0.0000000000
111927  -46.886  42.597  9.576 0.0000000000
146252  -47.534  42.159  9.666 0.0000000000
112510  -47.602  42.453  9.516 0.0000000000
111498  -51.757  41.319  6.952 0.0000000000
111995  -52.396  41.736  5.879 0.0000000000
111016  -53.273  39.898  5.510 0.0000000000
111503  -53.124  41.138  5.341 0.0000000000
111504  -53.765  40.503  4.623 0.0000000000
112008  -53.602  41.580  4.548 0.0000000000
106338  -53.400  31.556  22.005 0.0000000000
105743  -53.533  30.153  22.910 0.0000000000
104634  -52.356  29.363  23.432 0.0000000000
105178  -53.293  28.778  23.724 0.0000000000
146018  -52.960  27.796  24.478 0.0000000000
102212  -51.378  24.509  19.280 0.0000000000
101447  -50.827  24.200  19.978 0.0000000000
101442  -51.965  23.272  19.746 0.0000000000
100682  -52.650  22.727  20.034 0.0000000000
101449  -52.941  23.320  19.498 0.0000000000
106393  -44.807  31.056  13.326 0.0000000000
105812  -44.453  30.351  13.883 0.0000000000
105249  -44.668  29.647  14.246 0.0000000000
105250  -45.459  29.209  13.831 0.0000000000
105286  -52.148  29.668  9.493 0.0000000000
137845  -51.407  30.303  9.927 0.0000000000
104723  -52.447  28.624  9.292 0.0000000000
102284  -53.005  24.640  11.897 0.0000000000
102283  -52.178  24.785  12.080 0.0000000000
102257  -51.738  24.639  12.904 0.0000000000
102269  -50.857  24.786  13.079 0.0000000000
125952  -52.169  24.492  13.647 0.0000000000
102243  -52.691  24.653  14.560 0.0000000000
125962  -53.099  24.484  13.769 0.0000000000
100704  -58.302  22.703  14.464 0.0000000000
129442  -58.166  23.156  14.872 0.0000000000
127426  -58.139  22.923  15.638 0.0000000000
101467  -58.099  22.746  16.510 0.0000000000
100697  -58.278  22.129  16.207 0.0000000000
143764  -57.827  22.210  15.300 0.0000000000
144399  -52.727  22.445  11.931 0.0000000000
100727  -52.766  22.418  13.428 0.0000000000
100737  -52.145  22.394  12.668 0.0000000000
100007  -51.208  22.173  14.133 0.0000000000
100019  -51.062  22.167  13.103 0.0000000000
100118  -49.985  21.643  4.432 0.0000000000
100101  -50.223  21.549  5.927 0.0000000000
124238  -49.334  21.554  5.571 0.0000000000
100044  -45.424  21.640  10.667 0.0000000000
100045  -46.433  21.565  10.802 0.0000000000
100029  -45.730  21.522  11.486 0.0000000000
100014  -46.012  21.332  12.360 0.0000000000
99368  -45.048  21.060  12.843 0.0000000000
99355  -44.434  20.473  13.483 0.0000000000
99367  -44.067  20.904  12.819 0.0000000000
96752  -53.413  16.003  23.228 0.0000000000
98061  -54.692  17.979  20.833 0.0000000000
98687  -54.697  18.919  20.393 0.0000000000
108302  -52.771  35.129  6.093 0.0000000000
138390  -53.257  33.749  5.816 0.0000000000
107766  -53.550  33.650  4.601 0.0000000000
106498  -53.600  31.292  3.345 0.0000000000
106487  -53.961  31.727  3.721 0.0000000000
105906  -54.052  30.445  3.333 0.0000000000
105338  -53.809  29.674  3.146 0.0000000000
104772  -52.613  28.241  4.253 0.0000000000
105331  -52.314  29.069  3.918 0.0000000000
105320  -50.991  29.182  4.886 0.0000000000
98601  -46.850  19.957  26.885 0.0000000000
99855  -49.932  20.994  27.771 0.0000000000
99875  -49.700  21.476  26.741 0.0000000000
112549  -33.618  42.707  6.711 0.0000000000
112005  -50.291  41.963  6.135 0.0000000000
112583  -51.530  43.245  4.384 0.0000000000
112582  -50.470  42.629  4.352 0.0000000000
104663  -50.044  28.962  18.231 0.0000000000
104656  -50.243  28.490  19.079 0.0000000000
104093  -50.241  27.823  18.446 0.0000000000
124969  -50.284  27.072  18.912 0.0000000000
103521  -50.741  27.384  17.905 0.0000000000
109380  -41.855  36.913  9.834 0.0000000000
107038  -46.569  32.103  12.206 0.0000000000
103001  -55.436  25.470  6.991 0.0000000000
103602  -54.409  26.290  7.805 0.0000000000
102344  -54.967  24.899  7.752 0.0000000000
143950  -56.862  23.809  9.472 0.0000000000
138682  -55.366  24.314  8.880 0.0000000000
102316  -55.885  24.122  9.559 0.0000000000
137160  -55.339  24.369  10.978 0.0000000000
137431  -56.260  24.232  11.108 0.0000000000
102287  -56.970  24.280  11.900 0.0000000000
102300  -57.988  23.762  10.766 0.0000000000
100757  -60.089  21.904  11.013 0.0000000000
101499  -59.464  22.765  11.602 0.0000000000
100756  -59.951  21.930  11.558 0.0000000000
101492  -59.120  22.636  12.614 0.0000000000
100742  -58.609  22.176  12.463 0.0000000000
100741  -57.390  22.348  12.823 0.0000000000
124660  -57.593  22.192  11.739 0.0000000000
123187  -55.726  22.329  9.527 0.0000000000
123240  -55.302  22.421  10.907 0.0000000000
146880  -54.559  22.461  10.675 0.0000000000
124511  -53.685  22.472  10.842 0.0000000000
100767  -54.159  22.463  10.078 0.0000000000
108820  -49.293  36.213  9.888 0.0000000000
108807  -49.618  35.571  10.204 0.0000000000
108808  -50.605  35.737  10.301 0.0000000000
107697  -53.434  33.565  9.902 0.0000000000
107696  -52.821  33.568  10.211 0.0000000000
107067  -53.129  32.994  10.030 0.0000000000
136650  -53.216  31.355  9.513 0.0000000000
139940  -53.940  31.601  9.384 0.0000000000
107123  -54.129  32.022  6.730 0.0000000000
107105  -53.791  33.039  8.040 0.0000000000
106465  -54.629  31.156  6.333 0.0000000000
124095  -55.919  28.799  5.980 0.0000000000
105867  -55.486  29.899  7.367 0.0000000000
104742  -55.613  28.893  7.020 0.0000000000
143807  -55.005  29.479  8.043 0.0000000000
137447  -55.679  28.401  6.694 0.0000000000
104178  -55.287  27.878  7.066 0.0000000000
104179  -55.853  27.531  6.326 0.0000000000
102385  -56.242  24.793  3.896 0.0000000000
103027  -56.886  25.145  4.643 0.0000000000
101579  -56.847  23.509  4.315 0.0000000000
100833  -57.255  22.790  4.786 0.0000000000
100832  -56.629  22.838  4.333 0.0000000000
100818  -55.968  22.467  4.771 0.0000000000
101578  -55.749  23.010  4.183 0.0000000000
101576  -53.628  23.466  4.687 0.0000000000
100829  -53.777  22.869  4.555 0.0000000000
101575  -52.064  22.460  4.501 0.0000000000
101574  -51.397  22.093  3.921 0.0000000000
103621  -52.694  26.618  5.298 0.0000000000
102342  -49.392  24.213  7.398 0.0000000000
102351  -50.673  24.153  6.671 0.0000000000
98646  -48.518  19.416  23.935 0.0000000000
98667  -48.047  19.228  23.220 0.0000000000
98032  -49.449  19.324  23.619 0.0000000000
98034  -51.584  18.576  23.715 0.0000000000
98033  -50.496  18.980  23.347 0.0000000000
98051  -51.045  18.190  22.819 0.0000000000
145720  -50.900  16.987  22.008 0.0000000000
97411  -51.932  17.810  23.202 0.0000000000
97430  -52.178  16.984  22.837 0.0000000000
98619  -54.547  18.655  26.157 0.0000000000
97388  -54.253  17.783  25.464 0.0000000000
98015  -55.331  18.148  25.623 0.0000000000
98016  -56.053  17.907  25.030 0.0000000000
98634  -55.792  18.521  24.826 0.0000000000
129474  -32.038  38.102  11.497 0.0000000000
109919  -32.486  37.525  11.973 0.0000000000
109929  -33.750  37.657  11.184 0.0000000000
109930  -34.697  37.669  10.999 0.0000000000
110460  -34.241  38.213  10.450 0.0000000000
111461  -31.458  41.216  9.190 0.0000000000
111447  -32.260  40.282  9.211 0.0000000000
110969  -36.083  39.421  9.303 0.0000000000
110967  -34.261  39.362  9.410 0.0000000000
110968  -35.131  39.311  9.307 0.0000000000
110470  -35.602  38.755  9.824 0.0000000000
110472  -37.428  38.662  9.990 0.0000000000
109939  -39.542  37.946  10.040 0.0000000000
110474  -39.226  38.615  9.707 0.0000000000
110990  -41.150  39.628  8.608 0.0000000000
110475  -40.710  38.964  8.945 0.0000000000
135994  -42.392  38.397  8.534 0.0000000000
109955  -43.498  37.653  8.480 0.0000000000
140792  -43.686  38.910  8.065 0.0000000000
133927  -40.643  42.235  8.591 0.0000000000
111946  -41.413  42.357  8.845 0.0000000000
111474  -45.621  40.898  8.929 0.0000000000
111473  -44.080  40.952  8.774 0.0000000000
110995  -45.772  39.791  8.570 0.0000000000
132457  -45.168  39.127  8.307 0.0000000000
110487  -46.813  38.391  8.598 0.0000000000
109958  -47.284  37.691  8.788 0.0000000000
110996  -47.562  39.344  8.860 0.0000000000
110975  -49.199  40.348  9.436 0.0000000000
110477  -49.597  39.331  9.411 0.0000000000
135241  -50.658  39.334  9.711 0.0000000000
109949  -51.847  38.140  10.262 0.0000000000
110478  -51.560  39.152  9.998 0.0000000000
112546  -49.430  42.067  8.613 0.0000000000
112530  -49.111  42.100  9.299 0.0000000000
111952  -49.942  41.771  8.944 0.0000000000
111002  -52.111  40.043  7.847 0.0000000000
111001  -51.796  40.208  8.826 0.0000000000
110999  -52.200  39.396  8.553 0.0000000000
110489  -52.438  38.390  8.706 0.0000000000
135918  -52.483  37.983  7.468 0.0000000000
109965  -52.474  37.309  6.883 0.0000000000
137676  -52.790  38.027  6.445 0.0000000000
110498  -53.880  38.088  4.403 0.0000000000
109968  -53.588  37.314  4.738 0.0000000000
108862  -53.467  35.754  3.940 0.0000000000
109419  -53.469  36.506  3.910 0.0000000000
109987  -53.626  37.581  3.792 0.0000000000
111032  -53.860  40.363  3.734 0.0000000000
136541  -53.264  38.957  3.354 0.0000000000
111031  -53.458  39.926  3.322 0.0000000000
144227  -52.372  38.853  3.278 0.0000000000
111511  -52.871  40.607  2.921 0.0000000000
102858  -49.697  25.272  23.379 0.0000000000
102854  -52.691  25.349  25.315 0.0000000000
101407  -51.227  24.555  25.102 0.0000000000
101402  -51.822  24.146  25.575 0.0000000000
101396  -51.862  23.510  25.702 0.0000000000
126092  -52.119  24.305  25.380 0.0000000000
104070  -52.547  27.395  22.357 0.0000000000
103504  -52.048  26.397  22.409 0.0000000000
100660  -51.147  22.710  22.045 0.0000000000
100648  -51.412  23.556  22.862 0.0000000000
123974  -51.619  22.385  23.850 0.0000000000
99895  -51.766  21.668  24.263 0.0000000000
148837  -52.089  20.961  22.626 0.0000000000
99938  -54.216  21.744  20.818 0.0000000000
99295  -53.637  20.621  22.400 0.0000000000
99296  -54.712  20.701  22.002 0.0000000000
123639  -55.523  20.360  22.404 0.0000000000
99297  -55.830  20.803  21.749 0.0000000000
104673  -44.719  28.634  16.125 0.0000000000
105220  -45.664  29.566  17.267 0.0000000000
107693  -49.602  33.986  10.605 0.0000000000
107692  -48.584  33.803  10.856 0.0000000000
107679  -49.143  33.122  10.912 0.0000000000
105271  -49.745  29.812  10.945 0.0000000000
105836  -49.451  30.721  11.007 0.0000000000
125904  -49.024  30.114  11.344 0.0000000000
105263  -48.248  29.968  11.787 0.0000000000
105270  -48.970  29.234  11.505 0.0000000000
103594  -52.898  26.301  9.403 0.0000000000
104155  -52.098  27.122  9.951 0.0000000000
103587  -52.389  26.351  9.956 0.0000000000
103566  -50.219  26.007  12.086 0.0000000000
103575  -50.155  26.787  11.606 0.0000000000
103564  -48.826  27.214  12.251 0.0000000000
104134  -48.314  27.798  12.323 0.0000000000
125334  -48.162  27.015  12.755 0.0000000000
104127  -47.019  27.311  13.611 0.0000000000
103556  -48.271  26.243  13.279 0.0000000000
141479  -48.649  25.248  14.934 0.0000000000
102926  -48.116  25.484  15.015 0.0000000000
102905  -48.045  25.721  15.739 0.0000000000
104109  -47.135  26.948  16.523 0.0000000000
103533  -48.362  26.083  16.301 0.0000000000
104110  -48.764  27.599  16.850 0.0000000000
102907  -50.328  26.038  16.305 0.0000000000
102918  -52.483  25.912  15.778 0.0000000000
102909  -52.115  26.589  16.236 0.0000000000
102910  -52.804  26.562  16.264 0.0000000000
128403  -52.175  26.901  17.093 0.0000000000
125251  -53.585  26.563  16.984 0.0000000000
102260  -56.569  24.728  13.255 0.0000000000
102245  -55.275  24.954  14.180 0.0000000000
102246  -56.312  25.117  14.016 0.0000000000
102229  -57.040  24.629  16.438 0.0000000000
102912  -55.730  25.958  16.277 0.0000000000
102225  -55.889  24.918  17.467 0.0000000000
102224  -55.010  25.131  17.725 0.0000000000
102222  -55.558  24.428  18.033 0.0000000000
101451  -55.005  23.437  19.151 0.0000000000
101460  -56.127  23.811  18.281 0.0000000000
99951  -58.492  21.519  18.567 0.0000000000
99947  -57.523  21.952  19.516 0.0000000000
99948  -58.465  21.391  19.253 0.0000000000
99927  -57.946  20.786  20.795 0.0000000000
99311  -58.453  20.634  19.739 0.0000000000
98702  -58.217  20.015  20.174 0.0000000000
99310  -58.236  20.419  19.390 0.0000000000
99958  -56.769  21.281  17.304 0.0000000000
99317  -56.927  20.519  18.607 0.0000000000
127763  -55.540  21.143  17.719 0.0000000000
99315  -55.009  20.751  18.391 0.0000000000
99325  -54.519  21.136  17.691 0.0000000000
100730  -56.427  22.389  13.580 0.0000000000
100716  -55.899  22.353  14.328 0.0000000000
100715  -54.840  22.373  14.147 0.0000000000
99997  -53.108  22.210  14.920 0.0000000000
99981  -53.652  22.045  15.512 0.0000000000
99965  -53.154  21.717  16.278 0.0000000000
99955  -52.903  21.316  17.141 0.0000000000
99964  -52.226  21.481  16.639 0.0000000000
146115  -51.437  21.236  16.842 0.0000000000
99979  -51.554  21.643  16.026 0.0000000000
99977  -49.808  21.387  15.331 0.0000000000
140252  -49.977  21.159  16.006 0.0000000000
99336  -49.335  20.829  15.812 0.0000000000
98726  -48.308  19.611  16.142 0.0000000000
99335  -48.538  20.426  15.554 0.0000000000
100816  -54.212  22.356  6.023 0.0000000000
126779  -54.532  22.394  6.967 0.0000000000
100807  -53.601  22.357  6.733 0.0000000000
100087  -50.964  21.813  7.950 0.0000000000
100074  -52.252  22.308  8.515 0.0000000000
100073  -51.467  22.048  8.652 0.0000000000
100048  -51.908  22.244  10.088 0.0000000000
100060  -51.200  21.926  9.507 0.0000000000
123948  -47.253  21.502  7.111 0.0000000000
123249  -47.520  21.503  8.259 0.0000000000
100031  -47.877  21.500  10.893 0.0000000000
124336  -48.728  21.473  9.816 0.0000000000
130546  -48.561  21.490  10.588 0.0000000000
100046  -49.916  21.584  10.611 0.0000000000
133719  -48.633  21.522  11.890 0.0000000000
100017  -49.491  21.621  12.202 0.0000000000
126282  -48.726  21.525  12.614 0.0000000000
99357  -46.656  20.753  13.622 0.0000000000
99358  -47.532  20.875  13.883 0.0000000000
99343  -46.957  20.364  14.381 0.0000000000
98736  -47.156  20.014  14.978 0.0000000000
96745  -56.112  15.919  24.392 0.0000000000
96041  -56.679  15.285  23.781 0.0000000000
96766  -56.929  15.769  22.203 0.0000000000
132113  -53.539  34.450  4.188 0.0000000000
139240  -53.672  33.267  3.962 0.0000000000
107779  -53.561  34.007  3.851 0.0000000000
107164  -53.450  32.212  3.546 0.0000000000
148413  -52.974  31.103  3.106 0.0000000000
105904  -52.454  30.488  3.330 0.0000000000
106496  -52.092  31.304  3.330 0.0000000000
129866  -49.772  29.334  17.760 0.0000000000
104101  -49.836  28.579  17.504 0.0000000000
140654  -43.340  36.371  9.192 0.0000000000
108803  -45.055  35.063  9.812 0.0000000000
107676  -46.769  33.575  11.437 0.0000000000
102346  -56.714  24.057  6.855 0.0000000000
102333  -56.458  23.960  7.742 0.0000000000
101541  -57.685  23.244  7.228 0.0000000000
101528  -58.549  22.703  8.030 0.0000000000
101515  -58.842  22.747  9.199 0.0000000000
101505  -58.964  23.018  10.264 0.0000000000
101516  -59.629  22.202  9.752 0.0000000000
100781  -59.671  21.977  9.463 0.0000000000
127330  -58.930  21.696  10.103 0.0000000000
122737  -58.183  21.893  10.872 0.0000000000
100770  -57.817  21.830  10.056 0.0000000000
100780  -56.924  22.053  9.574 0.0000000000
100790  -55.364  22.372  8.764 0.0000000000
109374  -51.320  36.489  10.332 0.0000000000
143743  -51.482  35.865  10.434 0.0000000000
109376  -52.872  35.876  10.318 0.0000000000
108260  -53.221  34.325  10.134 0.0000000000
107714  -53.720  33.352  9.563 0.0000000000
105891  -54.809  30.279  4.858 0.0000000000
105875  -55.030  30.218  5.942 0.0000000000
105321  -55.346  29.650  5.436 0.0000000000
105333  -55.692  28.974  5.136 0.0000000000
104760  -56.184  27.895  5.332 0.0000000000
104184  -56.248  27.457  5.553 0.0000000000
104204  -56.049  27.192  4.538 0.0000000000
103039  -55.878  25.522  3.853 0.0000000000
101591  -55.885  23.972  3.935 0.0000000000
101577  -55.548  23.525  4.152 0.0000000000
102383  -55.380  24.453  4.040 0.0000000000
102370  -54.025  24.402  4.692 0.0000000000
102361  -53.292  24.203  5.182 0.0000000000
103613  -51.539  26.274  6.493 0.0000000000
97435  -47.804  17.391  21.424 0.0000000000
123189  -49.731  19.429  25.668 0.0000000000
123088  -50.150  19.369  24.447 0.0000000000
125056  -50.799  19.323  25.485 0.0000000000
98631  -51.695  19.107  25.498 0.0000000000
98012  -52.200  18.747  24.865 0.0000000000
126220  -53.343  18.329  25.559 0.0000000000
98000  -53.625  18.765  26.782 0.0000000000
98001  -54.160  18.824  26.635 0.0000000000
98632  -54.428  19.193  25.779 0.0000000000
110458  -31.645  38.781  11.027 0.0000000000
111484  -33.400  41.126  7.862 0.0000000000
111463  -33.404  40.460  8.575 0.0000000000
125005  -34.118  40.482  8.414 0.0000000000
110984  -35.483  39.924  8.845 0.0000000000
110985  -36.661  39.848  9.034 0.0000000000
110972  -38.760  39.410  9.426 0.0000000000
110987  -38.262  40.244  9.018 0.0000000000
110988  -39.087  40.084  9.059 0.0000000000
134005  -40.638  40.455  8.627 0.0000000000
113092  -42.422  44.088  9.367 0.0000000000
111948  -43.489  42.153  9.302 0.0000000000
111924  -43.968  43.318  9.880 0.0000000000
111950  -45.391  42.081  9.453 0.0000000000
111475  -46.511  40.691  9.004 0.0000000000
111450  -47.364  40.439  9.105 0.0000000000
111449  -47.275  41.683  9.524 0.0000000000
111451  -48.721  41.395  9.672 0.0000000000
111452  -49.626  41.271  9.548 0.0000000000
142831  -50.927  41.960  7.202 0.0000000000
111974  -50.671  41.755  7.969 0.0000000000
123098  -51.188  41.791  7.126 0.0000000000
111489  -52.102  40.555  7.186 0.0000000000
111008  -52.485  39.751  6.793 0.0000000000
110494  -53.032  38.857  6.004 0.0000000000
111017  -53.759  38.859  4.949 0.0000000000
137966  -54.071  38.913  4.163 0.0000000000
110503  -53.874  38.167  3.908 0.0000000000
111023  -54.086  39.882  4.060 0.0000000000
111513  -53.835  41.287  3.738 0.0000000000
106977  -53.799  32.332  21.344 0.0000000000
106337  -52.094  31.525  22.057 0.0000000000
105754  -51.713  30.742  22.429 0.0000000000
105189  -51.396  29.997  22.697 0.0000000000
103494  -50.707  26.508  23.868 0.0000000000
104051  -52.656  27.277  24.627 0.0000000000
103489  -53.057  26.768  24.851 0.0000000000
145364  -53.085  26.082  24.772 0.0000000000
102884  -50.603  25.586  20.561 0.0000000000
102869  -51.255  25.615  21.728 0.0000000000
101440  -50.762  24.142  20.883 0.0000000000
101429  -50.959  23.399  21.484 0.0000000000
99936  -51.591  22.009  21.560 0.0000000000
140351  -52.685  20.986  22.098 0.0000000000
100673  -52.281  22.180  20.741 0.0000000000
100674  -53.438  22.231  20.410 0.0000000000
100675  -54.506  22.291  20.245 0.0000000000
105238  -43.717  29.764  15.494 0.0000000000
105239  -44.322  29.338  15.065 0.0000000000
104677  -45.255  28.213  15.055 0.0000000000
135280  -50.978  31.718  10.219 0.0000000000
106426  -50.049  31.443  10.631 0.0000000000
105844  -50.760  30.863  10.260 0.0000000000
135599  -50.583  30.022  10.400 0.0000000000
105279  -50.392  29.170  10.611 0.0000000000
102970  -53.055  25.146  10.250 0.0000000000
102969  -52.388  25.670  10.434 0.0000000000
102958  -51.709  25.293  11.596 0.0000000000
102957  -50.944  25.610  11.887 0.0000000000
102950  -49.689  25.650  12.725 0.0000000000
129096  -48.662  25.594  13.686 0.0000000000
102942  -49.964  24.983  13.351 0.0000000000
102240  -49.949  24.691  14.210 0.0000000000
102231  -50.220  24.721  15.034 0.0000000000
102916  -50.730  25.333  15.730 0.0000000000
102232  -51.164  24.790  15.146 0.0000000000
102233  -52.090  24.995  15.227 0.0000000000
102919  -53.992  25.916  15.611 0.0000000000
102247  -57.545  24.561  14.011 0.0000000000
102923  -57.276  24.953  14.723 0.0000000000
147076  -57.439  24.605  14.960 0.0000000000
135197  -57.271  24.667  15.799 0.0000000000
101464  -57.437  23.657  16.876 0.0000000000
101461  -56.938  23.549  17.738 0.0000000000
101462  -57.879  22.703  17.382 0.0000000000
100692  -58.247  21.997  18.036 0.0000000000
100693  -58.571  21.303  18.055 0.0000000000
99327  -58.548  20.976  17.984 0.0000000000
99959  -58.163  21.258  17.382 0.0000000000
99969  -57.731  21.598  16.635 0.0000000000
99968  -56.288  21.663  16.471 0.0000000000
100739  -54.091  22.474  12.634 0.0000000000
125963  -54.096  22.408  13.922 0.0000000000
124598  -53.667  22.450  13.343 0.0000000000
100713  -52.300  22.288  14.347 0.0000000000
99995  -51.382  22.016  15.068 0.0000000000
99994  -50.459  21.816  14.776 0.0000000000
99993  -49.603  21.543  14.517 0.0000000000
123818  -51.895  21.888  5.910 0.0000000000
100104  -52.633  22.187  6.494 0.0000000000
100102  -51.146  21.693  6.167 0.0000000000
123244  -50.545  21.624  7.093 0.0000000000
123246  -50.128  21.594  7.993 0.0000000000
123253  -46.482  21.578  9.207 0.0000000000
123252  -47.298  21.520  9.206 0.0000000000
124338  -46.894  21.567  9.973 0.0000000000
138805  -47.257  21.521  10.595 0.0000000000
100016  -48.010  21.425  12.500 0.0000000000
100015  -47.079  21.403  12.220 0.0000000000
99369  -45.923  20.932  13.189 0.0000000000
131464  -45.918  20.493  13.762 0.0000000000
98733  -44.950  19.383  14.666 0.0000000000
98744  -44.738  19.992  14.090 0.0000000000
96763  -51.281  15.692  21.794 0.0000000000
108830  -52.840  35.902  8.340 0.0000000000
108281  -53.246  35.006  8.643 0.0000000000
108291  -52.726  35.057  7.335 0.0000000000
107135  -54.075  31.929  5.463 0.0000000000
107134  -53.773  32.689  4.543 0.0000000000
107149  -54.094  31.870  4.367 0.0000000000
105899  -54.555  30.349  3.886 0.0000000000
126677  -54.296  28.859  3.383 0.0000000000
104782  -54.045  28.153  3.454 0.0000000000
104202  -53.914  27.421  3.767 0.0000000000
104201  -53.177  27.644  4.207 0.0000000000
104190  -52.609  27.485  4.836 0.0000000000
104758  -51.911  28.050  5.082 0.0000000000
144652  -51.604  29.300  4.302 0.0000000000
104757  -51.307  28.530  5.241 0.0000000000
98048  -46.778  18.426  22.855 0.0000000000
98644  -46.613  19.189  24.820 0.0000000000
98645  -47.572  19.339  24.325 0.0000000000
98629  -48.065  19.432  25.255 0.0000000000
98602  -47.399  20.085  27.233 0.0000000000
141499  -47.599  20.024  27.374 0.0000000000
98603  -48.464  19.794  27.460 0.0000000000
98604  -49.633  19.722  27.730 0.0000000000
99228  -51.115  20.545  28.489 0.0000000000
99856  -51.890  21.058  28.464 0.0000000000
132588  -32.208  42.097  8.107 0.0000000000
111962  -33.446  42.004  7.151 0.0000000000
132003  -34.113  41.562  7.142 0.0000000000
111982  -35.380  41.802  6.547 0.0000000000
112543  -47.018  43.029  9.033 0.0000000000
111992  -49.594  41.654  6.876 0.0000000000
111993  -51.194  42.228  6.435 0.0000000000
112573  -52.001  42.768  5.590 0.0000000000
112574  -52.729  42.823  4.931 0.0000000000
112584  -52.345  43.303  4.701 0.0000000000
104651  -50.599  27.942  20.032 0.0000000000
104086  -50.611  27.154  20.413 0.0000000000
103516  -50.367  26.468  19.788 0.0000000000
102894  -51.161  25.509  18.830 0.0000000000
130114  -52.104  24.989  18.612 0.0000000000
106401  -45.442  31.479  12.824 0.0000000000
105825  -46.468  30.506  12.608 0.0000000000
130346  -53.701  28.012  8.290 0.0000000000
137123  -53.001  28.180  8.831 0.0000000000
104170  -53.946  27.011  8.155 0.0000000000
103595  -53.439  26.261  8.806 0.0000000000
102983  -53.344  25.484  9.417 0.0000000000
102332  -55.506  24.382  8.154 0.0000000000
102984  -54.017  24.934  9.023 0.0000000000
102314  -53.841  24.791  9.898 0.0000000000
102296  -53.649  24.698  10.864 0.0000000000
102285  -54.671  24.468  11.297 0.0000000000
131643  -53.895  24.547  11.774 0.0000000000
102272  -54.379  24.486  12.628 0.0000000000
130607  -55.065  24.462  12.121 0.0000000000
102273  -56.238  24.471  12.446 0.0000000000
102274  -57.216  24.431  12.674 0.0000000000
101498  -58.867  23.389  11.200 0.0000000000
102289  -58.646  23.667  12.102 0.0000000000
102275  -57.993  24.127  12.748 0.0000000000
101485  -58.772  23.066  13.326 0.0000000000
100719  -58.482  22.705  13.880 0.0000000000
100718  -58.225  22.549  14.392 0.0000000000
145394  -58.109  22.414  14.883 0.0000000000
100731  -57.803  22.413  13.844 0.0000000000
123243  -55.955  22.395  12.656 0.0000000000
100754  -56.360  22.310  11.163 0.0000000000
123242  -55.402  22.424  11.808 0.0000000000
100740  -54.962  22.450  12.602 0.0000000000
146106  -54.519  22.473  12.039 0.0000000000
100752  -53.667  22.481  11.824 0.0000000000
145440  -52.418  22.412  11.323 0.0000000000
126191  -47.946  21.533  5.748 0.0000000000
100099  -47.094  21.578  5.747 0.0000000000
100098  -46.311  21.570  6.450 0.0000000000
100084  -46.638  21.548  7.698 0.0000000000
100071  -46.133  21.592  8.355 0.0000000000
100057  -45.641  21.678  9.046 0.0000000000
133644  -44.620  21.729  10.563 0.0000000000
100028  -44.771  21.566  11.359 0.0000000000
132843  -46.986  36.280  9.306 0.0000000000
108806  -47.980  35.216  10.214 0.0000000000
137408  -48.816  35.537  10.109 0.0000000000
147578  -50.214  33.800  10.537 0.0000000000
108259  -51.666  34.478  10.435 0.0000000000
107695  -51.762  33.468  10.355 0.0000000000
107065  -51.354  32.554  10.265 0.0000000000
106427  -51.897  31.985  9.996 0.0000000000
105852  -53.165  30.407  9.242 0.0000000000
105287  -53.192  29.447  8.911 0.0000000000
107746  -53.515  33.703  8.181 0.0000000000
136527  -54.110  32.695  8.712 0.0000000000
107090  -54.399  32.044  8.813 0.0000000000
105866  -55.242  30.495  7.015 0.0000000000
105860  -55.221  30.637  7.939 0.0000000000
105854  -54.398  31.457  9.052 0.0000000000
148425  -54.751  30.003  8.460 0.0000000000
105293  -54.218  29.490  8.487 0.0000000000
104733  -54.413  28.799  8.060 0.0000000000
104171  -54.530  27.972  7.683 0.0000000000
134975  -55.357  27.126  6.903 0.0000000000
103009  -56.075  25.808  6.250 0.0000000000
103016  -56.741  25.867  5.126 0.0000000000
103010  -56.603  25.482  5.659 0.0000000000
102354  -56.980  24.418  5.920 0.0000000000
102355  -57.384  23.657  5.435 0.0000000000
100820  -57.724  22.414  5.589 0.0000000000
100107  -57.909  21.783  6.140 0.0000000000
100801  -57.360  21.799  6.856 0.0000000000
129336  -56.012  22.333  5.606 0.0000000000
100817  -54.922  22.440  5.231 0.0000000000
144847  -53.914  22.415  5.261 0.0000000000
143033  -54.290  22.798  4.631 0.0000000000
100136  -53.323  22.650  4.747 0.0000000000
100121  -52.389  22.066  5.222 0.0000000000
145385  -52.063  21.898  4.166 0.0000000000
100119  -50.790  21.765  3.979 0.0000000000
100133  -49.343  21.919  3.653 0.0000000000
103622  -53.623  26.042  4.700 0.0000000000
103014  -52.738  24.925  5.687 0.0000000000
102360  -52.120  24.244  5.967 0.0000000000
103007  -51.729  25.580  6.464 0.0000000000
102352  -51.475  24.745  6.569 0.0000000000
101555  -51.206  23.543  5.668 0.0000000000
98049  -47.656  18.669  22.566 0.0000000000
97426  -48.221  18.118  21.850 0.0000000000
138855  -48.628  17.467  21.459 0.0000000000
97427  -49.427  17.988  21.885 0.0000000000
96761  -49.957  16.246  21.294 0.0000000000
96056  -50.602  15.484  21.390 0.0000000000
96751  -52.816  16.622  23.188 0.0000000000
96744  -54.112  16.468  23.963 0.0000000000
97387  -53.361  17.773  24.586 0.0000000000
97413  -53.748  17.164  24.343 0.0000000000
97414  -54.711  17.014  24.775 0.0000000000
96723  -55.591  16.820  24.784 0.0000000000
97391  -56.648  17.308  24.472 0.0000000000
98651  -57.267  18.559  23.348 0.0000000000
110959  -32.953  38.983  10.118 0.0000000000
111448  -33.021  40.072  9.078 0.0000000000
110966  -33.413  39.470  9.533 0.0000000000
110468  -33.819  38.820  9.951 0.0000000000
110461  -35.147  38.178  10.372 0.0000000000
110462  -36.039  38.166  10.366 0.0000000000
147681  -37.929  37.450  10.784 0.0000000000
110465  -38.813  37.973  10.217 0.0000000000
109936  -40.198  37.590  10.187 0.0000000000
109941  -41.472  37.534  9.505 0.0000000000
110476  -41.117  38.202  9.200 0.0000000000
109942  -42.243  37.305  9.227 0.0000000000
109392  -43.814  36.915  8.724 0.0000000000
109393  -44.606  36.800  8.642 0.0000000000
109394  -45.841  37.031  8.579 0.0000000000
111967  -37.999  41.914  8.014 0.0000000000
145400  -39.517  41.266  8.741 0.0000000000
111470  -40.999  41.303  8.580 0.0000000000
110992  -42.754  39.855  8.250 0.0000000000
111472  -43.067  40.886  8.634 0.0000000000
134293  -44.397  39.022  8.141 0.0000000000
127238  -45.886  37.836  8.393 0.0000000000
109945  -47.193  36.976  8.941 0.0000000000
109386  -48.874  36.986  9.491 0.0000000000
109387  -49.870  36.904  9.781 0.0000000000
110997  -48.546  39.296  9.137 0.0000000000
109948  -50.976  37.331  10.098 0.0000000000
109388  -52.095  37.179  10.398 0.0000000000
109950  -52.487  37.668  10.150 0.0000000000
136937  -53.006  36.925  9.925 0.0000000000
112511  -48.214  42.237  9.567 0.0000000000
111930  -49.334  41.751  9.448 0.0000000000
111453  -50.481  40.727  9.461 0.0000000000
111953  -50.701  41.370  8.902 0.0000000000
111454  -50.949  40.553  9.460 0.0000000000
110978  -51.470  39.811  9.739 0.0000000000
141709  -51.926  39.331  9.996 0.0000000000
109959  -52.702  37.617  9.460 0.0000000000
109395  -52.888  36.854  8.917 0.0000000000
109398  -52.501  36.649  7.501 0.0000000000
108849  -52.880  35.867  5.647 0.0000000000
109967  -52.990  37.293  5.770 0.0000000000
109407  -53.275  36.582  5.165 0.0000000000
108850  -53.371  35.888  4.639 0.0000000000
108323  -53.411  34.873  3.785 0.0000000000
146819  -53.327  35.371  3.685 0.0000000000
110513  -53.580  38.202  3.604 0.0000000000
112018  -53.377  42.490  4.437 0.0000000000
112019  -53.790  41.916  3.997 0.0000000000
112029  -53.652  42.122  3.450 0.0000000000
100638  -49.595  23.106  24.377 0.0000000000
102177  -50.639  25.103  24.405 0.0000000000
101401  -50.746  23.744  25.255 0.0000000000
100632  -50.152  22.822  25.280 0.0000000000
100626  -51.574  22.734  26.342 0.0000000000
100627  -51.687  22.085  26.965 0.0000000000
99877  -52.015  22.161  26.712 0.0000000000
104071  -53.465  27.910  23.266 0.0000000000
104058  -53.232  27.005  23.647 0.0000000000
134626  -52.809  25.479  24.825 0.0000000000
102870  -51.948  25.093  22.979 0.0000000000
102186  -52.181  24.538  23.996 0.0000000000
101408  -52.137  24.064  24.524 0.0000000000
128141  -52.043  23.529  24.883 0.0000000000
99885  -51.989  22.136  25.678 0.0000000000
99886  -52.500  21.071  26.170 0.0000000000
134234  -53.201  20.244  26.295 0.0000000000
99254  -52.958  20.281  25.161 0.0000000000
99265  -53.659  19.734  24.650 0.0000000000
99278  -52.715  20.593  22.869 0.0000000000
99279  -53.527  20.210  23.224 0.0000000000
98649  -55.213  19.349  24.111 0.0000000000
98670  -56.980  19.493  22.848 0.0000000000
145122  -45.444  30.542  17.463 0.0000000000
133320  -46.250  30.198  17.503 0.0000000000
131134  -47.541  29.916  17.493 0.0000000000
134524  -47.332  34.751  10.498 0.0000000000
133445  -47.668  32.905  11.484 0.0000000000
106418  -49.140  31.554  11.099 0.0000000000
106417  -48.333  31.631  11.472 0.0000000000
106416  -47.593  31.757  11.802 0.0000000000
106403  -47.028  31.274  12.202 0.0000000000
136719  -47.329  30.250  12.234 0.0000000000
105261  -46.735  29.493  12.734 0.0000000000
104162  -52.494  27.661  9.381 0.0000000000
132575  -51.344  28.084  10.183 0.0000000000
104714  -50.312  28.357  10.854 0.0000000000
104146  -50.931  26.897  11.021 0.0000000000
104145  -50.256  27.588  11.182 0.0000000000
104706  -49.235  28.339  11.553 0.0000000000
104705  -48.590  28.475  11.912 0.0000000000
104698  -47.913  28.507  12.333 0.0000000000
104696  -46.589  28.754  13.158 0.0000000000
104687  -46.095  28.430  13.792 0.0000000000
104678  -45.802  27.849  14.574 0.0000000000
104114  -45.668  27.593  15.372 0.0000000000
103547  -47.823  25.881  14.196 0.0000000000
103541  -46.588  26.619  15.209 0.0000000000
104107  -45.701  27.558  16.075 0.0000000000
104671  -46.814  27.599  16.762 0.0000000000
104661  -46.928  28.406  17.160 0.0000000000
132029  -47.857  28.533  17.294 0.0000000000
104100  -48.601  28.349  17.193 0.0000000000
104672  -49.454  28.225  17.079 0.0000000000
104102  -50.349  28.040  17.176 0.0000000000
102908  -51.339  26.409  16.279 0.0000000000
103535  -50.905  27.136  16.628 0.0000000000
103528  -50.987  27.696  17.009 0.0000000000
147506  -51.414  27.296  17.184 0.0000000000
103523  -52.098  26.064  17.918 0.0000000000
102895  -52.988  25.544  17.974 0.0000000000
102244  -54.083  24.638  14.150 0.0000000000
102928  -54.703  25.385  14.912 0.0000000000
102920  -55.097  26.049  15.616 0.0000000000
138274  -56.700  25.496  15.122 0.0000000000
103539  -55.207  26.243  16.012 0.0000000000
103544  -54.457  26.369  16.107 0.0000000000
102902  -54.500  25.853  17.316 0.0000000000
102896  -54.017  25.116  18.010 0.0000000000
102220  -53.104  24.570  18.569 0.0000000000
101450  -53.970  23.396  19.327 0.0000000000
100684  -54.757  22.841  19.686 0.0000000000
100676  -55.537  22.353  20.077 0.0000000000
100686  -56.893  22.716  19.070 0.0000000000
100677  -56.527  22.298  19.813 0.0000000000
99940  -56.269  21.857  20.427 0.0000000000
99298  -57.063  20.799  21.500 0.0000000000
99282  -57.569  19.989  21.953 0.0000000000
99283  -58.028  19.526  21.782 0.0000000000
128002  -58.076  19.087  21.308 0.0000000000
98690  -57.981  19.372  20.612 0.0000000000
98700  -56.681  19.673  19.853 0.0000000000
99318  -58.138  20.593  18.559 0.0000000000
99308  -56.192  20.196  19.255 0.0000000000
98699  -55.404  19.671  19.824 0.0000000000
99307  -55.089  20.259  19.156 0.0000000000
99306  -54.232  20.296  18.908 0.0000000000
100702  -56.509  22.262  15.131 0.0000000000
99983  -55.751  22.044  15.731 0.0000000000
100700  -54.104  22.277  14.707 0.0000000000
99982  -54.592  22.071  15.547 0.0000000000
99967  -54.967  21.708  16.277 0.0000000000
99956  -54.016  21.484  16.901 0.0000000000
99324  -53.476  21.037  17.690 0.0000000000
99313  -52.193  20.444  18.117 0.0000000000
98711  -51.397  20.269  17.965 0.0000000000
98710  -50.628  19.953  17.777 0.0000000000
99329  -49.727  20.599  16.507 0.0000000000
145019  -56.158  22.243  7.445 0.0000000000
100800  -55.066  22.395  7.856 0.0000000000
100789  -54.321  22.441  8.594 0.0000000000
100089  -52.431  22.274  7.608 0.0000000000
100788  -53.214  22.436  8.355 0.0000000000
100778  -53.735  22.463  9.298 0.0000000000
140732  -52.530  22.391  9.857 0.0000000000
100764  -51.739  22.233  10.936 0.0000000000
100100  -48.639  21.505  6.323 0.0000000000
123251  -48.137  21.482  9.114 0.0000000000
123250  -48.983  21.482  9.008 0.0000000000
100058  -49.628  21.529  9.744 0.0000000000
124445  -50.528  21.704  10.070 0.0000000000
124447  -50.809  21.816  10.830 0.0000000000
100034  -51.122  22.039  11.591 0.0000000000
134943  -50.531  21.905  12.265 0.0000000000
100005  -49.351  21.569  13.694 0.0000000000
99992  -48.807  21.276  14.286 0.0000000000
99359  -48.147  21.002  14.206 0.0000000000
99345  -48.387  20.800  14.806 0.0000000000
96061  -57.196  14.992  22.145 0.0000000000
96725  -57.140  16.347  24.176 0.0000000000
96743  -53.350  16.724  23.640 0.0000000000
96746  -56.846  15.821  24.265 0.0000000000
96762  -50.742  16.322  21.700 0.0000000000
97390  -55.864  17.422  25.071 0.0000000000
97416  -57.563  17.686  23.230 0.0000000000
97423  -45.685  17.207  22.864 0.0000000000
97429  -51.371  17.364  22.496 0.0000000000
97431  -57.409  16.506  23.362 0.0000000000
98002  -54.622  18.335  26.070 0.0000000000
98030  -46.307  18.727  23.970 0.0000000000
98036  -56.556  18.192  24.293 0.0000000000
98037  -57.160  17.759  23.884 0.0000000000
98063  -57.552  18.731  21.137 0.0000000000
98590  -49.224  20.077  27.997 0.0000000000
98591  -50.296  20.038  28.290 0.0000000000
98592  -51.381  20.041  28.409 0.0000000000
98593  -52.151  20.072  28.436 0.0000000000
98606  -52.038  19.672  27.969 0.0000000000
98613  -47.237  19.872  27.049 0.0000000000
98614  -49.306  19.495  26.864 0.0000000000
98615  -50.310  19.430  26.740 0.0000000000
98617  -52.896  19.212  27.376 0.0000000000
98618  -54.129  19.146  26.673 0.0000000000
98628  -47.034  19.436  25.779 0.0000000000
98648  -54.528  19.350  24.741 0.0000000000
98668  -48.821  19.240  23.097 0.0000000000
98669  -55.879  19.788  23.062 0.0000000000
98671  -57.742  19.150  22.439 0.0000000000
98672  -58.027  18.887  22.001 0.0000000000
98681  -58.201  19.550  21.312 0.0000000000
98689  -57.187  19.163  20.453 0.0000000000
98691  -58.270  19.693  20.797 0.0000000000
98692  -58.315  20.174  20.442 0.0000000000
98724  -46.971  19.364  15.431 0.0000000000
98745  -45.484  20.053  14.194 0.0000000000
98746  -46.224  20.189  14.259 0.0000000000
99227  -50.099  20.472  28.221 0.0000000000
99230  -52.356  20.545  28.378 0.0000000000
99238  -52.773  20.554  27.893 0.0000000000
99243  -47.072  20.227  26.818 0.0000000000
99245  -53.028  20.482  27.147 0.0000000000
99255  -53.722  19.669  25.975 0.0000000000
99263  -52.050  20.848  23.452 0.0000000000
99266  -54.111  19.734  23.834 0.0000000000
99299  -58.162  20.098  21.255 0.0000000000
99302  -58.319  20.426  20.497 0.0000000000
99309  -57.400  20.217  19.269 0.0000000000
99316  -56.264  20.884  18.109 0.0000000000
99319  -58.728  20.891  18.743 0.0000000000
99321  -50.994  20.691  17.346 0.0000000000
99323  -52.692  20.871  17.737 0.0000000000
99876  -50.876  21.903  27.067 0.0000000000
99878  -52.470  21.295  27.432 0.0000000000
99905  -51.618  21.404  23.035 0.0000000000
99922  -51.849  21.381  22.111 0.0000000000
99925  -56.104  21.387  21.098 0.0000000000
99926  -57.121  21.405  20.733 0.0000000000
99937  -53.234  21.764  20.953 0.0000000000
99939  -55.267  21.794  20.635 0.0000000000
99949  -58.474  20.936  19.922 0.0000000000
99952  -58.758  21.114  18.632 0.0000000000
99960  -58.424  21.298  17.729 0.0000000000
99961  -58.661  21.089  18.214 0.0000000000
99980  -52.420  21.778  15.986 0.0000000000
99985  -58.173  21.959  16.032 0.0000000000
100002  -46.606  21.187  12.908 0.0000000000
100018  -49.959  21.801  13.020 0.0000000000
100030  -47.182  21.488  11.293 0.0000000000
100032  -49.208  21.535  11.188 0.0000000000
100049  -59.825  21.863  10.227 0.0000000000
100061  -52.026  22.261  9.316 0.0000000000
100076  -58.729  21.679  8.362 0.0000000000
100088  -51.679  22.094  7.835 0.0000000000
100091  -58.962  21.764  7.440 0.0000000000
100092  -59.021  22.088  6.760 0.0000000000
100103  -51.831  21.957  6.912 0.0000000000
100106  -56.960  22.100  6.036 0.0000000000
100108  -58.496  21.961  6.113 0.0000000000
100117  -48.481  21.580  5.099 0.0000000000
100120  -51.478  21.803  4.748 0.0000000000
100122  -53.197  22.309  5.247 0.0000000000
100124  -56.680  22.336  5.206 0.0000000000
100132  -48.334  21.861  3.989 0.0000000000
100134  -50.286  21.953  3.607 0.0000000000
100137  -56.667  22.515  4.739 0.0000000000
100625  -50.628  22.397  26.165 0.0000000000
100639  -51.898  22.952  25.219 0.0000000000
100672  -51.258  22.671  21.015 0.0000000000
100687  -57.922  22.040  18.762 0.0000000000
100695  -58.361  21.816  17.220 0.0000000000
100728  -54.603  22.440  13.355 0.0000000000
100732  -58.694  22.539  13.208 0.0000000000
100743  -59.271  22.298  12.325 0.0000000000
100744  -59.772  22.172  11.835 0.0000000000
100751  -53.025  22.467  11.314 0.0000000000
100755  -59.070  21.854  11.732 0.0000000000
100766  -53.254  22.466  9.996 0.0000000000
100768  -56.020  22.311  10.301 0.0000000000
100771  -59.981  21.957  10.428 0.0000000000
100798  -53.140  22.373  7.397 0.0000000000
100802  -59.086  22.050  6.745 0.0000000000
100809  -58.514  22.110  6.047 0.0000000000
100819  -57.132  22.513  4.914 0.0000000000
100826  -49.585  22.174  3.541 0.0000000000
100827  -51.796  22.126  4.261 0.0000000000
100828  -52.620  22.494  4.629 0.0000000000
100830  -55.212  22.765  4.564 0.0000000000
100831  -56.093  22.744  4.341 0.0000000000
100841  -56.159  23.012  4.109 0.0000000000
101441  -51.102  23.396  20.359 0.0000000000
101448  -51.432  23.824  19.659 0.0000000000
101452  -55.981  23.358  18.874 0.0000000000
101453  -56.672  23.238  18.447 0.0000000000
101458  -53.274  23.877  19.057 0.0000000000
101459  -55.271  23.945  18.575 0.0000000000
101507  -60.096  22.064  11.213 0.0000000000
101514  -57.657  23.474  8.855 0.0000000000
101527  -57.304  23.540  8.100 0.0000000000
101543  -59.269  22.077  7.437 0.0000000000
101556  -57.482  23.379  6.322 0.0000000000
101566  -52.769  23.357  4.867 0.0000000000
101567  -57.641  22.788  5.400 0.0000000000
101593  -56.300  23.382  4.075 0.0000000000
101594  -56.371  23.990  4.057 0.0000000000
102173  -52.309  24.892  25.278 0.0000000000
102221  -54.777  24.553  18.232 0.0000000000
102226  -56.678  24.435  17.194 0.0000000000
102228  -56.301  25.308  16.747 0.0000000000
102234  -53.006  25.353  15.350 0.0000000000
102235  -53.643  24.983  14.866 0.0000000000
102236  -57.613  24.014  15.294 0.0000000000
102242  -51.663  24.571  14.438 0.0000000000
102248  -57.666  24.114  14.626 0.0000000000
102256  -50.531  24.653  13.715 0.0000000000
102258  -53.739  24.461  13.184 0.0000000000
102259  -54.783  24.589  13.455 0.0000000000
102262  -58.112  23.851  13.393 0.0000000000
102271  -52.744  24.523  12.797 0.0000000000
102276  -58.757  23.394  12.811 0.0000000000
102297  -54.585  24.504  10.459 0.0000000000
102298  -55.569  24.283  10.345 0.0000000000
102299  -56.784  23.974  10.364 0.0000000000
102331  -54.739  24.659  8.567 0.0000000000
102343  -50.182  24.661  7.263 0.0000000000
102345  -55.782  24.564  7.341 0.0000000000
102350  -49.982  23.981  6.813 0.0000000000
102363  -57.185  24.212  4.708 0.0000000000
102371  -54.646  24.629  4.316 0.0000000000
102372  -56.675  24.474  4.229 0.0000000000
102384  -55.912  24.675  3.765 0.0000000000
102852  -50.759  25.730  24.250 0.0000000000
102853  -52.049  25.371  25.281 0.0000000000
102886  -50.577  25.564  19.649 0.0000000000
102893  -50.570  26.404  18.825 0.0000000000
102900  -52.988  26.456  17.294 0.0000000000
102906  -49.238  25.875  16.257 0.0000000000
102911  -54.751  26.251  16.554 0.0000000000
102914  -48.751  25.382  15.492 0.0000000000
102921  -55.903  25.923  15.623 0.0000000000
102927  -49.252  24.960  14.814 0.0000000000
102930  -56.864  25.250  14.407 0.0000000000
102940  -48.604  25.340  14.444 0.0000000000
102943  -57.030  24.996  13.775 0.0000000000
102951  -50.484  25.298  12.573 0.0000000000
102959  -52.607  24.985  11.148 0.0000000000
102968  -51.925  25.611  10.959 0.0000000000
102991  -53.752  25.593  8.760 0.0000000000
102999  -50.453  25.582  7.338 0.0000000000
103000  -54.777  25.646  7.584 0.0000000000
103006  -51.157  25.640  6.880 0.0000000000
103025  -54.192  25.249  4.486 0.0000000000
103040  -56.227  25.749  4.116 0.0000000000
103495  -52.300  26.634  24.806 0.0000000000
103496  -53.192  26.692  24.603 0.0000000000
103505  -52.921  26.045  23.965 0.0000000000
103514  -50.807  26.338  20.976 0.0000000000
103529  -54.094  26.384  16.985 0.0000000000
103532  -47.519  26.234  16.144 0.0000000000
103537  -53.077  26.658  16.692 0.0000000000
103538  -53.905  26.477  16.566 0.0000000000
103542  -47.277  26.014  15.227 0.0000000000
103555  -47.574  26.752  13.488 0.0000000000
103557  -48.956  25.937  12.946 0.0000000000
103565  -49.417  26.511  12.250 0.0000000000
103576  -50.703  26.251  11.557 0.0000000000
103586  -51.765  26.419  10.549 0.0000000000
103601  -53.921  26.108  8.337 0.0000000000
103608  -55.042  26.378  7.196 0.0000000000
103614  -52.285  25.881  5.984 0.0000000000
103615  -55.685  26.512  6.533 0.0000000000
103623  -56.476  26.710  5.067 0.0000000000
103634  -54.183  26.568  4.047 0.0000000000
103636  -56.246  26.603  4.568 0.0000000000
103646  -55.376  26.219  3.920 0.0000000000
104052  -53.253  27.308  24.594 0.0000000000
104108  -46.363  27.187  16.300 0.0000000000
104111  -49.699  27.625  16.744 0.0000000000
104112  -50.430  27.689  16.835 0.0000000000
104115  -46.142  27.040  15.641 0.0000000000
104117  -46.187  27.139  14.877 0.0000000000
104126  -46.436  27.538  14.093 0.0000000000
104143  -48.883  27.866  11.921 0.0000000000
104153  -50.846  27.811  10.629 0.0000000000
104161  -51.885  27.927  9.806 0.0000000000
104189  -51.950  27.356  5.602 0.0000000000
104191  -56.295  27.362  4.967 0.0000000000
104210  -54.484  27.633  3.616 0.0000000000
104625  -52.707  28.468  24.015 0.0000000000
104626  -53.353  27.981  24.239 0.0000000000
104669  -45.393  28.246  16.412 0.0000000000
104670  -46.125  27.893  16.659 0.0000000000
104676  -44.734  28.673  15.456 0.0000000000
104688  -46.796  28.054  13.348 0.0000000000
104697  -47.179  28.630  12.746 0.0000000000
104707  -49.799  28.128  11.272 0.0000000000
104715  -50.931  28.588  10.363 0.0000000000
104732  -53.561  28.794  8.541 0.0000000000
104759  -56.039  28.366  5.327 0.0000000000
104773  -53.424  28.065  3.775 0.0000000000
104774  -55.151  28.798  3.963 0.0000000000
104775  -55.730  28.261  4.572 0.0000000000
104776  -56.086  27.814  4.817 0.0000000000
105190  -53.259  29.555  23.328 0.0000000000
105222  -47.628  29.201  17.419 0.0000000000
105223  -48.486  29.097  17.416 0.0000000000
105231  -44.361  29.305  16.433 0.0000000000
105236  -44.203  29.174  15.815 0.0000000000
105240  -44.925  28.871  14.649 0.0000000000
105251  -46.164  29.157  13.314 0.0000000000
105280  -51.168  29.408  10.087 0.0000000000
105301  -55.421  29.409  7.469 0.0000000000
105308  -55.682  29.214  6.732 0.0000000000
105322  -55.698  29.307  6.015 0.0000000000
105336  -51.937  29.791  3.764 0.0000000000
105337  -52.868  29.715  3.313 0.0000000000
105339  -54.511  29.611  3.557 0.0000000000
105742  -52.652  30.163  23.054 0.0000000000
105782  -47.081  30.448  17.544 0.0000000000
105783  -48.009  30.605  17.511 0.0000000000
105785  -49.707  30.595  17.649 0.0000000000
105804  -43.297  30.345  15.246 0.0000000000
105813  -45.151  30.142  13.541 0.0000000000
105824  -45.663  30.755  12.975 0.0000000000
105835  -48.677  30.823  11.421 0.0000000000
105851  -52.304  30.730  9.609 0.0000000000
105853  -54.029  30.946  9.241 0.0000000000
105859  -54.728  30.663  8.639 0.0000000000
105876  -55.531  29.745  6.558 0.0000000000
105898  -51.490  30.474  3.731 0.0000000000
106435  -52.378  31.483  9.758 0.0000000000
106436  -53.636  32.037  9.564 0.0000000000
106443  -54.759  31.309  8.441 0.0000000000
106450  -54.772  31.360  7.580 0.0000000000
106497  -53.006  31.793  3.185 0.0000000000
106499  -54.153  31.038  3.605 0.0000000000
107049  -47.237  32.440  11.813 0.0000000000
107050  -47.975  32.352  11.496 0.0000000000
107051  -48.747  32.345  11.189 0.0000000000
107063  -49.587  32.336  10.821 0.0000000000
107076  -52.916  32.208  9.826 0.0000000000
107077  -53.625  32.757  9.651 0.0000000000
107089  -54.019  32.753  9.263 0.0000000000
107163  -52.969  32.575  3.353 0.0000000000
107694  -50.816  33.711  10.451 0.0000000000
107730  -53.829  33.437  9.022 0.0000000000
108246  -46.186  34.091  11.037 0.0000000000
108255  -47.930  34.385  10.713 0.0000000000
108257  -50.002  34.918  10.399 0.0000000000
108282  -53.543  34.265  8.904 0.0000000000
108292  -53.135  34.292  7.766 0.0000000000
108303  -52.936  34.352  6.518 0.0000000000
108312  -53.427  35.148  4.333 0.0000000000
108330  -53.183  35.035  3.469 0.0000000000
108809  -52.121  35.489  10.484 0.0000000000
108810  -52.801  34.975  10.382 0.0000000000
108815  -44.552  35.609  9.351 0.0000000000
108816  -45.424  35.719  9.317 0.0000000000
108818  -47.494  35.820  9.714 0.0000000000
108823  -53.286  35.589  9.522 0.0000000000
109372  -42.210  36.262  10.140 0.0000000000
109375  -52.241  36.333  10.465 0.0000000000
109384  -46.429  36.651  8.894 0.0000000000
109385  -47.812  36.567  9.369 0.0000000000
109437  -53.403  36.880  3.750 0.0000000000
109933  -37.371  37.562  10.765 0.0000000000
109934  -38.464  37.404  10.797 0.0000000000
109943  -43.016  37.089  8.940 0.0000000000
109946  -47.985  37.444  9.093 0.0000000000
109947  -49.938  37.715  9.624 0.0000000000
109953  -41.907  37.965  8.922 0.0000000000
109957  -45.159  37.341  8.413 0.0000000000
110453  -32.830  37.850  11.235 0.0000000000
110459  -32.465  38.511  10.766 0.0000000000
110463  -36.877  38.136  10.352 0.0000000000
110464  -37.966  37.969  10.369 0.0000000000
110471  -36.508  38.773  9.894 0.0000000000
110473  -38.346  38.695  9.889 0.0000000000
110479  -52.235  39.001  9.630 0.0000000000
110480  -52.449  38.291  9.806 0.0000000000
110482  -41.680  38.812  8.649 0.0000000000
110483  -43.140  38.448  8.266 0.0000000000
110484  -44.011  38.275  8.156 0.0000000000
110485  -44.987  38.242  8.204 0.0000000000
110486  -45.878  38.778  8.409 0.0000000000
110488  -47.842  38.372  8.904 0.0000000000
110958  -32.107  39.203  10.312 0.0000000000
110971  -37.864  39.403  9.487 0.0000000000
110977  -51.003  40.020  9.681 0.0000000000
110982  -33.817  39.973  9.002 0.0000000000
110986  -37.348  39.999  9.033 0.0000000000
110989  -39.753  40.467  8.808 0.0000000000
110994  -44.806  40.035  8.499 0.0000000000
111462  -32.000  40.945  8.834 0.0000000000
111464  -34.990  40.472  8.387 0.0000000000
111469  -40.083  41.502  8.665 0.0000000000
111926  -45.923  42.845  9.653 0.0000000000
111928  -48.079  42.066  9.740 0.0000000000
111941  -37.031  41.229  8.238 0.0000000000
111943  -38.551  41.786  8.464 0.0000000000
111944  -39.377  41.900  8.585 0.0000000000
111947  -42.416  42.238  9.124 0.0000000000
111954  -51.272  40.878  9.009 0.0000000000
111961  -32.771  41.957  7.641 0.0000000000
111963  -34.932  41.379  7.127 0.0000000000
111964  -35.778  41.408  7.284 0.0000000000
111966  -37.400  41.660  7.734 0.0000000000
111975  -51.190  41.353  8.070 0.0000000000
111980  -33.983  42.164  6.713 0.0000000000
112006  -52.368  42.436  5.500 0.0000000000
112506  -42.876  43.989  9.671 0.0000000000
112508  -45.019  43.515  9.621 0.0000000000
112509  -45.963  43.132  9.467 0.0000000000
112512  -48.715  42.063  9.549 0.0000000000
112528  -47.678  42.504  9.407 0.0000000000
112529  -48.400  42.286  9.399 0.0000000000
112541  -44.784  43.676  8.734 0.0000000000
112545  -48.776  42.272  8.746 0.0000000000
112550  -34.304  42.716  6.273 0.0000000000
112595  -53.495  42.751  3.843 0.0000000000
113084  -43.834  44.087  9.971 0.0000000000
113085  -44.560  43.847  9.792 0.0000000000
113098  -43.214  44.120  9.373 0.0000000000
122630  -52.864  25.949  25.080 0.0000000000
122832  -56.401  22.148  8.784 0.0000000000
123239  -55.074  22.424  10.165 0.0000000000
123447  -50.882  24.862  21.319 0.0000000000
123542  -48.657  19.453  26.183 0.0000000000
123730  -32.731  40.688  8.595 0.0000000000
123846  -49.525  18.870  22.690 0.0000000000
123964  -50.132  28.357  17.911 0.0000000000
124111  -57.185  24.041  11.202 0.0000000000
124980  -56.104  23.993  3.917 0.0000000000
125559  -46.777  19.804  26.662 0.0000000000
125953  -55.380  22.398  13.705 0.0000000000
126015  -59.323  21.794  9.284 0.0000000000
127273  -52.985  25.752  5.381 0.0000000000
127310  -53.745  32.715  7.125 0.0000000000
127664  -56.675  25.447  15.898 0.0000000000
128764  -51.254  24.558  13.658 0.0000000000
129493  -51.370  22.214  12.276 0.0000000000
129496  -55.105  16.189  24.282 0.0000000000
129593  -57.781  24.174  12.245 0.0000000000
129688  -47.177  33.095  11.609 0.0000000000
130488  -50.066  33.188  10.598 0.0000000000
130932  -57.918  21.401  20.093 0.0000000000
130951  -46.903  42.838  9.398 0.0000000000
131433  -51.093  29.397  22.850 0.0000000000
131613  -52.974  23.045  4.608 0.0000000000
132147  -54.952  23.029  4.382 0.0000000000
132181  -44.146  36.217  8.985 0.0000000000
132674  -50.862  33.044  10.418 0.0000000000
133882  -50.011  38.579  9.556 0.0000000000
134193  -42.522  39.044  8.269 0.0000000000
134598  -52.812  33.268  3.402 0.0000000000
134816  -55.803  28.727  6.477 0.0000000000
135076  -44.884  41.155  8.955 0.0000000000
135553  -52.492  21.545  21.441 0.0000000000
135559  -52.017  23.697  25.591 0.0000000000
135760  -52.472  16.103  22.688 0.0000000000
135850  -53.262  34.531  5.156 0.0000000000
135887  -50.500  41.865  7.127 0.0000000000
136329  -53.471  19.978  23.818 0.0000000000
136775  -52.576  26.924  9.525 0.0000000000
137176  -51.038  35.142  10.416 0.0000000000
137598  -52.001  21.589  27.735 0.0000000000
137758  -55.733  24.787  13.575 0.0000000000
137847  -51.445  40.223  9.414 0.0000000000
138282  -55.329  26.938  3.881 0.0000000000
138335  -43.610  44.009  10.090 0.0000000000
138929  -38.235  41.105  8.729 0.0000000000
139157  -46.771  35.706  9.629 0.0000000000
139213  -36.161  40.004  8.810 0.0000000000
140160  -60.101  21.994  11.390 0.0000000000
140262  -40.783  37.742  9.704 0.0000000000
140449  -51.804  22.737  26.184 0.0000000000
140504  -48.264  29.102  11.952 0.0000000000
140533  -47.957  41.236  9.533 0.0000000000
141190  -57.355  23.336  4.823 0.0000000000
141327  -54.592  31.723  8.256 0.0000000000
141483  -49.283  25.420  13.334 0.0000000000
141678  -58.464  22.565  13.759 0.0000000000
141879  -50.059  28.100  16.980 0.0000000000
142042  -40.399  39.714  8.767 0.0000000000
142196  -49.004  26.759  16.591 0.0000000000
142202  -57.834  22.727  6.015 0.0000000000
143006  -48.042  26.834  16.632 0.0000000000
143644  -52.650  23.978  5.498 0.0000000000
144128  -43.165  39.180  8.099 0.0000000000
144219  -52.359  26.791  16.608 0.0000000000
144398  -56.206  22.265  6.536 0.0000000000
144491  -56.529  25.216  4.213 0.0000000000
144615  -45.246  36.732  8.657 0.0000000000
145018  -51.248  22.004  3.727 0.0000000000
145542  -50.782  41.016  9.290 0.0000000000
145678  -49.161  21.596  12.998 0.0000000000
145697  -57.208  22.177  11.037 0.0000000000
146463  -47.113  31.900  12.021 0.0000000000
146586  -55.390  22.371  7.053 0.0000000000
146802  -48.447  21.507  11.236 0.0000000000
147246  -57.747  20.422  21.377 0.0000000000
147611  -53.191  26.175  15.872 0.0000000000
147730  -33.139  37.393  11.723 0.0000000000
147841  -50.818  24.865  19.590 0.0000000000
147874  -46.135  32.524  12.203 0.0000000000
147950  -41.385  40.355  8.478 0.0000000000
148462  -48.565  25.694  16.009 0.0000000000
148626  -52.319  39.496  7.617 0.0000000000
148631  -50.210  18.384  22.496 0.0000000000
148691  -50.363  21.647  9.398 0.0000000000
148932  -52.911  21.969  15.617 0.0000000000
