#!ascii label  , from subject sub-v1s13x0050023_ses-1 vox2ras=TkReg
575
10658  -40.827  -76.929  -33.186 0.0000000000
135957  -35.852  -73.957  -37.416 0.0000000000
11714  -34.784  -76.613  -29.159 0.0000000000
13797  -41.458  -73.742  -37.741 0.0000000000
15407  -39.299  -71.658  -31.168 0.0000000000
11653  -39.106  -76.753  -24.369 0.0000000000
13625  -33.483  -74.518  -21.529 0.0000000000
132118  -33.086  -70.103  -14.099 0.0000000000
139119  -32.277  -74.804  -26.705 0.0000000000
13703  -36.132  -74.054  -30.768 0.0000000000
14548  -35.495  -72.945  -26.901 0.0000000000
11613  -36.326  -76.342  -22.722 0.0000000000
129359  -36.329  -74.401  -19.000 0.0000000000
21513  -31.838  -64.434  -15.351 0.0000000000
17805  -30.236  -69.367  -15.707 0.0000000000
9729  -38.642  -77.995  -36.352 0.0000000000
14672  -38.743  -72.424  -39.194 0.0000000000
11881  -39.397  -75.936  -41.154 0.0000000000
136805  -36.571  -76.435  -39.586 0.0000000000
11725  -37.677  -76.738  -31.256 0.0000000000
11822  -40.867  -75.926  -35.145 0.0000000000
15464  -40.605  -71.438  -35.401 0.0000000000
17112  -39.138  -70.615  -35.653 0.0000000000
10580  -36.724  -77.790  -26.713 0.0000000000
11649  -33.480  -77.066  -24.498 0.0000000000
14521  -30.716  -73.946  -23.368 0.0000000000
15292  -35.848  -72.650  -15.265 0.0000000000
15314  -33.038  -73.347  -17.118 0.0000000000
15329  -30.745  -72.107  -19.840 0.0000000000
17866  -29.497  -70.097  -21.972 0.0000000000
10739  -39.468  -77.301  -39.211 0.0000000000
15432  -32.273  -72.353  -34.471 0.0000000000
135430  -33.932  -75.476  -35.064 0.0000000000
11858  -31.207  -76.493  -37.307 0.0000000000
121297  -31.393  -73.134  -25.663 0.0000000000
129972  -33.801  -73.687  -27.031 0.0000000000
10686  -40.243  -77.041  -34.920 0.0000000000
14670  -37.086  -72.926  -38.341 0.0000000000
13796  -37.496  -75.275  -38.649 0.0000000000
12883  -36.623  -75.638  -37.869 0.0000000000
11897  -34.795  -76.545  -39.333 0.0000000000
11860  -35.583  -76.213  -37.175 0.0000000000
10631  -35.985  -77.023  -30.466 0.0000000000
11738  -35.978  -76.108  -31.486 0.0000000000
14584  -37.025  -73.086  -30.592 0.0000000000
14600  -37.611  -72.999  -32.457 0.0000000000
15435  -40.231  -71.696  -32.799 0.0000000000
17101  -40.457  -70.764  -35.090 0.0000000000
17081  -40.784  -70.843  -33.333 0.0000000000
10593  -38.255  -77.388  -27.237 0.0000000000
10569  -37.589  -77.344  -25.466 0.0000000000
12732  -35.162  -75.655  -22.215 0.0000000000
11650  -34.979  -77.126  -23.908 0.0000000000
12750  -33.127  -75.875  -23.188 0.0000000000
12748  -31.573  -75.422  -24.150 0.0000000000
13635  -32.267  -74.692  -22.528 0.0000000000
16093  -34.366  -72.027  -14.779 0.0000000000
15308  -34.403  -73.129  -16.079 0.0000000000
16101  -32.824  -72.460  -15.658 0.0000000000
120709  -29.882  -69.663  -17.057 0.0000000000
16109  -30.242  -71.307  -17.639 0.0000000000
16958  -29.867  -70.136  -18.464 0.0000000000
133787  -29.864  -71.609  -20.951 0.0000000000
13768  -41.040  -74.851  -36.540 0.0000000000
11862  -40.514  -76.097  -37.457 0.0000000000
11883  -40.640  -75.662  -38.686 0.0000000000
10799  -38.617  -77.075  -41.626 0.0000000000
15415  -31.316  -72.695  -33.224 0.0000000000
128328  -33.144  -73.545  -35.144 0.0000000000
10683  -31.709  -77.273  -35.170 0.0000000000
12780  -33.160  -76.177  -27.376 0.0000000000
12797  -34.824  -76.001  -29.580 0.0000000000
13685  -34.546  -75.009  -28.150 0.0000000000
14565  -35.901  -73.977  -28.179 0.0000000000
15383  -37.170  -72.786  -28.601 0.0000000000
11637  -37.693  -76.800  -23.377 0.0000000000
12711  -36.438  -75.362  -21.567 0.0000000000
13613  -34.661  -74.376  -20.678 0.0000000000
19608  -32.055  -66.892  -14.317 0.0000000000
16917  -31.453  -69.933  -14.653 0.0000000000
19607  -31.052  -66.916  -14.841 0.0000000000
20560  -30.800  -66.016  -16.282 0.0000000000
21548  -31.479  -65.446  -17.734 0.0000000000
15501  -40.427  -72.547  -38.792 0.0000000000
13810  -40.786  -74.351  -39.802 0.0000000000
13808  -38.702  -74.753  -39.615 0.0000000000
11880  -37.735  -76.079  -39.967 0.0000000000
11917  -36.798  -76.139  -41.329 0.0000000000
12930  -34.689  -75.517  -40.806 0.0000000000
12929  -33.706  -75.335  -40.466 0.0000000000
12915  -32.267  -75.499  -39.549 0.0000000000
11742  -39.782  -76.296  -31.950 0.0000000000
11783  -40.876  -76.426  -33.539 0.0000000000
12842  -39.328  -75.179  -34.604 0.0000000000
13766  -39.594  -73.725  -35.692 0.0000000000
13720  -36.565  -74.711  -32.396 0.0000000000
14627  -39.014  -73.105  -35.124 0.0000000000
14657  -40.691  -72.349  -36.548 0.0000000000
16276  -40.472  -71.646  -37.175 0.0000000000
16286  -38.230  -71.358  -37.981 0.0000000000
16272  -36.657  -71.253  -37.088 0.0000000000
10623  -38.717  -77.009  -29.699 0.0000000000
10607  -36.963  -77.705  -28.683 0.0000000000
119765  -35.461  -77.804  -27.791 0.0000000000
10557  -36.671  -77.269  -24.313 0.0000000000
10566  -34.618  -77.761  -25.417 0.0000000000
10577  -33.504  -77.456  -26.650 0.0000000000
12766  -31.968  -76.102  -25.754 0.0000000000
13660  -31.210  -74.809  -25.551 0.0000000000
14527  -30.413  -73.065  -24.570 0.0000000000
14473  -36.442  -74.096  -17.444 0.0000000000
14492  -35.128  -74.181  -18.189 0.0000000000
14496  -33.494  -73.944  -19.347 0.0000000000
16099  -30.939  -71.878  -16.335 0.0000000000
15323  -31.972  -72.984  -18.380 0.0000000000
125326  -32.435  -73.515  -20.503 0.0000000000
14503  -31.236  -73.398  -21.653 0.0000000000
15344  -29.958  -72.599  -22.997 0.0000000000
10687  -40.204  -76.793  -35.967 0.0000000000
10723  -39.343  -77.402  -38.023 0.0000000000
11902  -39.784  -75.852  -40.642 0.0000000000
9810  -38.636  -77.701  -41.307 0.0000000000
17079  -38.998  -70.367  -33.496 0.0000000000
17111  -36.874  -70.815  -35.321 0.0000000000
15477  -35.290  -72.322  -37.161 0.0000000000
14639  -33.811  -72.795  -36.151 0.0000000000
13765  -35.002  -74.827  -36.259 0.0000000000
11841  -34.437  -76.513  -36.390 0.0000000000
10721  -32.616  -76.662  -37.706 0.0000000000
15367  -31.379  -72.386  -25.533 0.0000000000
15368  -31.995  -72.516  -25.885 0.0000000000
10667  -39.603  -77.582  -34.151 0.0000000000
10668  -40.517  -77.100  -33.939 0.0000000000
121695  -36.581  -73.975  -37.916 0.0000000000
13795  -36.896  -74.906  -38.006 0.0000000000
13780  -36.177  -74.973  -37.374 0.0000000000
12871  -35.954  -75.803  -37.217 0.0000000000
12870  -35.569  -75.408  -36.724 0.0000000000
10619  -35.158  -77.132  -29.220 0.0000000000
11723  -35.687  -76.349  -30.832 0.0000000000
11715  -35.283  -76.633  -29.954 0.0000000000
15400  -38.231  -72.403  -30.826 0.0000000000
15406  -38.596  -72.333  -31.693 0.0000000000
15417  -39.798  -71.680  -31.986 0.0000000000
16227  -40.865  -71.171  -33.209 0.0000000000
16196  -39.998  -71.134  -31.767 0.0000000000
11654  -40.083  -76.509  -24.987 0.0000000000
11666  -39.252  -76.796  -25.301 0.0000000000
10570  -38.488  -77.100  -25.753 0.0000000000
10559  -38.316  -77.037  -24.924 0.0000000000
13637  -33.945  -75.019  -21.968 0.0000000000
12731  -34.353  -75.594  -22.373 0.0000000000
12730  -33.528  -75.502  -22.589 0.0000000000
12729  -32.714  -75.322  -22.876 0.0000000000
13636  -33.097  -74.912  -22.190 0.0000000000
18694  -33.412  -68.083  -13.846 0.0000000000
18695  -34.256  -68.349  -13.796 0.0000000000
121053  -33.919  -70.086  -14.090 0.0000000000
137960  -34.182  -70.801  -14.284 0.0000000000
16919  -33.344  -70.893  -14.391 0.0000000000
16092  -33.305  -71.833  -14.877 0.0000000000
16938  -32.605  -71.234  -14.722 0.0000000000
18722  -30.173  -68.811  -17.479 0.0000000000
17822  -29.912  -69.613  -17.943 0.0000000000
17833  -30.167  -69.746  -19.188 0.0000000000
17827  -30.509  -69.150  -18.515 0.0000000000
134447  -41.310  -74.451  -37.188 0.0000000000
11863  -41.032  -75.309  -37.686 0.0000000000
12885  -41.402  -74.571  -37.796 0.0000000000
12833  -32.571  -75.585  -33.657 0.0000000000
11796  -32.650  -76.556  -34.202 0.0000000000
10657  -32.093  -76.897  -33.865 0.0000000000
13667  -32.833  -75.272  -27.126 0.0000000000
12781  -33.743  -75.387  -27.709 0.0000000000
138187  -33.508  -74.603  -27.288 0.0000000000
14547  -34.556  -72.883  -26.771 0.0000000000
14556  -34.920  -73.627  -27.237 0.0000000000
14557  -35.831  -73.513  -27.444 0.0000000000
14566  -36.628  -73.171  -27.846 0.0000000000
13628  -36.001  -74.836  -21.070 0.0000000000
13596  -35.797  -74.406  -19.575 0.0000000000
20525  -33.033  -65.845  -14.347 0.0000000000
20524  -31.796  -65.995  -14.700 0.0000000000
129023  -31.267  -67.888  -14.460 0.0000000000
21498  -31.669  -65.305  -15.188 0.0000000000
20575  -30.953  -66.080  -17.238 0.0000000000
9736  -38.507  -78.226  -37.364 0.0000000000
15500  -39.526  -72.232  -38.977 0.0000000000
118830  -40.240  -73.673  -39.880 0.0000000000
14686  -39.038  -73.550  -39.598 0.0000000000
12884  -37.132  -75.968  -38.637 0.0000000000
12899  -38.350  -75.536  -39.831 0.0000000000
11898  -35.998  -76.509  -40.027 0.0000000000
12931  -35.802  -75.567  -41.454 0.0000000000
139826  -34.154  -76.610  -38.562 0.0000000000
11915  -34.198  -76.172  -39.973 0.0000000000
11896  -33.715  -76.414  -39.169 0.0000000000
12928  -32.796  -74.986  -40.252 0.0000000000
11895  -32.794  -76.229  -39.040 0.0000000000
11741  -38.397  -76.363  -31.953 0.0000000000
11760  -40.272  -76.178  -32.664 0.0000000000
13751  -39.838  -74.767  -35.404 0.0000000000
13750  -38.704  -74.291  -34.898 0.0000000000
13702  -35.532  -74.917  -30.528 0.0000000000
13709  -35.792  -74.862  -31.239 0.0000000000
13710  -36.247  -74.375  -31.640 0.0000000000
14608  -37.955  -73.181  -33.516 0.0000000000
135177  -40.228  -72.035  -35.021 0.0000000000
14641  -40.006  -72.691  -35.885 0.0000000000
15480  -40.761  -72.047  -36.924 0.0000000000
17113  -40.036  -70.839  -36.230 0.0000000000
17124  -38.701  -70.792  -36.543 0.0000000000
15479  -37.189  -71.591  -37.764 0.0000000000
16256  -37.568  -70.830  -36.230 0.0000000000
10592  -37.359  -77.665  -27.206 0.0000000000
120409  -37.645  -77.606  -27.956 0.0000000000
118949  -36.521  -77.837  -27.718 0.0000000000
10606  -36.007  -77.757  -28.539 0.0000000000
10579  -35.741  -77.931  -26.935 0.0000000000
11614  -37.247  -76.422  -22.715 0.0000000000
11651  -37.336  -77.091  -23.952 0.0000000000
11636  -36.698  -76.867  -23.466 0.0000000000
117149  -34.059  -76.888  -23.816 0.0000000000
117731  -35.218  -77.520  -24.645 0.0000000000
10556  -34.277  -77.386  -24.602 0.0000000000
123721  -34.222  -77.817  -26.266 0.0000000000
140655  -33.452  -77.435  -25.501 0.0000000000
10565  -32.898  -77.083  -26.200 0.0000000000
11664  -32.569  -76.753  -25.602 0.0000000000
13645  -31.093  -74.658  -23.786 0.0000000000
12759  -31.469  -75.719  -25.090 0.0000000000
13653  -30.963  -74.813  -24.693 0.0000000000
13652  -30.831  -73.823  -25.203 0.0000000000
13644  -30.603  -73.973  -24.249 0.0000000000
14458  -35.906  -73.625  -16.681 0.0000000000
14471  -33.996  -73.492  -16.902 0.0000000000
124590  -34.555  -73.878  -17.573 0.0000000000
14470  -33.633  -73.718  -17.763 0.0000000000
127143  -34.331  -74.186  -19.372 0.0000000000
14490  -33.314  -73.793  -18.516 0.0000000000
17806  -30.696  -69.819  -15.233 0.0000000000
16090  -31.330  -71.503  -15.553 0.0000000000
16946  -30.546  -71.078  -15.979 0.0000000000
16118  -30.575  -71.762  -18.197 0.0000000000
15322  -31.323  -72.469  -17.829 0.0000000000
15330  -31.194  -72.316  -18.913 0.0000000000
15335  -32.212  -73.125  -19.761 0.0000000000
15334  -31.724  -72.962  -20.361 0.0000000000
14499  -31.741  -73.305  -20.949 0.0000000000
15338  -31.144  -72.833  -20.934 0.0000000000
16132  -29.581  -71.287  -21.571 0.0000000000
16135  -29.930  -72.028  -21.557 0.0000000000
16140  -29.661  -71.723  -22.424 0.0000000000
15343  -29.726  -71.812  -23.263 0.0000000000
12837  -40.806  -76.011  -34.038 0.0000000000
11799  -40.794  -76.367  -34.347 0.0000000000
11821  -40.772  -76.286  -35.406 0.0000000000
10740  -40.055  -76.552  -38.713 0.0000000000
10724  -39.895  -76.804  -37.539 0.0000000000
9748  -38.783  -78.048  -38.565 0.0000000000
132322  -39.006  -77.840  -39.511 0.0000000000
12900  -39.807  -75.380  -40.639 0.0000000000
12917  -40.264  -75.171  -40.270 0.0000000000
10798  -38.057  -77.253  -42.003 0.0000000000
17058  -39.997  -70.440  -32.636 0.0000000000
17057  -38.482  -70.274  -32.681 0.0000000000
16241  -35.700  -71.001  -35.391 0.0000000000
16271  -35.595  -71.540  -36.927 0.0000000000
16255  -35.151  -71.360  -36.167 0.0000000000
13748  -33.466  -74.539  -34.890 0.0000000000
13763  -33.669  -73.674  -35.635 0.0000000000
13764  -34.219  -74.694  -35.567 0.0000000000
14640  -34.325  -73.689  -36.297 0.0000000000
12853  -34.587  -75.608  -35.620 0.0000000000
12854  -35.167  -75.788  -36.167 0.0000000000
11820  -34.656  -76.170  -35.842 0.0000000000
137031  -32.206  -77.058  -36.582 0.0000000000
10701  -32.770  -76.959  -36.903 0.0000000000
11840  -31.993  -76.800  -37.225 0.0000000000
14545  -32.160  -74.092  -26.475 0.0000000000
130234  -32.881  -74.295  -26.915 0.0000000000
14546  -32.864  -73.425  -26.600 0.0000000000
126865  -33.575  -72.728  -26.570 0.0000000000
130363  -31.985  -62.436  -15.914 0.0000000000
125061  -39.329  -77.476  -35.729 0.0000000000
14671  -37.961  -72.867  -39.015 0.0000000000
118600  -37.654  -74.124  -38.684 0.0000000000
11879  -36.473  -76.331  -38.698 0.0000000000
123790  -35.672  -76.583  -38.929 0.0000000000
11878  -35.631  -76.449  -37.962 0.0000000000
11877  -34.876  -76.621  -38.269 0.0000000000
128558  -34.875  -76.533  -37.243 0.0000000000
10632  -36.994  -77.151  -30.551 0.0000000000
11724  -36.494  -76.654  -31.282 0.0000000000
11739  -36.523  -76.150  -31.982 0.0000000000
12819  -36.736  -75.582  -32.463 0.0000000000
120947  -36.451  -73.561  -29.961 0.0000000000
118437  -36.606  -73.591  -31.356 0.0000000000
14591  -37.362  -72.981  -31.535 0.0000000000
15416  -38.903  -72.312  -32.645 0.0000000000
135267  -40.463  -71.677  -33.500 0.0000000000
16243  -40.866  -71.015  -34.567 0.0000000000
135013  -41.009  -71.001  -33.796 0.0000000000
119799  -40.752  -70.764  -34.082 0.0000000000
17100  -39.476  -70.487  -34.475 0.0000000000
10581  -37.730  -77.461  -26.398 0.0000000000
131787  -36.960  -77.648  -25.951 0.0000000000
11612  -35.453  -76.212  -22.694 0.0000000000
121303  -35.695  -76.731  -23.338 0.0000000000
11611  -34.736  -76.081  -22.679 0.0000000000
124587  -33.934  -76.199  -23.065 0.0000000000
11634  -33.066  -76.500  -23.861 0.0000000000
11665  -32.740  -76.799  -24.814 0.0000000000
12749  -32.402  -75.749  -23.624 0.0000000000
13646  -31.900  -75.054  -23.310 0.0000000000
13634  -31.434  -74.388  -22.940 0.0000000000
16073  -34.898  -71.234  -14.392 0.0000000000
15291  -34.862  -72.627  -15.323 0.0000000000
15309  -35.384  -73.131  -16.009 0.0000000000
15290  -33.853  -72.572  -15.439 0.0000000000
15307  -33.407  -73.068  -16.236 0.0000000000
15306  -32.423  -72.864  -16.505 0.0000000000
17815  -29.975  -69.021  -16.481 0.0000000000
16945  -30.089  -70.425  -16.565 0.0000000000
16953  -29.926  -70.476  -17.559 0.0000000000
16117  -30.013  -70.944  -18.375 0.0000000000
16126  -30.260  -71.444  -19.216 0.0000000000
16133  -30.061  -71.539  -20.217 0.0000000000
120343  -29.842  -70.904  -19.892 0.0000000000
16975  -29.850  -70.095  -20.150 0.0000000000
17845  -29.662  -70.053  -21.154 0.0000000000
11844  -40.901  -75.616  -36.071 0.0000000000
11843  -40.739  -76.172  -36.344 0.0000000000
128442  -40.948  -75.620  -36.815 0.0000000000
11919  -38.515  -76.482  -41.624 0.0000000000
139025  -31.720  -73.809  -33.533 0.0000000000
14624  -32.249  -73.221  -34.426 0.0000000000
14625  -32.644  -72.932  -35.002 0.0000000000
13747  -32.776  -73.855  -34.565 0.0000000000
13734  -32.865  -74.879  -34.084 0.0000000000
140396  -33.725  -75.911  -34.817 0.0000000000
125706  -33.573  -76.477  -35.170 0.0000000000
10684  -32.516  -77.095  -35.358 0.0000000000
10699  -31.000  -77.154  -36.012 0.0000000000
11701  -34.320  -76.560  -28.509 0.0000000000
12787  -34.211  -75.853  -28.383 0.0000000000
12788  -34.692  -75.488  -28.906 0.0000000000
13686  -35.191  -74.687  -28.579 0.0000000000
13674  -34.308  -74.416  -27.566 0.0000000000
13675  -35.182  -74.221  -27.829 0.0000000000
14574  -35.703  -74.329  -28.983 0.0000000000
14575  -36.410  -73.596  -28.960 0.0000000000
15391  -37.109  -72.964  -29.540 0.0000000000
130239  -37.958  -72.445  -29.953 0.0000000000
11638  -38.607  -76.729  -23.477 0.0000000000
12734  -36.853  -75.889  -22.113 0.0000000000
12712  -37.304  -75.525  -21.448 0.0000000000
12710  -35.604  -75.204  -21.670 0.0000000000
13627  -35.177  -74.691  -21.215 0.0000000000
13626  -34.341  -74.604  -21.357 0.0000000000
19609  -33.533  -66.776  -14.140 0.0000000000
140596  -32.611  -68.767  -13.914 0.0000000000
16918  -32.423  -70.491  -14.444 0.0000000000
127600  -31.705  -68.864  -14.230 0.0000000000
124197  -30.711  -68.889  -14.920 0.0000000000
19631  -30.543  -67.803  -15.222 0.0000000000
20543  -31.060  -66.062  -15.384 0.0000000000
20542  -30.536  -66.907  -15.793 0.0000000000
18710  -30.166  -68.488  -15.772 0.0000000000
18716  -30.136  -68.183  -16.629 0.0000000000
18723  -30.586  -67.854  -17.463 0.0000000000
141991  -31.456  -67.037  -18.141 0.0000000000
14689  -41.350  -73.368  -38.465 0.0000000000
13811  -41.383  -74.015  -38.745 0.0000000000
14688  -40.845  -73.348  -39.270 0.0000000000
13809  -40.051  -74.497  -40.193 0.0000000000
11900  -38.685  -76.246  -41.477 0.0000000000
13845  -33.471  -74.230  -40.877 0.0000000000
13826  -31.958  -74.695  -40.048 0.0000000000
11743  -40.604  -76.685  -32.067 0.0000000000
11761  -40.798  -76.562  -32.881 0.0000000000
11782  -40.557  -76.059  -33.317 0.0000000000
12836  -40.110  -75.689  -33.954 0.0000000000
12843  -40.453  -75.596  -34.692 0.0000000000
12855  -40.731  -75.400  -35.574 0.0000000000
13767  -40.511  -74.222  -36.285 0.0000000000
13781  -41.215  -73.953  -36.978 0.0000000000
12803  -35.244  -75.782  -30.334 0.0000000000
12810  -36.116  -75.402  -31.814 0.0000000000
14590  -36.755  -73.702  -32.105 0.0000000000
14599  -37.080  -73.959  -32.946 0.0000000000
14642  -40.310  -73.284  -36.335 0.0000000000
14658  -41.119  -72.967  -37.302 0.0000000000
15492  -40.913  -72.384  -37.825 0.0000000000
15491  -40.001  -71.885  -38.267 0.0000000000
15490  -38.855  -71.789  -38.586 0.0000000000
16275  -40.561  -71.295  -36.430 0.0000000000
16287  -39.431  -71.403  -37.726 0.0000000000
15489  -37.743  -72.012  -38.568 0.0000000000
15488  -36.824  -72.176  -37.971 0.0000000000
14656  -36.058  -72.884  -37.685 0.0000000000
122579  -40.398  -76.551  -31.344 0.0000000000
11726  -39.164  -76.535  -31.164 0.0000000000
10633  -38.161  -76.979  -30.465 0.0000000000
122576  -38.115  -77.341  -28.827 0.0000000000
10622  -37.366  -77.383  -29.648 0.0000000000
10621  -36.344  -77.578  -29.280 0.0000000000
122379  -35.641  -77.494  -29.088 0.0000000000
10605  -35.223  -77.507  -28.549 0.0000000000
11652  -38.094  -77.012  -24.094 0.0000000000
10558  -37.443  -77.218  -24.645 0.0000000000
10568  -36.636  -77.562  -25.192 0.0000000000
10549  -35.877  -77.203  -24.043 0.0000000000
10567  -35.614  -77.765  -25.350 0.0000000000
127305  -36.123  -77.881  -26.051 0.0000000000
118053  -35.137  -77.969  -26.186 0.0000000000
10578  -34.738  -77.853  -27.033 0.0000000000
10603  -34.072  -77.084  -28.009 0.0000000000
10590  -33.481  -76.979  -27.421 0.0000000000
12774  -32.623  -76.066  -26.889 0.0000000000
12773  -32.118  -75.573  -26.487 0.0000000000
141451  -32.070  -76.386  -25.133 0.0000000000
12765  -31.585  -75.445  -25.870 0.0000000000
138326  -31.691  -74.798  -26.260 0.0000000000
14544  -31.474  -74.000  -25.928 0.0000000000
14535  -30.840  -72.736  -25.193 0.0000000000
14457  -34.947  -73.581  -16.754 0.0000000000
14472  -35.462  -73.972  -17.420 0.0000000000
13583  -35.756  -74.313  -18.682 0.0000000000
14497  -34.906  -74.311  -19.882 0.0000000000
14500  -34.085  -74.166  -20.077 0.0000000000
13612  -33.826  -74.233  -20.851 0.0000000000
16937  -31.802  -70.968  -14.922 0.0000000000
16100  -31.808  -72.280  -15.945 0.0000000000
16110  -30.732  -71.953  -17.252 0.0000000000
15305  -31.502  -72.500  -16.848 0.0000000000
15313  -32.132  -73.019  -17.435 0.0000000000
14489  -32.605  -73.482  -18.978 0.0000000000
140115  -32.814  -73.598  -19.770 0.0000000000
14505  -32.979  -74.046  -21.046 0.0000000000
14504  -32.145  -73.787  -21.334 0.0000000000
14512  -31.762  -74.101  -22.106 0.0000000000
14511  -30.971  -73.759  -22.538 0.0000000000
15337  -30.527  -72.677  -21.557 0.0000000000
14502  -30.467  -73.088  -22.299 0.0000000000
123369  -30.411  -73.364  -22.983 0.0000000000
14520  -30.282  -73.233  -23.705 0.0000000000
123126  -29.987  -72.289  -23.995 0.0000000000
10705  -40.195  -76.640  -36.783 0.0000000000
10704  -39.436  -77.343  -36.811 0.0000000000
12901  -40.686  -75.180  -39.622 0.0000000000
11882  -40.354  -75.870  -39.825 0.0000000000
10756  -39.900  -76.540  -39.903 0.0000000000
11901  -39.016  -76.385  -41.323 0.0000000000
9789  -38.939  -77.446  -41.064 0.0000000000
9764  -38.819  -78.049  -40.195 0.0000000000
16168  -33.247  -71.789  -26.325 0.0000000000
15380  -36.885  -72.311  -27.441 0.0000000000
15392  -37.787  -72.333  -29.142 0.0000000000
15401  -38.820  -71.613  -30.272 0.0000000000
16190  -39.437  -70.982  -30.969 0.0000000000
17080  -40.231  -70.497  -33.563 0.0000000000
128033  -38.112  -70.607  -35.206 0.0000000000
119210  -37.763  -70.395  -33.442 0.0000000000
17099  -37.722  -70.527  -34.319 0.0000000000
15478  -36.182  -71.874  -37.509 0.0000000000
15447  -32.889  -72.194  -35.167 0.0000000000
15461  -33.578  -72.051  -35.766 0.0000000000
16254  -34.333  -71.662  -36.002 0.0000000000
14654  -34.505  -72.680  -36.675 0.0000000000
14655  -35.151  -73.519  -37.003 0.0000000000
13779  -35.550  -74.566  -36.939 0.0000000000
127679  -35.104  -76.218  -36.504 0.0000000000
10703  -34.134  -76.729  -36.991 0.0000000000
10722  -33.446  -76.803  -37.337 0.0000000000
11876  -33.318  -76.609  -38.297 0.0000000000
11875  -32.483  -76.362  -38.381 0.0000000000
9788  -38.410  -78.290  -40.847 0.0000000000
10571  -39.318  -76.833  -26.002 0.0000000000
10582  -38.809  -77.116  -26.541 0.0000000000
10591  -34.656  -77.537  -27.912 0.0000000000
10604  -34.640  -77.110  -28.599 0.0000000000
10608  -38.760  -77.205  -28.058 0.0000000000
10620  -35.730  -77.264  -29.706 0.0000000000
10634  -39.285  -76.720  -30.400 0.0000000000
10664  -31.524  -77.238  -34.252 0.0000000000
10665  -32.294  -77.053  -34.566 0.0000000000
10669  -40.834  -76.651  -33.688 0.0000000000
10700  -31.967  -77.194  -35.978 0.0000000000
10755  -39.405  -77.080  -40.406 0.0000000000
10797  -37.494  -76.983  -42.669 0.0000000000
11635  -34.804  -76.555  -23.241 0.0000000000
11677  -32.471  -76.412  -26.316 0.0000000000
11678  -32.919  -76.783  -26.860 0.0000000000
11700  -33.772  -76.371  -27.936 0.0000000000
11757  -37.045  -76.115  -32.455 0.0000000000
11798  -34.058  -76.102  -35.188 0.0000000000
11839  -31.533  -76.953  -36.662 0.0000000000
11842  -35.519  -75.957  -36.670 0.0000000000
11859  -34.158  -76.715  -37.754 0.0000000000
11861  -36.247  -76.154  -37.826 0.0000000000
12709  -34.776  -75.115  -21.784 0.0000000000
12733  -35.991  -75.742  -22.174 0.0000000000
12760  -32.144  -76.174  -24.430 0.0000000000
12796  -34.526  -76.138  -28.955 0.0000000000
12809  -35.618  -75.605  -31.110 0.0000000000
12840  -33.343  -75.565  -34.484 0.0000000000
12844  -40.843  -75.901  -34.697 0.0000000000
12872  -41.196  -75.064  -36.956 0.0000000000
12898  -31.988  -75.916  -38.808 0.0000000000
12902  -41.120  -74.863  -38.783 0.0000000000
12916  -33.210  -75.864  -39.751 0.0000000000
13597  -36.679  -74.568  -19.548 0.0000000000
13614  -35.494  -74.517  -20.483 0.0000000000
13624  -32.625  -74.361  -21.772 0.0000000000
13693  -35.205  -75.060  -29.577 0.0000000000
13694  -35.849  -74.252  -29.827 0.0000000000
14491  -34.197  -74.054  -18.532 0.0000000000
14498  -35.023  -74.250  -19.042 0.0000000000
14536  -32.093  -73.282  -26.146 0.0000000000
14607  -31.734  -73.100  -33.869 0.0000000000
14609  -38.619  -72.930  -34.300 0.0000000000
14638  -33.202  -72.808  -35.573 0.0000000000
14673  -41.369  -73.021  -37.943 0.0000000000
14687  -39.843  -72.842  -39.502 0.0000000000
15324  -32.757  -73.455  -18.020 0.0000000000
15331  -31.911  -72.901  -19.166 0.0000000000
15333  -30.452  -72.199  -20.756 0.0000000000
15372  -32.709  -72.592  -26.300 0.0000000000
15384  -37.735  -72.072  -28.397 0.0000000000
15393  -38.341  -71.866  -29.554 0.0000000000
15418  -40.505  -71.194  -32.470 0.0000000000
15448  -40.804  -71.328  -34.139 0.0000000000
15462  -34.156  -72.193  -36.291 0.0000000000
15463  -34.770  -71.910  -36.624 0.0000000000
15502  -41.074  -72.916  -38.461 0.0000000000
16072  -34.005  -71.407  -14.506 0.0000000000
16091  -32.258  -71.758  -15.235 0.0000000000
16094  -35.364  -72.066  -14.712 0.0000000000
16098  -30.321  -71.254  -16.857 0.0000000000
16141  -30.037  -72.451  -22.168 0.0000000000
16197  -40.336  -70.855  -32.272 0.0000000000
16242  -36.184  -71.098  -36.239 0.0000000000
16257  -40.754  -71.067  -35.626 0.0000000000
16273  -37.808  -71.052  -37.231 0.0000000000
16274  -39.026  -71.022  -37.150 0.0000000000
16935  -30.374  -70.200  -15.807 0.0000000000
16936  -30.979  -70.623  -15.301 0.0000000000
16965  -29.909  -70.534  -19.207 0.0000000000
16974  -29.621  -70.885  -20.752 0.0000000000
16980  -29.492  -70.617  -21.530 0.0000000000
16985  -29.444  -70.840  -22.228 0.0000000000
17059  -40.668  -70.911  -32.772 0.0000000000
17786  -32.413  -69.602  -14.123 0.0000000000
17787  -33.454  -69.203  -13.858 0.0000000000
18693  -32.345  -67.902  -14.031 0.0000000000
19630  -30.235  -67.732  -15.979 0.0000000000
19642  -30.421  -67.355  -16.690 0.0000000000
19643  -30.651  -66.649  -16.709 0.0000000000
19652  -30.936  -66.972  -17.520 0.0000000000
21512  -31.204  -65.244  -15.911 0.0000000000
22509  -31.753  -63.654  -16.020 0.0000000000
117079  -33.277  -73.911  -20.273 0.0000000000
121078  -36.006  -77.509  -24.687 0.0000000000
123220  -31.525  -72.617  -19.727 0.0000000000
125464  -37.229  -72.469  -27.961 0.0000000000
125475  -34.058  -77.487  -27.325 0.0000000000
126360  -32.327  -74.943  -33.519 0.0000000000
131688  -40.049  -71.133  -36.932 0.0000000000
133577  -40.838  -73.354  -36.828 0.0000000000
134554  -31.124  -72.532  -20.316 0.0000000000
135868  -40.641  -71.584  -36.652 0.0000000000
137255  -36.459  -77.342  -29.940 0.0000000000
137572  -30.035  -69.730  -16.313 0.0000000000
138981  -34.118  -77.685  -26.811 0.0000000000
