#!ascii label  , from subject sub-v1s13x0050023_ses-1 vox2ras=TkReg
962
138043  21.330  -26.592  37.378 0.0000000000
126426  33.538  -24.420  43.155 0.0000000000
68153  40.758  -8.039  20.533 0.0000000000
59683  29.771  -17.191  29.514 0.0000000000
57620  37.256  -19.647  34.821 0.0000000000
75779  51.311  0.908  12.611 0.0000000000
65415  40.107  -10.412  24.321 0.0000000000
126686  34.394  -12.129  23.964 0.0000000000
49504  16.987  -27.018  37.886 0.0000000000
47245  26.106  -28.578  39.594 0.0000000000
52635  28.796  -24.292  39.502 0.0000000000
130528  24.236  -28.433  35.041 0.0000000000
70620  46.598  -4.851  16.963 0.0000000000
48296  24.498  -27.758  42.348 0.0000000000
51583  20.045  -25.287  43.889 0.0000000000
68148  46.061  -8.180  19.690 0.0000000000
49427  15.643  -27.879  43.251 0.0000000000
45014  12.285  -31.783  42.685 0.0000000000
63431  33.838  -13.679  29.263 0.0000000000
59649  34.724  -17.323  32.256 0.0000000000
54672  33.244  -22.492  31.542 0.0000000000
53598  32.127  -22.643  35.958 0.0000000000
64449  39.606  -12.084  25.685 0.0000000000
64479  37.054  -11.458  24.458 0.0000000000
63476  36.499  -12.700  26.196 0.0000000000
65386  42.460  -11.273  25.626 0.0000000000
50668  20.276  -26.102  34.884 0.0000000000
49558  18.907  -26.617  35.549 0.0000000000
51671  18.934  -25.493  37.710 0.0000000000
48362  23.681  -28.676  38.303 0.0000000000
48374  25.095  -28.671  37.530 0.0000000000
49535  22.909  -27.883  36.060 0.0000000000
49576  21.893  -27.308  33.926 0.0000000000
69028  41.383  -7.268  18.748 0.0000000000
67226  42.916  -9.179  22.126 0.0000000000
68150  43.673  -9.314  20.054 0.0000000000
69026  43.899  -7.950  17.962 0.0000000000
51542  19.087  -25.591  46.431 0.0000000000
51586  17.357  -25.407  43.531 0.0000000000
49403  16.629  -26.692  45.609 0.0000000000
46050  12.235  -30.320  47.208 0.0000000000
46063  13.331  -30.307  44.902 0.0000000000
43860  11.483  -32.193  44.881 0.0000000000
41982  9.391  -34.510  44.166 0.0000000000
41962  8.401  -34.610  47.044 0.0000000000
134252  35.287  -16.566  34.809 0.0000000000
58645  36.812  -18.242  33.107 0.0000000000
56706  35.152  -20.145  31.169 0.0000000000
55648  36.090  -21.237  32.927 0.0000000000
136639  27.035  -24.461  37.638 0.0000000000
52645  30.905  -22.455  37.882 0.0000000000
53601  27.894  -22.569  36.730 0.0000000000
54645  29.729  -22.148  33.853 0.0000000000
62527  30.994  -14.488  29.401 0.0000000000
62554  31.497  -14.769  26.601 0.0000000000
122440  28.758  -16.355  26.206 0.0000000000
77544  54.105  3.170  10.827 0.0000000000
76707  52.231  1.757  10.334 0.0000000000
66347  40.150  -9.212  23.302 0.0000000000
66348  37.617  -9.810  22.977 0.0000000000
67198  42.064  -9.292  24.137 0.0000000000
49464  29.600  -26.136  41.465 0.0000000000
51616  31.761  -24.355  41.191 0.0000000000
49500  27.146  -26.680  39.099 0.0000000000
49552  26.452  -27.108  35.948 0.0000000000
49574  25.443  -27.742  33.542 0.0000000000
70603  48.950  -4.379  18.071 0.0000000000
71445  48.970  -3.989  16.201 0.0000000000
73201  48.961  -1.971  14.564 0.0000000000
74060  49.702  -0.895  13.022 0.0000000000
49466  23.101  -27.364  40.071 0.0000000000
50571  21.346  -25.824  40.783 0.0000000000
49439  22.547  -26.368  42.599 0.0000000000
48329  24.467  -28.854  40.190 0.0000000000
69822  45.859  -6.854  17.949 0.0000000000
135293  18.342  -24.788  40.871 0.0000000000
49470  16.169  -27.566  40.804 0.0000000000
47221  15.027  -28.969  41.261 0.0000000000
134069  14.782  -28.306  44.911 0.0000000000
46078  14.131  -30.065  42.838 0.0000000000
39982  6.058  -36.000  48.090 0.0000000000
63439  36.181  -13.148  28.437 0.0000000000
61550  30.804  -15.514  32.219 0.0000000000
60567  32.568  -16.249  34.681 0.0000000000
59661  31.503  -17.399  31.110 0.0000000000
58678  33.705  -18.504  29.117 0.0000000000
55700  33.603  -21.364  29.477 0.0000000000
54690  30.970  -22.179  29.983 0.0000000000
52631  32.776  -22.711  39.392 0.0000000000
53575  33.824  -22.234  37.512 0.0000000000
54607  35.398  -22.490  35.580 0.0000000000
54642  32.786  -23.021  33.151 0.0000000000
118844  30.848  -22.067  31.878 0.0000000000
62551  34.231  -13.520  26.367 0.0000000000
63510  31.576  -13.731  23.281 0.0000000000
63459  39.319  -12.267  26.437 0.0000000000
63474  38.692  -12.186  26.070 0.0000000000
119492  37.483  -12.616  27.111 0.0000000000
64437  40.773  -12.317  26.550 0.0000000000
120638  20.623  -26.151  36.510 0.0000000000
50629  19.707  -25.796  36.637 0.0000000000
50612  20.427  -26.001  37.635 0.0000000000
49502  22.580  -27.793  38.413 0.0000000000
49520  22.926  -28.077  36.986 0.0000000000
49521  21.924  -27.093  37.128 0.0000000000
49537  21.694  -26.713  35.361 0.0000000000
68168  41.384  -7.874  19.638 0.0000000000
127824  41.710  -9.019  21.328 0.0000000000
137745  43.079  -9.282  21.191 0.0000000000
68152  41.750  -8.751  20.491 0.0000000000
138288  42.330  -8.127  18.831 0.0000000000
44967  11.232  -31.785  47.404 0.0000000000
44979  12.064  -31.389  45.986 0.0000000000
43844  10.912  -32.672  46.062 0.0000000000
42871  10.489  -33.304  44.860 0.0000000000
126838  9.967  -33.765  45.989 0.0000000000
141187  8.911  -34.803  45.554 0.0000000000
59626  36.901  -17.353  34.229 0.0000000000
58644  37.010  -18.751  33.558 0.0000000000
57642  36.325  -19.328  32.552 0.0000000000
56672  36.497  -20.639  33.491 0.0000000000
52586  34.592  -23.281  42.629 0.0000000000
51697  26.424  -25.185  35.352 0.0000000000
53589  27.316  -23.571  37.368 0.0000000000
52664  26.485  -24.075  35.472 0.0000000000
54613  26.740  -22.676  34.609 0.0000000000
61577  29.516  -15.960  29.375 0.0000000000
61587  29.557  -15.649  28.410 0.0000000000
74929  51.624  -0.353  14.213 0.0000000000
75772  52.505  0.819  13.744 0.0000000000
75777  52.840  1.369  13.286 0.0000000000
76697  53.002  2.171  11.869 0.0000000000
75785  51.728  1.452  11.960 0.0000000000
66331  39.672  -9.756  23.865 0.0000000000
123869  38.478  -9.452  23.091 0.0000000000
66332  38.854  -9.880  23.719 0.0000000000
64480  36.197  -11.705  24.262 0.0000000000
65439  36.206  -10.693  23.045 0.0000000000
65421  34.828  -11.516  23.337 0.0000000000
65399  41.306  -11.033  24.694 0.0000000000
65414  40.935  -10.301  24.331 0.0000000000
66346  40.978  -9.150  23.389 0.0000000000
50650  17.793  -26.812  36.754 0.0000000000
49505  16.478  -27.621  38.356 0.0000000000
48342  28.276  -27.104  40.862 0.0000000000
49480  28.872  -26.034  40.553 0.0000000000
48358  27.006  -27.342  39.407 0.0000000000
48406  24.282  -28.559  36.038 0.0000000000
48388  25.655  -28.267  36.791 0.0000000000
139431  25.374  -28.512  35.065 0.0000000000
49553  26.292  -27.707  35.205 0.0000000000
136631  25.061  -28.231  33.898 0.0000000000
48423  24.175  -28.216  33.910 0.0000000000
57681  32.793  -19.188  28.268 0.0000000000
70605  47.361  -5.104  17.504 0.0000000000
70617  48.782  -4.576  17.228 0.0000000000
71430  47.688  -4.104  16.454 0.0000000000
73194  47.644  -2.498  15.014 0.0000000000
74056  48.514  -1.714  13.549 0.0000000000
73211  49.413  -1.657  13.981 0.0000000000
48315  23.539  -27.635  40.611 0.0000000000
49452  23.114  -26.745  40.899 0.0000000000
48297  23.883  -27.166  42.146 0.0000000000
48313  24.599  -28.272  41.528 0.0000000000
48330  23.920  -28.306  40.417 0.0000000000
69022  46.763  -6.648  19.250 0.0000000000
69023  46.292  -7.168  18.700 0.0000000000
126796  43.978  -6.340  17.471 0.0000000000
51597  20.368  -25.384  42.048 0.0000000000
51619  19.310  -24.918  40.722 0.0000000000
51598  19.551  -24.863  42.316 0.0000000000
49426  16.082  -27.227  43.564 0.0000000000
50572  16.748  -26.345  41.964 0.0000000000
49454  16.031  -27.762  41.629 0.0000000000
48332  15.753  -28.109  41.198 0.0000000000
48299  15.338  -28.559  42.212 0.0000000000
47144  14.012  -28.114  45.821 0.0000000000
45002  12.469  -31.427  43.524 0.0000000000
46072  13.518  -30.435  44.109 0.0000000000
45013  12.973  -31.183  42.780 0.0000000000
46093  13.659  -30.729  41.554 0.0000000000
62507  32.177  -14.031  31.790 0.0000000000
59639  34.868  -17.059  33.124 0.0000000000
60566  34.072  -16.597  34.903 0.0000000000
60582  33.809  -17.106  33.092 0.0000000000
60597  31.649  -16.999  32.834 0.0000000000
59659  33.648  -17.473  31.223 0.0000000000
59680  33.196  -17.879  29.546 0.0000000000
59669  34.432  -17.779  30.521 0.0000000000
56695  34.886  -21.063  31.011 0.0000000000
56707  34.695  -20.372  30.381 0.0000000000
55684  33.716  -21.727  30.198 0.0000000000
55685  32.825  -21.870  29.570 0.0000000000
54673  32.321  -22.305  31.271 0.0000000000
51643  30.490  -24.133  39.918 0.0000000000
51625  31.844  -23.772  40.417 0.0000000000
130660  31.142  -23.377  39.512 0.0000000000
127542  31.591  -22.214  36.929 0.0000000000
53576  32.811  -22.295  37.648 0.0000000000
53584  33.333  -22.698  36.730 0.0000000000
53595  34.761  -22.774  36.192 0.0000000000
53596  33.906  -23.065  35.770 0.0000000000
54623  34.253  -23.064  33.889 0.0000000000
53610  32.565  -23.069  35.055 0.0000000000
138369  28.100  -21.846  32.949 0.0000000000
118446  30.031  -22.042  32.735 0.0000000000
63441  34.502  -13.649  28.419 0.0000000000
136107  35.227  -13.349  27.100 0.0000000000
62542  34.144  -13.746  27.605 0.0000000000
132546  30.635  -14.961  24.695 0.0000000000
62575  31.366  -14.436  24.902 0.0000000000
78342  54.554  3.570  10.085 0.0000000000
64460  40.282  -11.818  25.042 0.0000000000
65402  38.879  -11.180  24.687 0.0000000000
64462  38.449  -11.694  25.184 0.0000000000
64463  36.592  -12.000  24.976 0.0000000000
64464  35.738  -12.228  24.788 0.0000000000
65373  42.666  -11.946  26.406 0.0000000000
64448  40.900  -11.931  25.263 0.0000000000
50669  19.582  -26.159  35.098 0.0000000000
50630  18.800  -25.763  36.899 0.0000000000
50631  18.182  -25.752  37.732 0.0000000000
118824  24.765  -29.118  39.053 0.0000000000
48359  25.491  -28.623  38.290 0.0000000000
48375  24.327  -28.822  37.932 0.0000000000
48390  23.574  -28.370  36.556 0.0000000000
48407  23.544  -28.206  35.587 0.0000000000
49575  22.630  -27.559  34.097 0.0000000000
49555  22.143  -27.152  34.681 0.0000000000
49556  21.421  -26.785  34.442 0.0000000000
71432  45.336  -4.126  16.420 0.0000000000
48281  24.529  -27.634  43.451 0.0000000000
68134  44.228  -8.666  22.339 0.0000000000
126869  44.643  -9.185  20.536 0.0000000000
68165  44.588  -9.100  19.428 0.0000000000
69025  44.866  -8.009  18.025 0.0000000000
68183  43.372  -8.518  18.565 0.0000000000
120335  42.095  -7.206  18.220 0.0000000000
51567  20.195  -25.464  44.828 0.0000000000
52560  18.699  -24.634  43.389 0.0000000000
51551  18.460  -25.343  45.623 0.0000000000
50542  17.002  -26.251  44.891 0.0000000000
129669  15.766  -27.526  44.077 0.0000000000
47146  13.276  -29.229  46.143 0.0000000000
46055  12.418  -30.616  46.318 0.0000000000
124377  12.122  -31.536  45.121 0.0000000000
43877  11.364  -32.333  43.884 0.0000000000
43893  10.820  -32.948  43.506 0.0000000000
59627  36.101  -16.877  33.996 0.0000000000
59648  35.584  -17.506  32.446 0.0000000000
58662  35.139  -18.012  30.863 0.0000000000
57650  36.004  -18.869  31.865 0.0000000000
56694  35.706  -19.959  31.970 0.0000000000
55650  34.981  -22.176  31.998 0.0000000000
51668  27.981  -24.057  38.878 0.0000000000
52646  30.172  -22.965  38.724 0.0000000000
52655  28.637  -23.151  38.370 0.0000000000
53587  29.457  -22.559  37.586 0.0000000000
53599  30.681  -21.845  36.172 0.0000000000
53612  31.052  -21.903  35.363 0.0000000000
54628  29.371  -22.051  34.907 0.0000000000
122560  27.868  -22.042  33.924 0.0000000000
121071  31.977  -14.166  28.660 0.0000000000
62544  32.520  -14.303  27.333 0.0000000000
119122  31.215  -14.604  28.335 0.0000000000
61607  30.053  -15.387  26.488 0.0000000000
77533  54.238  2.883  11.856 0.0000000000
77535  52.810  2.292  10.803 0.0000000000
67229  40.412  -8.643  21.958 0.0000000000
67249  39.064  -8.114  21.063 0.0000000000
67230  39.495  -8.573  21.856 0.0000000000
65437  37.734  -10.310  23.617 0.0000000000
66349  36.669  -10.045  22.592 0.0000000000
66302  43.167  -10.535  25.670 0.0000000000
67172  43.050  -9.459  25.281 0.0000000000
68129  43.392  -8.437  24.949 0.0000000000
67197  42.453  -8.754  23.663 0.0000000000
67212  41.516  -8.963  22.717 0.0000000000
50569  31.482  -25.967  42.904 0.0000000000
51607  32.446  -24.469  41.966 0.0000000000
50582  30.461  -25.466  41.427 0.0000000000
50608  29.274  -25.366  40.252 0.0000000000
50609  28.601  -25.159  39.759 0.0000000000
49518  26.319  -27.387  37.854 0.0000000000
124093  26.481  -26.818  37.833 0.0000000000
51646  27.029  -25.488  38.473 0.0000000000
51670  26.628  -25.427  37.389 0.0000000000
50683  26.503  -26.155  35.018 0.0000000000
50684  26.135  -26.387  33.751 0.0000000000
72317  50.295  -4.168  15.785 0.0000000000
71447  47.650  -3.491  15.974 0.0000000000
129755  48.794  -2.942  15.539 0.0000000000
72329  50.122  -3.412  15.179 0.0000000000
73209  50.696  -1.999  14.726 0.0000000000
135638  50.336  -1.047  13.935 0.0000000000
74936  50.266  -0.307  12.886 0.0000000000
75780  50.539  0.425  12.188 0.0000000000
49503  22.236  -27.105  38.887 0.0000000000
50597  21.233  -26.147  39.273 0.0000000000
49485  21.825  -26.363  39.985 0.0000000000
50570  21.901  -25.962  41.459 0.0000000000
50550  21.828  -26.053  43.101 0.0000000000
49412  23.245  -26.681  44.102 0.0000000000
50530  20.921  -25.874  44.946 0.0000000000
125180  21.015  -25.953  45.815 0.0000000000
50558  33.085  -25.412  44.154 0.0000000000
122610  31.335  -26.607  43.563 0.0000000000
48324  29.292  -26.735  42.086 0.0000000000
47230  26.879  -28.428  40.343 0.0000000000
47217  27.041  -28.833  40.964 0.0000000000
47246  25.570  -29.024  39.749 0.0000000000
48346  24.336  -29.029  39.395 0.0000000000
49483  22.850  -27.831  39.342 0.0000000000
69818  48.593  -5.107  19.546 0.0000000000
69829  47.580  -5.201  18.458 0.0000000000
70606  46.029  -5.293  17.271 0.0000000000
69035  45.196  -7.282  17.786 0.0000000000
69832  45.022  -6.380  17.557 0.0000000000
70622  44.789  -4.928  16.853 0.0000000000
51629  20.266  -25.581  39.311 0.0000000000
51631  18.551  -25.246  39.209 0.0000000000
51632  17.752  -25.518  39.576 0.0000000000
52589  17.654  -24.829  42.331 0.0000000000
132715  16.918  -26.230  40.635 0.0000000000
132537  16.622  -26.835  39.598 0.0000000000
48349  15.634  -28.182  39.715 0.0000000000
48350  15.228  -28.665  39.864 0.0000000000
48249  15.608  -27.608  44.997 0.0000000000
47176  14.995  -28.405  43.927 0.0000000000
47178  14.439  -29.345  43.942 0.0000000000
122717  14.845  -29.152  42.769 0.0000000000
47222  14.602  -29.575  41.681 0.0000000000
41027  7.194  -35.698  47.416 0.0000000000
121960  37.466  -12.694  27.879 0.0000000000
63421  33.527  -13.565  30.146 0.0000000000
131690  32.115  -13.778  30.237 0.0000000000
62518  31.037  -14.538  30.942 0.0000000000
60619  30.165  -16.482  30.865 0.0000000000
61538  31.630  -15.491  33.741 0.0000000000
60598  30.963  -16.854  32.230 0.0000000000
59673  30.141  -17.130  30.340 0.0000000000
59681  32.065  -17.826  29.382 0.0000000000
58679  32.963  -18.135  28.952 0.0000000000
57680  33.510  -19.339  28.707 0.0000000000
58668  34.828  -18.447  30.187 0.0000000000
56719  34.312  -20.156  29.656 0.0000000000
56720  33.745  -20.524  28.982 0.0000000000
120544  32.123  -22.373  28.265 0.0000000000
119666  31.682  -22.390  29.150 0.0000000000
56630  37.282  -20.313  36.203 0.0000000000
52601  33.309  -23.803  41.883 0.0000000000
122996  33.622  -23.092  41.104 0.0000000000
119028  34.377  -21.893  39.592 0.0000000000
52633  31.630  -22.816  38.960 0.0000000000
117988  33.226  -22.234  38.432 0.0000000000
53567  34.616  -21.789  38.633 0.0000000000
54592  35.367  -21.956  37.377 0.0000000000
54606  36.074  -21.994  35.905 0.0000000000
55620  36.395  -21.510  34.535 0.0000000000
55621  35.916  -22.181  34.062 0.0000000000
54640  34.526  -22.780  33.231 0.0000000000
54657  33.444  -22.781  32.401 0.0000000000
141940  31.430  -22.526  33.611 0.0000000000
54643  31.898  -22.727  33.032 0.0000000000
136265  31.703  -22.317  31.756 0.0000000000
54674  31.370  -22.095  30.985 0.0000000000
63462  36.567  -12.815  26.978 0.0000000000
63477  35.574  -12.930  26.004 0.0000000000
63494  34.327  -12.799  25.069 0.0000000000
62564  32.614  -14.213  26.058 0.0000000000
134078  32.724  -13.374  24.650 0.0000000000
63508  32.998  -12.871  24.134 0.0000000000
75789  51.145  0.575  10.427 0.0000000000
63447  39.089  -12.424  27.242 0.0000000000
63460  38.440  -12.404  26.773 0.0000000000
63448  38.215  -12.549  27.589 0.0000000000
63446  39.928  -12.368  26.883 0.0000000000
121144  21.995  -27.152  37.988 0.0000000000
132286  22.443  -27.653  37.473 0.0000000000
123192  21.501  -26.626  36.381 0.0000000000
68169  40.288  -7.533  19.768 0.0000000000
68154  39.693  -7.772  20.434 0.0000000000
67247  41.042  -8.572  21.287 0.0000000000
67246  42.257  -9.185  21.009 0.0000000000
127091  10.796  -32.485  46.908 0.0000000000
42859  10.482  -33.229  45.659 0.0000000000
42845  10.352  -33.123  46.475 0.0000000000
42846  9.684  -33.559  46.862 0.0000000000
57627  37.627  -18.879  35.192 0.0000000000
58637  37.398  -18.638  34.407 0.0000000000
57633  37.071  -19.361  34.010 0.0000000000
56671  36.905  -20.154  34.062 0.0000000000
51595  34.145  -24.048  43.180 0.0000000000
51706  26.221  -25.430  34.138 0.0000000000
52671  26.201  -24.496  34.402 0.0000000000
128780  26.255  -23.661  34.545 0.0000000000
60632  29.734  -16.612  29.942 0.0000000000
61588  29.238  -16.288  28.615 0.0000000000
74934  51.854  0.511  13.524 0.0000000000
74928  52.225  0.244  14.132 0.0000000000
75778  52.126  1.188  12.976 0.0000000000
76690  52.539  1.686  12.396 0.0000000000
65416  39.253  -10.506  24.256 0.0000000000
64481  35.313  -11.884  24.103 0.0000000000
64482  34.017  -11.714  23.178 0.0000000000
65400  40.586  -11.173  24.614 0.0000000000
66330  40.513  -9.659  23.922 0.0000000000
50632  17.597  -26.457  37.439 0.0000000000
136714  17.306  -27.171  37.236 0.0000000000
49522  16.859  -27.853  37.366 0.0000000000
47244  26.804  -27.891  39.882 0.0000000000
48344  26.228  -27.917  39.092 0.0000000000
48405  24.963  -28.643  35.461 0.0000000000
121043  24.961  -28.472  34.653 0.0000000000
48421  25.686  -28.174  34.566 0.0000000000
139559  33.123  -19.974  28.360 0.0000000000
70619  47.365  -4.695  16.811 0.0000000000
121745  46.922  -4.228  16.596 0.0000000000
48314  24.089  -27.863  41.282 0.0000000000
135715  23.642  -27.164  41.330 0.0000000000
69002  46.019  -8.267  20.621 0.0000000000
69008  46.487  -7.460  19.470 0.0000000000
68164  46.062  -7.888  18.952 0.0000000000
123714  20.270  -25.293  42.916 0.0000000000
132609  16.035  -27.495  42.846 0.0000000000
49441  15.826  -27.907  42.405 0.0000000000
48316  15.632  -28.252  41.965 0.0000000000
48298  15.455  -28.323  42.604 0.0000000000
47145  13.724  -28.303  46.646 0.0000000000
45001  13.079  -30.954  43.654 0.0000000000
120075  12.620  -31.646  42.061 0.0000000000
59650  33.730  -17.304  32.153 0.0000000000
59658  34.611  -17.556  31.363 0.0000000000
55667  34.701  -21.862  31.276 0.0000000000
55683  34.381  -21.431  30.616 0.0000000000
55668  33.941  -22.148  30.967 0.0000000000
54688  33.072  -22.146  30.666 0.0000000000
51644  29.586  -24.661  39.931 0.0000000000
52634  29.820  -23.807  39.475 0.0000000000
53585  32.424  -22.443  36.811 0.0000000000
53597  32.903  -23.042  35.938 0.0000000000
53609  33.356  -23.177  35.102 0.0000000000
62534  33.599  -13.839  28.261 0.0000000000
64461  39.359  -11.727  25.143 0.0000000000
117491  38.856  -11.971  25.591 0.0000000000
63475  37.287  -12.454  26.089 0.0000000000
64450  37.958  -12.123  25.753 0.0000000000
63491  36.986  -12.306  25.613 0.0000000000
63492  36.108  -12.508  25.477 0.0000000000
65358  43.522  -12.023  27.021 0.0000000000
64438  40.051  -12.240  26.214 0.0000000000
64436  41.268  -12.105  25.880 0.0000000000
121935  40.491  -12.116  25.716 0.0000000000
50613  19.512  -25.653  37.421 0.0000000000
123591  18.102  -26.116  36.976 0.0000000000
48361  24.297  -29.011  38.709 0.0000000000
49554  22.841  -27.702  35.086 0.0000000000
139874  22.389  -27.337  35.531 0.0000000000
50646  20.834  -26.234  35.539 0.0000000000
50667  20.982  -26.352  34.843 0.0000000000
67210  43.222  -8.703  22.858 0.0000000000
68141  43.737  -9.202  21.875 0.0000000000
68151  42.636  -9.224  20.193 0.0000000000
67225  43.988  -9.352  21.074 0.0000000000
128045  43.784  -9.111  19.057 0.0000000000
68166  42.971  -9.045  19.268 0.0000000000
51550  19.597  -25.397  45.602 0.0000000000
51568  19.236  -25.028  44.708 0.0000000000
50532  17.473  -25.920  45.807 0.0000000000
49414  16.232  -26.954  44.508 0.0000000000
49415  15.932  -27.369  44.869 0.0000000000
46049  12.711  -29.792  46.674 0.0000000000
44980  11.726  -31.922  45.620 0.0000000000
44991  12.003  -31.744  44.209 0.0000000000
43878  10.912  -32.814  44.402 0.0000000000
42872  10.000  -33.903  44.536 0.0000000000
42882  10.397  -33.416  44.016 0.0000000000
41961  9.162  -34.298  46.328 0.0000000000
120063  8.505  -35.050  46.183 0.0000000000
58638  37.164  -18.053  33.807 0.0000000000
59637  36.593  -17.586  33.467 0.0000000000
59638  35.835  -17.173  33.219 0.0000000000
59647  36.301  -17.820  32.720 0.0000000000
58654  35.993  -18.100  32.000 0.0000000000
58653  36.404  -18.511  32.510 0.0000000000
56683  36.178  -20.302  32.774 0.0000000000
56684  35.776  -20.924  32.350 0.0000000000
55666  35.268  -21.156  31.729 0.0000000000
55649  35.553  -21.709  32.459 0.0000000000
51687  27.672  -23.769  38.147 0.0000000000
53588  28.281  -22.866  37.715 0.0000000000
54600  28.930  -22.433  36.991 0.0000000000
53600  29.818  -22.133  36.609 0.0000000000
54610  30.108  -21.897  35.669 0.0000000000
54611  28.911  -22.135  36.028 0.0000000000
54630  27.264  -22.266  34.376 0.0000000000
61608  29.090  -15.956  26.856 0.0000000000
61597  29.750  -15.495  27.428 0.0000000000
61619  29.434  -15.795  25.745 0.0000000000
76698  52.280  1.834  11.332 0.0000000000
77546  52.816  2.194  9.869 0.0000000000
67214  39.831  -8.861  22.604 0.0000000000
66361  38.035  -9.127  22.341 0.0000000000
66362  37.109  -9.395  22.071 0.0000000000
64478  37.952  -11.240  24.610 0.0000000000
65417  38.328  -10.537  24.100 0.0000000000
65418  37.467  -10.824  24.013 0.0000000000
65440  35.238  -10.875  22.747 0.0000000000
66350  35.740  -10.249  22.243 0.0000000000
129686  35.439  -9.936  21.485 0.0000000000
65385  43.319  -11.351  26.189 0.0000000000
66290  43.773  -10.714  26.100 0.0000000000
67173  42.421  -9.558  24.732 0.0000000000
67185  42.691  -8.812  24.525 0.0000000000
67213  40.696  -8.867  22.684 0.0000000000
67228  41.279  -8.896  21.986 0.0000000000
49450  30.827  -26.329  42.829 0.0000000000
50581  30.899  -25.654  42.066 0.0000000000
49463  30.327  -26.005  41.921 0.0000000000
49499  27.975  -26.292  39.846 0.0000000000
140553  28.487  -25.751  39.960 0.0000000000
50610  27.598  -25.781  39.332 0.0000000000
48372  25.990  -28.045  38.180 0.0000000000
48373  25.661  -28.305  37.628 0.0000000000
49534  26.194  -27.809  36.245 0.0000000000
49533  26.370  -27.118  37.057 0.0000000000
50628  26.551  -26.292  37.614 0.0000000000
50645  26.465  -26.391  36.664 0.0000000000
49573  26.111  -27.395  34.190 0.0000000000
50666  26.539  -26.949  34.948 0.0000000000
49593  25.636  -27.012  32.941 0.0000000000
48440  23.129  -27.976  33.392 0.0000000000
49596  22.352  -27.728  33.499 0.0000000000
70592  49.138  -4.628  18.949 0.0000000000
71428  49.255  -4.396  16.788 0.0000000000
71444  49.714  -4.257  16.336 0.0000000000
72303  50.555  -4.235  16.498 0.0000000000
72321  46.344  -3.128  15.435 0.0000000000
72331  48.482  -2.434  15.114 0.0000000000
72330  49.283  -2.760  15.122 0.0000000000
73200  49.972  -2.389  14.634 0.0000000000
73199  50.859  -3.128  14.868 0.0000000000
136810  49.744  -1.291  13.657 0.0000000000
49484  22.504  -26.916  39.599 0.0000000000
49467  22.638  -26.657  40.236 0.0000000000
123641  22.503  -26.308  41.674 0.0000000000
50560  21.892  -26.007  42.199 0.0000000000
48282  23.950  -27.102  43.812 0.0000000000
49413  22.494  -26.454  44.740 0.0000000000
50540  21.577  -26.125  44.171 0.0000000000
50529  21.632  -26.127  45.123 0.0000000000
49435  31.873  -26.274  43.671 0.0000000000
48326  28.031  -27.637  41.108 0.0000000000
47219  25.361  -28.866  41.441 0.0000000000
47232  25.309  -29.010  40.448 0.0000000000
47231  26.220  -28.928  40.320 0.0000000000
48328  24.937  -29.091  39.627 0.0000000000
48331  23.359  -28.108  39.961 0.0000000000
69821  46.485  -6.334  18.482 0.0000000000
69820  47.055  -5.817  18.985 0.0000000000
69830  46.843  -5.646  18.145 0.0000000000
69831  46.022  -5.927  17.731 0.0000000000
69036  44.411  -7.203  17.685 0.0000000000
70609  43.545  -5.706  17.081 0.0000000000
70608  44.397  -5.592  17.202 0.0000000000
70607  45.308  -5.480  17.249 0.0000000000
50584  21.047  -25.864  39.934 0.0000000000
51630  19.354  -25.157  39.736 0.0000000000
51620  18.406  -25.007  40.073 0.0000000000
51585  17.947  -24.860  43.735 0.0000000000
52575  18.073  -24.599  42.891 0.0000000000
52576  17.602  -24.944  43.048 0.0000000000
49453  16.558  -26.932  41.237 0.0000000000
50585  16.998  -26.004  41.200 0.0000000000
50598  17.078  -26.074  39.935 0.0000000000
49469  16.552  -26.891  40.349 0.0000000000
49487  16.159  -27.542  39.398 0.0000000000
132555  16.232  -27.389  40.096 0.0000000000
48333  15.425  -28.444  40.674 0.0000000000
47234  14.916  -29.001  40.323 0.0000000000
47249  14.580  -29.749  39.785 0.0000000000
48230  14.598  -27.809  45.668 0.0000000000
136535  15.118  -28.079  44.611 0.0000000000
47177  14.696  -28.713  44.221 0.0000000000
46054  13.034  -30.039  45.750 0.0000000000
46071  14.123  -29.968  43.681 0.0000000000
47191  14.824  -28.915  43.432 0.0000000000
47192  14.510  -29.521  43.203 0.0000000000
47208  14.591  -29.593  42.447 0.0000000000
125796  7.581  -34.784  47.649 0.0000000000
41949  7.096  -34.268  48.121 0.0000000000
41014  5.963  -35.083  47.954 0.0000000000
41028  6.532  -35.668  47.907 0.0000000000
63430  35.757  -13.440  29.769 0.0000000000
63411  33.738  -13.510  30.885 0.0000000000
62516  32.741  -13.627  30.751 0.0000000000
62495  31.414  -14.755  32.518 0.0000000000
62508  31.241  -14.616  31.651 0.0000000000
61558  30.619  -15.232  31.337 0.0000000000
130840  30.220  -15.725  30.947 0.0000000000
61559  30.431  -16.009  31.570 0.0000000000
119760  33.263  -16.619  34.601 0.0000000000
60568  31.953  -16.270  34.116 0.0000000000
59652  31.662  -17.278  31.893 0.0000000000
126323  30.957  -17.133  31.655 0.0000000000
59662  30.590  -17.136  31.083 0.0000000000
59672  31.181  -17.500  30.327 0.0000000000
58688  33.108  -18.657  28.685 0.0000000000
58667  35.278  -18.634  30.791 0.0000000000
57659  35.109  -19.305  30.535 0.0000000000
56708  34.174  -21.028  29.830 0.0000000000
55701  33.059  -21.440  28.768 0.0000000000
54689  32.072  -22.110  30.269 0.0000000000
54707  30.713  -22.859  29.154 0.0000000000
52617  32.453  -23.261  40.108 0.0000000000
52616  33.176  -22.887  40.196 0.0000000000
52615  34.025  -22.414  40.313 0.0000000000
53568  33.721  -22.232  39.244 0.0000000000
52644  31.035  -22.812  38.796 0.0000000000
121051  33.987  -21.948  38.257 0.0000000000
53574  34.634  -21.991  37.772 0.0000000000
132797  35.241  -21.745  38.001 0.0000000000
54599  35.432  -22.276  36.532 0.0000000000
55605  36.470  -21.461  35.386 0.0000000000
55606  36.019  -22.151  34.957 0.0000000000
54622  35.318  -22.601  34.621 0.0000000000
54624  33.277  -23.154  34.138 0.0000000000
54641  33.768  -22.985  33.216 0.0000000000
54656  34.341  -22.636  32.563 0.0000000000
54627  30.410  -22.055  34.660 0.0000000000
54626  31.285  -22.370  34.428 0.0000000000
54644  30.671  -22.265  33.700 0.0000000000
118297  31.097  -22.281  32.886 0.0000000000
119068  31.594  -22.416  32.359 0.0000000000
63438  36.995  -12.844  28.496 0.0000000000
63449  36.732  -12.850  27.744 0.0000000000
63450  35.816  -13.156  27.577 0.0000000000
131344  34.577  -13.591  27.021 0.0000000000
63464  35.018  -13.273  26.520 0.0000000000
63478  34.712  -13.115  25.827 0.0000000000
63479  33.843  -13.360  25.658 0.0000000000
62553  32.195  -14.471  26.644 0.0000000000
62565  31.700  -14.569  25.905 0.0000000000
62587  31.475  -14.022  23.999 0.0000000000
62574  32.098  -13.806  24.760 0.0000000000
63509  32.139  -13.337  23.889 0.0000000000
78352  55.369  4.097  9.924 0.0000000000
79154  56.069  4.483  9.885 0.0000000000
75786  50.965  0.993  11.505 0.0000000000
74947  50.826  -0.235  10.326 0.0000000000
126032  37.840  -12.396  26.377 0.0000000000
63461  37.131  -12.571  26.549 0.0000000000
50647  19.963  -25.862  35.615 0.0000000000
48363  23.009  -28.270  37.892 0.0000000000
49536  22.277  -27.328  36.421 0.0000000000
69009  40.678  -7.264  19.157 0.0000000000
67227  42.148  -9.224  21.866 0.0000000000
68167  42.224  -8.709  19.625 0.0000000000
50521  18.479  -25.996  47.030 0.0000000000
50531  18.162  -25.748  46.392 0.0000000000
44970  11.458  -31.994  46.382 0.0000000000
43843  11.316  -32.318  45.645 0.0000000000
43861  10.934  -32.752  45.252 0.0000000000
42860  10.125  -33.718  45.268 0.0000000000
42838  8.951  -33.945  47.326 0.0000000000
59625  37.496  -17.816  34.598 0.0000000000
138386  36.743  -18.846  32.963 0.0000000000
57634  36.716  -19.624  33.321 0.0000000000
52656  26.681  -24.583  36.634 0.0000000000
128846  26.901  -23.306  36.308 0.0000000000
54612  27.295  -22.557  35.543 0.0000000000
53602  26.586  -23.132  35.162 0.0000000000
53613  26.271  -23.023  34.110 0.0000000000
62528  30.110  -15.213  29.723 0.0000000000
62536  30.187  -15.070  28.887 0.0000000000
61598  29.042  -16.160  27.831 0.0000000000
74053  51.721  -1.251  15.144 0.0000000000
74052  52.192  -0.294  14.679 0.0000000000
76689  53.248  1.879  12.828 0.0000000000
76699  51.592  1.375  10.856 0.0000000000
127413  39.301  -9.278  23.226 0.0000000000
66333  38.191  -9.982  23.530 0.0000000000
65419  36.644  -11.114  23.762 0.0000000000
65420  35.762  -11.335  23.532 0.0000000000
65387  41.539  -11.584  25.267 0.0000000000
65398  41.950  -10.937  24.965 0.0000000000
66314  41.775  -10.131  24.565 0.0000000000
133943  41.320  -9.559  23.993 0.0000000000
50649  18.436  -26.339  36.296 0.0000000000
128575  16.371  -28.320  37.876 0.0000000000
48364  15.919  -28.172  38.740 0.0000000000
49465  28.812  -26.624  41.134 0.0000000000
49481  28.189  -26.692  40.394 0.0000000000
49482  27.580  -26.848  39.779 0.0000000000
48389  25.039  -28.638  36.410 0.0000000000
48404  25.693  -28.349  35.631 0.0000000000
130148  23.834  -28.229  33.059 0.0000000000
57682  31.941  -19.060  27.980 0.0000000000
70604  48.193  -4.712  17.831 0.0000000000
70618  48.055  -4.781  16.957 0.0000000000
71429  48.555  -4.324  16.604 0.0000000000
73203  47.221  -2.407  14.185 0.0000000000
74055  49.151  -1.320  13.177 0.0000000000
49438  23.194  -26.680  41.943 0.0000000000
49424  23.368  -26.738  43.029 0.0000000000
47233  24.801  -28.708  40.986 0.0000000000
69037  43.491  -7.056  17.723 0.0000000000
51608  20.386  -25.376  41.185 0.0000000000
51618  20.287  -25.475  40.288 0.0000000000
51609  19.671  -24.994  41.563 0.0000000000
52587  18.792  -24.622  41.649 0.0000000000
50552  16.751  -26.291  43.789 0.0000000000
51599  17.122  -25.657  42.749 0.0000000000
50562  16.478  -26.752  42.851 0.0000000000
49440  16.271  -27.299  42.158 0.0000000000
48317  15.384  -28.547  41.624 0.0000000000
47160  14.274  -28.603  45.218 0.0000000000
44990  12.765  -31.060  44.458 0.0000000000
46079  13.570  -30.536  43.254 0.0000000000
46086  13.653  -30.711  42.375 0.0000000000
136894  33.084  -13.606  31.518 0.0000000000
62506  32.896  -13.744  32.326 0.0000000000
62494  32.124  -14.300  32.808 0.0000000000
62482  31.589  -14.913  33.226 0.0000000000
60581  35.064  -16.787  33.969 0.0000000000
130365  33.955  -16.858  33.975 0.0000000000
60583  32.812  -16.875  33.974 0.0000000000
126114  32.023  -16.791  33.574 0.0000000000
60596  32.728  -17.153  33.015 0.0000000000
59651  32.667  -17.340  32.065 0.0000000000
59660  32.564  -17.472  31.156 0.0000000000
59671  32.343  -17.639  30.306 0.0000000000
59670  33.459  -17.670  30.356 0.0000000000
58669  34.121  -18.048  29.765 0.0000000000
51627  30.687  -24.539  40.493 0.0000000000
51626  31.243  -24.272  40.648 0.0000000000
52618  31.206  -23.889  40.100 0.0000000000
52632  31.898  -23.198  39.613 0.0000000000
118043  31.813  -22.404  37.955 0.0000000000
54593  34.704  -22.364  37.101 0.0000000000
130998  34.114  -22.741  36.717 0.0000000000
54608  34.701  -22.950  35.192 0.0000000000
137130  34.685  -22.948  34.408 0.0000000000
54609  34.044  -23.185  34.720 0.0000000000
118031  29.101  -22.024  33.130 0.0000000000
54660  28.964  -21.762  32.222 0.0000000000
54659  29.767  -21.820  31.610 0.0000000000
54675  28.953  -21.842  31.388 0.0000000000
63440  35.371  -13.436  28.417 0.0000000000
63451  34.939  -13.492  27.686 0.0000000000
127378  33.805  -13.837  26.890 0.0000000000
61617  30.873  -14.896  25.451 0.0000000000
132768  53.888  3.086  9.968 0.0000000000
141661  54.641  3.516  10.801 0.0000000000
65401  39.768  -11.229  24.669 0.0000000000
122949  37.497  -11.801  25.124 0.0000000000
64465  34.908  -12.382  24.634 0.0000000000
65374  41.999  -11.937  25.939 0.0000000000
64435  41.854  -12.294  26.686 0.0000000000
65388  40.930  -11.605  24.888 0.0000000000
50648  19.165  -25.932  35.891 0.0000000000
50614  17.411  -26.263  38.264 0.0000000000
48345  25.376  -28.953  39.060 0.0000000000
141442  25.758  -28.449  38.835 0.0000000000
48360  24.921  -28.985  38.443 0.0000000000
137057  24.328  -28.667  37.014 0.0000000000
48376  23.618  -28.518  37.465 0.0000000000
48424  23.443  -28.002  34.507 0.0000000000
71431  46.162  -4.115  16.568 0.0000000000
72305  45.798  -3.579  15.995 0.0000000000
68133  45.056  -8.354  21.910 0.0000000000
68140  44.550  -9.056  21.500 0.0000000000
68139  45.342  -8.747  21.055 0.0000000000
68149  45.410  -8.762  20.035 0.0000000000
68181  45.410  -8.530  18.863 0.0000000000
68182  44.343  -8.676  18.539 0.0000000000
69027  42.949  -7.651  18.134 0.0000000000
51584  19.450  -24.812  43.162 0.0000000000
51569  18.167  -25.056  44.661 0.0000000000
51570  17.443  -25.516  44.321 0.0000000000
51552  17.666  -25.534  45.108 0.0000000000
46064  12.653  -30.855  45.450 0.0000000000
45003  11.872  -32.023  43.318 0.0000000000
60565  36.356  -16.663  34.800 0.0000000000
59657  35.355  -17.795  31.655 0.0000000000
58661  35.582  -18.423  31.370 0.0000000000
57658  35.545  -19.184  31.219 0.0000000000
54671  34.156  -22.426  31.758 0.0000000000
52647  29.113  -23.401  39.001 0.0000000000
53578  29.513  -22.868  38.329 0.0000000000
53577  30.161  -22.585  37.888 0.0000000000
53586  30.610  -22.206  37.028 0.0000000000
131672  31.450  -21.954  36.099 0.0000000000
53611  31.823  -22.542  35.128 0.0000000000
54629  28.192  -22.143  34.979 0.0000000000
54646  28.733  -22.084  33.971 0.0000000000
118021  32.856  -13.862  28.900 0.0000000000
62535  32.753  -14.094  28.060 0.0000000000
135314  32.039  -14.362  27.919 0.0000000000
62545  31.575  -14.671  27.361 0.0000000000
61586  30.490  -15.068  27.896 0.0000000000
61596  30.794  -15.098  26.969 0.0000000000
61606  30.937  -14.980  26.199 0.0000000000
61618  30.137  -15.376  25.058 0.0000000000
77523  53.704  2.404  12.364 0.0000000000
77534  53.534  2.634  11.358 0.0000000000
77545  53.399  2.699  10.346 0.0000000000
67248  40.103  -8.264  21.230 0.0000000000
66360  38.947  -8.940  22.498 0.0000000000
67231  38.523  -8.591  21.707 0.0000000000
65438  37.072  -10.473  23.347 0.0000000000
66363  36.194  -9.658  21.748 0.0000000000
67163  43.743  -9.960  25.855 0.0000000000
68131  43.108  -8.150  24.010 0.0000000000
67211  42.285  -9.015  22.792 0.0000000000
67199  41.741  -9.120  23.466 0.0000000000
50567  32.943  -25.011  43.496 0.0000000000
51606  33.090  -24.517  42.686 0.0000000000
50568  32.324  -25.411  42.942 0.0000000000
50580  31.618  -25.136  42.054 0.0000000000
51617  30.926  -24.888  41.231 0.0000000000
50583  30.050  -25.637  41.256 0.0000000000
50594  30.289  -25.141  40.874 0.0000000000
51628  30.056  -24.925  40.354 0.0000000000
49501  26.525  -27.381  38.626 0.0000000000
49517  26.616  -26.926  38.346 0.0000000000
49519  26.053  -27.865  37.259 0.0000000000
50627  26.810  -26.326  38.452 0.0000000000
51645  27.827  -24.933  39.220 0.0000000000
127198  27.442  -24.808  38.744 0.0000000000
136253  26.527  -26.529  35.713 0.0000000000
126881  26.533  -25.786  36.114 0.0000000000
72316  51.189  -4.141  15.947 0.0000000000
72304  46.836  -3.638  16.133 0.0000000000
71446  48.297  -3.718  16.087 0.0000000000
72319  48.140  -2.974  15.662 0.0000000000
127934  48.715  -3.352  15.850 0.0000000000
72318  49.337  -3.570  15.704 0.0000000000
72328  50.826  -3.872  15.354 0.0000000000
73208  51.564  -2.409  15.115 0.0000000000
74054  51.133  -1.308  14.687 0.0000000000
73210  50.062  -1.659  14.202 0.0000000000
74930  50.914  -0.564  13.817 0.0000000000
74935  51.087  0.148  13.224 0.0000000000
50611  21.421  -26.528  38.469 0.0000000000
50596  21.842  -26.603  39.270 0.0000000000
49468  22.276  -26.245  40.835 0.0000000000
50561  21.197  -25.734  41.728 0.0000000000
50551  21.119  -25.734  42.577 0.0000000000
50541  20.951  -25.760  43.481 0.0000000000
121447  24.076  -27.265  42.969 0.0000000000
49425  22.509  -26.425  43.616 0.0000000000
139864  23.182  -26.691  44.761 0.0000000000
132199  20.737  -25.747  44.270 0.0000000000
136644  20.386  -25.680  45.498 0.0000000000
51549  20.116  -25.744  46.290 0.0000000000
50519  20.826  -26.110  46.909 0.0000000000
50520  19.615  -25.957  47.139 0.0000000000
122473  34.430  -24.454  43.680 0.0000000000
50559  32.445  -25.861  43.866 0.0000000000
49451  30.180  -26.604  42.630 0.0000000000
48325  28.605  -27.146  41.599 0.0000000000
48327  27.394  -27.887  40.504 0.0000000000
48347  23.756  -28.782  39.055 0.0000000000
120564  23.850  -28.644  39.738 0.0000000000
141714  23.367  -28.393  39.395 0.0000000000
48348  23.163  -28.362  38.746 0.0000000000
70593  48.361  -4.826  18.735 0.0000000000
69819  47.788  -5.416  19.306 0.0000000000
126724  46.590  -5.405  17.516 0.0000000000
69024  45.681  -7.700  18.281 0.0000000000
70621  45.610  -4.742  16.877 0.0000000000
134940  45.060  -4.511  16.647 0.0000000000
51647  20.661  -25.882  38.617 0.0000000000
51648  19.720  -25.548  38.303 0.0000000000
136503  19.326  -25.295  38.976 0.0000000000
51649  18.731  -25.394  38.408 0.0000000000
51650  17.931  -25.626  38.680 0.0000000000
126535  17.255  -26.172  39.122 0.0000000000
52574  18.781  -24.562  42.588 0.0000000000
52588  18.183  -24.552  42.180 0.0000000000
52602  17.897  -24.748  41.516 0.0000000000
51610  17.309  -25.376  41.709 0.0000000000
128121  17.559  -25.346  40.652 0.0000000000
49486  16.760  -26.900  38.782 0.0000000000
126261  15.873  -27.868  40.342 0.0000000000
47247  15.459  -28.829  39.031 0.0000000000
49404  16.051  -27.000  45.727 0.0000000000
48266  15.406  -27.912  44.131 0.0000000000
47190  15.222  -28.383  43.304 0.0000000000
123300  13.784  -28.729  45.720 0.0000000000
117538  14.340  -29.066  44.576 0.0000000000
46062  13.970  -29.783  44.390 0.0000000000
47206  15.137  -28.723  42.717 0.0000000000
47207  15.013  -28.995  42.124 0.0000000000
46085  14.160  -30.198  42.029 0.0000000000
46092  14.064  -30.145  41.184 0.0000000000
47235  14.514  -29.537  40.778 0.0000000000
41034  7.952  -35.377  46.836 0.0000000000
41013  6.804  -34.989  47.995 0.0000000000
134516  34.992  -13.587  29.310 0.0000000000
62525  32.847  -13.682  29.789 0.0000000000
62526  32.003  -13.922  29.521 0.0000000000
122278  31.361  -14.200  30.248 0.0000000000
62517  31.742  -14.013  30.935 0.0000000000
61567  30.485  -14.978  30.459 0.0000000000
61568  29.883  -15.881  30.296 0.0000000000
61539  31.193  -15.529  33.068 0.0000000000
60584  31.444  -16.262  33.450 0.0000000000
60585  30.924  -16.271  32.786 0.0000000000
60599  30.656  -16.279  32.141 0.0000000000
60608  30.554  -16.678  31.643 0.0000000000
59682  30.752  -17.592  29.586 0.0000000000
59691  31.380  -17.928  28.905 0.0000000000
58689  32.293  -18.413  28.571 0.0000000000
58677  34.334  -18.696  29.606 0.0000000000
57669  34.658  -19.365  29.870 0.0000000000
57670  34.151  -19.420  29.238 0.0000000000
56731  32.952  -20.860  28.206 0.0000000000
54720  31.424  -23.329  28.382 0.0000000000
56646  37.167  -20.342  35.431 0.0000000000
51605  33.803  -23.839  42.625 0.0000000000
119244  34.119  -23.215  41.935 0.0000000000
133891  32.637  -23.650  40.976 0.0000000000
52600  34.453  -22.524  41.264 0.0000000000
120559  34.898  -21.546  39.334 0.0000000000
120546  30.575  -23.416  39.350 0.0000000000
53569  32.344  -22.548  38.667 0.0000000000
54585  35.386  -21.425  38.583 0.0000000000
54598  36.033  -21.705  36.787 0.0000000000
55594  36.526  -21.259  36.213 0.0000000000
55604  36.918  -20.817  35.795 0.0000000000
56660  36.986  -20.449  34.701 0.0000000000
56661  36.694  -20.888  34.220 0.0000000000
55633  36.260  -21.449  33.701 0.0000000000
55634  35.814  -22.068  33.185 0.0000000000
54639  35.134  -22.650  33.712 0.0000000000
55635  35.127  -22.403  32.805 0.0000000000
54625  32.127  -22.936  34.051 0.0000000000
54658  32.412  -22.644  32.219 0.0000000000
120129  30.383  -21.971  30.822 0.0000000000
63463  35.784  -13.052  26.726 0.0000000000
63493  35.231  -12.667  25.311 0.0000000000
137044  34.374  -12.493  24.523 0.0000000000
62543  33.334  -14.002  27.456 0.0000000000
62552  33.015  -14.140  26.740 0.0000000000
62563  33.420  -13.833  26.201 0.0000000000
139965  32.144  -14.148  25.456 0.0000000000
62573  32.912  -13.713  25.419 0.0000000000
63495  33.447  -13.125  24.910 0.0000000000
64466  33.834  -12.619  24.367 0.0000000000
124076  33.419  -12.267  23.478 0.0000000000
48343  27.623  -27.332  40.249 0.0000000000
50595  29.698  -25.513  40.773 0.0000000000
51596  33.650  -24.714  43.682 0.0000000000
51669  27.206  -24.684  38.253 0.0000000000
52552  18.643  -24.823  44.097 0.0000000000
55619  36.848  -20.964  34.984 0.0000000000
118808  24.385  -28.453  40.857 0.0000000000
130179  30.337  -15.253  25.791 0.0000000000
130680  19.246  -24.852  43.853 0.0000000000
138656  28.069  -22.303  35.877 0.0000000000
