#!ascii label  , from subject sub-v1s13x0050002_ses-1 vox2ras=TkReg
934
23981  -29.938  -60.137  -34.786 0.5000000000
22979  -28.713  -60.567  -36.183 0.8000000119
124213  -26.695  -60.119  -36.057 0.8000000119
23992  -27.457  -59.955  -35.705 0.8000000119
23993  -28.285  -60.114  -35.643 0.8000000119
23982  -30.944  -59.884  -34.963 0.5000000000
23994  -29.316  -60.202  -35.654 0.5000000000
23980  -28.902  -59.935  -34.545 0.6000000238
25025  -25.641  -58.480  -35.095 0.6999999881
139081  -26.346  -58.803  -34.950 0.6999999881
23979  -27.879  -59.641  -34.813 0.8000000119
23965  -28.262  -59.466  -33.768 0.6999999881
124410  -31.377  -59.867  -34.245 0.6000000238
23968  -30.583  -60.148  -34.005 0.5000000000
23967  -29.713  -60.109  -33.711 0.6000000238
25993  -24.459  -57.758  -34.665 0.6999999881
23966  -29.000  -59.799  -33.468 0.6000000238
121784  -29.523  -59.878  -32.667 0.6000000238
25994  -25.189  -57.674  -34.747 0.6999999881
25030  -25.204  -59.492  -35.593 0.6999999881
142105  -26.867  -58.743  -34.393 0.6999999881
23950  -28.600  -59.324  -32.854 0.6000000238
23951  -29.021  -59.058  -32.003 0.6000000238
23964  -27.467  -59.098  -34.091 0.8000000119
25017  -27.827  -58.824  -33.188 0.8000000119
24998  -28.737  -58.080  -31.703 0.6999999881
145239  -31.312  -60.100  -33.417 0.4000000060
23952  -30.337  -60.117  -32.214 0.6000000238
26960  -24.798  -56.874  -34.241 0.6999999881
24999  -29.562  -58.611  -31.174 0.6000000238
27975  -25.526  -56.164  -34.057 0.6999999881
25995  -25.838  -57.619  -34.572 0.6999999881
25015  -26.461  -58.070  -34.335 0.6999999881
25991  -26.983  -57.559  -33.548 0.6999999881
25986  -27.544  -58.017  -32.886 0.6000000238
26945  -28.664  -57.057  -31.721 0.6999999881
27959  -29.552  -55.656  -31.678 0.5000000000
26959  -27.673  -56.119  -33.139 0.6000000238
26951  -27.461  -57.100  -32.888 0.6000000238
26952  -28.122  -56.598  -32.406 0.6000000238
27966  -29.862  -54.878  -32.060 0.6000000238
136855  -29.148  -55.256  -32.455 0.6000000238
28993  -30.376  -54.086  -32.438 0.5000000000
124924  -31.895  -59.980  -31.788 0.4000000060
23953  -31.179  -60.192  -32.451 0.5000000000
27969  -24.323  -55.535  -33.360 0.6999999881
23940  -30.341  -59.261  -30.899 0.6000000238
145978  -30.178  -58.586  -30.575 0.6000000238
26957  -26.275  -56.331  -34.054 0.6999999881
26939  -29.793  -56.964  -30.713 0.6000000238
128880  -27.333  -55.632  -33.597 0.6999999881
133738  -30.022  -56.041  -30.924 0.5000000000
27960  -30.096  -55.288  -31.390 0.6000000238
27973  -28.013  -55.301  -33.397 0.6999999881
28985  -31.081  -53.972  -31.702 0.5000000000
28992  -29.526  -54.469  -32.857 0.5000000000
30047  -23.983  -53.910  -31.915 0.6000000238
31098  -24.960  -52.363  -32.091 0.6000000238
23941  -31.664  -59.750  -30.901 0.5000000000
23931  -31.541  -59.342  -30.215 0.5000000000
28991  -25.003  -53.982  -32.852 0.6999999881
28997  -24.640  -54.777  -33.140 0.6999999881
23930  -31.015  -59.536  -30.670 0.5000000000
131691  -30.385  -58.157  -30.080 0.5000000000
25964  -30.573  -57.672  -29.500 0.4000000060
27970  -25.193  -55.442  -33.657 0.6999999881
26933  -30.441  -56.805  -29.697 0.5000000000
28999  -26.530  -54.689  -33.607 0.6999999881
29000  -27.458  -54.538  -33.575 0.6999999881
27953  -30.446  -56.006  -30.167 0.5000000000
122456  -27.660  -55.073  -33.631 0.6999999881
29002  -29.128  -54.098  -33.377 0.6000000238
28978  -30.466  -55.261  -30.782 0.5000000000
27974  -28.747  -54.869  -33.171 0.6000000238
127545  -31.359  -53.896  -30.931 0.5000000000
30061  -29.780  -53.365  -33.320 0.5000000000
30062  -30.644  -53.335  -33.139 0.5000000000
139436  -31.463  -53.094  -32.911 0.5000000000
30049  -31.653  -53.365  -32.088 0.5000000000
30055  -32.039  -52.722  -32.604 0.5000000000
32176  -32.888  -51.778  -31.946 0.3000000119
26902  -31.246  -56.588  -27.835 0.3000000119
31097  -24.549  -52.342  -31.591 0.6000000238
129585  -24.492  -52.858  -31.969 0.6000000238
24988  -31.475  -58.784  -29.469 0.4000000060
26920  -30.755  -57.070  -28.752 0.4000000060
31100  -26.852  -52.234  -32.570 0.6000000238
27942  -30.600  -56.131  -29.297 0.5000000000
30057  -25.932  -54.174  -33.224 0.6999999881
30058  -26.683  -53.953  -33.281 0.6999999881
128324  -31.171  -54.279  -30.129 0.5000000000
30060  -28.471  -53.957  -33.492 0.5000000000
30032  -31.533  -53.612  -30.225 0.5000000000
142085  -29.076  -53.554  -33.417 0.5000000000
145502  -32.021  -52.855  -31.226 0.4000000060
30042  -32.338  -52.384  -31.349 0.3000000119
33203  -33.188  -51.152  -31.467 0.4000000060
32187  -32.863  -51.595  -32.754 0.5000000000
32177  -33.390  -51.229  -32.543 0.4000000060
33207  -24.957  -51.034  -31.345 0.6000000238
33216  -25.526  -50.869  -31.660 0.6000000238
33217  -26.449  -50.843  -31.871 0.6000000238
32182  -26.138  -51.545  -32.148 0.6000000238
32183  -27.174  -51.564  -32.288 0.6000000238
28968  -31.055  -54.660  -29.238 0.3000000119
130630  -31.328  -54.005  -29.520 0.4000000060
31101  -27.702  -52.178  -32.664 0.6000000238
30018  -31.467  -53.265  -29.118 0.3000000119
31106  -27.641  -52.851  -32.967 0.6000000238
133166  -28.481  -53.289  -33.302 0.6999999881
31080  -31.846  -52.312  -29.564 0.3000000119
32189  -29.136  -52.189  -32.920 0.6000000238
33194  -32.666  -50.923  -30.333 0.3000000119
31090  -32.177  -52.170  -30.451 0.3000000119
32186  -30.355  -51.416  -33.019 0.5000000000
32190  -29.992  -52.135  -33.236 0.5000000000
32191  -30.893  -51.942  -33.437 0.5000000000
34190  -33.746  -49.664  -31.034 0.3000000119
144434  -33.114  -50.701  -30.873 0.3000000119
31109  -30.477  -52.653  -33.406 0.5000000000
127615  -31.218  -52.309  -33.387 0.5000000000
34191  -34.470  -49.538  -31.774 0.3000000119
33224  -32.239  -51.064  -33.320 0.5000000000
33214  -34.013  -50.718  -33.075 0.4000000060
34200  -34.221  -50.307  -32.264 0.3000000119
33208  -25.103  -50.206  -31.311 0.5000000000
33209  -25.739  -50.084  -31.587 0.6000000238
33210  -26.766  -50.112  -31.689 0.5000000000
33219  -28.661  -50.875  -32.151 0.6000000238
33212  -29.009  -50.129  -31.842 0.5000000000
34179  -33.151  -49.233  -29.970 0.3000000119
32184  -28.313  -51.695  -32.499 0.6000000238
123158  -34.236  -48.001  -30.586 0.3000000119
32185  -29.383  -51.539  -32.689 0.6000000238
33223  -31.313  -51.278  -33.219 0.5000000000
34209  -33.406  -50.191  -33.527 0.5000000000
32188  -33.346  -50.997  -33.155 0.4000000060
33227  -34.423  -50.071  -33.504 0.4000000060
35258  -27.213  -48.521  -31.449 0.5000000000
34196  -27.048  -49.355  -31.579 0.5000000000
34197  -28.274  -49.311  -31.542 0.5000000000
35260  -29.418  -48.686  -31.477 0.5000000000
36310  -33.477  -47.356  -29.196 0.3000000119
36311  -33.966  -47.265  -29.866 0.3000000119
34202  -30.000  -50.063  -32.106 0.6000000238
34203  -30.907  -49.905  -32.521 0.6000000238
33221  -30.676  -50.682  -32.757 0.5000000000
34208  -32.540  -50.391  -33.337 0.5000000000
34201  -34.899  -49.870  -32.818 0.4000000060
35269  -36.241  -49.247  -33.857 0.4000000060
136630  -28.827  -47.682  -30.905 0.5000000000
133568  -28.869  -48.154  -31.172 0.5000000000
36329  -29.680  -47.859  -31.241 0.5000000000
131153  -33.328  -47.028  -28.474 0.4000000060
37318  -34.084  -46.055  -28.972 0.4000000060
35261  -30.389  -48.489  -31.752 0.5000000000
34199  -30.201  -49.281  -31.928 0.5000000000
37324  -34.400  -46.569  -29.787 0.4000000060
37335  -35.164  -46.520  -30.493 0.3000000119
142760  -31.374  -47.652  -31.948 0.4000000060
36324  -34.714  -47.268  -30.600 0.3000000119
35265  -31.075  -49.098  -32.321 0.5000000000
35266  -31.905  -48.925  -32.738 0.4000000060
34205  -32.648  -49.599  -33.288 0.4000000060
35274  -36.105  -49.148  -34.219 0.4000000060
37333  -29.863  -46.596  -30.308 0.5000000000
36321  -29.308  -47.196  -30.657 0.5000000000
36322  -30.243  -47.182  -30.986 0.5000000000
37317  -33.628  -46.405  -28.476 0.4000000060
36330  -30.666  -47.754  -31.582 0.5000000000
37339  -31.069  -47.105  -31.458 0.4000000060
39228  -35.069  -44.838  -29.123 0.4000000060
38269  -35.684  -45.066  -29.923 0.4000000060
36331  -31.838  -47.148  -32.027 0.4000000060
36336  -32.087  -48.061  -32.553 0.4000000060
38280  -35.752  -45.890  -30.572 0.4000000060
36337  -33.038  -48.330  -33.243 0.4000000060
36342  -33.861  -48.709  -33.725 0.4000000060
35272  -34.476  -49.358  -33.917 0.4000000060
36343  -34.594  -48.614  -34.035 0.4000000060
36345  -36.486  -48.502  -34.318 0.4000000060
37347  -37.956  -47.743  -33.799 0.4000000060
36340  -37.390  -48.348  -33.969 0.4000000060
38277  -30.456  -45.933  -29.982 0.5000000000
39217  -34.780  -44.602  -28.281 0.4000000060
38258  -34.415  -45.309  -28.619 0.4000000060
37334  -31.290  -45.863  -30.575 0.5000000000
38283  -31.989  -45.748  -31.215 0.4000000060
121877  -36.312  -44.444  -30.023 0.4000000060
37345  -33.166  -46.887  -32.700 0.4000000060
131382  -33.916  -46.822  -33.102 0.4000000060
37343  -37.619  -47.107  -32.724 0.3000000119
36344  -35.540  -48.580  -34.316 0.4000000060
38267  -31.149  -45.186  -29.676 0.4000000060
38278  -31.745  -45.310  -30.484 0.5000000000
38279  -32.344  -45.062  -30.903 0.4000000060
40182  -35.802  -43.721  -28.722 0.4000000060
39241  -33.013  -44.764  -31.345 0.4000000060
38284  -32.736  -45.550  -31.672 0.4000000060
38285  -33.502  -45.289  -32.040 0.4000000060
37341  -32.424  -46.434  -32.034 0.4000000060
38287  -33.261  -46.115  -32.397 0.4000000060
38288  -34.100  -45.934  -32.750 0.4000000060
37346  -34.832  -46.718  -33.547 0.4000000060
38293  -35.868  -46.669  -33.963 0.4000000060
37344  -38.494  -47.255  -33.728 0.4000000060
129633  -37.760  -47.346  -34.303 0.4000000060
37348  -38.453  -47.312  -34.067 0.4000000060
142132  -31.937  -44.658  -30.116 0.4000000060
39234  -32.605  -44.314  -30.608 0.4000000060
40209  -33.938  -43.650  -31.321 0.4000000060
39242  -33.741  -44.450  -31.706 0.4000000060
39249  -34.316  -45.040  -32.403 0.4000000060
39250  -35.221  -44.890  -32.800 0.4000000060
38286  -38.527  -46.660  -33.071 0.4000000060
39251  -36.274  -44.785  -33.283 0.4000000060
38290  -35.986  -45.709  -33.610 0.4000000060
38294  -36.945  -46.640  -34.240 0.4000000060
38295  -38.103  -46.621  -34.354 0.4000000060
40201  -33.470  -43.269  -30.637 0.4000000060
41177  -34.147  -42.903  -30.964 0.4000000060
41178  -34.831  -42.633  -31.303 0.4000000060
40210  -35.301  -43.317  -31.919 0.4000000060
39243  -34.595  -44.076  -32.030 0.4000000060
41184  -36.146  -42.970  -32.189 0.4000000060
40215  -35.435  -44.124  -32.524 0.4000000060
40216  -36.079  -43.770  -32.619 0.4000000060
39252  -36.937  -44.200  -33.263 0.4000000060
38291  -39.082  -46.946  -33.972 0.3000000119
39257  -39.013  -45.405  -34.150 0.4000000060
38296  -38.973  -46.817  -34.164 0.4000000060
41168  -33.673  -42.469  -30.343 0.4000000060
41169  -34.403  -42.173  -30.724 0.4000000060
42140  -34.725  -41.571  -30.419 0.4000000060
42150  -35.134  -41.945  -31.034 0.4000000060
41179  -35.605  -42.447  -31.579 0.4000000060
41185  -37.039  -42.853  -32.536 0.4000000060
41186  -37.921  -42.684  -32.700 0.4000000060
39246  -39.220  -45.217  -32.387 0.4000000060
38292  -39.267  -46.193  -33.474 0.3000000119
40223  -37.871  -44.510  -33.676 0.4000000060
39258  -39.757  -45.537  -33.948 0.5000000000
39253  -39.918  -45.533  -33.627 0.4000000060
40219  -39.265  -43.757  -33.656 0.5000000000
43101  -35.979  -40.927  -30.149 0.4000000060
43102  -36.852  -40.814  -30.302 0.4000000060
42142  -36.372  -41.300  -30.777 0.4000000060
43103  -37.687  -40.743  -30.493 0.4000000060
42143  -37.241  -41.221  -30.925 0.4000000060
40218  -38.414  -43.224  -33.260 0.4000000060
40225  -39.660  -44.821  -34.024 0.5000000000
43091  -36.536  -40.503  -29.513 0.4000000060
43092  -37.417  -40.437  -29.832 0.4000000060
43093  -38.142  -40.382  -30.052 0.4000000060
41188  -39.960  -43.523  -33.558 0.5000000000
44093  -36.704  -40.083  -28.566 0.4000000060
44110  -37.281  -40.188  -29.187 0.4000000060
44112  -38.479  -40.157  -29.770 0.4000000060
126458  -41.334  -42.995  -33.053 0.5000000000
45047  -38.710  -38.883  -27.316 0.4000000060
44075  -37.276  -39.564  -27.839 0.4000000060
44076  -38.182  -39.364  -27.965 0.4000000060
44094  -37.665  -39.778  -28.635 0.4000000060
44096  -39.419  -39.397  -28.842 0.4000000060
44097  -40.281  -39.212  -28.932 0.5000000000
45046  -37.835  -39.168  -27.146 0.4000000060
33225  -33.098  -50.793  -33.381 0.5000000000
34210  -34.190  -49.945  -33.699 0.5000000000
34206  -35.019  -49.822  -33.577 0.4000000060
23995  -30.384  -60.117  -35.787 0.5000000000
21970  -27.288  -61.008  -36.452 0.8000000119
23977  -26.047  -59.445  -35.612 0.8000000119
23983  -31.994  -59.623  -34.866 0.5000000000
25024  -24.662  -58.599  -35.185 0.6999999881
143478  -32.541  -59.453  -34.403 0.5000000000
25992  -23.780  -58.353  -34.750 0.6999999881
23954  -32.221  -59.810  -32.912 0.4000000060
23969  -32.083  -59.641  -33.951 0.4000000060
26956  -24.801  -56.065  -33.800 0.6999999881
28990  -24.192  -54.246  -32.489 0.6999999881
23955  -32.795  -59.590  -32.075 0.4000000060
23932  -32.259  -59.466  -30.423 0.4000000060
28983  -23.819  -54.544  -31.765 0.6000000238
24964  -31.867  -58.318  -28.659 0.4000000060
134566  -24.863  -50.386  -31.092 0.6000000238
34194  -25.209  -49.326  -31.298 0.5000000000
146540  -25.619  -48.965  -31.489 0.5000000000
36328  -27.920  -47.839  -31.119 0.5000000000
37332  -28.828  -46.556  -30.144 0.4000000060
39227  -31.479  -44.233  -29.317 0.4000000060
141679  -32.238  -43.768  -29.791 0.4000000060
40194  -32.108  -43.041  -29.291 0.4000000060
42139  -33.964  -41.759  -30.103 0.4000000060
43100  -35.123  -41.077  -30.010 0.4000000060
43090  -35.578  -40.688  -29.497 0.4000000060
43072  -35.967  -40.423  -28.927 0.4000000060
44092  -35.768  -40.202  -28.218 0.4000000060
22987  -28.138  -60.934  -36.449 0.8000000119
25990  -26.342  -57.181  -34.068 0.6999999881
23939  -29.873  -59.576  -31.660 0.6000000238
25987  -28.095  -57.573  -32.283 0.6999999881
24986  -29.868  -57.869  -30.611 0.6000000238
26946  -29.364  -56.535  -31.343 0.6000000238
26953  -28.822  -56.102  -32.001 0.6000000238
30054  -25.782  -53.514  -32.883 0.6999999881
142121  -30.211  -56.618  -30.342 0.5000000000
31099  -25.855  -52.255  -32.382 0.6000000238
23925  -32.100  -59.207  -29.812 0.5000000000
24973  -30.811  -58.385  -29.578 0.5000000000
27927  -30.798  -56.212  -28.519 0.3000000119
31110  -31.704  -52.467  -33.144 0.5000000000
33211  -27.907  -50.132  -31.719 0.6000000238
33222  -31.626  -50.547  -33.077 0.5000000000
33226  -33.820  -50.486  -33.466 0.5000000000
35273  -35.288  -49.274  -34.154 0.4000000060
35271  -33.501  -49.330  -33.593 0.4000000060
36339  -36.743  -48.686  -33.545 0.4000000060
37350  -35.732  -47.661  -34.240 0.4000000060
38289  -34.998  -45.784  -33.171 0.4000000060
41167  -32.849  -42.903  -29.861 0.4000000060
39256  -37.729  -45.369  -34.000 0.4000000060
140724  -25.562  -73.956  -38.215 0.4000000060
9270  -27.109  -74.083  -38.284 0.4000000060
10110  -27.577  -73.646  -37.660 0.4000000060
10111  -28.269  -73.262  -38.150 0.4000000060
10101  -27.241  -73.509  -36.599 0.4000000060
10102  -28.001  -73.071  -37.087 0.4000000060
10985  -28.624  -72.585  -37.603 0.4000000060
11887  -29.267  -71.111  -36.295 0.4000000060
12833  -29.975  -70.374  -38.099 0.5000000000
10974  -28.316  -72.251  -35.694 0.4000000060
11897  -28.804  -71.797  -36.216 0.4000000060
12823  -29.715  -70.235  -36.440 0.5000000000
13729  -29.947  -69.194  -36.909 0.6000000238
11872  -27.831  -72.262  -34.328 0.4000000060
10963  -28.247  -72.088  -34.954 0.4000000060
12802  -28.907  -70.634  -34.527 0.4000000060
144199  -29.966  -70.044  -37.293 0.5000000000
23970  -33.076  -59.246  -33.932 0.3000000119
142787  -33.111  -59.369  -32.905 0.4000000060
24974  -32.889  -59.138  -29.945 0.3000000119
14679  -29.844  -68.477  -38.036 0.5000000000
130219  -32.777  -61.932  -36.105 0.5000000000
141561  -33.473  -59.885  -35.870 0.4000000060
14616  -28.673  -68.803  -32.441 0.4000000060
12813  -29.311  -70.483  -35.497 0.5000000000
13716  -29.630  -69.534  -35.750 0.5000000000
12785  -28.270  -70.996  -33.261 0.4000000060
11873  -28.423  -71.533  -34.448 0.4000000060
14672  -29.666  -68.061  -37.088 0.6000000238
15668  -29.790  -67.570  -38.015 0.6000000238
16706  -29.983  -66.662  -37.852 0.6999999881
21974  -31.768  -61.367  -36.295 0.5000000000
15670  -30.121  -67.375  -38.453 0.6999999881
17753  -31.174  -65.597  -37.637 0.6999999881
20948  -31.916  -62.263  -36.070 0.6999999881
142785  -30.514  -65.451  -37.536 0.6999999881
146174  -30.611  -64.318  -37.297 0.6999999881
13702  -29.457  -68.882  -35.077 0.5000000000
14660  -29.494  -67.943  -35.278 0.6000000238
126400  -29.547  -67.566  -36.252 0.6000000238
16701  -29.640  -66.160  -36.231 0.6000000238
14625  -28.858  -68.917  -33.169 0.4000000060
13691  -29.120  -68.620  -33.696 0.5000000000
15640  -29.530  -67.393  -34.505 0.6000000238
15658  -29.560  -66.792  -36.486 0.6000000238
132160  -29.724  -65.538  -36.827 0.6000000238
17748  -30.014  -65.008  -37.169 0.6000000238
133772  -32.379  -58.807  -29.252 0.3000000119
15664  -29.617  -67.109  -37.207 0.6000000238
17749  -30.353  -64.632  -37.295 0.6999999881
22990  -31.142  -60.664  -36.386 0.6000000238
23996  -31.431  -59.882  -35.695 0.5000000000
16659  -28.943  -67.115  -31.999 0.6000000238
16660  -29.364  -66.586  -32.605 0.6000000238
123041  -29.704  -65.907  -33.094 0.6999999881
131043  -29.729  -66.581  -34.613 0.6000000238
16686  -29.790  -66.020  -35.297 0.6000000238
138907  -29.740  -64.727  -36.365 0.6000000238
15620  -29.027  -68.229  -33.008 0.5000000000
14642  -29.335  -68.294  -34.418 0.6000000238
18809  -29.929  -64.087  -36.977 0.6000000238
19909  -30.150  -63.445  -36.804 0.6999999881
143382  -30.281  -61.802  -36.391 0.6999999881
18810  -30.312  -64.053  -37.181 0.6999999881
22981  -30.876  -60.245  -36.161 0.6000000238
21973  -30.774  -61.233  -36.496 0.6999999881
17712  -29.654  -65.217  -32.516 0.6000000238
18780  -29.765  -64.403  -32.784 0.6999999881
18790  -29.842  -64.188  -33.606 0.6999999881
121691  -29.919  -65.762  -34.213 0.6999999881
18800  -29.733  -64.128  -35.304 0.6000000238
22980  -29.756  -60.436  -36.171 0.5000000000
19908  -29.803  -63.264  -36.445 0.6999999881
20946  -29.889  -62.442  -36.266 0.6999999881
22989  -30.299  -60.622  -36.358 0.6000000238
20929  -28.386  -62.096  -33.970 0.6999999881
122821  -27.765  -61.589  -35.800 0.6999999881
20930  -29.096  -62.606  -33.769 0.6999999881
130132  -28.799  -62.332  -34.618 0.6000000238
20942  -28.700  -61.960  -35.552 0.5000000000
133872  -29.771  -63.922  -34.351 0.6999999881
19902  -29.576  -63.323  -34.772 0.6000000238
133283  -29.495  -62.514  -35.905 0.6999999881
22988  -29.281  -60.881  -36.416 0.5000000000
18806  -29.695  -63.847  -36.275 0.6000000238
21972  -29.511  -61.469  -36.349 0.6999999881
138582  -30.111  -61.085  -36.524 0.6000000238
21957  -26.303  -61.469  -35.874 0.6999999881
22986  -26.602  -60.863  -36.348 0.6999999881
22977  -25.893  -61.217  -36.038 0.6999999881
21971  -28.609  -61.260  -36.325 0.6000000238
21965  -27.642  -61.252  -36.275 0.6999999881
22983  -32.833  -60.238  -36.012 0.5000000000
21966  -28.327  -61.565  -36.085 0.6000000238
10109  -26.732  -73.858  -37.364 0.4000000060
129998  -29.672  -70.825  -37.226 0.4000000060
11858  -28.082  -71.680  -33.729 0.4000000060
11886  -28.780  -71.429  -35.349 0.4000000060
143164  -29.107  -69.876  -34.151 0.4000000060
12786  -28.728  -70.267  -33.602 0.4000000060
18811  -31.257  -64.391  -37.056 0.6999999881
19910  -30.717  -63.681  -36.964 0.6999999881
122363  -29.605  -66.929  -35.510 0.6000000238
141202  -29.689  -65.511  -36.022 0.6000000238
15611  -29.229  -67.397  -32.840 0.6999999881
16671  -29.591  -66.786  -33.631 0.6000000238
127578  -29.938  -64.715  -34.338 0.6000000238
19896  -29.589  -63.298  -33.804 0.6999999881
19905  -29.607  -63.277  -35.683 0.6000000238
21959  -28.061  -61.792  -34.944 0.6000000238
19886  -29.394  -62.965  -32.863 0.5000000000
143239  -28.744  -67.631  -31.782 0.4000000060
16641  -29.131  -66.317  -31.846 0.5000000000
20914  -28.735  -62.396  -33.191 0.6000000238
15599  -28.556  -67.364  -31.273 0.4000000060
122511  -28.494  -66.674  -30.810 0.5000000000
16640  -28.745  -66.684  -31.416 0.5000000000
17700  -29.332  -65.487  -31.758 0.5000000000
19873  -29.328  -63.332  -31.873 0.5000000000
21935  -27.726  -61.765  -32.366 0.5000000000
18774  -29.554  -64.426  -31.860 0.5000000000
141759  -27.420  -61.669  -34.252 0.5000000000
143828  -27.344  -61.591  -33.209 0.5000000000
21956  -25.526  -61.333  -35.636 0.6999999881
21945  -25.562  -61.270  -34.539 0.6000000238
22972  -24.650  -60.982  -35.104 0.6000000238
15582  -28.253  -67.314  -30.448 0.5000000000
17692  -28.664  -65.377  -30.418 0.5000000000
20894  -28.609  -62.951  -31.217 0.5000000000
20904  -27.896  -62.132  -31.472 0.5000000000
19872  -29.079  -63.917  -31.065 0.5000000000
21933  -25.825  -61.079  -33.135 0.6000000238
22971  -23.927  -60.392  -34.923 0.5000000000
25023  -23.898  -59.238  -35.118 0.6000000238
17685  -28.357  -65.815  -29.806 0.5000000000
19860  -28.410  -63.558  -30.462 0.5000000000
20893  -27.712  -62.702  -30.536 0.5000000000
142875  -27.258  -61.622  -31.708 0.5000000000
132423  -25.948  -61.063  -32.078 0.5000000000
23990  -24.778  -60.356  -35.685 0.6000000238
22966  -24.886  -60.728  -33.651 0.5000000000
25022  -23.175  -59.033  -34.637 0.6000000238
17684  -27.916  -66.424  -29.214 0.5000000000
19848  -28.179  -64.035  -29.814 0.5000000000
20878  -27.181  -63.002  -29.752 0.5000000000
20892  -26.682  -62.332  -30.167 0.5000000000
21922  -24.584  -61.214  -30.787 0.6000000238
133348  -25.386  -61.281  -31.246 0.4000000060
23928  -23.398  -60.006  -30.675 0.4000000060
22945  -24.166  -60.658  -31.437 0.5000000000
144518  -24.774  -60.990  -31.381 0.5000000000
21923  -26.463  -61.434  -31.478 0.4000000060
24984  -23.098  -58.672  -30.933 0.4000000060
24983  -22.821  -58.097  -31.522 0.5000000000
123026  -23.260  -60.217  -31.923 0.5000000000
132166  -23.840  -57.062  -31.006 0.4000000060
22953  -23.200  -59.985  -33.127 0.6000000238
23963  -22.741  -59.519  -33.663 0.6000000238
25014  -22.974  -58.263  -34.178 0.6000000238
26955  -24.060  -56.368  -33.646 0.6000000238
128063  -23.042  -60.057  -31.245 0.5000000000
145425  -23.281  -57.110  -31.608 0.5000000000
26943  -23.011  -56.825  -32.247 0.5000000000
24996  -22.420  -58.418  -32.065 0.5000000000
27950  -24.004  -55.381  -31.086 0.4000000060
27958  -23.722  -55.330  -31.548 0.5000000000
26950  -23.159  -56.246  -32.621 0.6000000238
25006  -22.271  -58.375  -32.762 0.6000000238
26954  -23.291  -56.690  -33.343 0.6000000238
26944  -23.335  -56.132  -31.881 0.5000000000
32170  -24.608  -51.615  -30.919 0.3000000119
30028  -24.373  -53.796  -30.911 0.4000000060
27938  -24.361  -55.115  -30.840 0.4000000060
30039  -24.156  -53.800  -31.443 0.5000000000
27963  -23.496  -55.307  -32.255 0.5000000000
27964  -23.935  -54.990  -32.754 0.6000000238
38276  -29.427  -45.978  -29.617 0.3000000119
36319  -27.144  -47.101  -30.768 0.3000000119
36327  -26.645  -47.756  -31.224 0.4000000060
35256  -25.410  -48.530  -31.244 0.4000000060
134730  -30.975  -43.558  -28.790 0.3000000119
41157  -33.152  -41.960  -29.687 0.3000000119
40193  -31.666  -43.494  -29.160 0.3000000119
42129  -33.477  -41.332  -29.510 0.3000000119
42130  -34.306  -41.236  -29.792 0.3000000119
43089  -34.712  -40.802  -29.377 0.3000000119
43071  -35.196  -40.486  -28.811 0.3000000119
44091  -34.852  -40.278  -28.013 0.3000000119
44074  -36.358  -39.755  -27.642 0.3000000119
31093  -24.425  -52.340  -31.209 0.5000000000
38266  -30.070  -45.313  -29.168 0.3000000119
131388  -29.080  -64.952  -31.062 0.5000000000
22954  -24.107  -60.353  -32.709 0.5000000000
25013  -22.420  -58.329  -33.511 0.6000000238
125026  -33.204  -60.768  -36.239 0.3000000119
18817  -31.863  -65.139  -37.088 0.6000000238
136932  -31.943  -63.777  -36.433 0.6000000238
25020  -35.871  -58.699  -34.170 0.3000000119
25027  -35.288  -58.604  -34.839 0.3000000119
23985  -34.649  -58.877  -35.267 0.3000000119
25026  -34.231  -58.820  -34.344 0.3000000119
23999  -35.021  -59.254  -35.891 0.3000000119
23998  -33.827  -59.378  -35.544 0.3000000119
18812  -32.665  -64.405  -36.746 0.6000000238
145105  -33.231  -63.632  -36.521 0.5000000000
25011  -36.394  -59.117  -33.117 0.3000000119
25019  -34.818  -58.713  -33.759 0.3000000119
25008  -33.620  -59.200  -32.378 0.3000000119
24002  -34.339  -59.809  -36.048 0.3000000119
22992  -33.739  -60.306  -36.147 0.3000000119
20949  -33.718  -62.221  -36.426 0.4000000060
25010  -35.308  -58.844  -32.985 0.3000000119
125289  -34.859  -58.839  -31.896 0.3000000119
25009  -34.420  -58.909  -32.712 0.3000000119
11009  -29.714  -72.260  -39.493 0.5000000000
11921  -30.127  -71.601  -39.493 0.5000000000
10117  -27.835  -73.822  -38.759 0.4000000060
10118  -28.539  -73.335  -39.337 0.4000000060
10127  -29.591  -72.965  -39.790 0.5000000000
13749  -31.144  -69.431  -39.481 0.5000000000
130151  -30.467  -70.874  -39.432 0.5000000000
11002  -29.370  -72.225  -39.182 0.5000000000
134458  -30.167  -71.018  -39.258 0.5000000000
10994  -28.864  -72.613  -38.691 0.4000000060
15673  -32.095  -67.559  -38.581 0.6000000238
15679  -31.426  -68.042  -39.065 0.6000000238
143712  -30.343  -68.355  -39.203 0.5000000000
12843  -30.295  -70.083  -39.175 0.5000000000
143060  -28.986  -72.243  -37.981 0.3000000119
125547  -29.682  -71.238  -38.179 0.4000000060
12837  -29.971  -70.696  -38.820 0.5000000000
16709  -32.559  -66.420  -37.902 0.6000000238
16713  -30.917  -66.777  -38.288 0.6000000238
14688  -30.160  -67.892  -38.947 0.6000000238
13741  -30.038  -69.738  -38.830 0.4000000060
13747  -30.111  -69.194  -39.107 0.5000000000
144478  -33.246  -66.018  -37.769 0.6000000238
21977  -34.737  -61.210  -36.476 0.3000000119
18813  -34.379  -63.894  -37.094 0.4000000060
16708  -31.456  -66.261  -37.921 0.6000000238
14682  -29.881  -68.045  -38.756 0.4000000060
22994  -35.314  -60.534  -36.280 0.3000000119
24000  -36.005  -59.231  -36.110 0.3000000119
20950  -34.669  -61.973  -36.790 0.3000000119
18818  -33.448  -64.910  -37.291 0.5000000000
17758  -30.774  -66.146  -37.908 0.6000000238
17754  -32.486  -65.755  -37.519 0.6000000238
16714  -31.732  -66.901  -38.261 0.6000000238
19913  -35.222  -63.228  -37.051 0.3000000119
15674  -33.312  -67.710  -38.528 0.5000000000
131485  -34.177  -67.035  -38.495 0.5000000000
16710  -33.863  -66.301  -38.133 0.5000000000
16716  -34.983  -66.389  -38.468 0.4000000060
17759  -34.867  -65.759  -38.227 0.5000000000
15675  -34.536  -67.842  -38.652 0.5000000000
14684  -33.699  -68.556  -38.676 0.5000000000
15676  -35.611  -67.915  -38.646 0.4000000060
16717  -35.834  -66.567  -38.456 0.4000000060
17756  -35.448  -65.111  -38.032 0.4000000060
17755  -34.113  -65.471  -37.803 0.5000000000
14690  -31.765  -68.858  -39.249 0.5000000000
14683  -32.488  -68.309  -38.818 0.5000000000
18819  -34.981  -64.494  -37.716 0.4000000060
7732  -25.233  -76.453  -37.089 0.3000000119
7713  -25.033  -76.237  -35.641 0.3000000119
7714  -26.041  -76.165  -35.782 0.3000000119
7723  -27.609  -76.714  -36.879 0.3000000119
7715  -28.138  -76.300  -36.065 0.4000000060
122947  -26.075  -76.596  -36.802 0.3000000119
7733  -26.987  -77.100  -37.542 0.3000000119
8484  -28.885  -75.875  -35.669 0.4000000060
7724  -28.485  -76.714  -37.139 0.4000000060
7734  -27.939  -77.170  -37.823 0.3000000119
6921  -27.455  -77.432  -38.411 0.3000000119
8486  -30.210  -75.342  -36.147 0.4000000060
140794  -30.409  -75.874  -36.793 0.4000000060
7735  -28.788  -77.025  -37.979 0.4000000060
6922  -28.071  -77.308  -38.478 0.4000000060
6933  -27.323  -77.414  -39.579 0.4000000060
7745  -28.621  -77.126  -38.619 0.4000000060
9262  -33.352  -73.970  -36.389 0.3000000119
9265  -31.121  -75.328  -36.700 0.4000000060
9266  -32.020  -75.100  -36.964 0.4000000060
8492  -30.776  -75.857  -37.267 0.4000000060
8497  -30.495  -75.668  -38.527 0.4000000060
7746  -29.796  -76.452  -38.370 0.4000000060
7752  -28.517  -76.912  -39.398 0.4000000060
10987  -35.238  -72.559  -36.358 0.3000000119
9273  -33.241  -74.149  -36.952 0.4000000060
9281  -32.099  -74.473  -38.053 0.4000000060
9272  -32.520  -74.669  -37.244 0.4000000060
9280  -31.341  -75.122  -38.239 0.4000000060
10119  -31.705  -73.759  -38.828 0.4000000060
9290  -30.958  -73.912  -39.324 0.4000000060
8496  -29.717  -75.890  -39.272 0.4000000060
7753  -28.991  -76.042  -40.054 0.4000000060
11005  -34.434  -72.181  -37.688 0.4000000060
11004  -33.706  -72.528  -38.070 0.4000000060
10130  -31.951  -72.873  -39.065 0.4000000060
10129  -31.178  -73.225  -39.425 0.4000000060
8500  -29.490  -75.144  -40.246 0.4000000060
8501  -30.125  -75.032  -39.561 0.4000000060
7758  -28.266  -76.583  -40.340 0.4000000060
11914  -33.984  -71.895  -38.209 0.4000000060
142816  -32.503  -72.270  -38.939 0.4000000060
11012  -31.731  -71.983  -39.404 0.4000000060
11011  -30.985  -72.502  -39.603 0.4000000060
9288  -29.018  -74.402  -40.672 0.4000000060
11010  -30.182  -72.321  -39.636 0.4000000060
140234  -33.468  -71.576  -38.560 0.4000000060
12846  -32.336  -70.641  -39.205 0.4000000060
12845  -31.426  -70.310  -39.482 0.4000000060
14685  -35.013  -68.821  -38.607 0.4000000060
13751  -33.078  -70.099  -38.779 0.4000000060
14691  -32.831  -69.178  -38.877 0.4000000060
16718  -36.393  -66.955  -38.223 0.3000000119
17751  -36.389  -65.788  -37.714 0.3000000119
11922  -30.788  -71.584  -39.598 0.4000000060
13742  -33.975  -69.521  -38.627 0.4000000060
18820  -35.909  -64.536  -37.658 0.3000000119
13750  -32.069  -69.749  -39.278 0.4000000060
8490  -28.930  -76.364  -36.513 0.4000000060
7725  -29.315  -76.581  -37.238 0.4000000060
7737  -30.354  -76.195  -37.776 0.4000000060
145639  -29.207  -76.863  -38.315 0.4000000060
10103  -33.917  -73.613  -36.590 0.4000000060
9267  -32.695  -74.497  -36.727 0.4000000060
10096  -34.632  -73.121  -36.178 0.3000000119
8495  -31.074  -75.647  -37.717 0.4000000060
10996  -34.844  -72.426  -37.089 0.3000000119
10104  -34.457  -73.093  -36.847 0.4000000060
10995  -34.119  -72.860  -37.484 0.4000000060
10120  -32.534  -73.550  -38.339 0.4000000060
11915  -34.695  -71.520  -37.878 0.4000000060
11924  -32.602  -71.538  -39.013 0.4000000060
10128  -30.306  -73.193  -39.729 0.4000000060
11923  -31.605  -71.141  -39.483 0.4000000060
12838  -34.120  -70.445  -38.504 0.4000000060
125696  -30.526  -73.951  -34.961 0.3000000119
8466  -28.026  -75.266  -33.825 0.3000000119
145703  -27.432  -75.872  -34.441 0.3000000119
8476  -28.539  -75.338  -34.646 0.3000000119
9258  -29.874  -74.665  -35.185 0.3000000119
8483  -28.196  -75.927  -35.204 0.3000000119
8485  -29.544  -75.473  -35.720 0.3000000119
10092  -31.310  -73.749  -35.264 0.3000000119
9259  -30.774  -74.506  -35.794 0.3000000119
9260  -31.868  -74.411  -36.235 0.3000000119
11916  -35.373  -71.230  -37.639 0.3000000119
130378  -35.751  -70.156  -38.119 0.3000000119
13743  -35.024  -69.892  -38.442 0.3000000119
14686  -35.988  -68.592  -38.476 0.3000000119
10093  -32.304  -73.608  -35.426 0.3000000119
125831  -34.132  -71.225  -38.335 0.3000000119
6928  -27.004  -77.569  -39.057 0.3000000119
6929  -27.612  -77.466  -38.848 0.4000000060
6930  -28.024  -77.388  -39.017 0.4000000060
7722  -25.315  -76.209  -36.278 0.3000000119
7726  -30.082  -76.287  -37.249 0.4000000060
7736  -29.618  -76.632  -37.828 0.4000000060
8474  -27.450  -75.662  -33.870 0.3000000119
8475  -27.860  -75.728  -34.536 0.3000000119
8477  -29.195  -75.221  -35.104 0.3000000119
8491  -29.650  -76.060  -36.476 0.4000000060
9261  -32.769  -74.110  -36.129 0.3000000119
9269  -26.244  -74.117  -38.097 0.4000000060
9271  -31.768  -75.146  -37.517 0.4000000060
9277  -26.617  -74.319  -38.847 0.4000000060
9279  -30.793  -74.756  -39.028 0.4000000060
9289  -30.234  -74.134  -39.753 0.4000000060
9298  -28.943  -75.169  -40.869 0.4000000060
10094  -33.271  -73.559  -35.621 0.3000000119
10095  -34.055  -73.479  -35.904 0.3000000119
10112  -32.943  -73.978  -37.587 0.4000000060
10113  -33.716  -73.539  -37.230 0.4000000060
10121  -33.361  -73.227  -37.885 0.4000000060
10973  -27.791  -72.901  -36.109 0.4000000060
10986  -29.133  -71.787  -37.283 0.4000000060
10997  -35.569  -71.974  -36.770 0.3000000119
11001  -29.221  -72.824  -39.547 0.5000000000
11003  -32.922  -72.785  -38.507 0.4000000060
11906  -29.302  -71.949  -38.437 0.4000000060
11907  -35.155  -71.783  -37.361 0.3000000119
11912  -29.736  -71.574  -39.119 0.5000000000
11913  -33.234  -72.125  -38.572 0.4000000060
12766  -28.386  -70.314  -32.828 0.4000000060
12803  -29.316  -69.781  -34.852 0.4000000060
12839  -35.041  -70.768  -38.113 0.3000000119
12844  -30.730  -70.098  -39.440 0.5000000000
12847  -33.301  -70.952  -38.718 0.4000000060
13738  -30.042  -69.451  -38.015 0.5000000000
13744  -35.891  -69.395  -38.321 0.3000000119
13748  -30.427  -69.136  -39.324 0.5000000000
14689  -30.872  -68.568  -39.366 0.5000000000
15610  -28.883  -67.888  -32.270 0.4000000060
15621  -29.299  -67.781  -33.678 0.5000000000
15671  -30.518  -67.362  -38.595 0.6000000238
15672  -31.113  -67.371  -38.726 0.6000000238
15677  -36.425  -67.919  -38.317 0.3000000119
15678  -30.636  -67.876  -39.079 0.5000000000
16609  -28.258  -66.612  -30.067 0.5000000000
16704  -29.675  -66.280  -37.115 0.6000000238
16707  -30.423  -66.170  -37.751 0.6999999881
16712  -30.475  -66.781  -38.108 0.6000000238
16715  -32.926  -67.013  -38.239 0.6000000238
17699  -28.846  -65.962  -31.104 0.5000000000
17722  -29.919  -65.056  -33.395 0.6999999881
17732  -29.844  -65.146  -35.260 0.6000000238
17752  -30.063  -65.807  -37.446 0.6999999881
17757  -36.130  -65.265  -37.908 0.3000000119
17760  -35.666  -65.800  -38.265 0.4000000060
17761  -36.264  -66.062  -38.105 0.3000000119
18753  -28.339  -64.905  -29.760 0.5000000000
18816  -30.842  -64.903  -37.412 0.6999999881
19859  -27.821  -63.400  -30.002 0.5000000000
19911  -32.759  -62.869  -36.194 0.5000000000
19912  -34.328  -62.902  -36.683 0.4000000060
20903  -27.090  -61.860  -30.930 0.5000000000
20913  -28.085  -61.920  -33.193 0.5000000000
20943  -29.304  -62.663  -35.166 0.6000000238
20947  -31.028  -62.043  -36.334 0.6000000238
21909  -25.068  -61.727  -30.332 0.6000000238
21910  -26.071  -61.763  -30.635 0.4000000060
21934  -26.773  -61.377  -32.516 0.6000000238
21958  -27.074  -61.584  -35.445 0.6999999881
21964  -26.717  -61.230  -36.201 0.6999999881
21967  -29.079  -61.782  -36.111 0.6999999881
21975  -32.742  -61.220  -36.248 0.5000000000
21976  -33.716  -61.452  -36.402 0.3000000119
22944  -23.522  -60.448  -30.989 0.5000000000
22955  -25.076  -60.724  -32.204 0.5000000000
22964  -23.284  -59.973  -34.231 0.6000000238
22965  -23.959  -60.386  -34.032 0.5000000000
22975  -24.475  -60.703  -35.447 0.6000000238
22976  -25.024  -61.073  -35.846 0.6000000238
22978  -27.566  -60.582  -36.248 0.6999999881
22982  -31.817  -60.186  -36.064 0.5000000000
22984  -35.277  -59.806  -36.232 0.3000000119
22991  -32.227  -60.678  -36.234 0.5000000000
22993  -34.588  -60.412  -36.287 0.3000000119
23933  -32.924  -59.350  -30.676 0.4000000060
23937  -22.330  -59.034  -32.379 0.5000000000
23938  -22.686  -59.677  -31.869 0.5000000000
23942  -32.486  -59.631  -31.181 0.4000000060
23944  -35.681  -58.986  -32.219 0.3000000119
23949  -22.616  -59.548  -32.788 0.6000000238
23962  -22.282  -59.019  -33.238 0.6000000238
23974  -22.590  -58.983  -34.006 0.6000000238
23975  -22.977  -59.490  -34.329 0.6000000238
23976  -23.458  -59.774  -34.838 0.6000000238
23978  -26.946  -59.398  -35.117 0.8000000119
23984  -33.735  -59.063  -34.824 0.3000000119
23986  -35.710  -58.785  -35.679 0.3000000119
23989  -24.110  -60.087  -35.302 0.6000000238
23991  -25.693  -60.488  -36.031 0.6999999881
23997  -32.614  -59.722  -35.631 0.5000000000
24987  -30.771  -58.962  -30.145 0.5000000000
24997  -22.584  -58.928  -31.571 0.5000000000
25007  -28.260  -58.506  -32.427 0.8000000119
25016  -27.185  -58.370  -33.672 0.6999999881
25018  -33.872  -58.999  -33.333 0.3000000119
25029  -24.516  -59.563  -35.435 0.6999999881
25931  -31.478  -57.605  -28.176 0.3000000119
25965  -31.054  -58.072  -28.910 0.4000000060
25973  -23.481  -57.791  -30.999 0.4000000060
25976  -30.236  -57.337  -30.167 0.5000000000
25981  -22.618  -57.642  -32.281 0.6000000238
25982  -29.308  -57.516  -31.168 0.6000000238
25985  -22.425  -57.744  -33.023 0.6000000238
25988  -22.837  -57.549  -33.543 0.6000000238
25989  -23.731  -57.394  -34.077 0.6999999881
26938  -23.811  -56.196  -31.195 0.5000000000
26949  -22.800  -57.072  -32.866 0.6000000238
26958  -26.959  -56.521  -33.620 0.6999999881
26961  -25.671  -56.941  -34.327 0.6999999881
27943  -30.828  -55.468  -28.852 0.3000000119
27954  -30.779  -55.173  -29.910 0.5000000000
27965  -28.385  -55.676  -32.773 0.6000000238
27968  -23.615  -55.793  -33.050 0.6000000238
27971  -26.189  -55.471  -33.891 0.6999999881
27972  -27.045  -55.215  -33.774 0.6999999881
28977  -24.074  -54.610  -31.188 0.5000000000
28979  -30.881  -54.482  -30.818 0.5000000000
28984  -30.462  -54.639  -31.518 0.5000000000
28989  -23.794  -54.548  -32.216 0.5000000000
28994  -31.086  -53.586  -32.504 0.5000000000
28998  -25.590  -54.740  -33.447 0.6999999881
29001  -28.250  -54.614  -33.483 0.6999999881
29003  -29.890  -53.822  -33.105 0.5000000000
30040  -24.315  -53.045  -31.083 0.5000000000
30041  -31.755  -53.318  -31.184 0.5000000000
30048  -24.241  -53.100  -31.588 0.6000000238
30050  -32.128  -52.876  -31.845 0.5000000000
30053  -24.336  -53.494  -32.199 0.6000000238
30059  -27.644  -53.715  -33.335 0.6999999881
30063  -31.150  -52.781  -33.324 0.5000000000
31077  -24.583  -52.354  -30.743 0.3000000119
31089  -31.890  -52.853  -30.447 0.3000000119
31102  -32.484  -52.264  -32.301 0.4000000060
31105  -26.584  -53.047  -32.880 0.6000000238
31107  -28.463  -52.535  -32.973 0.6000000238
31108  -29.389  -52.860  -33.320 0.5000000000
31111  -32.338  -52.062  -32.971 0.5000000000
32171  -32.601  -51.691  -30.916 0.3000000119
32175  -24.643  -51.645  -31.277 0.6000000238
32180  -24.818  -51.782  -31.618 0.6000000238
32181  -25.277  -51.620  -31.889 0.6000000238
32192  -31.790  -51.774  -33.281 0.5000000000
32193  -32.654  -51.370  -33.188 0.5000000000
33201  -24.699  -50.910  -31.020 0.3000000119
33213  -33.735  -50.859  -32.209 0.3000000119
33218  -27.561  -50.896  -31.962 0.6000000238
33220  -29.699  -50.796  -32.412 0.6000000238
34189  -33.013  -50.127  -30.360 0.3000000119
34195  -26.004  -49.375  -31.593 0.6000000238
34198  -29.324  -49.426  -31.672 0.5000000000
34204  -31.799  -49.755  -32.926 0.5000000000
34207  -35.575  -49.475  -33.922 0.4000000060
34211  -34.911  -49.667  -33.821 0.5000000000
35234  -33.012  -47.945  -28.711 0.4000000060
35254  -33.734  -48.726  -30.475 0.3000000119
35257  -26.183  -48.791  -31.541 0.5000000000
35259  -28.439  -48.582  -31.361 0.5000000000
35262  -31.239  -48.305  -32.144 0.5000000000
35267  -32.630  -48.840  -33.125 0.4000000060
35268  -35.562  -49.544  -33.355 0.4000000060
35270  -36.759  -48.786  -34.095 0.4000000060
36320  -28.298  -47.149  -30.621 0.4000000060
36323  -33.543  -47.927  -29.757 0.3000000119
36332  -32.684  -47.414  -32.652 0.4000000060
36335  -37.178  -47.961  -33.138 0.3000000119
36338  -33.663  -47.755  -33.397 0.4000000060
36341  -37.725  -47.885  -34.113 0.4000000060
36346  -37.169  -48.357  -34.178 0.4000000060
37323  -33.761  -46.750  -29.138 0.4000000060
37340  -31.549  -46.449  -31.378 0.4000000060
37349  -34.686  -47.684  -33.858 0.4000000060
37351  -36.923  -47.688  -34.394 0.4000000060
38257  -33.787  -45.798  -28.088 0.4000000060
38268  -34.897  -45.717  -29.656 0.4000000060
38297  -39.378  -46.268  -34.044 0.4000000060
39226  -30.585  -44.457  -28.915 0.3000000119
39235  -33.264  -44.011  -31.016 0.4000000060
39255  -36.985  -45.803  -33.988 0.4000000060
40217  -37.389  -43.647  -33.155 0.4000000060
40220  -40.175  -44.388  -33.819 0.5000000000
40224  -38.450  -44.052  -33.626 0.4000000060
41187  -38.957  -42.807  -33.093 0.4000000060
41189  -40.716  -43.461  -33.371 0.5000000000
42141  -35.526  -41.417  -30.622 0.4000000060
42151  -35.940  -41.791  -31.243 0.4000000060
44077  -39.051  -39.144  -28.093 0.4000000060
44095  -38.539  -39.579  -28.754 0.4000000060
44111  -38.060  -40.056  -29.391 0.4000000060
121695  -28.667  -69.569  -33.002 0.4000000060
122078  -30.421  -60.233  -33.052 0.6000000238
122236  -30.856  -59.945  -31.426 0.5000000000
122624  -29.912  -68.837  -38.828 0.4000000060
122754  -33.538  -50.509  -31.370 0.3000000119
123011  -29.635  -68.538  -36.026 0.6000000238
123538  -37.778  -43.221  -33.065 0.4000000060
124620  -38.830  -46.247  -34.301 0.4000000060
125088  -28.550  -66.105  -30.434 0.5000000000
125194  -29.488  -73.731  -40.070 0.4000000060
126246  -32.206  -51.599  -29.911 0.3000000119
126339  -36.669  -43.445  -32.722 0.4000000060
126449  -29.450  -65.923  -32.344 0.6000000238
127226  -31.022  -70.807  -39.588 0.4000000060
127507  -35.302  -44.293  -28.717 0.4000000060
127638  -27.018  -61.482  -36.010 0.6000000238
128072  -29.696  -63.695  -33.074 0.6999999881
128420  -24.940  -53.146  -32.417 0.6999999881
128457  -24.885  -49.824  -31.080 0.5000000000
128623  -28.626  -62.421  -32.274 0.5000000000
129292  -28.672  -64.448  -30.399 0.5000000000
129856  -35.247  -67.135  -38.653 0.4000000060
130872  -28.454  -72.401  -36.629 0.4000000060
132169  -29.640  -63.735  -32.438 0.5000000000
133563  -30.469  -62.760  -36.478 0.6999999881
133770  -34.550  -43.304  -31.488 0.4000000060
133789  -31.346  -62.953  -36.274 0.6999999881
134092  -29.214  -76.714  -38.962 0.4000000060
135191  -26.316  -61.529  -35.090 0.5000000000
135266  -34.102  -58.995  -31.911 0.3000000119
135565  -22.924  -59.509  -31.060 0.4000000060
135592  -34.005  -60.829  -36.349 0.3000000119
135600  -26.538  -61.410  -33.819 0.6000000238
136181  -38.939  -39.861  -29.526 0.4000000060
137977  -31.236  -54.143  -28.819 0.3000000119
139194  -29.237  -69.153  -34.291 0.4000000060
139519  -26.183  -48.245  -31.412 0.5000000000
140291  -29.324  -62.796  -34.395 0.6999999881
140459  -30.057  -68.515  -39.109 0.5000000000
140515  -29.669  -74.435  -40.163 0.4000000060
141264  -31.402  -74.439  -38.684 0.4000000060
141614  -32.877  -43.647  -30.397 0.4000000060
141627  -30.765  -46.528  -30.771 0.5000000000
141749  -25.592  -52.847  -32.546 0.6999999881
142453  -32.958  -59.353  -34.884 0.5000000000
142548  -28.976  -69.409  -33.638 0.4000000060
142786  -26.797  -55.815  -33.876 0.6999999881
143094  -28.500  -71.018  -33.906 0.4000000060
143377  -27.993  -54.234  -33.520 0.5000000000
143424  -22.879  -59.911  -32.412 0.5000000000
143604  -31.474  -53.640  -31.486 0.5000000000
143691  -30.338  -60.325  -36.173 0.5000000000
144065  -28.883  -49.005  -31.479 0.5000000000
144213  -34.570  -50.236  -33.179 0.4000000060
144408  -35.981  -67.269  -38.569 0.4000000060
144640  -34.095  -49.169  -31.117 0.3000000119
145065  -31.404  -75.485  -37.243 0.4000000060
145114  -30.568  -60.863  -36.484 0.6000000238
145838  -26.791  -76.584  -36.576 0.3000000119
