#!ascii label  , from subject sub-v1s13x0050002_ses-1 vox2ras=TkReg
1530
7608  29.940  -78.256  -34.653 0.5000000000
13506  21.319  -70.604  -32.427 0.6000000238
13497  21.231  -70.529  -31.605 0.6000000238
143801  20.159  -71.405  -32.477 0.6000000238
13486  21.056  -70.431  -30.794 0.6999999881
12593  19.919  -71.142  -31.947 0.6000000238
14451  21.665  -69.987  -30.308 0.6999999881
13470  20.821  -70.254  -29.991 0.6000000238
145697  20.820  -77.329  -32.204 0.5000000000
8397  23.269  -76.474  -32.836 0.6000000238
8388  22.766  -76.092  -31.985 0.6000000238
8390  21.153  -76.451  -32.246 0.5000000000
8413  24.035  -76.680  -36.072 0.5000000000
8404  24.056  -76.268  -34.666 0.4000000060
8398  22.475  -77.058  -32.603 0.5000000000
126456  22.103  -76.740  -32.138 0.6000000238
9235  16.422  -75.909  -36.381 0.5000000000
7630  26.338  -77.654  -38.492 0.4000000060
10047  16.614  -74.242  -37.873 0.5000000000
10028  15.603  -74.981  -36.639 0.5000000000
148353  17.204  -73.737  -37.735 0.6000000238
12634  19.520  -72.352  -35.062 0.6000000238
13518  21.345  -70.637  -33.312 0.6000000238
14474  21.897  -69.928  -32.944 0.6999999881
13519  20.728  -71.348  -33.674 0.6000000238
14460  21.922  -69.962  -32.040 0.6999999881
15444  23.832  -69.057  -30.708 0.6000000238
14449  23.170  -69.299  -31.020 0.6999999881
15427  25.570  -68.666  -29.246 0.6000000238
15429  24.054  -69.204  -29.999 0.6000000238
14434  23.190  -69.495  -30.003 0.6999999881
15414  25.086  -69.190  -28.623 0.6999999881
127766  19.583  -70.593  -31.357 0.6000000238
8406  19.960  -76.715  -33.787 0.5000000000
9214  20.705  -75.992  -32.817 0.6000000238
8396  23.999  -75.992  -33.361 0.6000000238
9212  23.657  -75.654  -32.344 0.6999999881
9204  22.326  -75.585  -31.836 0.6000000238
8423  24.205  -76.796  -37.519 0.4000000060
10045  18.519  -74.756  -38.263 0.5000000000
10046  17.320  -75.050  -38.172 0.5000000000
7616  27.808  -77.589  -35.339 0.5000000000
126610  17.618  -74.102  -37.955 0.5000000000
13557  20.698  -71.233  -35.941 0.6999999881
11789  18.584  -73.216  -37.167 0.6000000238
13556  21.292  -70.499  -35.404 0.6999999881
13539  20.754  -71.348  -34.702 0.6000000238
11760  19.495  -72.529  -36.283 0.6000000238
13538  21.341  -70.603  -34.305 0.6999999881
14473  22.515  -69.345  -32.574 0.6999999881
15460  23.618  -68.874  -31.496 0.6000000238
15461  23.213  -68.859  -32.218 0.6000000238
15442  25.305  -68.482  -30.108 0.6000000238
145896  23.168  -69.134  -31.595 0.6000000238
15426  26.221  -68.277  -29.075 0.6000000238
16467  27.096  -67.911  -27.800 0.6999999881
14422  21.848  -70.120  -28.549 0.6999999881
13488  19.497  -70.094  -30.526 0.5000000000
14419  24.396  -69.474  -28.790 0.6999999881
141104  23.233  -69.763  -29.104 0.6999999881
10015  21.330  -74.735  -33.853 0.5000000000
9223  20.514  -75.606  -34.024 0.5000000000
8414  19.798  -76.550  -35.095 0.5000000000
10003  22.343  -74.282  -32.629 0.6999999881
9213  21.208  -75.183  -32.860 0.6000000238
10014  24.825  -74.694  -33.670 0.5000000000
10002  24.459  -74.389  -32.822 0.6999999881
9991  23.417  -74.567  -32.058 0.6999999881
9992  22.726  -74.735  -31.941 0.6000000238
148525  21.706  -74.592  -32.934 0.6000000238
9241  24.708  -76.043  -36.739 0.4000000060
9232  24.597  -75.778  -35.383 0.4000000060
11777  19.764  -72.330  -37.635 0.5000000000
10879  19.248  -73.821  -38.219 0.5000000000
10880  18.456  -73.690  -37.893 0.5000000000
139114  21.210  -70.361  -36.387 0.6000000238
12661  20.300  -71.639  -37.086 0.5000000000
14514  22.356  -69.154  -34.488 0.6999999881
16536  24.317  -67.547  -32.926 0.6000000238
15480  23.608  -68.213  -32.951 0.6999999881
14493  22.429  -69.272  -33.511 0.6999999881
16514  25.476  -67.496  -31.569 0.6000000238
16515  24.724  -67.900  -31.909 0.6000000238
15481  22.994  -68.726  -33.161 0.6999999881
17483  27.567  -66.720  -29.652 0.6999999881
16499  25.776  -67.855  -30.657 0.6000000238
15479  23.995  -68.363  -32.146 0.6000000238
129791  28.483  -66.693  -28.316 0.6000000238
16490  27.356  -67.246  -29.080 0.6999999881
16491  26.666  -67.723  -29.438 0.6999999881
146642  29.658  -66.706  -26.965 0.6000000238
17452  28.870  -66.763  -27.655 0.6000000238
16479  27.488  -67.468  -28.230 0.6999999881
14423  20.243  -69.811  -28.511 0.6000000238
14421  22.788  -70.091  -28.467 0.6999999881
134816  21.002  -70.089  -28.679 0.6000000238
16454  30.123  -66.993  -26.142 0.6999999881
146593  28.931  -67.138  -26.859 0.6000000238
16466  27.650  -67.636  -27.497 0.8000000119
15404  26.537  -68.410  -27.662 0.6999999881
14404  25.261  -69.333  -27.737 0.6999999881
127692  24.508  -69.705  -28.063 0.6999999881
9233  20.353  -75.742  -35.535 0.6000000238
11726  23.282  -73.007  -33.381 0.6999999881
10839  22.437  -73.404  -34.424 0.6999999881
10840  21.986  -74.086  -33.615 0.6000000238
10001  24.943  -73.884  -33.442 0.5000000000
10821  24.403  -73.573  -32.901 0.6999999881
9231  25.191  -75.296  -36.092 0.4000000060
9221  25.035  -74.990  -34.819 0.5000000000
10044  19.467  -75.228  -38.212 0.5000000000
8424  18.846  -76.595  -37.840 0.5000000000
11794  19.898  -73.210  -38.393 0.5000000000
13576  20.749  -71.073  -37.833 0.6000000238
14526  22.240  -68.791  -36.500 0.6000000238
14527  21.721  -69.589  -36.175 0.6999999881
130810  23.221  -68.085  -34.530 0.6999999881
129730  22.271  -68.944  -35.554 0.6999999881
16535  25.133  -67.077  -32.539 0.6000000238
16551  23.841  -67.686  -33.604 0.6000000238
15500  23.374  -68.141  -33.778 0.6999999881
18546  28.661  -65.201  -30.050 0.6999999881
130292  27.414  -66.478  -30.228 0.6999999881
17494  26.868  -66.715  -30.699 0.6999999881
141325  21.607  -69.748  -26.072 0.6000000238
18534  29.564  -65.588  -28.767 0.6000000238
18535  28.790  -65.732  -29.249 0.6999999881
16513  26.213  -67.106  -31.178 0.6999999881
149455  32.724  -65.647  -26.307 0.6000000238
18500  32.216  -65.719  -26.876 0.6000000238
18518  31.552  -65.629  -27.537 0.6000000238
18520  30.117  -65.754  -28.137 0.6000000238
17471  28.371  -66.375  -28.952 0.6999999881
14392  21.325  -69.887  -26.762 0.6000000238
17435  32.137  -66.184  -25.985 0.6000000238
17450  30.269  -66.146  -27.480 0.6000000238
14388  25.830  -69.477  -25.886 0.6999999881
126666  25.005  -69.993  -26.066 0.6000000238
14405  23.128  -70.251  -27.702 0.6999999881
14406  22.162  -70.216  -27.570 0.6000000238
18487  32.892  -65.755  -25.505 0.5000000000
137505  31.361  -66.546  -26.102 0.6000000238
17424  30.833  -66.928  -25.725 0.8000000119
16441  28.680  -68.022  -25.638 0.8000000119
16442  27.970  -68.168  -25.977 0.8000000119
15395  26.378  -68.798  -26.699 0.8000000119
14389  25.496  -69.426  -26.829 0.6999999881
141127  24.556  -69.974  -27.056 0.6999999881
16455  29.356  -67.431  -26.086 0.8000000119
16457  27.792  -67.873  -26.748 0.8000000119
132638  21.719  -74.220  -34.877 0.6999999881
10016  21.070  -75.021  -35.094 0.6999999881
10027  20.770  -75.198  -36.101 0.6999999881
11725  24.004  -72.561  -33.211 0.6999999881
9242  20.204  -75.711  -36.704 0.6000000238
10820  24.884  -73.130  -33.335 0.6000000238
9243  19.536  -76.297  -37.395 0.5000000000
146423  20.028  -75.316  -38.071 0.5000000000
18477  23.984  -65.110  -23.994 0.6000000238
10878  20.600  -73.687  -38.418 0.5000000000
18478  23.698  -65.556  -24.451 0.5000000000
12668  20.836  -71.900  -38.339 0.5000000000
17393  23.851  -67.065  -23.439 0.6000000238
14537  21.868  -69.726  -37.758 0.6999999881
13575  21.321  -70.470  -37.906 0.6000000238
15508  23.271  -67.692  -35.348 0.6999999881
13571  21.431  -69.931  -37.131 0.6999999881
15367  23.081  -68.732  -24.035 0.6000000238
17539  24.853  -66.644  -33.582 0.6999999881
16550  24.268  -67.061  -34.006 0.6000000238
19634  29.299  -64.670  -30.191 0.6999999881
18560  27.989  -65.078  -30.733 0.6999999881
17513  26.581  -66.212  -31.643 0.6999999881
146183  22.736  -69.844  -25.170 0.6000000238
14353  22.855  -69.419  -24.550 0.6000000238
18544  29.887  -64.911  -29.483 0.6000000238
17493  27.340  -65.779  -30.988 0.6999999881
14371  23.622  -70.008  -25.036 0.6000000238
14373  21.492  -69.222  -25.543 0.6000000238
19596  32.855  -64.820  -28.071 0.6000000238
18533  31.224  -65.327  -28.219 0.6000000238
14350  25.543  -69.587  -24.336 0.6999999881
14370  24.517  -70.079  -25.333 0.6000000238
139681  23.041  -70.199  -25.841 0.6000000238
18516  33.003  -65.222  -27.021 0.6000000238
15349  29.303  -68.285  -24.094 0.6000000238
15365  27.847  -68.724  -24.536 0.6000000238
15366  26.929  -69.058  -24.727 0.6999999881
14368  26.118  -69.495  -24.940 0.6000000238
14391  22.339  -70.190  -26.530 0.6000000238
16422  30.587  -67.606  -24.328 0.6000000238
147918  28.135  -68.413  -25.281 0.8000000119
16439  31.048  -67.229  -24.865 0.6000000238
16424  29.391  -67.998  -25.103 0.6999999881
15382  26.645  -68.978  -25.649 0.8000000119
10855  22.552  -72.956  -35.456 0.6999999881
10856  22.055  -73.619  -36.004 0.6999999881
11742  23.653  -72.185  -33.900 0.6999999881
10868  21.675  -73.977  -37.069 0.6000000238
10043  20.554  -74.913  -37.905 0.6000000238
130025  24.087  -64.453  -22.597 0.6000000238
128047  23.837  -64.000  -23.953 0.6000000238
19535  24.390  -65.054  -22.557 0.6000000238
19545  23.995  -64.665  -23.418 0.6000000238
10882  21.181  -73.089  -38.326 0.6000000238
18463  24.185  -65.495  -23.138 0.5000000000
14536  22.481  -69.733  -37.963 0.6999999881
13578  21.702  -70.810  -38.341 0.6999999881
17379  24.926  -66.608  -22.352 0.4000000060
17409  23.923  -65.995  -23.652 0.5000000000
130863  23.780  -67.074  -35.461 0.6999999881
16569  23.131  -67.753  -36.968 0.8000000119
16394  24.655  -67.332  -22.839 0.5000000000
17552  24.695  -66.385  -34.491 0.6000000238
15515  22.791  -68.106  -36.190 0.6999999881
16406  24.172  -68.039  -23.294 0.6000000238
18574  26.797  -65.162  -32.107 0.6999999881
17538  25.530  -66.166  -33.208 0.6999999881
15353  25.496  -68.752  -23.213 0.6999999881
14341  23.828  -68.795  -23.639 0.6000000238
124482  30.124  -64.237  -30.378 0.6999999881
19649  28.646  -64.559  -30.847 0.6999999881
15352  26.518  -68.915  -23.373 0.5000000000
14352  23.674  -69.452  -24.183 0.6000000238
19630  33.105  -64.336  -29.058 0.6000000238
19633  30.737  -64.643  -29.512 0.6000000238
146020  25.819  -69.314  -23.741 0.6999999881
19609  32.237  -64.698  -28.891 0.6000000238
19610  31.371  -64.908  -28.822 0.6000000238
15351  27.939  -68.669  -23.691 0.5000000000
148607  27.346  -68.703  -23.321 0.6000000238
18517  32.327  -65.337  -27.556 0.6000000238
16403  30.696  -67.501  -23.613 0.6000000238
129472  30.091  -67.878  -23.740 0.5000000000
147642  32.277  -66.148  -23.500 0.6000000238
11759  22.860  -72.334  -35.724 0.6999999881
132110  22.419  -72.782  -36.499 0.6999999881
11776  21.971  -73.267  -37.276 0.6000000238
11786  21.770  -72.846  -38.073 0.6000000238
20550  23.965  -63.836  -22.109 0.4000000060
21507  23.698  -63.236  -23.787 0.5000000000
11785  22.031  -71.940  -38.176 0.6000000238
19519  24.498  -64.562  -21.955 0.5000000000
20575  23.997  -63.575  -24.718 0.6000000238
13574  22.783  -70.197  -37.969 0.6999999881
14535  23.252  -69.280  -37.837 0.6999999881
11792  21.361  -72.310  -38.350 0.6000000238
18453  24.649  -65.803  -22.421 0.5000000000
17564  24.330  -66.600  -35.988 0.6999999881
17378  25.546  -66.854  -21.888 0.4000000060
19666  28.170  -63.558  -32.837 0.6999999881
18590  26.518  -64.619  -33.330 0.6999999881
18610  25.947  -65.236  -34.821 0.6999999881
135645  25.848  -67.589  -22.138 0.6000000238
20659  29.999  -63.551  -31.331 0.6999999881
20671  29.331  -63.420  -31.944 0.6999999881
18591  25.934  -65.260  -33.854 0.6999999881
16383  27.141  -67.342  -21.485 0.5000000000
16393  25.362  -67.922  -22.670 0.5000000000
19646  31.891  -64.012  -30.253 0.6000000238
146097  30.635  -63.693  -30.895 0.6999999881
19656  28.561  -63.872  -31.796 0.6999999881
18573  27.466  -64.777  -31.631 0.6999999881
16391  27.517  -67.904  -22.126 0.5000000000
20622  33.946  -63.965  -29.017 0.5000000000
149897  32.944  -64.140  -29.673 0.6000000238
19632  31.620  -64.479  -29.563 0.6000000238
12660  23.275  -71.187  -36.813 0.6999999881
12665  22.605  -71.542  -37.680 0.6999999881
21486  23.857  -62.590  -21.453 0.4000000060
13570  23.613  -70.390  -37.193 0.6999999881
21495  23.453  -62.459  -23.026 0.4000000060
12664  23.010  -70.660  -37.695 0.6999999881
21515  23.986  -62.750  -24.729 0.6000000238
16570  23.904  -67.868  -37.542 0.8000000119
14534  23.880  -68.929  -37.678 0.6999999881
18620  25.965  -65.542  -35.474 0.6000000238
17566  24.781  -66.705  -36.604 0.6000000238
22470  25.128  -61.098  -26.583 0.6000000238
19687  26.811  -64.164  -34.039 0.6999999881
18609  26.465  -64.701  -34.333 0.6999999881
18619  25.531  -65.619  -35.229 0.6000000238
20687  29.480  -63.142  -32.923 0.6000000238
20669  31.716  -63.215  -31.810 0.6000000238
23376  24.802  -60.560  -28.161 0.5000000000
20641  32.684  -63.925  -30.191 0.6000000238
20657  32.221  -63.583  -30.935 0.6999999881
132062  34.368  -63.534  -29.695 0.5000000000
14531  24.329  -69.063  -37.312 0.6999999881
22429  23.335  -61.547  -22.632 0.4000000060
15517  25.042  -67.841  -37.053 0.8000000119
21516  23.890  -61.894  -24.540 0.5000000000
17561  26.486  -65.897  -35.505 0.8000000119
22460  24.241  -61.140  -25.123 0.4000000060
23324  23.651  -61.071  -24.207 0.4000000060
17565  25.382  -66.592  -36.384 0.6999999881
23339  24.726  -60.680  -25.955 0.4000000060
22471  24.787  -61.529  -25.932 0.5000000000
20686  30.365  -62.898  -32.773 0.6000000238
20689  27.982  -63.695  -33.709 0.6000000238
19699  27.024  -64.383  -34.531 0.6999999881
130536  24.608  -59.848  -26.163 0.4000000060
20685  31.230  -62.810  -32.702 0.6000000238
20670  30.728  -63.202  -31.770 0.6000000238
24222  24.967  -59.535  -27.962 0.4000000060
23362  25.235  -60.903  -27.761 0.6000000238
20656  33.112  -63.583  -30.804 0.6000000238
20655  33.996  -63.465  -30.633 0.5000000000
130689  35.963  -62.493  -29.704 0.5000000000
23296  23.240  -60.590  -22.239 0.4000000060
14530  24.975  -68.495  -36.906 0.8000000119
23307  23.350  -60.886  -23.279 0.4000000060
16564  25.814  -67.003  -36.238 0.6999999881
23323  24.189  -60.234  -25.304 0.4000000060
19698  27.616  -64.292  -34.488 0.6000000238
18618  26.626  -65.096  -35.030 0.6999999881
126780  30.147  -63.108  -33.492 0.6000000238
20717  27.952  -63.957  -34.135 0.6000000238
149980  23.711  -58.991  -25.494 0.4000000060
24207  24.883  -59.457  -27.269 0.4000000060
20667  33.600  -63.284  -31.622 0.6000000238
25168  24.725  -58.731  -28.147 0.4000000060
21611  34.425  -63.041  -31.455 0.4000000060
23291  23.440  -59.963  -21.429 0.4000000060
16563  26.280  -66.645  -35.733 0.6999999881
125238  23.148  -60.144  -23.048 0.4000000060
18616  27.978  -64.786  -34.635 0.6999999881
17559  27.134  -65.600  -35.047 0.6000000238
24182  23.519  -59.760  -24.594 0.4000000060
21626  30.916  -62.805  -33.494 0.6000000238
146087  30.253  -63.614  -33.978 0.6000000238
25158  24.581  -58.686  -27.343 0.4000000060
20684  33.203  -62.914  -32.848 0.6000000238
25179  24.336  -58.435  -28.623 0.3000000119
21595  35.301  -62.601  -31.322 0.4000000060
21594  36.061  -62.081  -31.702 0.4000000060
25129  22.944  -59.028  -24.432 0.4000000060
138262  23.515  -58.482  -25.820 0.4000000060
20702  32.608  -62.593  -33.967 0.6000000238
21623  33.954  -62.699  -33.331 0.6000000238
21624  33.304  -62.603  -33.925 0.6000000238
21610  35.486  -62.218  -32.338 0.4000000060
21622  35.350  -62.060  -33.534 0.5000000000
22523  37.491  -61.218  -31.650 0.4000000060
26231  21.409  -56.478  -29.080 0.3000000119
22524  36.690  -61.533  -32.211 0.4000000060
26128  23.463  -57.135  -21.236 0.4000000060
28251  22.093  -55.635  -27.794 0.3000000119
26217  18.498  -56.840  -28.779 0.4000000060
28190  24.321  -55.903  -20.509 0.4000000060
141847  23.280  -55.727  -22.436 0.4000000060
28235  22.176  -55.096  -25.027 0.3000000119
137637  22.399  -55.862  -24.511 0.3000000119
27304  21.453  -55.768  -28.848 0.3000000119
28259  22.090  -55.833  -28.526 0.3000000119
27305  20.487  -55.779  -28.738 0.3000000119
28200  23.985  -55.333  -21.153 0.4000000060
29218  23.813  -54.773  -21.874 0.4000000060
145712  22.671  -55.610  -23.770 0.4000000060
28252  21.569  -54.755  -27.173 0.3000000119
28260  21.554  -54.998  -28.096 0.3000000119
26185  17.630  -56.530  -26.974 0.4000000060
143113  17.959  -57.976  -25.535 0.3000000119
25143  18.715  -58.239  -24.721 0.3000000119
28269  20.696  -54.871  -28.534 0.3000000119
28270  19.629  -55.208  -28.365 0.3000000119
29231  24.064  -53.963  -21.893 0.4000000060
28226  22.962  -55.019  -23.433 0.4000000060
29246  22.863  -54.216  -23.809 0.3000000119
29266  21.910  -54.253  -25.460 0.3000000119
29267  21.545  -54.052  -26.448 0.3000000119
27281  17.149  -56.191  -27.913 0.3000000119
29273  21.315  -53.857  -27.296 0.3000000119
26172  18.471  -57.336  -25.777 0.3000000119
29286  20.476  -54.075  -28.240 0.3000000119
27270  19.412  -55.835  -25.895 0.4000000060
26171  19.363  -56.911  -25.390 0.3000000119
27269  20.154  -55.554  -25.061 0.3000000119
26164  19.899  -57.385  -24.424 0.3000000119
30264  23.294  -53.787  -23.220 0.4000000060
30274  22.575  -53.657  -24.331 0.4000000060
30283  22.123  -53.537  -25.011 0.3000000119
27280  17.937  -55.887  -27.440 0.4000000060
30284  21.627  -53.374  -25.910 0.3000000119
28253  18.817  -55.108  -27.456 0.3000000119
27271  18.593  -56.351  -26.422 0.4000000060
28246  19.201  -54.953  -26.709 0.4000000060
28236  20.569  -55.108  -24.351 0.3000000119
30256  23.696  -53.328  -22.548 0.4000000060
30265  22.900  -53.353  -23.798 0.4000000060
31309  22.380  -52.824  -24.521 0.4000000060
130677  21.362  -52.573  -26.284 0.4000000060
30291  21.217  -53.075  -26.948 0.3000000119
31340  19.973  -52.396  -27.260 0.3000000119
137926  19.437  -53.515  -26.967 0.3000000119
30286  19.503  -53.155  -26.262 0.3000000119
31322  19.681  -52.543  -25.578 0.5000000000
28245  19.698  -54.887  -25.850 0.4000000060
144056  20.192  -54.759  -25.166 0.4000000060
28228  20.900  -55.532  -23.217 0.3000000119
31299  22.843  -52.424  -23.677 0.4000000060
128610  22.318  -51.973  -24.362 0.4000000060
31321  21.197  -51.713  -26.097 0.3000000119
32410  19.861  -50.722  -26.342 0.3000000119
33494  19.836  -49.716  -25.369 0.3000000119
33482  19.820  -49.275  -24.708 0.3000000119
31328  20.790  -52.158  -26.732 0.3000000119
32408  20.366  -51.316  -26.598 0.3000000119
32398  19.620  -50.999  -26.131 0.3000000119
31312  19.581  -51.511  -25.589 0.3000000119
131494  19.702  -51.186  -24.871 0.3000000119
31330  19.857  -51.585  -26.700 0.3000000119
30275  20.231  -53.169  -24.763 0.3000000119
29257  20.363  -54.121  -24.750 0.3000000119
29234  21.175  -54.727  -22.694 0.3000000119
31271  24.872  -52.376  -21.022 0.3000000119
32351  24.390  -51.701  -21.561 0.3000000119
32365  23.664  -51.672  -22.402 0.3000000119
33479  22.581  -50.493  -23.488 0.3000000119
33480  21.840  -49.272  -23.875 0.3000000119
34537  20.027  -48.403  -24.025 0.3000000119
32375  23.060  -51.565  -23.159 0.3000000119
131268  21.956  -50.262  -24.282 0.3000000119
33493  20.398  -49.315  -25.134 0.3000000119
34547  20.120  -48.941  -24.706 0.3000000119
149090  19.828  -49.358  -24.075 0.3000000119
31300  20.294  -51.651  -23.896 0.3000000119
30266  20.587  -52.926  -23.917 0.3000000119
30257  21.068  -52.775  -22.860 0.3000000119
29247  20.861  -54.528  -23.725 0.3000000119
29233  21.085  -53.800  -23.261 0.3000000119
33421  26.325  -51.000  -18.813 0.3000000119
32334  24.799  -51.050  -20.847 0.3000000119
32352  23.804  -50.953  -21.999 0.3000000119
33464  22.541  -49.470  -23.058 0.3000000119
34535  21.296  -48.134  -23.606 0.3000000119
142723  20.598  -50.571  -22.743 0.3000000119
31293  20.760  -51.558  -22.854 0.3000000119
31292  21.230  -52.237  -22.091 0.3000000119
29220  21.085  -54.826  -21.635 0.3000000119
35565  20.836  -47.762  -23.233 0.3000000119
34524  20.504  -48.042  -23.330 0.3000000119
149975  21.270  -51.886  -21.556 0.3000000119
31285  21.244  -52.531  -21.326 0.3000000119
29219  21.296  -53.923  -22.180 0.3000000119
30251  20.990  -54.039  -20.986 0.3000000119
34523  20.936  -47.709  -22.746 0.3000000119
33465  20.826  -48.611  -22.485 0.3000000119
127337  20.856  -50.075  -22.184 0.3000000119
35550  22.281  -47.613  -21.527 0.3000000119
34511  21.440  -48.203  -21.915 0.3000000119
33451  21.386  -49.685  -21.340 0.3000000119
32353  21.306  -51.061  -21.448 0.3000000119
31272  21.200  -52.076  -20.752 0.3000000119
30236  20.448  -53.556  -20.218 0.3000000119
146108  28.598  -77.741  -34.593 0.5000000000
6838  27.873  -78.053  -36.609 0.5000000000
7627  26.824  -77.687  -37.582 0.4000000060
136558  21.827  -69.954  -31.161 0.6999999881
14436  21.531  -70.055  -29.405 0.6999999881
8422  24.858  -76.211  -38.161 0.4000000060
7617  27.212  -77.270  -36.030 0.5000000000
16500  25.070  -68.250  -31.018 0.6000000238
12667  20.411  -71.681  -38.072 0.5000000000
16498  26.479  -67.493  -30.291 0.6000000238
15519  23.322  -68.049  -37.523 0.8000000119
13577  22.178  -70.565  -38.233 0.6999999881
17560  24.925  -66.024  -35.357 0.6000000238
19657  27.759  -64.078  -32.214 0.6999999881
24206  25.119  -60.185  -27.550 0.4000000060
20620  35.227  -63.054  -29.454 0.5000000000
136140  32.169  -62.822  -32.808 0.6000000238
138116  35.465  -62.705  -30.306 0.4000000060
19697  28.186  -64.366  -34.310 0.6000000238
20703  31.420  -62.937  -34.368 0.6000000238
26169  23.178  -57.813  -26.199 0.3000000119
124895  34.725  -62.562  -32.560 0.4000000060
126762  34.538  -62.447  -33.749 0.4000000060
27221  23.707  -56.182  -21.201 0.4000000060
31298  23.436  -52.455  -22.875 0.3000000119
32333  25.344  -51.395  -20.252 0.3000000119
17548  28.717  -65.551  -33.816 0.5000000000
17549  28.077  -65.804  -34.196 0.5000000000
135801  26.475  -67.014  -35.379 0.6999999881
16549  26.756  -67.150  -34.794 0.6999999881
14525  24.733  -69.287  -36.409 0.6000000238
146321  28.888  -65.038  -34.199 0.5000000000
17558  27.787  -65.357  -34.760 0.6000000238
15513  26.095  -67.408  -35.780 0.6000000238
12632  23.958  -71.524  -34.376 0.6000000238
11758  23.380  -71.934  -34.996 0.6000000238
15499  26.893  -67.772  -33.975 0.6999999881
14513  25.560  -69.286  -34.682 0.6000000238
12644  24.195  -70.808  -34.950 0.6000000238
15507  25.898  -68.334  -35.398 0.6999999881
13553  25.026  -69.640  -35.207 0.6000000238
12645  23.633  -71.281  -35.532 0.6000000238
18606  30.274  -64.620  -34.028 0.5000000000
14491  27.281  -69.241  -33.026 0.6999999881
13535  25.999  -70.097  -33.713 0.6999999881
13536  25.458  -70.828  -33.892 0.6000000238
12631  24.725  -71.321  -33.974 0.6000000238
15498  27.161  -68.418  -33.213 0.6000000238
14512  26.114  -68.986  -34.102 0.6999999881
13537  24.834  -70.432  -34.538 0.6000000238
16533  28.166  -67.509  -32.570 0.6000000238
18605  31.272  -64.551  -34.444 0.5000000000
18607  29.322  -64.758  -34.041 0.5000000000
14472  27.823  -68.635  -32.611 0.6999999881
13517  26.702  -69.661  -33.373 0.6000000238
11741  24.896  -72.031  -33.624 0.6000000238
19681  32.688  -64.233  -35.625 0.5000000000
19683  31.038  -64.242  -34.552 0.5000000000
20711  34.355  -63.582  -35.327 0.5000000000
19682  31.871  -64.223  -35.373 0.5000000000
22540  35.714  -62.490  -35.044 0.4000000060
12616  18.760  -71.401  -33.446 0.4000000060
12614  20.086  -71.714  -33.140 0.4000000060
12615  19.362  -71.824  -33.620 0.4000000060
11727  19.224  -72.210  -34.322 0.5000000000
11761  18.716  -72.418  -34.994 0.5000000000
20713  32.758  -63.449  -35.911 0.5000000000
11762  18.139  -72.789  -35.935 0.5000000000
10841  15.539  -74.268  -35.111 0.6000000238
21641  34.056  -63.248  -35.065 0.4000000060
11778  18.774  -73.034  -36.285 0.5000000000
11780  17.359  -72.957  -36.925 0.5000000000
10857  15.348  -74.461  -36.079 0.5000000000
12635  17.736  -71.675  -34.958 0.5000000000
11745  17.864  -72.206  -35.376 0.5000000000
12648  16.892  -71.605  -35.841 0.5000000000
11763  16.866  -72.342  -36.549 0.5000000000
11764  15.664  -72.321  -36.896 0.5000000000
11781  16.232  -72.945  -37.259 0.5000000000
10871  15.307  -73.187  -37.079 0.5000000000
10858  15.070  -73.689  -36.188 0.5000000000
21642  33.233  -63.023  -35.350 0.5000000000
22538  37.566  -61.720  -34.983 0.4000000060
21633  34.927  -62.573  -34.583 0.4000000060
22534  36.704  -61.662  -34.515 0.4000000060
14438  19.395  -69.645  -29.816 0.5000000000
12649  15.986  -71.485  -36.480 0.5000000000
21643  32.617  -62.854  -35.124 0.5000000000
14408  19.773  -69.302  -27.753 0.5000000000
15415  19.174  -68.867  -28.441 0.5000000000
16493  18.464  -67.813  -29.276 0.5000000000
15430  19.253  -69.264  -29.141 0.5000000000
22529  36.102  -61.703  -33.807 0.4000000060
141262  19.761  -68.655  -26.974 0.5000000000
15407  18.887  -67.698  -27.996 0.5000000000
15383  20.274  -68.490  -26.237 0.5000000000
16468  19.829  -67.101  -26.980 0.5000000000
16482  18.702  -67.369  -28.598 0.5000000000
17495  18.544  -66.545  -30.614 0.4000000060
16459  20.243  -67.549  -26.273 0.5000000000
17474  19.203  -66.514  -28.641 0.6000000238
17485  18.916  -66.006  -30.203 0.6000000238
15369  21.528  -68.442  -25.125 0.5000000000
16458  20.912  -67.095  -25.859 0.5000000000
17439  20.567  -66.689  -26.603 0.5000000000
17473  20.056  -66.042  -28.271 0.6000000238
126748  19.567  -65.519  -30.136 0.6000000238
18563  19.046  -65.671  -31.245 0.6000000238
18576  19.099  -65.526  -32.501 0.5000000000
19688  18.431  -64.842  -33.689 0.5000000000
19690  16.924  -64.455  -33.349 0.5000000000
16426  22.015  -67.728  -24.646 0.5000000000
17411  22.677  -66.949  -24.507 0.5000000000
17427  21.680  -66.649  -25.589 0.5000000000
17454  21.102  -65.930  -27.071 0.5000000000
18503  21.808  -65.670  -26.846 0.6000000238
18549  19.981  -65.606  -29.234 0.6000000238
18562  19.913  -64.881  -31.227 0.6000000238
18575  19.566  -65.016  -32.134 0.6000000238
19670  19.163  -64.422  -33.186 0.5000000000
20646  17.519  -62.870  -29.466 0.5000000000
21630  16.738  -63.180  -32.534 0.5000000000
16407  23.436  -67.986  -23.691 0.5000000000
17410  23.431  -66.475  -24.126 0.5000000000
17437  22.286  -65.768  -26.160 0.6000000238
132816  22.582  -65.012  -27.157 0.6000000238
18521  22.422  -64.728  -28.168 0.6000000238
18548  20.964  -64.940  -29.572 0.6000000238
19637  21.964  -64.269  -30.036 0.6000000238
18561  20.410  -64.940  -30.259 0.6000000238
141320  21.239  -64.482  -30.428 0.6000000238
19660  20.030  -64.254  -32.302 0.6000000238
138703  19.464  -63.828  -32.978 0.5000000000
132150  17.379  -63.431  -32.819 0.5000000000
21629  17.539  -62.964  -32.412 0.5000000000
21614  17.793  -62.536  -31.804 0.5000000000
21615  16.752  -62.678  -31.914 0.5000000000
131422  17.124  -62.383  -31.295 0.5000000000
18490  23.038  -65.523  -25.619 0.6000000238
18502  23.121  -64.975  -26.339 0.6000000238
19599  23.326  -64.351  -28.018 0.6000000238
19635  23.891  -63.154  -29.813 0.6000000238
19636  22.949  -63.603  -29.925 0.6000000238
19651  21.846  -63.647  -31.086 0.6000000238
19650  22.823  -63.133  -30.970 0.6000000238
19658  21.442  -63.132  -31.917 0.5000000000
149596  22.043  -62.241  -31.960 0.5000000000
21627  19.618  -62.749  -32.343 0.5000000000
127919  21.004  -61.916  -31.790 0.5000000000
132285  20.547  -61.895  -30.999 0.6000000238
145218  18.982  -62.349  -31.696 0.5000000000
21599  18.733  -62.179  -30.827 0.5000000000
21587  19.473  -62.284  -30.406 0.5000000000
20627  18.674  -63.532  -28.353 0.5000000000
19612  24.160  -63.799  -27.849 0.6000000238
20625  24.538  -62.768  -29.535 0.6000000238
20644  23.664  -62.527  -30.727 0.6000000238
20673  22.750  -61.952  -31.699 0.6000000238
21586  21.197  -62.223  -30.077 0.6000000238
21574  19.266  -62.909  -29.178 0.5000000000
20613  24.821  -63.341  -27.613 0.6000000238
134242  22.738  -61.907  -31.638 0.6000000238
137483  22.007  -62.236  -29.535 0.6000000238
21573  20.322  -62.874  -28.862 0.5000000000
142942  25.152  -61.781  -26.527 0.6000000238
20604  25.157  -62.863  -27.257 0.6000000238
21568  25.392  -62.071  -28.543 0.6000000238
21583  24.272  -62.281  -29.994 0.6000000238
21585  22.457  -61.759  -30.865 0.6000000238
21572  21.251  -62.652  -28.634 0.5000000000
22499  25.391  -61.585  -28.093 0.6000000238
22516  24.911  -61.891  -29.397 0.6000000238
22509  25.032  -61.515  -28.724 0.6000000238
132619  22.965  -61.981  -29.854 0.6000000238
22501  22.872  -61.740  -27.659 0.6000000238
21551  22.161  -61.846  -27.044 0.5000000000
23363  24.197  -60.550  -28.132 0.4000000060
13555  23.863  -70.569  -36.212 0.6000000238
14524  25.341  -68.779  -35.944 0.6999999881
19696  30.628  -64.064  -34.403 0.5000000000
20714  32.016  -63.369  -35.375 0.5000000000
19692  33.806  -63.969  -35.545 0.5000000000
19693  33.037  -63.884  -35.916 0.5000000000
11765  14.951  -72.653  -36.303 0.6000000238
127998  20.798  -65.407  -28.604 0.6000000238
18536  21.605  -65.069  -28.365 0.6000000238
19659  20.617  -63.402  -32.299 0.6000000238
21613  20.298  -62.302  -31.944 0.5000000000
20624  24.929  -62.471  -29.381 0.6000000238
20643  24.210  -62.382  -30.211 0.6000000238
21570  23.282  -62.052  -28.692 0.6000000238
21559  21.489  -62.683  -27.512 0.6000000238
7582  29.764  -77.345  -32.962 0.4000000060
139870  29.530  -75.769  -30.889 0.5000000000
9193  28.522  -75.988  -31.168 0.5000000000
8375  29.344  -76.368  -31.591 0.4000000060
8385  29.008  -76.816  -32.306 0.4000000060
7583  28.744  -77.171  -32.974 0.4000000060
7597  29.239  -77.633  -33.730 0.4000000060
9976  27.583  -74.472  -30.279 0.5000000000
9176  28.523  -74.873  -29.650 0.5000000000
8387  27.355  -76.159  -32.543 0.5000000000
8395  27.349  -76.481  -33.357 0.5000000000
10790  27.464  -74.403  -30.955 0.5000000000
9989  27.252  -75.196  -32.304 0.5000000000
9201  27.141  -75.809  -32.836 0.5000000000
8403  27.168  -76.478  -34.184 0.5000000000
7599  27.517  -77.145  -34.241 0.4000000060
8412  27.196  -76.844  -35.004 0.4000000060
10802  27.488  -74.503  -31.783 0.5000000000
9988  27.594  -74.591  -32.721 0.5000000000
9999  27.898  -74.709  -33.668 0.5000000000
10012  27.479  -75.368  -34.141 0.5000000000
9220  27.189  -75.979  -34.829 0.5000000000
7618  27.018  -77.108  -36.974 0.4000000060
10838  25.445  -73.342  -33.999 0.5000000000
10013  25.322  -74.166  -34.377 0.4000000060
10025  25.534  -74.501  -35.563 0.4000000060
10034  26.164  -74.254  -37.517 0.4000000060
10035  25.788  -74.979  -38.213 0.4000000060
9247  25.441  -75.689  -38.589 0.4000000060
9219  27.776  -75.397  -35.027 0.5000000000
10041  25.986  -75.362  -38.868 0.4000000060
9256  25.920  -76.080  -39.005 0.4000000060
8432  26.092  -76.755  -39.049 0.4000000060
10023  28.607  -75.167  -35.856 0.4000000060
9230  27.728  -75.738  -35.965 0.5000000000
8428  26.658  -77.063  -38.131 0.4000000060
129037  27.210  -76.480  -36.140 0.4000000060
10854  25.894  -73.634  -35.186 0.4000000060
10867  26.755  -73.666  -37.918 0.4000000060
10040  26.399  -74.535  -38.559 0.4000000060
10010  29.285  -74.636  -35.107 0.4000000060
9254  26.948  -75.090  -38.828 0.4000000060
145285  26.593  -76.265  -38.718 0.4000000060
9238  28.372  -75.396  -37.184 0.4000000060
9246  27.149  -75.570  -38.682 0.4000000060
9239  27.601  -75.911  -37.377 0.4000000060
11740  25.267  -72.581  -33.694 0.5000000000
10837  26.032  -72.694  -34.455 0.4000000060
132972  26.813  -72.576  -35.289 0.4000000060
11757  26.910  -73.045  -36.549 0.4000000060
10875  27.400  -73.502  -38.454 0.4000000060
10876  26.920  -74.158  -38.698 0.4000000060
10048  27.854  -74.093  -38.814 0.4000000060
10049  27.077  -74.522  -38.823 0.4000000060
10033  29.241  -74.934  -37.229 0.4000000060
10038  29.281  -74.320  -38.205 0.4000000060
9253  27.566  -74.746  -38.784 0.4000000060
12630  25.583  -71.789  -33.819 0.5000000000
11739  26.535  -71.948  -34.340 0.5000000000
12629  26.279  -71.127  -33.763 0.6000000238
11756  27.265  -72.130  -35.029 0.5000000000
146238  27.952  -72.500  -37.382 0.4000000060
11773  28.519  -72.297  -37.679 0.4000000060
11782  29.414  -72.769  -38.176 0.4000000060
10872  30.254  -72.898  -37.828 0.4000000060
12627  28.404  -71.433  -34.902 0.4000000060
13516  27.561  -70.109  -33.250 0.5000000000
13552  29.167  -71.309  -35.569 0.4000000060
12659  28.984  -71.706  -37.165 0.4000000060
13533  29.091  -70.925  -34.588 0.5000000000
13532  29.916  -70.632  -34.934 0.4000000060
12641  29.481  -71.290  -36.540 0.4000000060
13568  30.310  -70.942  -36.672 0.4000000060
13515  28.548  -70.339  -33.542 0.6000000238
14490  28.105  -69.619  -32.850 0.6000000238
14511  30.420  -70.213  -34.596 0.5000000000
13531  31.120  -70.163  -35.402 0.4000000060
16548  27.178  -66.910  -34.322 0.5000000000
19571  23.925  -64.450  -25.587 0.5000000000
19584  24.318  -63.918  -26.144 0.5000000000
137988  24.400  -62.138  -25.347 0.5000000000
19570  24.178  -63.908  -25.371 0.5000000000
128629  24.450  -63.039  -25.571 0.5000000000
19585  23.834  -64.425  -26.298 0.5000000000
9194  27.714  -75.710  -31.336 0.5000000000
8376  28.254  -76.322  -31.793 0.5000000000
10024  26.395  -73.639  -36.492 0.4000000060
140340  28.777  -74.873  -38.104 0.4000000060
12643  27.962  -71.909  -35.522 0.4000000060
11755  28.324  -72.103  -36.757 0.4000000060
11790  27.991  -73.460  -38.652 0.4000000060
10874  28.776  -73.621  -38.565 0.4000000060
12628  27.322  -71.454  -34.275 0.5000000000
138301  29.705  -71.504  -37.316 0.4000000060
131508  27.971  -70.878  -33.877 0.5000000000
14489  29.527  -70.368  -34.046 0.6000000238
125321  30.491  -70.539  -35.677 0.5000000000
14470  29.805  -69.404  -32.736 0.5000000000
19655  37.168  -64.704  -31.670 0.3000000119
18570  36.655  -65.093  -32.446 0.3000000119
19665  36.078  -64.691  -33.443 0.3000000119
19664  36.747  -64.373  -32.510 0.3000000119
20665  37.991  -63.486  -31.600 0.3000000119
20653  39.222  -62.793  -30.236 0.3000000119
131159  39.406  -62.340  -31.382 0.3000000119
18582  36.197  -65.677  -33.115 0.3000000119
17530  35.671  -66.777  -32.648 0.4000000060
17547  35.080  -66.035  -33.348 0.4000000060
18585  33.669  -65.559  -33.103 0.4000000060
18601  35.004  -65.143  -33.982 0.4000000060
130770  31.722  -65.030  -33.635 0.4000000060
18588  29.571  -65.241  -33.629 0.4000000060
20666  37.654  -64.280  -31.057 0.3000000119
19678  35.288  -64.413  -34.482 0.3000000119
19679  34.430  -64.455  -34.953 0.4000000060
21607  39.342  -62.300  -32.506 0.3000000119
20699  36.998  -63.262  -34.048 0.3000000119
15453  34.121  -67.700  -31.647 0.4000000060
140347  32.335  -68.185  -31.664 0.4000000060
15456  30.704  -68.140  -31.504 0.4000000060
16512  29.484  -67.442  -31.697 0.4000000060
17529  36.468  -66.576  -32.801 0.4000000060
17507  34.214  -67.074  -31.597 0.4000000060
128066  32.895  -67.218  -31.123 0.4000000060
128789  30.916  -66.843  -31.438 0.4000000060
17511  30.371  -66.610  -31.798 0.4000000060
18581  36.909  -65.848  -32.569 0.3000000119
17532  33.972  -66.402  -32.110 0.4000000060
18572  31.914  -65.774  -32.272 0.4000000060
17536  28.399  -66.388  -33.152 0.4000000060
18569  37.227  -65.293  -31.749 0.3000000119
18586  32.649  -65.245  -33.308 0.4000000060
17535  29.169  -66.100  -32.834 0.4000000060
19645  38.052  -64.569  -30.455 0.3000000119
18603  33.189  -64.848  -34.565 0.4000000060
19691  34.739  -63.933  -35.159 0.4000000060
15497  32.447  -69.068  -33.103 0.4000000060
14469  30.931  -69.169  -32.842 0.4000000060
15496  33.322  -68.932  -32.932 0.4000000060
15474  32.818  -68.500  -32.212 0.4000000060
15475  31.826  -68.678  -32.365 0.4000000060
15476  30.236  -68.732  -32.022 0.4000000060
125441  37.035  -67.263  -33.011 0.3000000119
129312  35.530  -68.255  -32.532 0.4000000060
17492  38.647  -66.041  -30.949 0.3000000119
18568  37.868  -65.587  -31.244 0.3000000119
16532  28.884  -66.974  -32.194 0.4000000060
18543  39.146  -65.197  -29.811 0.3000000119
14488  30.598  -69.758  -33.708 0.4000000060
14487  31.731  -69.249  -33.246 0.4000000060
142342  36.523  -62.612  -35.098 0.3000000119
21637  37.961  -62.033  -34.984 0.3000000119
20708  36.809  -62.871  -34.897 0.3000000119
16534  27.434  -67.647  -33.318 0.4000000060
15477  29.283  -68.693  -31.970 0.4000000060
14471  28.715  -69.168  -32.434 0.4000000060
128199  31.368  -69.618  -33.911 0.4000000060
18583  35.668  -65.950  -33.289 0.3000000119
130390  38.462  -62.795  -32.762 0.3000000119
22522  39.943  -61.824  -32.111 0.3000000119
16531  35.069  -67.502  -32.070 0.4000000060
18602  34.290  -65.117  -34.133 0.4000000060
18571  33.076  -65.997  -32.057 0.4000000060
18587  30.774  -65.228  -33.219 0.4000000060
15472  34.733  -68.278  -32.121 0.4000000060
133510  31.040  -68.578  -32.026 0.4000000060
16510  31.366  -67.462  -31.242 0.4000000060
135872  36.106  -67.530  -32.752 0.3000000119
17509  32.552  -66.596  -31.373 0.4000000060
17528  37.311  -66.527  -32.753 0.3000000119
135112  35.159  -68.785  -32.644 0.4000000060
15471  36.209  -68.296  -32.940 0.3000000119
17527  38.077  -66.606  -32.662 0.3000000119
8330  30.833  -76.528  -27.367 0.3000000119
7521  30.407  -77.264  -27.680 0.3000000119
149002  31.514  -75.289  -27.406 0.3000000119
8317  30.419  -76.326  -26.674 0.3000000119
8329  31.606  -75.744  -27.815 0.3000000119
8345  31.291  -76.725  -28.036 0.3000000119
9155  31.513  -74.984  -26.892 0.3000000119
9139  31.565  -75.089  -26.022 0.3000000119
9140  30.940  -75.748  -26.226 0.3000000119
9954  31.385  -74.193  -27.200 0.3000000119
125359  31.593  -74.718  -27.840 0.3000000119
8344  32.111  -76.077  -28.525 0.3000000119
8374  30.780  -76.156  -31.450 0.3000000119
9107  33.285  -75.858  -24.882 0.3000000119
9108  32.424  -75.532  -24.833 0.3000000119
9930  32.170  -74.421  -25.872 0.3000000119
9124  31.872  -75.247  -25.355 0.3000000119
9125  31.043  -75.643  -25.405 0.3000000119
9967  30.969  -74.415  -29.280 0.3000000119
9175  29.602  -75.172  -30.097 0.3000000119
9185  30.813  -75.338  -30.656 0.3000000119
10739  31.221  -73.171  -26.301 0.3000000119
9955  30.934  -73.905  -27.786 0.3000000119
10760  29.653  -73.641  -27.787 0.3000000119
9961  29.052  -74.104  -28.426 0.3000000119
9968  29.706  -74.548  -29.260 0.3000000119
9962  28.224  -73.889  -28.647 0.3000000119
10788  28.551  -73.217  -31.707 0.4000000060
10780  27.587  -73.785  -30.403 0.4000000060
7444  28.738  -77.052  -21.260 0.3000000119
7445  27.788  -76.573  -21.086 0.3000000119
9126  30.087  -75.702  -25.210 0.3000000119
8306  29.337  -76.052  -25.625 0.3000000119
7464  32.130  -77.354  -23.681 0.3000000119
7465  31.501  -77.321  -23.163 0.3000000119
7455  30.181  -77.009  -22.075 0.3000000119
8249  29.034  -76.275  -21.673 0.3000000119
8251  27.299  -75.987  -21.675 0.3000000119
7478  33.441  -77.483  -24.852 0.3000000119
8276  31.583  -76.449  -23.623 0.3000000119
8261  30.485  -76.340  -22.690 0.3000000119
9090  28.303  -75.417  -22.618 0.3000000119
9079  28.032  -75.679  -22.042 0.3000000119
8291  31.945  -75.999  -24.265 0.3000000119
8292  31.111  -75.838  -24.082 0.3000000119
9101  29.484  -75.347  -23.577 0.3000000119
9102  28.598  -75.271  -23.404 0.3000000119
9111  29.744  -75.456  -24.353 0.3000000119
9127  29.169  -75.597  -24.867 0.3000000119
9167  32.110  -75.131  -28.548 0.3000000119
9173  32.589  -75.061  -29.782 0.3000000119
139282  32.614  -76.130  -24.460 0.3000000119
9960  30.418  -74.134  -28.568 0.3000000119
5961  29.467  -78.875  -21.406 0.3000000119
8294  27.735  -76.072  -24.605 0.3000000119
7479  32.753  -77.409  -24.213 0.3000000119
6669  31.234  -78.174  -22.813 0.3000000119
8277  30.762  -75.984  -23.387 0.3000000119
9089  29.203  -75.417  -22.747 0.3000000119
127072  27.313  -75.849  -23.772 0.3000000119
10771  27.857  -73.582  -29.107 0.3000000119
11719  34.175  -73.407  -33.585 0.3000000119
11703  33.910  -72.894  -32.927 0.3000000119
11721  32.577  -72.751  -33.603 0.3000000119
11722  31.757  -72.709  -33.558 0.4000000060
11723  30.957  -72.873  -33.460 0.4000000060
10818  29.522  -73.784  -33.633 0.3000000119
9998  28.887  -74.358  -34.114 0.3000000119
10815  33.944  -73.680  -34.330 0.3000000119
10833  32.540  -73.451  -35.136 0.4000000060
10834  31.841  -73.303  -34.875 0.4000000060
127400  31.485  -73.775  -36.060 0.4000000060
10853  30.203  -74.341  -35.502 0.3000000119
11771  31.199  -72.155  -37.426 0.4000000060
10865  31.022  -73.424  -37.127 0.4000000060
145106  30.373  -73.747  -37.410 0.3000000119
12662  29.920  -72.039  -37.811 0.3000000119
12574  35.492  -71.341  -30.732 0.3000000119
11687  35.336  -72.580  -32.019 0.3000000119
12601  33.688  -72.215  -32.244 0.4000000060
11705  32.069  -72.246  -32.751 0.4000000060
135738  31.325  -72.511  -32.914 0.3000000119
10799  30.077  -73.177  -33.126 0.3000000119
11707  29.608  -72.828  -32.213 0.3000000119
11701  35.915  -73.263  -32.708 0.3000000119
10798  35.464  -73.525  -33.373 0.3000000119
133395  35.175  -73.961  -34.711 0.3000000119
10848  35.085  -73.983  -35.504 0.3000000119
10832  33.570  -73.801  -35.298 0.3000000119
10851  31.927  -73.451  -35.729 0.4000000060
11752  35.466  -73.426  -36.057 0.3000000119
11768  34.257  -72.514  -36.785 0.3000000119
11753  34.541  -73.517  -36.345 0.3000000119
10862  33.042  -73.150  -36.458 0.4000000060
10864  31.719  -73.082  -36.822 0.4000000060
12655  33.896  -71.647  -36.730 0.3000000119
132697  33.084  -71.576  -36.795 0.4000000060
12657  31.408  -71.412  -37.198 0.4000000060
14523  32.415  -70.077  -35.683 0.3000000119
127665  32.097  -70.498  -36.288 0.4000000060
13566  31.740  -70.903  -36.813 0.4000000060
13567  31.026  -70.964  -36.951 0.4000000060
14509  32.664  -69.714  -34.833 0.3000000119
13530  31.720  -70.207  -35.797 0.4000000060
14510  31.759  -69.822  -34.977 0.3000000119
14383  35.878  -69.187  -26.104 0.3000000119
14401  35.559  -69.256  -26.747 0.3000000119
143724  34.994  -69.315  -27.010 0.3000000119
13451  34.144  -70.096  -28.606 0.3000000119
13482  35.908  -70.814  -30.172 0.3000000119
13465  35.491  -70.352  -29.491 0.3000000119
13466  34.590  -70.469  -29.415 0.3000000119
13467  33.640  -70.583  -29.320 0.3000000119
12587  36.881  -72.303  -31.327 0.3000000119
12573  36.318  -71.490  -30.739 0.3000000119
145670  34.771  -71.251  -30.677 0.3000000119
13484  34.101  -71.009  -30.164 0.3000000119
12576  33.379  -71.297  -30.750 0.3000000119
132897  32.091  -71.589  -31.227 0.3000000119
12592  31.045  -71.794  -31.207 0.3000000119
11691  29.157  -72.539  -31.219 0.3000000119
11672  28.777  -72.291  -30.209 0.3000000119
11700  36.698  -73.332  -32.702 0.3000000119
13563  34.304  -71.003  -36.441 0.3000000119
13564  33.450  -70.995  -36.507 0.3000000119
14521  34.395  -70.276  -35.651 0.3000000119
13549  32.959  -70.488  -36.168 0.3000000119
14485  34.469  -69.623  -33.960 0.3000000119
140419  33.696  -69.380  -33.591 0.3000000119
125958  32.129  -69.496  -34.018 0.3000000119
14347  37.223  -69.964  -24.651 0.3000000119
14400  36.373  -69.276  -26.986 0.3000000119
14416  35.556  -69.626  -28.244 0.3000000119
14417  34.729  -69.574  -27.839 0.3000000119
13464  36.354  -70.331  -29.562 0.3000000119
14432  35.075  -69.924  -28.785 0.3000000119
11661  27.976  -72.905  -28.989 0.3000000119
13403  37.573  -70.421  -24.270 0.3000000119
147695  37.345  -69.346  -26.056 0.3000000119
14382  37.354  -69.366  -26.748 0.3000000119
14399  37.055  -69.415  -27.557 0.3000000119
14431  35.951  -69.890  -28.869 0.3000000119
13481  36.741  -70.906  -30.212 0.3000000119
14346  37.877  -69.961  -24.763 0.3000000119
14363  38.116  -69.731  -25.307 0.3000000119
14398  37.816  -69.596  -27.572 0.3000000119
14414  37.328  -69.673  -28.270 0.3000000119
11692  28.062  -73.001  -30.604 0.3000000119
10801  28.008  -73.883  -32.236 0.3000000119
10819  28.459  -74.097  -33.183 0.3000000119
10836  29.898  -74.134  -34.537 0.3000000119
10021  30.462  -74.211  -36.580 0.4000000060
13550  31.218  -70.564  -36.305 0.4000000060
139598  35.135  -69.270  -33.174 0.3000000119
145183  35.220  -73.130  -32.736 0.3000000119
11720  33.446  -73.071  -33.620 0.3000000119
11738  32.176  -73.056  -34.324 0.4000000060
10816  31.429  -73.120  -34.222 0.4000000060
143707  30.610  -73.969  -34.922 0.4000000060
11770  31.929  -72.163  -37.131 0.4000000060
11686  36.352  -72.842  -32.020 0.3000000119
132938  35.020  -71.737  -31.290 0.3000000119
12602  32.727  -71.867  -31.974 0.3000000119
12590  33.535  -71.687  -31.498 0.3000000119
11689  31.194  -72.180  -32.201 0.4000000060
11690  30.244  -72.272  -31.718 0.3000000119
10797  36.134  -73.536  -33.391 0.3000000119
10812  36.128  -73.625  -34.060 0.3000000119
10847  35.687  -73.679  -35.374 0.3000000119
142346  33.558  -72.244  -36.867 0.4000000060
14522  33.398  -70.064  -35.521 0.3000000119
13485  33.077  -70.966  -29.978 0.3000000119
14507  34.991  -70.026  -34.911 0.3000000119
10870  15.829  -73.703  -37.561 0.4000000060
6681  32.500  -78.248  -24.034 0.3000000119
7428  28.283  -77.358  -20.737 0.3000000119
7443  29.491  -76.822  -21.701 0.3000000119
7454  30.854  -77.236  -22.655 0.3000000119
7466  31.055  -76.620  -23.091 0.3000000119
7596  30.487  -77.959  -33.741 0.5000000000
7598  28.073  -77.245  -33.516 0.4000000060
7626  27.227  -77.618  -36.892 0.4000000060
8250  28.251  -76.139  -21.585 0.3000000119
8262  29.703  -76.030  -22.151 0.3000000119
8263  28.794  -75.690  -22.040 0.3000000119
8264  27.490  -75.639  -22.468 0.3000000119
8289  33.012  -76.651  -24.493 0.3000000119
8290  32.364  -76.618  -24.037 0.3000000119
8293  28.448  -75.623  -24.606 0.3000000119
8307  28.519  -76.068  -25.222 0.3000000119
8343  32.565  -75.511  -29.162 0.3000000119
8377  27.599  -76.135  -32.032 0.5000000000
8378  21.778  -76.165  -31.920 0.5000000000
8386  27.941  -76.662  -32.598 0.4000000060
8389  22.116  -76.253  -31.904 0.6000000238
8399  20.421  -77.029  -32.778 0.5000000000
8421  27.070  -76.487  -37.704 0.4000000060
8427  26.468  -75.758  -38.830 0.4000000060
9088  30.047  -75.621  -23.018 0.3000000119
9100  30.289  -75.561  -23.811 0.3000000119
9103  27.723  -75.432  -23.242 0.3000000119
9109  31.528  -75.668  -24.768 0.3000000119
9110  30.623  -75.666  -24.599 0.3000000119
9112  28.905  -75.325  -24.158 0.3000000119
9113  28.046  -75.426  -24.027 0.3000000119
9141  30.136  -76.060  -25.964 0.3000000119
9156  31.179  -75.798  -27.061 0.3000000119
9174  31.782  -74.665  -29.584 0.3000000119
9177  27.848  -74.896  -30.045 0.5000000000
9186  28.325  -75.448  -30.475 0.5000000000
9187  27.588  -75.089  -30.672 0.5000000000
9195  27.342  -75.689  -32.073 0.5000000000
9202  23.918  -74.874  -32.208 0.6999999881
9203  23.180  -75.261  -31.878 0.6999999881
9205  21.532  -75.686  -32.163 0.6000000238
9210  27.064  -75.902  -33.728 0.5000000000
9211  24.356  -75.216  -32.925 0.6999999881
9222  24.513  -75.486  -34.095 0.5000000000
9240  25.266  -75.501  -37.481 0.4000000060
9245  28.089  -75.204  -38.422 0.4000000060
9248  20.099  -75.564  -37.663 0.5000000000
9249  19.519  -75.925  -38.033 0.5000000000
9252  16.446  -75.295  -37.808 0.5000000000
9255  26.467  -75.190  -38.819 0.4000000060
9945  31.729  -74.105  -26.579 0.3000000119
9959  31.569  -74.441  -28.755 0.3000000119
9969  28.546  -74.394  -29.016 0.3000000119
9970  27.636  -73.895  -29.750 0.3000000119
9982  27.372  -75.069  -31.383 0.5000000000
9990  23.908  -74.072  -32.423 0.6999999881
10000  27.270  -75.289  -33.200 0.5000000000
10004  21.926  -74.956  -32.164 0.6000000238
10011  28.273  -74.902  -34.627 0.3000000119
10022  29.697  -74.683  -36.261 0.3000000119
10026  21.351  -74.513  -36.241 0.6999999881
10029  15.270  -74.112  -36.958 0.5000000000
10036  20.668  -75.012  -37.025 0.6000000238
10037  15.699  -74.643  -37.523 0.4000000060
10039  28.411  -74.416  -38.649 0.4000000060
10042  21.156  -74.441  -37.508 0.6000000238
10050  26.571  -74.739  -38.734 0.4000000060
10051  20.194  -74.599  -38.259 0.5000000000
10052  19.489  -74.462  -38.303 0.5000000000
10749  30.966  -73.534  -26.866 0.3000000119
10750  30.003  -73.253  -27.043 0.3000000119
10779  27.768  -73.298  -29.722 0.4000000060
10789  27.738  -73.765  -31.269 0.3000000119
10800  29.045  -73.479  -32.691 0.3000000119
10803  23.198  -73.908  -32.502 0.6999999881
10813  35.593  -73.737  -34.073 0.3000000119
10814  34.848  -73.772  -34.047 0.3000000119
10817  30.565  -73.517  -34.119 0.3000000119
10822  23.879  -73.261  -32.764 0.6999999881
10823  22.633  -73.668  -33.216 0.6999999881
10825  15.721  -73.969  -34.035 0.6000000238
10830  35.614  -73.805  -34.755 0.3000000119
10831  34.543  -74.003  -34.998 0.3000000119
10835  31.286  -73.636  -35.016 0.4000000060
10849  33.675  -73.658  -36.150 0.3000000119
10850  32.828  -73.532  -35.909 0.4000000060
10852  30.924  -74.065  -35.801 0.4000000060
10863  32.304  -73.016  -36.568 0.4000000060
10866  29.926  -74.326  -37.349 0.3000000119
10869  17.757  -73.413  -37.381 0.6000000238
10873  29.760  -73.605  -38.053 0.3000000119
10877  21.419  -73.744  -37.974 0.6000000238
10881  27.433  -73.954  -38.766 0.4000000060
11660  28.507  -72.263  -29.198 0.3000000119
11673  28.089  -72.723  -29.707 0.3000000119
11688  34.540  -72.698  -32.452 0.3000000119
11702  34.704  -73.299  -33.163 0.3000000119
11704  33.063  -72.402  -32.884 0.4000000060
11706  30.585  -72.619  -32.614 0.3000000119
11724  24.612  -72.517  -33.381 0.6000000238
11737  33.036  -73.323  -34.416 0.4000000060
11743  22.986  -72.585  -34.602 0.6999999881
11744  18.567  -71.899  -34.357 0.4000000060
11754  33.670  -73.012  -36.761 0.4000000060
11767  35.080  -72.619  -36.537 0.3000000119
11769  32.818  -72.337  -36.925 0.4000000060
11772  30.597  -72.256  -37.647 0.3000000119
11774  27.400  -72.953  -37.595 0.4000000060
11775  22.292  -72.427  -37.563 0.6000000238
11779  18.146  -73.116  -36.627 0.5000000000
11783  28.628  -72.777  -38.304 0.4000000060
11784  27.932  -72.813  -38.161 0.4000000060
11787  20.078  -72.407  -38.285 0.5000000000
11788  19.221  -73.005  -38.042 0.5000000000
11791  21.637  -71.393  -38.369 0.6000000238
11793  20.623  -72.730  -38.419 0.5000000000
12575  34.201  -71.466  -31.032 0.3000000119
12577  32.517  -71.273  -30.580 0.3000000119
12588  35.900  -72.048  -31.353 0.3000000119
12589  34.390  -72.017  -31.768 0.3000000119
12591  32.849  -71.503  -31.219 0.3000000119
12603  31.832  -71.892  -31.893 0.4000000060
12604  19.502  -71.380  -32.725 0.6000000238
12613  24.309  -72.000  -33.667 0.6999999881
12633  20.022  -72.008  -34.122 0.6000000238
12642  28.769  -71.660  -36.110 0.4000000060
12646  22.764  -72.009  -36.769 0.6999999881
12647  20.080  -71.999  -35.841 0.6000000238
12650  15.177  -71.604  -36.354 0.5000000000
12656  32.226  -71.484  -36.957 0.4000000060
12658  30.544  -71.457  -37.371 0.4000000060
12663  29.166  -72.078  -37.837 0.4000000060
12666  21.090  -71.181  -38.234 0.6000000238
13397  37.980  -70.818  -23.842 0.3000000119
13468  32.683  -70.678  -29.164 0.3000000119
13471  19.999  -70.174  -29.842 0.5000000000
13483  35.056  -70.854  -30.111 0.3000000119
13487  20.210  -70.487  -30.601 0.6000000238
13498  20.441  -70.802  -31.346 0.6000000238
13507  20.638  -71.026  -32.064 0.6000000238
13508  19.362  -70.892  -32.123 0.6000000238
13534  26.945  -70.599  -33.526 0.5000000000
13548  33.869  -70.549  -36.098 0.3000000119
13551  29.801  -70.944  -35.727 0.4000000060
13554  24.450  -70.073  -35.675 0.6000000238
13565  32.582  -70.940  -36.637 0.3000000119
13569  24.155  -69.850  -36.896 0.6000000238
13572  20.932  -70.737  -37.133 0.6000000238
13573  23.580  -69.728  -37.600 0.6999999881
14339  26.374  -69.348  -24.148 0.6999999881
14340  25.062  -69.393  -23.769 0.6999999881
14351  24.577  -69.758  -24.482 0.6000000238
14354  22.113  -69.282  -25.000 0.6000000238
14362  38.734  -69.840  -25.622 0.3000000119
14369  25.289  -69.855  -25.154 0.6000000238
14372  22.182  -69.844  -25.648 0.6000000238
14374  20.917  -69.252  -26.103 0.6000000238
14390  23.399  -70.308  -26.854 0.6000000238
14393  20.365  -69.321  -26.823 0.5000000000
14407  20.915  -69.949  -27.772 0.6000000238
14415  36.390  -69.531  -28.082 0.3000000119
14420  23.713  -69.890  -28.454 0.6999999881
14424  19.637  -69.435  -28.592 0.5000000000
14430  36.821  -69.919  -28.925 0.3000000119
14433  23.895  -69.484  -29.309 0.6999999881
14435  22.500  -69.887  -29.262 0.6999999881
14437  20.534  -70.095  -29.232 0.6000000238
14450  22.466  -69.639  -30.674 0.6999999881
14459  22.621  -69.450  -31.616 0.6000000238
14486  32.937  -69.433  -33.833 0.3000000119
14492  26.672  -68.670  -33.624 0.6999999881
14494  21.856  -69.861  -33.906 0.6999999881
14508  34.122  -69.984  -34.981 0.3000000119
14515  21.809  -69.751  -34.964 0.6999999881
14532  22.374  -69.133  -37.665 0.6999999881
14533  21.976  -69.177  -37.159 0.6999999881
14538  21.900  -70.257  -38.132 0.6999999881
15340  27.044  -68.406  -22.688 0.5000000000
15341  26.160  -68.296  -22.643 0.5000000000
15350  28.669  -68.333  -23.416 0.5000000000
15354  24.606  -68.825  -23.409 0.6000000238
15364  28.665  -68.387  -24.788 0.8000000119
15368  22.324  -68.612  -24.509 0.6000000238
15381  27.218  -68.411  -26.271 0.8000000119
15394  27.105  -68.155  -27.118 0.6999999881
15396  19.632  -67.933  -26.822 0.5000000000
15405  25.911  -68.910  -27.456 0.6999999881
15406  19.215  -68.309  -27.645 0.5000000000
15413  25.930  -68.705  -28.340 0.6999999881
15416  18.721  -68.135  -28.459 0.5000000000
15428  24.712  -69.064  -29.502 0.6000000238
15443  24.554  -68.778  -30.435 0.6000000238
15454  33.151  -67.841  -31.463 0.4000000060
15455  31.585  -68.159  -31.569 0.4000000060
15457  29.780  -68.109  -31.567 0.4000000060
15458  28.921  -67.882  -31.808 0.4000000060
15459  24.319  -68.562  -31.296 0.6000000238
15473  33.799  -68.396  -32.038 0.4000000060
15478  28.532  -68.424  -32.158 0.4000000060
15495  34.345  -68.988  -32.823 0.4000000060
15501  22.889  -68.653  -34.063 0.6999999881
15509  22.810  -68.438  -35.022 0.6999999881
15514  25.602  -67.863  -36.445 0.8000000119
15518  24.368  -68.279  -37.443 0.8000000119
15520  22.629  -68.432  -37.250 0.8000000119
15521  23.646  -68.489  -37.716 0.8000000119
15522  22.966  -68.795  -37.785 0.6999999881
16392  26.654  -67.828  -22.054 0.5000000000
16405  24.860  -68.171  -23.071 0.6000000238
16421  31.338  -67.263  -24.012 0.6000000238
16423  29.947  -67.923  -24.515 0.6000000238
16425  22.732  -67.887  -24.150 0.5000000000
16440  30.209  -67.495  -25.277 0.6000000238
16443  21.962  -66.983  -24.953 0.5000000000
16444  21.422  -67.485  -25.253 0.5000000000
16445  20.778  -67.973  -25.631 0.5000000000
16456  28.503  -67.638  -26.425 0.8000000119
16465  28.315  -67.336  -27.175 0.6000000238
16469  19.283  -67.461  -27.490 0.5000000000
16480  26.755  -67.964  -28.511 0.6000000238
16481  19.029  -67.149  -28.041 0.5000000000
16492  26.051  -68.149  -29.818 0.6999999881
16497  32.168  -67.135  -31.111 0.4000000060
16508  33.580  -67.297  -31.324 0.4000000060
16509  32.267  -67.651  -31.285 0.4000000060
16511  30.312  -67.364  -31.467 0.4000000060
16530  36.730  -67.920  -33.146 0.3000000119
16547  27.740  -66.673  -33.682 0.5000000000
16559  26.831  -66.401  -35.169 0.6999999881
16560  24.234  -66.680  -34.986 0.6000000238
16561  23.693  -67.463  -34.518 0.6999999881
16565  23.530  -67.274  -36.311 0.6999999881
16566  25.280  -67.210  -36.753 0.6999999881
16567  24.488  -67.411  -37.131 0.8000000119
16568  23.693  -67.434  -37.122 0.8000000119
17369  25.942  -66.358  -21.379 0.4000000060
17390  31.832  -66.602  -23.490 0.6000000238
17391  31.047  -67.084  -23.156 0.6000000238
17392  24.351  -66.366  -22.940 0.5000000000
17425  23.198  -66.013  -24.883 0.5000000000
17426  22.464  -66.313  -25.262 0.5000000000
17436  30.665  -66.521  -26.657 0.6000000238
17438  21.356  -66.307  -26.323 0.5000000000
17449  30.938  -66.031  -27.273 0.6000000238
17451  29.566  -66.201  -27.926 0.6000000238
17453  28.154  -67.157  -27.919 0.6000000238
17455  20.363  -66.264  -27.488 0.6000000238
17456  19.562  -66.737  -27.772 0.6000000238
17470  28.949  -66.216  -28.473 0.6000000238
17472  27.972  -66.951  -28.620 0.6999999881
17482  27.990  -65.965  -29.846 0.6999999881
17484  27.118  -67.128  -29.922 0.6999999881
17486  18.608  -66.806  -29.501 0.5000000000
17505  38.298  -66.281  -31.829 0.3000000119
17506  37.557  -65.976  -32.107 0.3000000119
17508  33.424  -66.763  -31.402 0.4000000060
17510  31.645  -66.653  -31.398 0.4000000060
17512  29.679  -66.728  -31.988 0.4000000060
17514  25.871  -66.642  -32.135 0.6000000238
17531  34.837  -66.711  -32.289 0.4000000060
17533  30.939  -66.157  -32.005 0.4000000060
17534  30.059  -65.974  -32.542 0.4000000060
17537  26.175  -65.658  -32.711 0.6999999881
17550  27.514  -66.069  -34.698 0.6000000238
17551  25.318  -65.819  -34.422 0.6999999881
17562  25.813  -66.186  -35.951 0.8000000119
17563  25.087  -66.155  -36.109 0.6000000238
17567  24.118  -66.961  -36.701 0.6000000238
18461  32.617  -65.622  -23.572 0.6000000238
18488  23.873  -64.691  -24.834 0.5000000000
18489  23.587  -65.180  -25.200 0.6000000238
18499  33.333  -65.274  -26.081 0.6000000238
18501  31.487  -66.138  -26.760 0.6000000238
18519  30.753  -65.676  -27.879 0.6000000238
18522  21.756  -65.350  -27.569 0.6000000238
18523  21.003  -65.593  -27.825 0.6000000238
18532  31.950  -65.174  -28.208 0.6000000238
18545  29.236  -65.207  -29.531 0.6000000238
18547  21.497  -64.848  -29.096 0.6000000238
18558  38.326  -65.268  -30.394 0.3000000119
18559  37.589  -64.982  -30.948 0.3000000119
18584  34.469  -66.000  -33.010 0.4000000060
18589  27.081  -64.312  -32.638 0.6999999881
18592  19.458  -64.690  -32.842 0.6000000238
18593  18.872  -65.296  -33.463 0.5000000000
18600  35.525  -65.204  -33.630 0.4000000060
18604  32.182  -64.690  -34.757 0.4000000060
18608  28.355  -65.199  -34.462 0.5000000000
18615  28.571  -64.810  -34.339 0.6999999881
18617  27.378  -64.858  -34.810 0.6000000238
18621  25.470  -65.849  -35.666 0.6000000238
19558  23.923  -64.331  -24.432 0.6000000238
19597  24.272  -63.896  -26.935 0.5000000000
19598  23.554  -64.439  -27.103 0.5000000000
19611  30.509  -65.247  -28.674 0.6000000238
19613  23.994  -63.568  -28.826 0.6000000238
19614  23.150  -64.067  -28.971 0.6000000238
19615  22.264  -64.508  -29.080 0.6000000238
19631  32.431  -64.305  -29.610 0.6000000238
19647  31.054  -64.132  -30.258 0.6000000238
19648  29.326  -64.050  -31.061 0.6999999881
19652  20.946  -64.194  -31.186 0.6000000238
19667  27.474  -63.768  -33.205 0.6999999881
19668  26.980  -64.022  -33.518 0.6999999881
19669  19.899  -63.837  -32.718 0.5000000000
19680  33.562  -64.339  -35.379 0.5000000000
19684  29.975  -64.416  -34.016 0.5000000000
19685  28.952  -64.459  -34.087 0.6000000238
19686  27.357  -63.901  -34.062 0.6999999881
19694  32.350  -63.861  -35.942 0.5000000000
19695  31.614  -63.936  -35.265 0.5000000000
20531  24.348  -63.245  -21.339 0.4000000060
20532  23.666  -63.017  -21.974 0.4000000060
20551  23.588  -63.232  -22.725 0.5000000000
20563  23.739  -63.959  -23.111 0.6000000238
20595  24.517  -63.438  -26.068 0.5000000000
20605  24.685  -63.393  -26.730 0.6000000238
20612  25.266  -62.713  -28.179 0.6000000238
20623  25.179  -62.391  -28.994 0.6000000238
20640  33.469  -63.860  -29.848 0.6000000238
20642  24.745  -62.254  -29.720 0.6000000238
20658  31.358  -63.595  -30.948 0.6999999881
20660  23.654  -62.095  -30.955 0.6000000238
20661  23.273  -62.101  -31.404 0.6000000238
20662  22.458  -62.503  -31.631 0.5000000000
20668  32.674  -63.289  -31.793 0.6000000238
20672  28.825  -63.402  -32.589 0.6999999881
20674  21.238  -62.591  -32.195 0.5000000000
20683  34.020  -62.991  -32.349 0.6000000238
20688  28.668  -63.495  -33.349 0.6000000238
20690  20.528  -62.653  -32.358 0.5000000000
20691  19.848  -63.236  -32.660 0.5000000000
20692  19.137  -63.355  -32.805 0.5000000000
20693  18.203  -63.409  -32.872 0.5000000000
20700  36.120  -63.675  -34.472 0.3000000119
20701  35.488  -63.681  -34.964 0.4000000060
20704  29.240  -63.612  -33.662 0.6000000238
20705  28.410  -63.802  -33.827 0.6000000238
20706  18.808  -64.025  -33.243 0.5000000000
20707  17.759  -64.095  -33.277 0.5000000000
20709  36.078  -63.149  -35.130 0.3000000119
20710  35.284  -63.363  -35.111 0.3000000119
20712  33.418  -63.607  -35.706 0.5000000000
20715  29.539  -64.053  -33.999 0.5000000000
20716  28.586  -64.010  -34.003 0.6000000238
21534  24.836  -62.327  -26.122 0.5000000000
21549  25.246  -62.316  -26.869 0.6000000238
21550  24.854  -62.919  -26.441 0.5000000000
21556  25.432  -62.214  -27.720 0.6000000238
21557  23.721  -61.544  -28.396 0.6000000238
21558  22.253  -62.190  -27.584 0.6000000238
21567  35.864  -62.615  -28.796 0.5000000000
21569  24.356  -61.794  -29.303 0.6000000238
21571  22.193  -62.383  -28.526 0.5000000000
21580  34.807  -63.089  -30.461 0.5000000000
21581  25.185  -61.919  -29.098 0.6000000238
21582  25.055  -62.111  -29.465 0.6000000238
21584  23.321  -61.898  -31.193 0.6000000238
21588  18.495  -62.568  -29.870 0.5000000000
21596  23.193  -62.007  -31.458 0.6000000238
21597  21.737  -61.773  -31.483 0.6000000238
21598  19.864  -62.074  -31.375 0.5000000000
21600  17.887  -62.210  -31.097 0.5000000000
21601  16.321  -62.397  -31.115 0.5000000000
21608  38.756  -62.855  -31.430 0.3000000119
21609  36.024  -61.782  -32.793 0.5000000000
21612  21.938  -61.976  -31.996 0.6000000238
21625  31.747  -62.697  -33.628 0.6000000238
21628  18.544  -62.836  -32.351 0.5000000000
21631  15.984  -63.005  -32.292 0.5000000000
21634  33.823  -62.760  -34.461 0.5000000000
21635  33.102  -62.668  -34.639 0.6000000238
21636  32.086  -62.806  -34.549 0.5000000000
21638  37.224  -62.293  -35.053 0.3000000119
21639  35.937  -62.787  -35.210 0.3000000119
21640  35.059  -62.992  -35.172 0.4000000060
22445  23.512  -61.709  -23.622 0.4000000060
22485  25.373  -61.529  -27.245 0.6000000238
22500  23.499  -61.188  -27.875 0.4000000060
22508  25.244  -61.683  -28.627 0.6000000238
22510  24.567  -61.316  -28.543 0.6000000238
22518  39.799  -61.950  -30.784 0.3000000119
22535  35.891  -62.002  -34.595 0.4000000060
22539  36.545  -62.166  -35.169 0.4000000060
23351  25.061  -60.318  -26.779 0.4000000060
23375  25.089  -61.137  -28.254 0.6000000238
24199  24.312  -58.996  -26.303 0.4000000060
24200  23.455  -59.227  -24.993 0.4000000060
24221  24.978  -60.239  -28.001 0.5000000000
24239  24.678  -59.299  -28.267 0.4000000060
25141  23.136  -58.723  -25.076 0.4000000060
25142  22.795  -58.109  -25.283 0.4000000060
25159  24.016  -58.257  -26.793 0.4000000060
26163  20.037  -56.505  -24.804 0.3000000119
26173  17.356  -57.324  -26.453 0.4000000060
26182  24.408  -58.044  -27.836 0.3000000119
26183  23.693  -57.590  -27.274 0.3000000119
26216  20.826  -57.050  -28.926 0.3000000119
27249  22.937  -55.863  -23.014 0.4000000060
27261  20.511  -56.056  -24.058 0.3000000119
27279  18.616  -55.533  -26.956 0.4000000060
27306  19.240  -56.101  -28.641 0.3000000119
28201  23.555  -55.586  -21.898 0.4000000060
28214  23.369  -55.091  -22.649 0.4000000060
28227  22.595  -54.996  -24.182 0.3000000119
28244  21.760  -55.010  -25.994 0.3000000119
28254  18.256  -55.511  -27.641 0.3000000119
28268  21.451  -55.331  -28.512 0.3000000119
29232  23.599  -54.240  -22.586 0.4000000060
29245  23.240  -54.463  -23.161 0.4000000060
29256  22.405  -54.291  -24.611 0.3000000119
29268  19.817  -54.069  -25.670 0.4000000060
29269  19.449  -54.119  -26.491 0.4000000060
29274  19.253  -54.276  -27.284 0.3000000119
29279  21.294  -54.206  -27.831 0.3000000119
29285  21.041  -54.295  -28.229 0.3000000119
30235  21.017  -53.052  -20.784 0.3000000119
30250  21.278  -53.130  -21.670 0.3000000119
30285  19.888  -53.401  -25.437 0.5000000000
30292  19.640  -52.677  -26.997 0.3000000119
30297  19.865  -52.987  -27.503 0.3000000119
30304  20.590  -53.678  -27.995 0.3000000119
31270  25.365  -52.180  -20.362 0.3000000119
31310  21.823  -51.887  -25.109 0.4000000060
31311  20.024  -52.168  -24.803 0.3000000119
31320  21.761  -52.679  -25.469 0.4000000060
31323  19.588  -52.011  -26.290 0.3000000119
31329  20.149  -51.813  -26.898 0.3000000119
32366  21.088  -51.287  -22.155 0.3000000119
32367  20.191  -50.455  -23.532 0.3000000119
32376  22.479  -51.362  -23.927 0.3000000119
32377  19.736  -50.235  -24.562 0.3000000119
32389  19.627  -50.459  -25.435 0.3000000119
32396  20.580  -50.875  -26.154 0.3000000119
32397  20.050  -50.625  -26.371 0.3000000119
32409  19.997  -51.108  -26.684 0.3000000119
33463  23.208  -50.618  -22.653 0.3000000119
33466  20.287  -49.251  -23.199 0.3000000119
33481  20.874  -48.758  -24.530 0.3000000119
33504  20.355  -50.097  -25.708 0.3000000119
33505  19.905  -50.136  -25.899 0.3000000119
33506  19.746  -50.333  -25.906 0.3000000119
34536  20.397  -48.162  -23.856 0.3000000119
34559  20.047  -49.562  -25.409 0.3000000119
35551  21.557  -47.823  -22.392 0.3000000119
35576  20.273  -47.990  -23.589 0.3000000119
124350  21.465  -77.095  -32.108 0.5000000000
124533  19.814  -69.791  -29.169 0.5000000000
124676  27.873  -66.669  -29.222 0.6999999881
125407  31.197  -63.562  -34.594 0.6000000238
126380  31.058  -69.893  -34.586 0.4000000060
126650  21.580  -62.205  -26.764 0.5000000000
126763  23.369  -60.302  -23.895 0.4000000060
126819  17.896  -62.412  -30.325 0.5000000000
127737  29.959  -63.149  -32.157 0.6000000238
128044  21.926  -55.721  -26.602 0.3000000119
128347  16.166  -63.491  -32.665 0.5000000000
128839  27.200  -69.044  -23.941 0.6000000238
129025  38.008  -69.506  -26.044 0.3000000119
129106  19.623  -53.503  -27.420 0.3000000119
129313  23.854  -61.965  -30.294 0.6000000238
130538  15.914  -62.622  -31.691 0.5000000000
130837  17.793  -63.529  -28.590 0.5000000000
130967  20.225  -71.856  -35.066 0.6000000238
131083  20.631  -63.963  -31.802 0.6000000238
132475  31.939  -73.601  -26.236 0.3000000119
132493  36.746  -69.247  -26.103 0.3000000119
133177  37.254  -63.982  -31.884 0.3000000119
133387  20.720  -71.206  -32.805 0.4000000060
133624  16.813  -73.447  -37.544 0.5000000000
133780  15.936  -75.471  -37.213 0.5000000000
133829  34.329  -73.957  -35.741 0.3000000119
134421  23.208  -67.277  -23.953 0.6000000238
135005  32.250  -74.854  -29.189 0.3000000119
135401  25.248  -67.258  -22.356 0.6000000238
135418  29.090  -69.835  -33.163 0.6000000238
135574  24.040  -70.266  -26.021 0.6000000238
136105  19.887  -73.943  -38.445 0.5000000000
136201  24.341  -72.952  -33.042 0.6000000238
136222  21.112  -62.181  -32.151 0.5000000000
136301  27.541  -72.480  -36.316 0.4000000060
136308  27.459  -68.634  -25.406 0.8000000119
136474  26.421  -67.890  -34.766 0.6999999881
136683  23.514  -64.880  -25.799 0.5000000000
137207  29.913  -69.980  -33.617 0.6000000238
137808  22.276  -69.768  -29.926 0.6999999881
138375  24.837  -63.089  -28.697 0.6000000238
138496  24.983  -51.748  -20.845 0.3000000119
138692  25.690  -74.793  -36.852 0.4000000060
138934  20.935  -53.500  -27.722 0.3000000119
139829  22.293  -71.026  -38.209 0.6999999881
139840  33.520  -69.706  -34.490 0.3000000119
140537  27.886  -74.311  -29.444 0.3000000119
140679  35.606  -69.409  -27.507 0.3000000119
141118  22.760  -70.309  -27.162 0.6999999881
141237  28.063  -64.465  -31.405 0.6999999881
141412  23.050  -49.785  -22.528 0.3000000119
141616  23.984  -59.524  -25.473 0.4000000060
141726  19.179  -72.904  -37.031 0.6000000238
141868  20.875  -74.347  -38.134 0.6000000238
142203  22.717  -58.406  -24.619 0.4000000060
142264  19.261  -57.638  -24.872 0.3000000119
142373  20.956  -68.647  -25.691 0.6000000238
142419  23.891  -70.130  -27.646 0.6999999881
142527  25.960  -74.153  -36.294 0.4000000060
142788  23.567  -60.687  -21.389 0.4000000060
143542  37.671  -63.391  -32.450 0.3000000119
143634  23.169  -71.748  -35.983 0.6999999881
143662  23.496  -62.743  -22.430 0.4000000060
144005  20.120  -62.411  -29.911 0.5000000000
144184  23.272  -53.090  -23.250 0.4000000060
144244  21.994  -55.977  -28.831 0.3000000119
144378  30.787  -63.119  -34.008 0.6000000238
144685  24.331  -69.344  -23.831 0.6000000238
144783  18.935  -72.766  -35.563 0.5000000000
145205  19.166  -66.084  -29.491 0.6000000238
145269  21.967  -70.948  -38.433 0.6999999881
146041  27.475  -74.773  -30.802 0.5000000000
146116  25.780  -50.955  -19.467 0.3000000119
146828  20.543  -65.797  -28.031 0.6000000238
146842  37.277  -69.547  -25.363 0.3000000119
147110  31.502  -67.021  -24.609 0.6000000238
147168  19.679  -49.820  -25.089 0.3000000119
147578  19.289  -65.546  -30.658 0.6000000238
148006  20.661  -53.738  -24.070 0.3000000119
148018  26.441  -73.109  -35.532 0.4000000060
148034  23.670  -62.428  -23.974 0.5000000000
148220  21.462  -49.464  -24.491 0.3000000119
148266  25.259  -60.789  -27.184 0.6000000238
148397  34.315  -64.018  -28.386 0.5000000000
148457  23.797  -60.497  -24.628 0.4000000060
148758  25.340  -70.062  -34.270 0.6000000238
148789  30.545  -75.797  -25.711 0.3000000119
149401  28.615  -77.987  -35.352 0.5000000000
149585  28.513  -68.553  -24.093 0.6000000238
149815  20.511  -63.130  -32.447 0.5000000000
