#!ascii label  , from subject sub-v1s13x0050052_ses-1 vox2ras=TkReg
946
16933  -43.500  -54.939  -36.676 0.5000000000
16932  -42.895  -54.741  -37.284 0.4000000060
16909  -43.245  -53.908  -36.441 0.6000000238
17817  -44.364  -53.803  -35.499 0.6000000238
101461  -43.796  -54.143  -36.064 0.5000000000
109641  -44.767  -53.307  -35.020 0.6000000238
17831  -42.533  -53.597  -36.937 0.6999999881
17816  -43.677  -53.066  -35.551 0.6999999881
17800  -45.644  -52.671  -34.898 0.6999999881
16891  -44.761  -54.119  -35.136 0.5000000000
16972  -33.281  -52.796  -40.636 0.5000000000
17815  -42.779  -52.534  -35.897 0.6999999881
17798  -44.181  -52.093  -35.113 0.6999999881
18712  -41.499  -51.121  -40.586 0.6999999881
105516  -41.309  -51.097  -39.743 0.6999999881
17830  -41.740  -52.956  -37.413 0.6999999881
96982  -32.348  -53.229  -42.359 0.4000000060
17799  -44.670  -52.912  -35.066 0.6999999881
18673  -45.228  -52.073  -34.947 0.6999999881
17801  -46.257  -52.275  -34.639 0.6000000238
18711  -42.043  -50.321  -41.434 0.6999999881
18703  -41.097  -51.846  -38.313 0.6999999881
97435  -42.164  -50.048  -40.764 0.6999999881
17861  -34.068  -52.068  -40.642 0.6000000238
17814  -42.142  -52.457  -36.530 0.6999999881
18702  -41.200  -50.413  -39.328 0.6999999881
16971  -32.627  -52.643  -41.770 0.5000000000
18687  -43.241  -51.883  -35.287 0.6999999881
18686  -42.627  -51.517  -35.416 0.6999999881
18699  -41.466  -51.776  -36.879 0.6999999881
18698  -40.809  -50.681  -37.563 0.6999999881
16087  -32.409  -53.498  -44.907 0.4000000060
19617  -41.349  -51.001  -36.330 0.6999999881
111295  -44.664  -51.420  -34.972 0.6999999881
19614  -42.272  -50.924  -35.331 0.6999999881
18674  -46.151  -51.958  -34.807 0.6999999881
19602  -42.895  -50.892  -35.067 0.6999999881
18675  -46.536  -51.633  -34.659 0.6000000238
100423  -46.594  -51.226  -34.758 0.6999999881
99564  -45.555  -51.148  -34.888 0.6999999881
113605  -47.007  -50.231  -34.347 0.5000000000
18676  -47.186  -51.130  -34.316 0.5000000000
17784  -48.422  -51.370  -33.309 0.4000000060
17804  -47.849  -51.171  -34.266 0.5000000000
19622  -42.571  -49.018  -40.556 0.6999999881
17850  -33.791  -51.255  -41.416 0.6000000238
17860  -33.154  -52.005  -41.462 0.5000000000
19623  -40.955  -49.660  -38.832 0.6999999881
18672  -43.788  -51.223  -35.026 0.6999999881
19603  -43.632  -50.488  -34.917 0.6999999881
20592  -47.133  -49.489  -34.613 0.6999999881
19607  -46.873  -50.386  -34.631 0.6999999881
18722  -36.990  -49.461  -41.431 0.6999999881
19638  -38.499  -48.671  -41.852 0.6999999881
19629  -40.328  -48.045  -42.217 0.8000000119
19628  -38.581  -48.220  -41.967 0.6000000238
18710  -42.230  -48.493  -42.187 0.8000000119
18721  -35.675  -50.201  -41.321 0.6000000238
19636  -36.238  -48.810  -41.873 0.6000000238
19621  -43.146  -48.037  -41.620 0.6999999881
18720  -34.534  -50.352  -41.626 0.6000000238
18727  -33.127  -51.396  -42.380 0.6000000238
20607  -41.306  -48.618  -39.320 0.6999999881
19613  -41.655  -50.637  -35.581 0.6999999881
19605  -45.994  -50.305  -34.859 0.8000000119
19606  -46.843  -50.492  -34.712 0.6999999881
20591  -47.133  -49.531  -34.767 0.8000000119
113969  -44.607  -50.167  -34.824 0.6999999881
19608  -47.592  -50.423  -34.205 0.5000000000
18661  -48.282  -50.605  -33.592 0.5000000000
20581  -48.903  -49.215  -33.388 0.5000000000
19599  -48.554  -49.876  -32.860 0.4000000060
19637  -37.356  -48.369  -41.976 0.6000000238
20614  -39.407  -47.923  -41.873 0.8000000119
20615  -41.053  -47.377  -41.731 0.8000000119
114925  -42.098  -47.733  -41.974 0.8000000119
20605  -42.264  -47.306  -41.249 0.8000000119
20606  -42.315  -47.732  -40.505 0.8000000119
17859  -32.696  -51.991  -42.658 0.6000000238
18719  -33.686  -50.617  -42.387 0.6000000238
16970  -32.533  -52.506  -43.264 0.5000000000
20600  -40.561  -49.339  -37.608 0.6999999881
96984  -32.483  -52.956  -44.232 0.5000000000
19612  -40.856  -50.273  -36.243 0.6999999881
20590  -46.625  -49.777  -34.871 0.8000000119
19604  -44.503  -50.613  -34.891 0.6999999881
20587  -44.193  -49.803  -34.775 0.6999999881
19601  -42.124  -50.201  -34.996 0.6999999881
20588  -45.164  -50.176  -34.768 0.6999999881
19609  -48.236  -49.819  -33.830 0.5000000000
108832  -36.654  -48.273  -42.090 0.6999999881
20613  -37.664  -48.241  -41.950 0.6999999881
21502  -40.165  -47.092  -41.117 0.8000000119
19635  -35.256  -49.233  -41.963 0.6000000238
20599  -40.940  -47.764  -38.792 0.8000000119
101316  -32.718  -52.291  -44.241 0.6000000238
16969  -31.505  -52.379  -45.325 0.4000000060
20595  -40.522  -49.418  -36.038 0.6999999881
97087  -30.887  -52.897  -45.517 0.4000000060
20596  -41.241  -49.868  -35.323 0.6999999881
100923  -43.044  -49.996  -34.807 0.6999999881
108655  -47.546  -49.568  -34.252 0.5000000000
20570  -49.002  -48.885  -32.553 0.5000000000
96529  -48.511  -49.398  -32.214 0.4000000060
20612  -36.428  -48.191  -42.093 0.6000000238
20621  -35.870  -48.417  -42.176 0.6999999881
21493  -41.382  -46.934  -40.864 0.8000000119
19634  -34.464  -49.647  -42.744 0.6000000238
107579  -33.854  -50.316  -43.938 0.6000000238
21494  -40.829  -46.775  -38.796 0.8000000119
102993  -41.734  -46.924  -40.054 0.8000000119
18726  -32.959  -51.730  -43.895 0.6000000238
108233  -33.318  -51.070  -43.459 0.6000000238
21487  -40.385  -48.579  -36.939 0.8999999762
21486  -40.293  -47.599  -37.452 0.8000000119
111232  -40.366  -48.792  -35.869 0.8000000119
21468  -42.223  -48.852  -34.461 0.8000000119
96092  -31.885  -52.209  -45.337 0.4000000060
21472  -47.428  -48.664  -35.079 0.8000000119
20589  -45.846  -49.764  -34.808 0.8000000119
99766  -45.136  -49.353  -34.670 0.8000000119
112414  -42.407  -49.523  -34.685 0.6999999881
21473  -47.718  -48.723  -34.931 0.8000000119
20593  -48.411  -49.043  -34.281 0.6000000238
97747  -47.902  -48.803  -34.691 0.6000000238
21501  -38.524  -47.806  -41.206 0.6999999881
95921  -35.275  -48.632  -42.976 0.6000000238
20611  -35.518  -48.245  -42.423 0.6000000238
97746  -34.590  -49.031  -44.105 0.6000000238
108039  -40.684  -46.634  -39.809 0.8000000119
18725  -32.306  -51.951  -45.416 0.3000000119
103230  -40.175  -48.247  -36.327 0.8000000119
21479  -40.810  -49.011  -35.088 0.8000000119
21463  -42.851  -48.321  -34.300 0.8000000119
99045  -46.032  -49.097  -34.813 0.8000000119
20586  -43.247  -49.049  -34.580 0.8000000119
20585  -41.631  -49.384  -34.781 0.6999999881
21469  -44.343  -48.810  -34.503 0.8000000119
21470  -45.280  -48.495  -34.657 0.8000000119
21474  -49.389  -48.623  -33.971 0.6000000238
20552  -49.132  -48.690  -32.044 0.3000000119
96891  -37.031  -47.914  -41.600 0.6000000238
22306  -37.631  -47.502  -40.195 0.6999999881
21492  -39.167  -46.909  -40.113 0.6999999881
19632  -29.954  -50.132  -46.844 0.5000000000
18718  -33.185  -51.347  -45.394 0.5000000000
20610  -35.233  -48.003  -43.483 0.6000000238
22307  -40.275  -46.366  -38.678 0.6999999881
22301  -39.956  -46.782  -37.522 0.8000000119
21467  -41.405  -48.576  -34.490 0.8999999762
21478  -40.265  -48.316  -35.439 0.8999999762
21477  -39.911  -47.637  -36.230 0.8000000119
22281  -42.130  -48.044  -34.157 0.8999999762
21466  -40.693  -48.161  -34.653 0.8999999762
98808  -46.832  -49.077  -34.942 0.8000000119
21480  -48.024  -48.278  -35.255 0.8000000119
21482  -48.980  -47.841  -35.402 0.6999999881
21464  -50.200  -48.394  -32.874 0.6000000238
20582  -49.665  -48.868  -32.914 0.6000000238
21500  -35.696  -47.896  -41.719 0.6000000238
99444  -38.198  -46.667  -39.192 0.8000000119
108004  -33.649  -49.823  -45.366 0.6000000238
22300  -39.571  -46.159  -37.936 0.8000000119
18717  -31.241  -51.163  -46.160 0.4000000060
22291  -39.478  -46.906  -35.854 0.8000000119
22280  -41.309  -47.745  -34.117 0.8000000119
22292  -40.007  -47.628  -35.045 0.8000000119
22282  -44.533  -47.979  -34.424 0.8000000119
102726  -43.670  -48.180  -34.266 0.6999999881
22286  -47.452  -47.873  -35.252 0.8000000119
21481  -48.456  -48.195  -35.248 0.8000000119
21471  -46.371  -48.161  -34.945 0.8000000119
22287  -49.563  -48.044  -34.988 0.6999999881
97412  -50.087  -47.931  -33.836 0.6999999881
23082  -50.958  -46.711  -33.062 0.6000000238
23076  -50.955  -46.566  -32.498 0.6000000238
111142  -50.831  -46.416  -32.336 0.6000000238
21499  -35.207  -47.667  -42.557 0.6000000238
22305  -36.865  -46.943  -39.294 0.8000000119
20619  -31.074  -48.901  -47.261 0.5000000000
95566  -34.530  -47.951  -44.604 0.5000000000
22299  -39.467  -46.274  -38.920 0.8000000119
20620  -33.430  -48.598  -46.331 0.5000000000
112680  -34.181  -48.864  -45.161 0.5000000000
23106  -38.806  -45.835  -37.982 0.8000000119
22290  -39.385  -46.353  -36.946 0.8000000119
22284  -45.871  -47.283  -34.923 0.8000000119
22275  -43.985  -47.423  -34.115 0.8000000119
22283  -44.660  -47.302  -34.469 0.8999999762
97831  -50.464  -47.283  -33.578 0.6999999881
22296  -49.444  -47.282  -35.286 0.6999999881
22288  -50.032  -47.344  -34.625 0.6999999881
23093  -50.507  -46.566  -34.005 0.6999999881
105880  -34.992  -47.380  -40.560 0.8000000119
23122  -35.629  -46.821  -39.494 0.8000000119
22317  -32.000  -45.671  -47.617 0.6000000238
22318  -33.713  -45.763  -46.092 0.5000000000
21508  -34.729  -47.075  -43.286 0.6000000238
22315  -34.705  -47.328  -41.783 0.6000000238
22310  -27.303  -44.742  -47.591 0.6000000238
22311  -30.754  -44.261  -48.036 0.6000000238
22312  -33.394  -44.474  -47.010 0.6000000238
22319  -34.144  -46.239  -43.660 0.5000000000
23979  -28.283  -42.236  -46.657 0.5000000000
23116  -29.321  -43.083  -47.859 0.5000000000
21507  -33.890  -46.935  -45.091 0.5000000000
23113  -38.420  -46.041  -38.480 0.8000000119
23980  -30.905  -41.574  -47.517 0.5000000000
23978  -27.057  -43.755  -43.333 0.4000000060
23107  -38.935  -45.847  -37.080 0.6999999881
22278  -39.818  -46.918  -34.556 0.8000000119
23096  -38.916  -46.186  -35.976 0.6999999881
22274  -42.997  -47.515  -33.962 0.8000000119
23086  -39.710  -46.319  -34.072 0.8000000119
22279  -40.551  -47.362  -34.226 0.8000000119
23088  -41.206  -46.912  -33.700 0.8000000119
23098  -48.539  -46.836  -35.516 0.8999999762
22285  -46.636  -47.204  -35.132 0.8999999762
102262  -45.297  -47.654  -34.712 1.0000000000
22294  -48.766  -47.521  -35.494 0.8000000119
22295  -49.040  -47.223  -35.444 0.6999999881
100509  -34.015  -46.865  -40.943 0.8000000119
23117  -32.676  -42.680  -48.179 0.6000000238
23111  -36.234  -46.128  -38.697 0.8000000119
22320  -34.101  -46.802  -42.110 0.6000000238
23112  -37.408  -46.113  -38.573 0.8000000119
23105  -37.804  -45.494  -37.883 0.6999999881
22313  -33.492  -45.414  -43.651 0.6000000238
108199  -32.693  -41.946  -46.163 0.4000000060
23969  -29.642  -40.650  -46.787 0.4000000060
110085  -32.107  -40.081  -47.381 0.4000000060
23118  -32.802  -44.317  -44.122 0.4000000060
23981  -32.446  -43.504  -43.228 0.5000000000
23097  -39.219  -46.353  -34.889 0.6999999881
23970  -32.526  -41.168  -45.019 0.5000000000
22273  -42.031  -47.227  -33.745 0.8000000119
23087  -40.409  -46.598  -33.792 0.8000000119
23092  -47.578  -47.016  -35.343 0.8000000119
23089  -45.191  -46.794  -34.732 0.8000000119
108414  -44.361  -46.716  -34.274 0.8000000119
23079  -42.704  -46.638  -33.660 0.8000000119
101401  -43.969  -46.064  -34.018 0.8000000119
22293  -48.260  -47.695  -35.429 0.8000000119
23090  -45.970  -46.694  -34.998 0.8000000119
111751  -49.027  -46.911  -35.528 0.8999999762
23101  -50.049  -46.558  -35.076 0.6999999881
23950  -50.624  -45.738  -34.617 0.6999999881
23094  -51.029  -45.636  -33.420 0.6999999881
23083  -51.005  -45.594  -32.824 0.6999999881
23927  -50.923  -45.717  -32.672 0.6000000238
23934  -51.228  -44.842  -33.053 0.6999999881
23942  -51.344  -44.733  -33.128 0.6999999881
23933  -51.103  -45.133  -32.793 0.6000000238
23121  -34.422  -46.587  -39.811 0.8000000119
23120  -33.485  -46.177  -40.457 0.8000000119
23119  -33.024  -45.512  -41.604 0.5000000000
22314  -33.593  -46.238  -41.800 0.6999999881
23976  -36.759  -45.451  -38.137 0.6999999881
23965  -38.281  -45.382  -37.104 0.6999999881
23955  -38.441  -45.459  -36.039 0.6999999881
23971  -32.306  -43.462  -41.971 0.5000000000
23956  -38.749  -45.695  -35.110 0.6999999881
98698  -31.799  -39.924  -45.164 0.4000000060
24755  -32.076  -41.878  -42.936 0.4000000060
23947  -41.011  -46.125  -33.338 0.8000000119
23945  -39.285  -45.620  -34.134 0.6999999881
23078  -41.852  -46.403  -33.457 0.8000000119
23938  -42.549  -45.731  -33.533 0.8000000119
23937  -41.639  -45.690  -33.342 0.6999999881
23081  -45.636  -46.042  -34.864 0.8000000119
106317  -43.251  -46.128  -33.749 0.8000000119
100774  -47.782  -46.150  -35.462 0.8999999762
23091  -46.660  -46.252  -35.197 0.8000000119
23099  -49.248  -46.238  -35.696 0.8999999762
23100  -49.486  -46.497  -35.501 0.8999999762
103516  -50.207  -45.719  -35.529 0.8000000119
23073  -50.441  -46.807  -31.887 0.4000000060
23951  -51.135  -44.938  -34.083 0.6999999881
102900  -50.097  -42.786  -33.435 0.5000000000
23985  -35.090  -45.969  -38.892 0.6999999881
23983  -33.039  -45.341  -40.223 0.6999999881
23975  -35.724  -45.284  -38.310 0.6999999881
23972  -32.627  -44.402  -40.355 0.6000000238
23984  -33.991  -45.703  -39.343 0.6999999881
23964  -37.565  -44.912  -37.082 0.6999999881
23954  -37.927  -44.879  -36.298 0.6999999881
104330  -38.247  -44.830  -35.454 0.6999999881
114100  -38.488  -45.253  -35.273 0.6999999881
25601  -32.324  -40.106  -44.260 0.3000000119
24756  -32.319  -43.256  -40.853 0.5000000000
23946  -40.157  -45.832  -33.482 0.6999999881
105075  -39.185  -44.836  -33.947 0.6999999881
23936  -40.896  -45.164  -33.255 0.6999999881
105875  -44.769  -46.016  -34.476 0.8000000119
23941  -45.262  -45.206  -34.461 0.8000000119
23959  -49.914  -45.639  -35.883 0.8000000119
23958  -49.335  -45.321  -35.889 0.8000000119
106789  -48.678  -46.015  -35.672 0.8999999762
113974  -50.428  -45.142  -35.853 0.8000000119
24718  -51.464  -44.467  -33.195 0.6999999881
24734  -51.148  -44.396  -33.563 0.6999999881
24727  -51.500  -44.494  -33.204 0.6999999881
25578  -50.932  -43.950  -33.682 0.6999999881
23973  -33.563  -44.770  -39.235 0.6000000238
23974  -34.658  -45.037  -38.600 0.6000000238
24760  -36.304  -44.748  -37.791 0.6999999881
23963  -37.052  -45.002  -37.597 0.6999999881
24758  -34.267  -43.967  -38.657 0.6000000238
25603  -32.593  -42.634  -40.104 0.4000000060
24757  -33.120  -43.780  -39.531 0.5000000000
23944  -38.643  -44.993  -34.660 0.6999999881
105614  -39.845  -44.998  -33.432 0.6999999881
26507  -32.693  -41.740  -39.971 0.3000000119
23940  -44.349  -45.336  -34.034 0.8000000119
24724  -43.835  -44.654  -33.680 0.6999999881
24723  -42.919  -44.812  -33.551 0.6999999881
25574  -42.381  -44.105  -33.442 0.6999999881
23948  -46.164  -45.362  -34.950 0.8000000119
24725  -44.688  -44.551  -33.971 0.8000000119
23957  -48.167  -45.340  -35.549 0.8000000119
23949  -47.115  -45.397  -35.278 0.8000000119
24742  -50.282  -44.891  -36.059 0.8000000119
25589  -48.966  -43.539  -35.701 0.8000000119
24732  -46.625  -44.657  -34.947 0.8000000119
25582  -46.947  -43.845  -34.888 0.8000000119
26493  -48.292  -42.758  -35.419 0.8000000119
25567  -50.933  -43.782  -33.407 0.6000000238
107266  -51.052  -44.010  -34.278 0.8000000119
26476  -50.802  -42.904  -34.095 0.6999999881
27359  -50.702  -41.727  -33.893 0.6000000238
26467  -50.678  -43.108  -33.777 0.6000000238
24759  -35.388  -44.335  -38.063 0.6000000238
24749  -36.828  -44.358  -37.157 0.6999999881
109122  -35.009  -43.561  -38.197 0.6000000238
24750  -37.401  -44.307  -36.463 0.6999999881
108991  -33.437  -42.574  -39.301 0.4000000060
101174  -33.595  -43.214  -39.133 0.4000000060
101471  -36.914  -43.810  -36.627 0.6999999881
24738  -37.807  -44.229  -35.717 0.6999999881
25604  -34.344  -42.964  -38.694 0.5000000000
25605  -35.268  -42.942  -38.061 0.5000000000
24739  -38.305  -44.197  -34.973 0.6999999881
24722  -41.970  -44.948  -33.475 0.6999999881
24729  -38.892  -44.209  -34.285 0.6999999881
96257  -33.775  -42.067  -39.192 0.3000000119
24721  -40.457  -44.234  -33.476 0.6999999881
24730  -39.593  -44.207  -33.754 0.6999999881
106894  -41.422  -44.195  -33.430 0.6999999881
25575  -43.285  -43.990  -33.499 0.6999999881
25573  -40.942  -43.368  -33.543 0.6999999881
106594  -42.788  -43.332  -33.512 0.6999999881
98565  -43.263  -42.618  -33.692 0.6999999881
24731  -45.869  -44.613  -34.634 0.8000000119
24726  -45.312  -44.434  -34.284 0.8000000119
114034  -43.549  -43.288  -33.564 0.8000000119
24740  -48.598  -44.466  -35.629 0.8000000119
106788  -46.247  -44.058  -34.672 0.8000000119
102615  -46.208  -43.240  -34.516 0.8000000119
109697  -44.788  -43.191  -33.828 0.8000000119
24741  -49.729  -44.296  -35.986 0.8000000119
25588  -47.892  -43.668  -35.298 0.8000000119
26483  -45.720  -42.603  -34.224 0.8000000119
26485  -47.181  -42.798  -34.949 0.8000000119
26484  -46.353  -42.281  -34.489 0.8000000119
106728  -50.488  -44.066  -35.904 0.8000000119
104276  -50.917  -43.794  -35.265 0.8000000119
26466  -50.607  -43.030  -33.624 0.6000000238
25591  -50.765  -42.901  -35.174 0.8000000119
100278  -50.434  -41.905  -33.629 0.6000000238
24748  -36.116  -44.116  -37.540 0.6999999881
25598  -36.366  -43.625  -37.108 0.6999999881
25597  -35.687  -43.571  -37.677 0.5000000000
26508  -34.786  -42.303  -38.655 0.4000000060
27390  -34.226  -41.424  -39.184 0.3000000119
27391  -35.197  -41.754  -38.684 0.3000000119
96708  -35.580  -42.315  -37.919 0.5000000000
25580  -38.656  -43.406  -34.667 0.6999999881
25571  -39.330  -43.463  -34.107 0.6999999881
27394  -32.895  -41.113  -39.748 0.3000000119
111158  -35.159  -41.136  -39.178 0.3000000119
26471  -41.442  -42.571  -33.791 0.6999999881
25576  -44.208  -43.743  -33.680 0.8000000119
106599  -41.885  -43.358  -33.529 0.6999999881
24733  -47.534  -44.581  -35.258 0.8000000119
26474  -44.199  -42.722  -33.734 0.8000000119
26475  -45.062  -42.536  -33.939 0.8000000119
27358  -45.586  -41.791  -34.210 0.8000000119
25590  -49.982  -43.386  -35.886 0.8000000119
114112  -47.022  -41.875  -34.754 0.8000000119
27369  -46.427  -41.404  -34.563 0.8000000119
100049  -50.446  -43.212  -35.606 0.8000000119
100120  -48.796  -41.968  -35.470 0.8000000119
28213  -47.388  -40.956  -34.865 0.8000000119
26486  -50.794  -42.669  -34.591 0.8000000119
25599  -36.666  -43.039  -36.579 0.6000000238
104116  -35.953  -42.911  -37.338 0.5000000000
99724  -37.295  -42.944  -35.968 0.6999999881
25587  -37.928  -43.361  -35.417 0.6999999881
26505  -36.173  -42.223  -37.201 0.6000000238
26478  -38.438  -42.518  -35.041 0.6999999881
26492  -37.696  -42.332  -35.720 0.6999999881
28237  -34.378  -40.722  -39.281 0.3000000119
28222  -36.948  -40.728  -38.193 0.3000000119
99312  -39.126  -42.643  -34.425 0.6999999881
28992  -36.843  -40.511  -40.427 0.3000000119
99556  -36.686  -40.908  -40.210 0.3000000119
28993  -37.224  -40.960  -40.507 0.3000000119
112634  -37.129  -41.093  -39.735 0.3000000119
26472  -42.362  -42.587  -33.751 0.6999999881
27357  -44.660  -41.852  -34.009 0.8000000119
26495  -50.016  -42.506  -35.730 0.8000000119
26494  -49.311  -42.681  -35.688 0.8000000119
97572  -49.539  -41.995  -35.662 0.8000000119
27379  -48.457  -41.111  -35.229 0.8000000119
26497  -50.606  -42.027  -34.994 0.8000000119
27380  -49.307  -41.309  -35.526 0.8000000119
27371  -50.721  -41.920  -34.321 0.6999999881
26491  -36.903  -42.168  -36.475 0.6000000238
111392  -36.340  -41.364  -37.702 0.4000000060
27375  -37.410  -41.248  -36.465 0.6000000238
99377  -38.188  -41.701  -35.485 0.6999999881
27362  -38.965  -41.641  -34.853 0.6999999881
112946  -39.726  -42.831  -34.023 0.6999999881
113062  -38.273  -40.242  -39.739 0.3000000119
27376  -38.392  -40.920  -35.789 0.4000000060
26480  -40.389  -41.840  -34.400 0.6999999881
26470  -40.461  -42.545  -33.909 0.6999999881
26481  -41.110  -41.902  -34.356 0.6999999881
26482  -41.977  -41.895  -34.348 0.6999999881
26473  -42.850  -41.852  -34.153 0.6999999881
110431  -45.849  -40.997  -34.442 0.8000000119
27370  -47.851  -41.922  -35.052 0.8000000119
107089  -50.207  -41.364  -35.274 0.8000000119
28228  -49.078  -40.437  -35.364 0.8000000119
114911  -49.562  -40.835  -35.455 0.8000000119
27353  -50.616  -40.915  -33.489 0.6000000238
27360  -50.884  -40.571  -33.539 0.6000000238
106102  -50.889  -40.950  -34.043 0.6999999881
28203  -51.294  -40.325  -33.698 0.6999999881
28978  -37.657  -40.544  -39.274 0.3000000119
28223  -37.814  -40.314  -37.086 0.3000000119
28224  -38.824  -40.207  -36.439 0.3000000119
27363  -39.912  -41.407  -34.840 0.6999999881
28995  -38.597  -40.138  -40.884 0.3000000119
111670  -38.745  -39.716  -39.419 0.3000000119
27378  -40.390  -40.845  -35.655 0.4000000060
27364  -40.802  -41.412  -35.017 0.6999999881
30479  -38.945  -39.496  -41.308 0.3000000119
27365  -41.646  -41.437  -35.117 0.6000000238
27367  -43.351  -41.234  -34.617 0.6000000238
27366  -42.521  -41.265  -35.165 0.6000000238
27368  -44.185  -41.225  -34.358 0.8000000119
100579  -43.241  -40.671  -35.579 0.6000000238
28210  -44.352  -40.493  -34.734 0.6999999881
28209  -43.733  -40.743  -34.839 0.6999999881
95371  -45.057  -40.975  -34.355 0.8000000119
95951  -44.987  -40.180  -34.675 0.6999999881
28212  -46.513  -40.518  -34.618 0.8000000119
28211  -45.717  -40.313  -34.577 0.8000000119
28969  -47.316  -39.802  -34.814 0.8000000119
28968  -46.397  -39.592  -34.789 0.6999999881
28967  -45.438  -39.517  -34.899 0.6999999881
27381  -49.858  -41.574  -35.557 0.8000000119
28227  -48.249  -40.066  -35.029 0.8000000119
27382  -49.818  -40.733  -35.373 0.8000000119
28986  -49.371  -39.411  -35.409 0.8000000119
26496  -50.296  -42.298  -35.431 0.8000000119
100703  -50.183  -40.552  -35.194 0.8000000119
28229  -49.434  -40.093  -35.330 0.8000000119
96268  -49.173  -38.679  -35.644 0.8000000119
27383  -50.555  -41.058  -34.682 0.8000000119
28214  -50.973  -40.388  -34.265 0.6999999881
27354  -50.874  -40.404  -33.171 0.6000000238
28961  -51.894  -39.880  -33.504 0.6999999881
27377  -39.369  -40.831  -35.500 0.5000000000
101595  -38.431  -39.732  -37.937 0.3000000119
28225  -39.855  -40.191  -36.340 0.4000000060
104590  -39.245  -39.370  -38.322 0.3000000119
28206  -41.388  -41.025  -35.894 0.5000000000
109515  -40.033  -38.948  -38.831 0.3000000119
28979  -40.074  -39.435  -37.366 0.3000000119
96342  -42.099  -41.136  -35.932 0.6000000238
111627  -39.974  -38.946  -40.393 0.3000000119
28980  -41.104  -39.172  -37.926 0.3000000119
30468  -39.521  -38.997  -41.259 0.3000000119
30467  -39.356  -38.729  -41.239 0.3000000119
108663  -43.758  -40.216  -35.211 0.6999999881
28966  -44.325  -39.616  -35.160 0.6999999881
28984  -48.019  -39.035  -35.221 0.8000000119
28983  -47.146  -38.776  -35.118 0.6999999881
29801  -48.807  -38.532  -35.729 0.8000000119
114589  -48.925  -38.086  -35.804 0.6999999881
28987  -49.764  -39.944  -35.304 0.8000000119
29803  -49.608  -39.229  -35.361 0.6999999881
28957  -51.492  -39.668  -32.250 0.6000000238
28230  -50.515  -40.274  -34.846 0.6999999881
28971  -50.889  -39.854  -34.448 0.6999999881
109568  -50.641  -39.413  -34.482 0.6999999881
28959  -52.381  -39.659  -32.842 0.6999999881
28200  -51.566  -40.150  -33.073 0.6999999881
28972  -51.415  -39.976  -34.024 0.6999999881
31142  -52.742  -36.715  -31.301 0.5000000000
31143  -53.221  -37.000  -31.053 0.5000000000
28207  -42.139  -40.671  -36.694 0.6000000238
28208  -42.682  -40.767  -36.303 0.6000000238
28964  -43.099  -40.389  -36.665 0.6000000238
28965  -43.407  -39.776  -36.021 0.6000000238
31917  -39.140  -36.172  -39.761 0.3000000119
28982  -46.158  -38.566  -35.141 0.6999999881
29802  -49.491  -38.526  -35.292 0.6999999881
29800  -47.747  -38.032  -35.650 0.6999999881
100077  -48.503  -38.078  -35.863 0.6999999881
114071  -50.166  -40.099  -35.204 0.6999999881
28970  -50.246  -39.678  -35.038 0.6999999881
29776  -49.984  -38.392  -34.345 0.6000000238
96677  -50.776  -38.974  -34.164 0.6999999881
28192  -51.991  -39.842  -32.577 0.6000000238
29778  -52.241  -39.268  -33.240 0.6999999881
29772  -52.828  -39.031  -32.539 0.6999999881
29773  -52.886  -38.045  -31.944 0.6000000238
28963  -42.890  -40.305  -37.223 0.5000000000
29781  -43.143  -39.945  -37.364 0.5000000000
112153  -43.361  -39.278  -36.944 0.6000000238
29782  -43.835  -38.709  -35.926 0.6000000238
31918  -40.169  -36.368  -40.879 0.3000000119
97016  -44.963  -38.706  -35.295 0.6999999881
29785  -46.450  -37.697  -35.433 0.6000000238
29784  -45.610  -37.860  -35.456 0.6000000238
29799  -46.969  -37.979  -35.358 0.6000000238
30475  -49.102  -37.903  -35.572 0.6000000238
30474  -48.073  -37.459  -35.827 0.6000000238
29786  -50.125  -39.032  -34.915 0.6999999881
30460  -49.240  -37.858  -34.969 0.6000000238
111010  -48.621  -37.707  -35.780 0.6000000238
30452  -50.416  -37.901  -33.459 0.6000000238
29771  -52.340  -38.729  -33.012 0.6999999881
99843  -53.014  -38.868  -31.888 0.6999999881
28951  -52.555  -39.363  -32.107 0.6000000238
29764  -52.626  -38.329  -30.765 0.5000000000
29767  -52.811  -38.655  -31.447 0.6000000238
29757  -52.946  -37.674  -30.044 0.5000000000
30447  -52.682  -38.315  -32.302 0.6000000238
29768  -52.940  -38.171  -31.322 0.5000000000
30436  -53.201  -37.521  -30.754 0.5000000000
30432  -53.619  -37.378  -30.114 0.5000000000
104509  -53.853  -36.697  -30.449 0.5000000000
103219  -54.299  -36.118  -30.224 0.5000000000
29797  -43.106  -39.187  -38.265 0.4000000060
31167  -42.652  -37.907  -41.186 0.4000000060
113810  -41.123  -36.605  -41.956 0.3000000119
31179  -41.910  -37.652  -42.348 0.3000000119
32779  -41.749  -36.041  -42.443 0.3000000119
30473  -47.198  -37.283  -35.784 0.6000000238
30450  -48.801  -37.148  -34.473 0.6000000238
30459  -48.692  -37.450  -35.452 0.6000000238
30458  -48.189  -37.087  -35.765 0.6000000238
30451  -49.514  -37.569  -33.898 0.6000000238
99074  -50.848  -38.546  -33.687 0.6999999881
30444  -50.020  -37.095  -33.033 0.6000000238
30446  -51.890  -37.924  -32.584 0.6999999881
30440  -52.910  -37.687  -31.604 0.5000000000
30441  -53.092  -37.673  -31.168 0.5000000000
31137  -53.603  -36.360  -30.624 0.5000000000
30470  -43.033  -38.616  -39.416 0.4000000060
29798  -43.427  -38.367  -37.123 0.4000000060
106400  -43.427  -37.612  -39.427 0.4000000060
30456  -44.079  -37.689  -36.338 0.4000000060
29783  -44.694  -38.050  -35.726 0.5000000000
32780  -43.019  -36.633  -43.292 0.3000000119
110740  -42.772  -37.457  -42.223 0.4000000060
112188  -45.117  -37.268  -35.914 0.4000000060
112270  -43.203  -36.344  -43.450 0.3000000119
31180  -43.221  -37.267  -42.530 0.4000000060
30457  -46.189  -37.083  -35.780 0.6000000238
31171  -47.493  -36.779  -35.861 0.5000000000
31157  -47.508  -36.401  -35.635 0.5000000000
31150  -49.164  -36.735  -33.436 0.6000000238
31146  -51.509  -37.157  -32.311 0.6000000238
31140  -50.707  -36.552  -32.333 0.6000000238
30439  -52.321  -37.427  -32.011 0.5000000000
31879  -52.969  -35.722  -30.810 0.5000000000
31880  -53.939  -35.572  -30.422 0.5000000000
111197  -54.457  -35.535  -30.115 0.5000000000
104400  -43.258  -38.361  -39.839 0.4000000060
111005  -43.522  -37.226  -37.550 0.4000000060
106473  -44.476  -36.734  -36.530 0.4000000060
31170  -45.658  -36.494  -36.228 0.4000000060
30472  -46.685  -36.491  -36.048 0.4000000060
33603  -42.766  -35.527  -43.518 0.3000000119
31158  -48.194  -36.717  -35.123 0.5000000000
31893  -47.607  -35.685  -34.416 0.4000000060
31895  -48.948  -35.877  -32.976 0.6000000238
31149  -48.388  -36.309  -33.873 0.5000000000
31145  -49.728  -36.244  -32.677 0.6000000238
31889  -49.527  -35.512  -32.458 0.5000000000
31141  -51.705  -36.560  -31.837 0.5000000000
31890  -50.199  -35.675  -32.132 0.6000000238
97467  -51.019  -35.792  -31.751 0.6000000238
32740  -53.264  -34.857  -30.593 0.5000000000
33560  -54.453  -33.635  -29.162 0.5000000000
31885  -51.953  -35.796  -31.310 0.5000000000
35236  -43.088  -33.336  -44.971 0.3000000119
35237  -44.167  -33.842  -44.443 0.4000000060
35238  -45.241  -33.366  -42.483 0.4000000060
111736  -50.564  -35.137  -31.793 0.5000000000
96974  -43.015  -30.963  -45.760 0.4000000060
96685  -51.258  -35.024  -31.402 0.5000000000
33578  -50.035  -33.905  -32.110 0.5000000000
33583  -49.569  -33.444  -32.472 0.5000000000
32746  -51.493  -34.070  -31.206 0.5000000000
101309  -50.707  -33.510  -31.697 0.5000000000
32739  -52.188  -34.934  -30.931 0.5000000000
98583  -52.530  -34.107  -30.738 0.6000000238
33576  -53.909  -33.619  -30.005 0.6000000238
33577  -54.378  -32.907  -29.350 0.6000000238
34421  -54.875  -31.919  -29.053 0.4000000060
95623  -44.532  -32.500  -44.218 0.4000000060
98287  -45.169  -32.542  -40.062 0.4000000060
32745  -50.630  -34.407  -31.706 0.5000000000
33574  -52.081  -33.428  -30.958 0.5000000000
34438  -52.157  -32.627  -30.954 0.5000000000
33580  -51.415  -33.056  -31.331 0.5000000000
100515  -53.418  -34.105  -30.395 0.5000000000
33575  -52.970  -33.226  -30.532 0.5000000000
35184  -55.044  -31.054  -29.140 0.4000000060
34440  -53.801  -32.387  -30.018 0.5000000000
34441  -54.531  -31.878  -29.403 0.5000000000
95988  -45.732  -32.314  -41.759 0.4000000060
36577  -44.818  -30.619  -43.260 0.4000000060
34439  -52.857  -32.310  -30.559 0.4000000060
97764  -53.259  -31.648  -30.369 0.4000000060
35203  -54.260  -31.101  -29.749 0.5000000000
35877  -55.114  -30.035  -29.211 0.3000000119
34443  -50.757  -32.556  -31.822 0.4000000060
35201  -52.377  -31.612  -30.930 0.4000000060
35876  -54.471  -29.927  -29.906 0.5000000000
36532  -55.120  -28.840  -29.558 0.4000000060
35207  -52.496  -30.750  -31.088 0.4000000060
102610  -53.895  -28.173  -29.399 0.4000000060
35202  -53.288  -30.842  -30.494 0.4000000060
115283  -53.084  -29.112  -32.026 0.4000000060
37318  -55.270  -27.527  -30.527 0.4000000060
37317  -54.507  -27.598  -29.999 0.4000000060
37331  -53.070  -27.682  -30.396 0.4000000060
109531  -53.216  -28.071  -29.753 0.4000000060
36544  -53.445  -29.258  -31.334 0.4000000060
36545  -54.964  -28.351  -30.654 0.3000000119
36549  -54.144  -28.432  -31.861 0.4000000060
36548  -53.061  -29.029  -32.763 0.4000000060
37332  -55.436  -27.574  -31.281 0.3000000119
37319  -55.639  -27.001  -30.919 0.4000000060
38155  -54.201  -26.989  -30.760 0.4000000060
37330  -51.733  -27.927  -30.863 0.4000000060
38157  -55.708  -26.858  -31.123 0.4000000060
37345  -55.111  -27.651  -32.332 0.4000000060
37352  -55.453  -27.285  -32.284 0.4000000060
19633  -32.059  -50.189  -46.607 0.4000000060
22316  -36.275  -47.624  -40.386 0.6000000238
21506  -32.779  -47.133  -47.298 0.5000000000
23939  -43.481  -45.458  -33.744 0.6999999881
25586  -37.332  -43.638  -36.079 0.6999999881
27356  -43.773  -41.910  -33.968 0.6999999881
30471  -43.262  -38.150  -38.278 0.4000000060
32742  -54.322  -34.182  -29.610 0.5000000000
16910  -44.051  -54.661  -35.902 0.5000000000
16949  -42.143  -54.150  -37.820 0.6999999881
17862  -35.137  -52.256  -40.450 0.5000000000
18701  -42.967  -49.223  -41.629 0.6999999881
18685  -42.056  -51.518  -35.888 0.6999999881
96949  -46.604  -51.099  -34.617 0.6999999881
104235  -48.814  -48.467  -34.991 0.6999999881
99454  -50.591  -47.708  -32.726 0.6000000238
20553  -50.307  -48.057  -32.064 0.4000000060
23926  -50.782  -45.956  -32.390 0.4000000060
23080  -43.560  -46.753  -33.884 0.8000000119
23982  -32.591  -44.650  -41.528 0.5000000000
23960  -50.758  -45.055  -35.298 0.8000000119
25602  -32.072  -42.008  -41.678 0.3000000119
24744  -51.030  -44.442  -34.754 0.8000000119
24743  -50.678  -44.584  -35.693 0.8000000119
25568  -51.099  -44.126  -33.451 0.6000000238
25583  -50.918  -43.405  -34.476 0.8000000119
25572  -40.053  -43.423  -33.698 0.6999999881
106905  -45.671  -43.902  -34.379 0.8000000119
25577  -45.024  -43.841  -34.006 0.8000000119
25581  -45.411  -43.206  -34.115 0.8000000119
95429  -35.754  -41.807  -37.961 0.4000000060
26479  -39.737  -42.105  -34.299 0.6999999881
28985  -48.951  -39.358  -35.482 0.8000000119
28996  -39.244  -39.454  -40.473 0.3000000119
105313  -40.278  -38.605  -41.399 0.3000000119
102914  -51.360  -39.452  -33.878 0.6999999881
29777  -51.639  -38.883  -33.499 0.6999999881
29796  -42.951  -39.487  -38.044 0.4000000060
30445  -50.979  -37.459  -32.806 0.6000000238
29765  -53.027  -38.086  -30.854 0.6000000238
30437  -53.882  -37.057  -30.351 0.4000000060
31919  -42.208  -37.314  -42.815 0.3000000119
32771  -42.332  -35.726  -43.094 0.3000000119
30453  -51.399  -38.280  -33.177 0.5000000000
32781  -43.462  -36.871  -42.782 0.4000000060
31156  -44.925  -36.041  -36.621 0.4000000060
31913  -46.843  -36.118  -36.126 0.4000000060
31894  -48.305  -35.327  -33.320 0.5000000000
35875  -53.314  -30.020  -30.785 0.4000000060
35881  -52.330  -30.175  -31.522 0.4000000060
38154  -52.756  -27.222  -31.304 0.4000000060
37344  -54.139  -28.387  -33.219 0.4000000060
38153  -51.509  -27.393  -31.771 0.3000000119
94637  -40.908  -55.075  -41.080 0.5000000000
16085  -41.141  -55.075  -40.202 0.5000000000
109160  -38.315  -54.914  -41.478 0.4000000060
16094  -38.892  -54.485  -41.663 0.5000000000
15219  -39.497  -54.971  -41.578 0.5000000000
94638  -40.697  -54.447  -41.234 0.5000000000
16096  -41.120  -54.725  -40.826 0.6000000238
16967  -41.300  -54.078  -40.725 0.6000000238
16976  -39.222  -53.550  -41.806 0.5000000000
16093  -38.220  -54.026  -41.676 0.5000000000
16977  -40.045  -53.415  -41.926 0.5000000000
113991  -37.813  -53.376  -41.529 0.5000000000
16966  -40.805  -53.226  -41.706 0.6000000238
17857  -41.252  -52.781  -41.069 0.6000000238
16968  -41.399  -53.703  -40.048 0.6000000238
17844  -41.347  -53.352  -39.286 0.6000000238
17843  -41.314  -52.392  -40.314 0.6000000238
16948  -41.579  -53.958  -38.505 0.6000000238
17837  -41.411  -53.177  -38.424 0.6000000238
16964  -38.662  -52.819  -41.691 0.5000000000
16965  -39.978  -52.762  -42.054 0.5000000000
17856  -40.838  -52.125  -41.915 0.6000000238
16963  -37.315  -52.792  -41.357 0.5000000000
16962  -36.169  -52.515  -40.815 0.5000000000
17836  -41.250  -52.162  -39.449 0.6000000238
17854  -38.395  -51.592  -41.482 0.5000000000
17855  -39.953  -51.851  -42.020 0.5000000000
17853  -36.985  -51.591  -41.192 0.5000000000
17842  -41.407  -51.535  -41.314 0.6000000238
18724  -39.959  -50.619  -41.669 0.5000000000
17841  -41.129  -51.025  -41.767 0.6000000238
18723  -38.132  -50.268  -41.287 0.5000000000
107362  -41.835  -49.828  -41.942 0.6000000238
17852  -35.850  -51.437  -40.887 0.5000000000
18709  -40.179  -49.208  -41.858 0.5000000000
103451  -36.647  -50.665  -41.134 0.6000000238
17851  -34.797  -51.288  -40.987 0.5000000000
28199  -51.140  -40.042  -32.770 0.5000000000
38169  -49.489  -27.466  -32.845 0.3000000119
38181  -48.877  -27.133  -33.448 0.3000000119
15213  -38.121  -55.707  -41.178 0.4000000060
14351  -39.151  -55.506  -41.093 0.5000000000
14343  -39.773  -55.219  -41.140 0.5000000000
16956  -41.373  -54.328  -38.978 0.5000000000
16955  -41.485  -54.697  -39.802 0.6000000238
16082  -37.687  -54.897  -41.287 0.4000000060
102213  -37.330  -53.895  -41.294 0.5000000000
16975  -36.475  -53.607  -40.799 0.5000000000
16974  -35.540  -53.339  -40.321 0.3000000119
16973  -34.460  -53.053  -40.188 0.4000000060
21460  -50.427  -48.043  -32.313 0.4000000060
22269  -50.771  -46.945  -32.096 0.4000000060
22271  -50.676  -47.421  -32.224 0.4000000060
102433  -50.245  -40.721  -33.074 0.5000000000
38184  -51.302  -26.803  -32.641 0.3000000119
38943  -48.349  -26.668  -34.070 0.3000000119
15214  -38.752  -55.336  -41.334 0.4000000060
16095  -39.685  -54.092  -41.773 0.5000000000
16979  -40.492  -53.902  -41.753 0.6000000238
38171  -52.491  -26.639  -32.233 0.4000000060
20618  -28.709  -49.082  -47.182 0.4000000060
21505  -29.975  -47.480  -47.039 0.4000000060
22309  -25.818  -45.502  -45.517 0.4000000060
21497  -25.869  -46.436  -46.779 0.4000000060
21498  -28.802  -46.186  -47.266 0.4000000060
22308  -26.146  -46.378  -42.887 0.3000000119
23114  -26.446  -45.162  -43.170 0.4000000060
23115  -26.880  -43.972  -46.166 0.4000000060
28226  -41.082  -40.189  -36.703 0.3000000119
28981  -42.180  -39.832  -37.511 0.3000000119
32744  -49.860  -34.825  -32.122 0.4000000060
29795  -42.048  -38.811  -38.678 0.3000000119
31888  -49.014  -35.015  -32.608 0.4000000060
31168  -43.435  -37.692  -41.300 0.3000000119
32748  -48.533  -34.369  -32.926 0.3000000119
32749  -49.308  -34.176  -32.467 0.4000000060
34444  -51.498  -32.077  -31.428 0.3000000119
31910  -43.455  -36.485  -38.802 0.3000000119
31169  -43.957  -36.140  -37.340 0.3000000119
32773  -43.670  -36.139  -40.523 0.3000000119
95197  -43.721  -35.559  -38.400 0.3000000119
31909  -43.920  -37.429  -41.244 0.3000000119
32772  -43.823  -36.101  -43.017 0.3000000119
114422  -44.647  -35.203  -43.100 0.3000000119
31900  -46.839  -35.357  -35.381 0.3000000119
32753  -47.117  -34.639  -34.375 0.3000000119
32754  -47.789  -34.585  -33.605 0.3000000119
95427  -42.910  -32.362  -45.562 0.3000000119
114185  -45.515  -32.093  -43.298 0.3000000119
112664  -43.165  -30.288  -45.545 0.3000000119
33579  -50.110  -33.031  -32.218 0.3000000119
35206  -51.654  -31.051  -31.552 0.3000000119
31911  -44.578  -35.459  -37.114 0.3000000119
31912  -45.898  -35.844  -36.462 0.3000000119
95460  -43.678  -35.196  -39.827 0.3000000119
32774  -44.123  -34.756  -37.888 0.3000000119
32775  -45.263  -35.077  -36.758 0.3000000119
32776  -46.206  -35.369  -36.291 0.3000000119
110198  -44.388  -35.309  -41.938 0.3000000119
33605  -43.979  -34.231  -39.042 0.3000000119
34470  -44.192  -35.632  -43.995 0.3000000119
34474  -44.817  -34.371  -42.887 0.3000000119
33588  -48.219  -33.622  -33.330 0.3000000119
35913  -46.154  -31.472  -40.329 0.3000000119
33582  -48.942  -33.503  -32.839 0.3000000119
96290  -45.903  -31.700  -42.596 0.3000000119
34446  -49.428  -32.621  -32.797 0.3000000119
34447  -50.153  -32.100  -32.395 0.3000000119
35205  -50.861  -31.541  -32.039 0.3000000119
115041  -51.153  -30.932  -32.043 0.3000000119
103804  -45.710  -34.638  -36.359 0.3000000119
33606  -44.832  -34.061  -37.146 0.3000000119
33608  -44.284  -34.111  -40.618 0.3000000119
34475  -44.682  -33.241  -40.151 0.3000000119
33609  -44.516  -33.361  -38.455 0.3000000119
32760  -46.653  -34.446  -34.947 0.3000000119
34452  -48.018  -32.863  -33.811 0.3000000119
33594  -46.874  -33.770  -34.585 0.3000000119
35239  -45.532  -31.881  -39.103 0.3000000119
34453  -48.689  -32.812  -33.329 0.3000000119
36579  -46.879  -30.984  -40.716 0.3000000119
35211  -50.278  -31.323  -32.632 0.3000000119
35880  -51.492  -30.389  -32.109 0.3000000119
97384  -45.851  -33.682  -35.975 0.3000000119
34476  -45.110  -32.511  -38.221 0.3000000119
33610  -45.278  -33.061  -36.948 0.3000000119
32759  -46.278  -34.544  -35.664 0.3000000119
34472  -46.823  -32.261  -35.429 0.3000000119
34461  -46.535  -33.193  -35.197 0.3000000119
34477  -45.825  -31.926  -37.348 0.3000000119
35914  -46.720  -30.817  -38.939 0.3000000119
35915  -47.885  -30.484  -38.762 0.3000000119
107874  -48.493  -32.278  -33.839 0.3000000119
104392  -47.586  -30.509  -40.193 0.3000000119
34454  -49.028  -31.945  -33.522 0.3000000119
35210  -49.669  -31.572  -33.057 0.3000000119
35217  -50.145  -30.797  -33.278 0.3000000119
35879  -50.786  -30.720  -32.579 0.3000000119
36543  -52.259  -29.609  -32.239 0.3000000119
34471  -46.044  -32.663  -36.140 0.3000000119
114830  -45.568  -32.527  -36.977 0.3000000119
34462  -47.313  -32.792  -34.534 0.3000000119
95202  -45.993  -31.362  -38.441 0.3000000119
35232  -46.484  -31.855  -36.320 0.3000000119
35241  -47.308  -30.749  -37.568 0.3000000119
34463  -48.074  -32.121  -34.400 0.3000000119
36584  -48.001  -30.112  -40.609 0.3000000119
35916  -48.914  -30.455  -38.763 0.3000000119
35216  -49.522  -31.038  -34.107 0.3000000119
114658  -50.726  -30.308  -33.343 0.3000000119
35884  -51.334  -30.011  -32.880 0.3000000119
36554  -52.116  -29.498  -33.393 0.3000000119
35221  -47.607  -31.758  -35.119 0.3000000119
35233  -47.258  -31.263  -36.247 0.3000000119
107570  -48.074  -31.040  -35.901 0.3000000119
35222  -48.393  -31.318  -35.130 0.3000000119
36580  -48.750  -30.443  -39.974 0.3000000119
35234  -48.293  -30.619  -37.280 0.3000000119
35215  -48.737  -31.593  -34.332 0.3000000119
35905  -49.534  -30.549  -37.925 0.3000000119
104874  -50.512  -30.375  -34.295 0.3000000119
35891  -51.293  -29.926  -33.877 0.3000000119
37351  -54.767  -27.780  -33.318 0.3000000119
36585  -49.479  -30.189  -40.614 0.3000000119
35235  -48.947  -30.747  -36.349 0.3000000119
35223  -49.271  -30.963  -35.333 0.3000000119
36581  -50.020  -30.538  -39.643 0.3000000119
35906  -50.117  -30.601  -36.814 0.3000000119
35890  -50.178  -30.620  -35.424 0.3000000119
35896  -51.136  -30.393  -35.638 0.3000000119
112718  -52.822  -29.857  -35.814 0.3000000119
107726  -51.425  -30.102  -34.899 0.3000000119
36563  -53.640  -28.736  -35.073 0.3000000119
36561  -52.274  -29.673  -34.774 0.3000000119
36556  -53.891  -28.543  -34.203 0.3000000119
36555  -53.251  -29.118  -34.040 0.3000000119
37368  -50.715  -30.415  -40.464 0.3000000119
113039  -50.886  -30.658  -39.568 0.3000000119
36570  -50.684  -30.653  -38.502 0.3000000119
35917  -51.265  -30.683  -37.529 0.3000000119
114450  -50.915  -30.581  -36.445 0.3000000119
36582  -51.645  -30.783  -38.624 0.3000000119
35907  -51.753  -30.585  -36.763 0.3000000119
36572  -52.966  -30.071  -36.655 0.3000000119
35897  -52.228  -30.219  -36.029 0.3000000119
36573  -53.215  -29.102  -36.103 0.3000000119
36562  -53.201  -29.275  -35.346 0.3000000119
36574  -53.495  -28.445  -35.104 0.3000000119
103979  -54.893  -26.398  -32.457 0.3000000119
38186  -55.240  -26.982  -32.598 0.3000000119
38172  -53.788  -26.544  -31.680 0.3000000119
37370  -52.229  -30.206  -38.743 0.3000000119
35918  -52.087  -30.848  -37.646 0.3000000119
37371  -52.982  -29.733  -37.603 0.3000000119
35908  -52.465  -30.607  -37.099 0.3000000119
38191  -53.758  -27.771  -34.534 0.3000000119
95850  -54.177  -26.226  -32.716 0.3000000119
38930  -53.456  -26.245  -32.586 0.3000000119
37369  -51.436  -30.385  -39.779 0.3000000119
96478  -44.285  -31.199  -44.138 0.3000000119
21496  -25.258  -46.900  -45.000 0.4000000060
23110  -26.054  -45.709  -41.429 0.3000000119
33587  -47.510  -33.697  -33.935 0.3000000119
36578  -46.355  -31.127  -42.001 0.3000000119
33593  -46.443  -33.892  -35.188 0.3000000119
36583  -46.753  -30.422  -41.287 0.3000000119
35240  -46.532  -31.251  -37.338 0.3000000119
38963  -53.718  -26.880  -34.009 0.3000000119
36571  -52.572  -30.578  -37.836 0.3000000119
21495  -25.760  -47.390  -42.669 0.4000000060
20571  -49.895  -48.475  -32.305 0.4000000060
23977  -26.483  -44.847  -41.606 0.3000000119
21504  -27.338  -47.839  -46.886 0.3000000119
105768  -24.994  -47.786  -44.786 0.3000000119
21503  -24.943  -47.922  -46.614 0.3000000119
15198  -41.012  -55.065  -40.634 0.5000000000
15220  -40.051  -55.002  -41.422 0.5000000000
15221  -40.359  -55.060  -41.108 0.5000000000
16097  -40.134  -54.497  -41.501 0.5000000000
16098  -40.406  -54.761  -41.226 0.5000000000
16978  -41.078  -53.982  -41.312 0.6000000238
30442  -53.430  -37.168  -30.751 0.5000000000
31881  -54.542  -35.141  -29.797 0.5000000000
32726  -54.531  -34.552  -29.312 0.5000000000
32741  -54.139  -34.757  -30.176 0.5000000000
36531  -54.454  -29.189  -30.347 0.3000000119
37333  -55.786  -27.017  -31.131 0.3000000119
37346  -55.698  -27.185  -31.687 0.3000000119
37357  -54.041  -28.184  -34.336 0.3000000119
38146  -55.291  -27.001  -30.701 0.4000000060
38156  -55.018  -26.576  -31.246 0.4000000060
38173  -55.799  -26.961  -31.667 0.4000000060
38185  -54.447  -27.422  -33.674 0.3000000119
38931  -54.549  -26.302  -32.071 0.3000000119
38932  -55.412  -26.589  -31.797 0.4000000060
38948  -54.426  -26.554  -33.157 0.3000000119
94636  -40.743  -55.117  -40.845 0.5000000000
