#!ascii label  , from subject sub-v1s13x0050052_ses-1 vox2ras=TkReg
247
18931  38.262  -47.729  -5.556 0.0000000000
15961  47.214  -51.851  -16.957 0.0000000000
14271  43.666  -53.466  -10.343 0.0000000000
16680  40.433  -50.541  -12.582 0.0000000000
98389  50.470  -53.589  -14.563 0.0000000000
14297  47.129  -53.501  -12.603 0.0000000000
12639  50.426  -54.814  -14.120 0.0000000000
16688  43.156  -50.795  -14.805 0.0000000000
18208  37.709  -48.182  -12.461 0.0000000000
15906  38.907  -51.275  -9.129 0.0000000000
106365  41.709  -52.070  -11.291 0.0000000000
15153  45.033  -52.337  -13.651 0.0000000000
15178  48.178  -52.353  -15.443 0.0000000000
12687  47.813  -55.993  -17.678 0.0000000000
18915  41.395  -47.524  -4.300 0.0000000000
16616  37.541  -50.795  -6.071 0.0000000000
14242  40.535  -53.508  -8.929 0.0000000000
19753  36.558  -46.737  -9.001 0.0000000000
13457  50.230  -54.223  -12.419 0.0000000000
15963  45.020  -51.180  -15.518 0.0000000000
16697  42.738  -50.267  -15.255 0.0000000000
15116  41.074  -52.313  -10.068 0.0000000000
15113  43.005  -52.965  -10.837 0.0000000000
14308  48.771  -53.172  -13.390 0.0000000000
15136  45.571  -52.909  -13.004 0.0000000000
15150  48.128  -52.701  -13.939 0.0000000000
15167  47.176  -52.343  -14.356 0.0000000000
111166  48.661  -52.513  -14.931 0.0000000000
12686  48.776  -55.619  -17.908 0.0000000000
15082  37.875  -52.469  -6.971 0.0000000000
15097  38.755  -52.425  -8.287 0.0000000000
14244  39.031  -53.263  -8.206 0.0000000000
16672  39.101  -50.184  -11.360 0.0000000000
17431  37.728  -49.051  -11.029 0.0000000000
19763  36.946  -46.746  -12.952 0.0000000000
20529  36.535  -45.533  -10.433 0.0000000000
13446  46.123  -54.245  -11.146 0.0000000000
14285  44.715  -53.551  -11.373 0.0000000000
14282  47.773  -53.977  -12.034 0.0000000000
14295  49.522  -53.644  -12.897 0.0000000000
14320  50.584  -53.700  -13.973 0.0000000000
16685  41.992  -50.791  -13.894 0.0000000000
17437  39.889  -49.940  -12.987 0.0000000000
17442  40.349  -49.762  -13.709 0.0000000000
98255  39.604  -48.586  -14.544 0.0000000000
15211  48.183  -52.109  -18.312 0.0000000000
16648  37.709  -50.259  -8.085 0.0000000000
16663  40.128  -51.185  -10.985 0.0000000000
98327  41.667  -51.689  -11.950 0.0000000000
15125  44.216  -53.083  -11.971 0.0000000000
15138  43.727  -52.538  -12.561 0.0000000000
15942  42.638  -51.422  -13.482 0.0000000000
15940  44.283  -51.775  -14.057 0.0000000000
15955  45.743  -51.590  -15.291 0.0000000000
15186  48.091  -52.296  -16.435 0.0000000000
112593  49.972  -54.265  -16.194 0.0000000000
112270  50.096  -54.213  -17.019 0.0000000000
14362  50.261  -53.808  -17.071 0.0000000000
15197  49.116  -52.698  -17.841 0.0000000000
19694  42.167  -46.644  -5.011 0.0000000000
18917  39.537  -47.763  -4.726 0.0000000000
18114  39.809  -48.443  -4.515 0.0000000000
16631  37.502  -50.164  -6.611 0.0000000000
15893  37.839  -51.127  -7.746 0.0000000000
15105  39.949  -52.279  -9.286 0.0000000000
14252  42.699  -53.585  -9.499 0.0000000000
93521  43.176  -54.107  -9.157 0.0000000000
14250  44.144  -53.834  -9.984 0.0000000000
18983  36.727  -47.532  -11.108 0.0000000000
18930  39.202  -47.082  -5.066 0.0000000000
19710  39.603  -46.383  -5.355 0.0000000000
108100  38.649  -47.199  -5.367 0.0000000000
15972  46.372  -51.570  -16.525 0.0000000000
16706  44.512  -50.674  -16.235 0.0000000000
15114  42.458  -52.938  -10.335 0.0000000000
15115  41.822  -52.657  -10.215 0.0000000000
108683  49.211  -52.927  -13.894 0.0000000000
15165  49.107  -52.716  -14.507 0.0000000000
14332  50.084  -53.136  -14.897 0.0000000000
11872  47.025  -58.531  -19.654 0.0000000000
14236  38.423  -52.887  -7.591 0.0000000000
16673  38.414  -49.628  -11.245 0.0000000000
16681  39.665  -50.247  -12.117 0.0000000000
94781  36.427  -45.848  -12.048 0.0000000000
13444  48.472  -54.509  -11.456 0.0000000000
13456  50.753  -54.574  -12.857 0.0000000000
14294  50.504  -53.892  -13.210 0.0000000000
13470  50.709  -54.302  -13.661 0.0000000000
15952  42.887  -51.082  -14.189 0.0000000000
105999  41.124  -50.138  -13.960 0.0000000000
16689  42.435  -50.507  -14.611 0.0000000000
17446  41.247  -49.601  -14.806 0.0000000000
18214  40.429  -48.959  -14.907 0.0000000000
16647  38.256  -50.826  -8.633 0.0000000000
99501  40.969  -51.556  -11.342 0.0000000000
14284  45.610  -53.759  -11.649 0.0000000000
14299  45.113  -53.298  -12.226 0.0000000000
15152  46.049  -52.562  -13.651 0.0000000000
15137  44.613  -52.734  -12.805 0.0000000000
15154  44.042  -52.198  -13.350 0.0000000000
15929  43.184  -52.018  -13.064 0.0000000000
15941  43.460  -51.615  -13.771 0.0000000000
15179  47.215  -52.062  -15.063 0.0000000000
15948  46.286  -51.986  -14.744 0.0000000000
15954  46.406  -51.728  -15.562 0.0000000000
94791  48.891  -52.580  -16.005 0.0000000000
11860  45.409  -57.208  -18.691 0.0000000000
12700  47.275  -56.785  -18.187 0.0000000000
11848  46.589  -57.215  -18.276 0.0000000000
13532  48.704  -55.163  -17.002 0.0000000000
13520  50.233  -53.926  -16.215 0.0000000000
13531  49.579  -54.807  -17.437 0.0000000000
13542  49.603  -55.218  -18.263 0.0000000000
96095  50.159  -54.308  -17.821 0.0000000000
15196  49.985  -53.274  -17.338 0.0000000000
96577  50.302  -53.724  -17.788 0.0000000000
18929  43.575  -46.975  -5.395 0.0000000000
18914  42.180  -47.266  -4.386 0.0000000000
19695  41.600  -46.891  -4.645 0.0000000000
17335  38.679  -49.390  -4.820 0.0000000000
106791  37.688  -50.038  -5.831 0.0000000000
17356  37.953  -49.247  -5.502 0.0000000000
15888  37.511  -50.935  -6.860 0.0000000000
15096  39.504  -52.703  -8.740 0.0000000000
15095  40.273  -52.918  -9.054 0.0000000000
15103  41.493  -52.846  -9.701 0.0000000000
14253  41.842  -53.422  -9.382 0.0000000000
97951  45.001  -55.242  -9.401 0.0000000000
13413  44.455  -54.679  -9.363 0.0000000000
105082  43.930  -54.154  -9.477 0.0000000000
17439  38.336  -48.831  -12.546 0.0000000000
18205  37.706  -48.548  -11.797 0.0000000000
18982  37.165  -47.745  -11.920 0.0000000000
20527  36.765  -45.374  -9.696 0.0000000000
16687  43.759  -51.044  -14.996 0.0000000000
15904  40.330  -51.959  -9.839 0.0000000000
15905  39.606  -51.631  -9.530 0.0000000000
15923  42.140  -52.555  -10.826 0.0000000000
14298  46.077  -53.429  -12.439 0.0000000000
14309  47.625  -53.088  -13.276 0.0000000000
15151  46.994  -52.631  -13.728 0.0000000000
97255  46.433  -52.342  -14.126 0.0000000000
15166  48.054  -52.429  -14.654 0.0000000000
15177  49.317  -52.711  -15.325 0.0000000000
12699  48.089  -56.598  -18.387 0.0000000000
12698  49.017  -56.192  -18.686 0.0000000000
112613  37.553  -51.384  -6.390 0.0000000000
15088  38.122  -52.050  -7.688 0.0000000000
14243  39.816  -53.461  -8.640 0.0000000000
18197  37.267  -48.679  -10.483 0.0000000000
18198  36.792  -48.052  -10.321 0.0000000000
18986  37.399  -47.522  -12.866 0.0000000000
18987  36.659  -47.023  -11.755 0.0000000000
19758  36.475  -46.405  -11.682 0.0000000000
112477  36.477  -45.339  -11.068 0.0000000000
14270  44.387  -53.713  -10.603 0.0000000000
14269  45.176  -53.991  -10.881 0.0000000000
14283  46.621  -53.904  -11.876 0.0000000000
13458  49.041  -54.071  -12.190 0.0000000000
14296  48.295  -53.549  -12.736 0.0000000000
14307  49.841  -53.354  -13.583 0.0000000000
16679  41.219  -50.788  -13.116 0.0000000000
110346  39.409  -49.786  -12.557 0.0000000000
107433  40.579  -50.254  -13.280 0.0000000000
106671  39.756  -49.465  -13.540 0.0000000000
16690  41.771  -50.198  -14.476 0.0000000000
17448  40.021  -49.252  -14.165 0.0000000000
18211  38.703  -48.620  -13.421 0.0000000000
95410  38.372  -48.040  -13.782 0.0000000000
97332  37.398  -47.001  -13.479 0.0000000000
15982  47.292  -51.717  -17.863 0.0000000000
17388  37.459  -49.632  -7.405 0.0000000000
18144  37.565  -48.234  -6.700 0.0000000000
16671  40.319  -50.881  -11.767 0.0000000000
15932  41.018  -51.131  -12.225 0.0000000000
15126  43.371  -52.773  -11.733 0.0000000000
15139  42.999  -52.318  -12.347 0.0000000000
15930  42.349  -51.771  -12.621 0.0000000000
15931  41.611  -51.335  -12.625 0.0000000000
15943  41.947  -51.249  -13.187 0.0000000000
15951  43.662  -51.309  -14.450 0.0000000000
15168  45.687  -52.164  -14.209 0.0000000000
15949  45.367  -51.690  -14.782 0.0000000000
15950  44.463  -51.397  -14.786 0.0000000000
15962  45.684  -51.339  -16.038 0.0000000000
13480  50.628  -54.109  -14.567 0.0000000000
11859  45.982  -57.382  -18.427 0.0000000000
100774  49.342  -54.673  -16.223 0.0000000000
14331  50.407  -53.747  -15.221 0.0000000000
15176  50.110  -53.295  -15.672 0.0000000000
97961  49.658  -52.875  -16.039 0.0000000000
14346  50.056  -53.338  -16.494 0.0000000000
15185  49.190  -52.723  -16.808 0.0000000000
15198  48.122  -52.261  -17.395 0.0000000000
19706  43.658  -46.800  -6.413 0.0000000000
97367  42.805  -46.530  -5.814 0.0000000000
19697  39.993  -47.008  -4.811 0.0000000000
18918  38.815  -47.780  -5.033 0.0000000000
18113  40.466  -48.951  -4.318 0.0000000000
18115  39.069  -48.490  -4.683 0.0000000000
18130  38.398  -48.501  -5.194 0.0000000000
17372  37.575  -49.216  -6.436 0.0000000000
16640  37.542  -50.428  -7.344 0.0000000000
15900  38.494  -51.608  -8.414 0.0000000000
15899  39.234  -51.961  -8.882 0.0000000000
15104  40.702  -52.561  -9.540 0.0000000000
15102  42.253  -53.124  -9.859 0.0000000000
14272  42.953  -53.308  -10.083 0.0000000000
14251  43.475  -53.685  -9.717 0.0000000000
17430  38.193  -49.148  -11.748 0.0000000000
18206  37.194  -48.276  -11.107 0.0000000000
94948  36.424  -46.929  -9.738 0.0000000000
94645  36.442  -46.760  -11.108 0.0000000000
96475  36.540  -46.090  -9.582 0.0000000000
12713  44.653  -56.691  -19.138 0.0000000000
13445  47.234  -54.391  -11.323 0.0000000000
14254  41.026  -53.159  -9.268 0.0000000000
14321  50.013  -53.165  -14.218 0.0000000000
15089  37.652  -51.691  -7.024 0.0000000000
15135  46.563  -53.015  -13.135 0.0000000000
15169  44.972  -51.881  -14.306 0.0000000000
15187  47.218  -51.949  -15.975 0.0000000000
15922  42.451  -52.327  -11.653 0.0000000000
16664  39.356  -50.728  -10.635 0.0000000000
17429  38.893  -49.610  -12.096 0.0000000000
17438  39.173  -49.352  -13.018 0.0000000000
17443  39.364  -48.938  -13.805 0.0000000000
17445  42.047  -49.910  -15.043 0.0000000000
17447  40.654  -49.553  -14.321 0.0000000000
18131  37.866  -48.414  -5.903 0.0000000000
18210  38.901  -48.279  -14.161 0.0000000000
18212  38.052  -48.156  -13.146 0.0000000000
18913  42.895  -46.994  -4.800 0.0000000000
18916  40.460  -47.840  -4.450 0.0000000000
18978  36.481  -47.225  -10.426 0.0000000000
18990  37.866  -47.526  -13.662 0.0000000000
19696  40.869  -46.921  -4.655 0.0000000000
19756  36.408  -46.412  -10.419 0.0000000000
19764  36.631  -46.506  -12.293 0.0000000000
21375  36.870  -44.813  -10.097 0.0000000000
93346  36.382  -45.920  -11.212 0.0000000000
96089  39.711  -50.655  -11.376 0.0000000000
96460  49.785  -54.487  -16.684 0.0000000000
99846  45.126  -50.925  -16.354 0.0000000000
103027  38.120  -49.990  -5.216 0.0000000000
111801  36.553  -47.580  -9.834 0.0000000000
112166  36.908  -47.122  -12.364 0.0000000000
