#!ascii label  , from subject sub-v1s13x0050030_ses-1 vox2ras=TkReg
902
124282  -38.191  -62.393  -45.752 0.5000000000
23050  -38.372  -62.739  -48.084 0.8000000119
22086  -35.123  -63.663  -48.840 0.8000000119
22100  -36.694  -63.083  -49.457 0.8000000119
23056  -37.358  -62.824  -48.871 0.8000000119
131461  -39.426  -61.190  -44.026 0.5000000000
138492  -37.954  -62.563  -46.727 0.5000000000
23049  -37.315  -62.604  -47.427 0.6000000238
23999  -32.370  -61.818  -47.519 0.6999999881
23052  -33.613  -62.736  -48.776 0.6999999881
119290  -35.989  -62.380  -48.216 0.8000000119
23048  -36.546  -62.397  -46.947 0.6999999881
23033  -38.612  -61.971  -44.714 0.5000000000
23023  -36.968  -62.135  -44.119 0.6000000238
24924  -31.474  -60.799  -45.577 0.6999999881
23041  -37.150  -62.501  -45.940 0.6000000238
23022  -36.252  -61.970  -44.383 0.6000000238
130449  -31.761  -61.141  -46.273 0.6999999881
23038  -32.690  -62.996  -46.951 0.6999999881
24003  -34.370  -62.444  -48.889 0.6999999881
23040  -36.472  -62.330  -45.872 0.6000000238
137113  -35.775  -61.650  -44.734 0.6000000238
24004  -35.272  -62.136  -48.288 0.8000000119
23047  -36.006  -62.135  -46.829 0.8000000119
23989  -35.602  -61.412  -45.641 0.6999999881
23970  -38.994  -60.762  -42.985 0.4000000060
23982  -37.407  -61.655  -43.442 0.6000000238
24923  -30.840  -60.259  -45.468 0.6999999881
24919  -35.540  -60.738  -43.686 0.6000000238
26820  -31.080  -59.017  -45.686 0.6999999881
24932  -32.093  -61.190  -46.758 0.6999999881
134166  -32.906  -62.325  -48.145 0.6999999881
24934  -34.409  -60.929  -47.549 0.6999999881
134516  -35.145  -60.909  -47.441 0.6000000238
24930  -35.575  -60.508  -46.021 0.6999999881
26819  -36.497  -58.299  -46.100 0.5000000000
25882  -34.302  -60.224  -47.084 0.6000000238
25880  -35.374  -59.544  -46.701 0.6000000238
25883  -35.248  -60.299  -47.090 0.6000000238
119784  -36.114  -58.832  -46.391 0.6000000238
26823  -35.432  -58.704  -46.478 0.6000000238
28720  -36.917  -56.901  -45.801 0.5000000000
24897  -37.085  -60.128  -41.516 0.4000000060
23969  -37.946  -61.050  -42.781 0.5000000000
25873  -30.000  -59.048  -44.703 0.6999999881
24907  -35.820  -60.448  -42.742 0.6000000238
25870  -35.511  -59.491  -42.815 0.6000000238
25878  -31.952  -59.595  -46.136 0.6999999881
25872  -35.733  -59.232  -44.348 0.6000000238
24929  -32.740  -60.301  -46.662 0.6999999881
123755  -36.540  -58.346  -45.351 0.5000000000
27755  -37.028  -57.668  -45.441 0.6000000238
25879  -33.838  -59.352  -46.451 0.6999999881
28721  -37.587  -56.756  -45.551 0.5000000000
27761  -37.369  -57.224  -45.675 0.5000000000
27759  -36.117  -57.441  -45.998 0.5000000000
26807  -29.984  -58.239  -42.371 0.6000000238
28706  -29.039  -56.263  -42.501 0.6000000238
25864  -36.582  -59.568  -41.094 0.5000000000
26810  -29.614  -57.908  -43.540 0.6999999881
25867  -30.116  -58.902  -43.818 0.6999999881
24896  -36.132  -60.074  -41.858 0.5000000000
26813  -35.561  -58.647  -42.491 0.5000000000
28704  -35.748  -57.148  -41.937 0.4000000060
26815  -30.033  -58.559  -44.872 0.6999999881
119240  -35.700  -57.911  -42.617 0.5000000000
26816  -30.534  -58.610  -45.275 0.6999999881
26817  -31.522  -58.331  -45.332 0.6999999881
28711  -36.410  -57.355  -43.314 0.5000000000
26818  -32.891  -58.035  -45.357 0.6999999881
27758  -34.015  -57.747  -45.524 0.6000000238
27749  -37.312  -57.410  -44.860 0.5000000000
27762  -35.208  -57.918  -46.080 0.6000000238
29746  -38.555  -56.424  -44.970 0.5000000000
27754  -34.624  -57.127  -45.372 0.5000000000
28719  -35.646  -56.572  -45.413 0.5000000000
29747  -36.371  -56.133  -45.388 0.5000000000
30756  -38.145  -55.722  -45.422 0.5000000000
29748  -37.390  -56.121  -45.574 0.5000000000
140705  -39.341  -54.917  -44.921 0.3000000119
130514  -35.593  -56.030  -40.481 0.3000000119
27744  -29.139  -57.076  -41.704 0.6000000238
119038  -29.027  -57.002  -42.418 0.6000000238
26804  -35.641  -58.175  -40.583 0.4000000060
135686  -35.698  -56.536  -41.234 0.4000000060
28707  -30.389  -56.263  -43.162 0.6000000238
28705  -36.483  -56.546  -42.420 0.5000000000
27751  -30.161  -57.513  -44.191 0.6999999881
27752  -31.335  -57.220  -44.283 0.6999999881
28712  -37.489  -56.906  -44.139 0.5000000000
126917  -33.283  -57.349  -44.989 0.5000000000
29742  -38.750  -56.030  -44.188 0.5000000000
141015  -33.616  -56.768  -44.606 0.5000000000
29743  -39.195  -55.976  -44.853 0.4000000060
30757  -38.873  -55.937  -45.207 0.3000000119
31743  -40.615  -54.579  -44.131 0.4000000060
30752  -37.572  -54.890  -44.865 0.5000000000
31741  -38.846  -54.220  -44.521 0.4000000060
28698  -28.564  -55.909  -41.282 0.6000000238
29728  -28.658  -55.623  -41.714 0.6000000238
29729  -29.379  -55.395  -42.185 0.6000000238
29736  -29.882  -55.831  -42.728 0.6000000238
29730  -30.430  -55.263  -42.180 0.6000000238
29734  -36.888  -55.721  -42.041 0.3000000119
29735  -38.007  -55.569  -42.847 0.4000000060
28714  -30.820  -56.737  -43.704 0.6000000238
30744  -38.254  -54.899  -42.135 0.3000000119
28715  -32.036  -56.587  -43.667 0.6000000238
27757  -32.018  -57.646  -44.829 0.6999999881
30745  -39.421  -54.747  -42.524 0.3000000119
29741  -37.703  -56.243  -43.436 0.3000000119
122019  -41.212  -54.233  -42.771 0.3000000119
30748  -39.377  -55.454  -43.861 0.3000000119
28710  -33.522  -55.624  -43.110 0.5000000000
28716  -33.277  -56.306  -43.815 0.5000000000
120363  -34.132  -55.796  -43.845 0.5000000000
32737  -41.235  -53.460  -43.506 0.3000000119
31738  -40.963  -54.398  -43.476 0.3000000119
28717  -34.389  -56.337  -44.596 0.5000000000
29744  -35.207  -55.712  -44.510 0.5000000000
32740  -40.559  -53.975  -44.142 0.3000000119
29740  -34.423  -55.178  -43.399 0.5000000000
31737  -38.376  -53.159  -43.590 0.4000000060
32739  -39.573  -53.635  -44.145 0.3000000119
142716  -28.392  -54.511  -40.996 0.5000000000
31726  -28.751  -54.346  -41.247 0.6000000238
30737  -29.021  -54.832  -41.680 0.5000000000
29737  -30.944  -55.722  -42.625 0.6000000238
29731  -31.525  -55.309  -41.955 0.5000000000
32730  -42.430  -53.326  -42.273 0.3000000119
29738  -32.020  -55.690  -42.471 0.6000000238
32725  -43.384  -52.385  -42.053 0.3000000119
31734  -42.209  -53.446  -42.731 0.3000000119
29739  -32.961  -55.520  -42.425 0.6000000238
119785  -35.383  -53.626  -42.488 0.5000000000
31736  -37.410  -53.466  -43.610 0.4000000060
32734  -37.420  -52.629  -42.853 0.4000000060
31716  -29.176  -53.700  -41.026 0.5000000000
31717  -30.121  -53.632  -40.878 0.5000000000
30731  -30.567  -54.234  -41.170 0.5000000000
30738  -29.940  -54.710  -41.799 0.5000000000
34786  -44.347  -50.994  -40.409 0.3000000119
33733  -43.426  -52.294  -41.387 0.3000000119
29732  -32.532  -55.280  -41.901 0.6000000238
30741  -33.221  -54.854  -41.517 0.6000000238
120362  -33.756  -55.017  -42.386 0.5000000000
30746  -34.778  -54.387  -42.747 0.5000000000
33745  -39.459  -52.188  -42.906 0.4000000060
33739  -38.670  -51.421  -42.128 0.4000000060
139086  -29.661  -53.209  -40.638 0.5000000000
31709  -30.525  -53.052  -40.169 0.5000000000
31718  -31.101  -53.809  -40.465 0.5000000000
34785  -43.459  -51.355  -39.866 0.4000000060
34782  -44.722  -50.348  -39.976 0.4000000060
30732  -31.623  -54.448  -40.832 0.5000000000
30733  -32.733  -54.517  -40.735 0.5000000000
35806  -44.903  -49.929  -39.896 0.4000000060
34796  -44.200  -50.842  -41.256 0.3000000119
31719  -32.203  -54.060  -40.144 0.4000000060
34795  -43.613  -50.738  -41.410 0.3000000119
31728  -33.702  -54.158  -40.989 0.5000000000
31729  -34.487  -53.633  -41.353 0.4000000060
32729  -36.875  -52.059  -42.173 0.4000000060
122735  -30.276  -52.346  -39.753 0.5000000000
32708  -31.166  -52.553  -39.228 0.5000000000
32698  -31.980  -52.299  -38.485 0.5000000000
35799  -45.328  -49.197  -38.800 0.4000000060
32709  -32.270  -52.978  -38.973 0.4000000060
36797  -45.201  -48.683  -39.124 0.4000000060
36805  -44.833  -49.240  -39.775 0.4000000060
31711  -32.784  -53.588  -39.506 0.4000000060
31720  -33.296  -53.975  -40.172 0.4000000060
35813  -44.013  -50.224  -40.928 0.4000000060
31721  -34.183  -53.475  -40.535 0.4000000060
32726  -34.861  -52.891  -41.042 0.4000000060
32720  -35.301  -52.183  -40.794 0.4000000060
32732  -35.766  -52.911  -42.196 0.4000000060
33736  -35.832  -51.799  -41.215 0.4000000060
120411  -37.371  -50.837  -41.320 0.4000000060
34798  -39.125  -50.849  -41.622 0.4000000060
34797  -38.014  -50.803  -41.440 0.4000000060
118987  -30.686  -51.061  -38.662 0.5000000000
32697  -31.242  -51.778  -38.591 0.4000000060
37792  -45.493  -47.610  -37.699 0.4000000060
38738  -45.326  -46.973  -38.159 0.4000000060
122670  -31.881  -51.689  -38.096 0.5000000000
33707  -32.596  -51.963  -37.922 0.4000000060
31712  -33.789  -53.295  -39.704 0.4000000060
36796  -44.377  -48.408  -39.435 0.4000000060
32719  -34.648  -52.613  -40.154 0.4000000060
34799  -40.462  -51.039  -41.820 0.3000000119
33737  -36.509  -51.553  -41.526 0.4000000060
33696  -31.426  -51.094  -38.101 0.4000000060
33697  -32.264  -51.189  -37.558 0.5000000000
128397  -45.147  -46.081  -38.309 0.4000000060
33698  -33.174  -51.570  -37.414 0.4000000060
32699  -32.891  -52.568  -38.404 0.4000000060
33699  -34.118  -51.575  -37.643 0.4000000060
32700  -33.666  -52.509  -38.579 0.4000000060
32711  -34.162  -52.623  -39.207 0.4000000060
33720  -34.871  -51.946  -39.526 0.4000000060
33729  -35.639  -51.486  -40.569 0.4000000060
34791  -38.375  -50.194  -40.938 0.4000000060
34790  -37.346  -50.332  -40.880 0.4000000060
34762  -32.380  -50.387  -37.086 0.4000000060
131972  -32.929  -51.004  -36.977 0.4000000060
34763  -33.722  -51.082  -36.950 0.4000000060
34764  -34.658  -50.969  -37.248 0.4000000060
34775  -35.011  -51.241  -38.114 0.4000000060
33710  -35.220  -51.278  -39.073 0.4000000060
35810  -39.963  -49.784  -40.480 0.4000000060
34783  -35.762  -50.577  -39.559 0.4000000060
34788  -35.933  -50.803  -40.268 0.4000000060
35796  -36.211  -49.710  -39.233 0.4000000060
34789  -36.558  -50.497  -40.600 0.4000000060
34784  -36.892  -49.902  -40.351 0.4000000060
35772  -33.210  -49.477  -36.040 0.4000000060
35773  -34.092  -49.977  -35.920 0.4000000060
126282  -34.830  -50.106  -36.187 0.4000000060
34756  -35.146  -50.412  -36.842 0.4000000060
124913  -35.791  -49.929  -37.351 0.4000000060
34765  -35.418  -50.552  -37.735 0.4000000060
35786  -35.964  -49.869  -38.296 0.4000000060
35809  -38.810  -49.649  -40.424 0.3000000119
136756  -37.293  -48.758  -39.677 0.4000000060
35808  -37.660  -49.458  -40.285 0.4000000060
130270  -33.227  -48.818  -35.720 0.4000000060
35763  -33.982  -49.237  -35.497 0.4000000060
137674  -34.378  -48.098  -34.916 0.4000000060
35764  -35.017  -49.491  -35.622 0.4000000060
35765  -35.969  -49.077  -36.058 0.4000000060
142266  -36.196  -49.391  -37.849 0.4000000060
130111  -36.396  -49.064  -38.613 0.4000000060
35802  -40.393  -49.353  -39.872 0.4000000060
35801  -39.197  -49.216  -39.890 0.3000000119
36798  -36.817  -48.720  -39.281 0.4000000060
122087  -37.839  -48.745  -39.827 0.5000000000
36800  -38.457  -48.496  -39.591 0.4000000060
143140  -37.211  -48.339  -39.415 0.5000000000
37767  -34.517  -47.345  -34.560 0.4000000060
37768  -35.487  -47.306  -34.609 0.4000000060
36768  -34.672  -48.736  -35.124 0.4000000060
37769  -36.120  -47.107  -34.981 0.4000000060
36769  -35.577  -48.633  -35.317 0.4000000060
36790  -36.734  -48.146  -38.737 0.4000000060
36799  -37.668  -48.115  -39.474 0.5000000000
39597  -34.911  -45.781  -33.787 0.4000000060
38696  -35.151  -46.586  -34.203 0.4000000060
38697  -35.754  -46.646  -34.545 0.4000000060
36791  -37.205  -47.914  -39.176 0.4000000060
136457  -37.735  -47.256  -39.310 0.5000000000
39587  -35.340  -45.031  -33.746 0.4000000060
40524  -35.805  -44.906  -34.397 0.4000000060
122764  -37.871  -46.280  -39.251 0.5000000000
43409  -35.568  -41.925  -34.167 0.4000000060
40507  -35.111  -44.239  -33.392 0.4000000060
41479  -35.435  -43.535  -33.626 0.4000000060
40508  -35.590  -44.276  -33.898 0.4000000060
42429  -35.608  -42.813  -34.320 0.4000000060
42441  -35.581  -42.907  -35.425 0.5000000000
41478  -34.867  -43.398  -33.049 0.4000000060
30747  -35.788  -54.153  -43.376 0.5000000000
31735  -36.234  -53.474  -42.996 0.5000000000
139851  -38.084  -52.468  -42.936 0.4000000060
23034  -39.311  -61.987  -46.067 0.5000000000
118999  -36.144  -63.863  -48.566 0.8000000119
136636  -35.395  -64.129  -47.824 0.8000000119
22077  -33.473  -63.537  -47.392 0.6999999881
23971  -40.046  -60.586  -43.389 0.5000000000
23037  -32.238  -62.445  -46.382 0.6999999881
24912  -40.509  -60.406  -42.811 0.5000000000
136424  -31.826  -61.124  -44.929 0.6999999881
24910  -38.538  -60.376  -42.151 0.4000000060
24917  -31.025  -60.429  -44.752 0.6999999881
27748  -29.419  -57.652  -42.954 0.6999999881
25865  -37.690  -59.543  -40.730 0.4000000060
125726  -36.911  -59.200  -40.398 0.4000000060
27746  -30.417  -57.964  -41.432 0.6000000238
27743  -35.505  -57.430  -40.436 0.4000000060
29725  -28.572  -55.729  -40.728 0.6000000238
30730  -28.191  -54.679  -40.609 0.5000000000
31725  -28.331  -53.998  -40.776 0.5000000000
32707  -29.568  -52.655  -40.254 0.5000000000
33718  -29.459  -51.867  -39.705 0.4000000060
34774  -30.916  -50.343  -38.195 0.4000000060
35795  -31.150  -49.665  -37.777 0.4000000060
35785  -31.783  -49.670  -37.273 0.4000000060
36785  -31.809  -48.885  -37.036 0.4000000060
36775  -32.451  -48.648  -36.336 0.4000000060
37775  -33.568  -47.698  -35.136 0.4000000060
38708  -33.346  -46.895  -34.917 0.4000000060
38695  -34.206  -46.414  -34.228 0.4000000060
39596  -33.886  -45.605  -33.889 0.4000000060
131907  -35.300  -42.076  -33.157 0.4000000060
22101  -37.697  -63.128  -49.067 0.8000000119
23054  -35.250  -62.788  -49.298 0.8000000119
125549  -38.354  -61.509  -43.600 0.5000000000
23046  -33.017  -62.864  -48.091 0.6999999881
24933  -33.127  -61.020  -47.334 0.6999999881
23981  -36.604  -61.645  -43.577 0.6000000238
124362  -35.606  -60.004  -45.708 0.6999999881
24935  -35.414  -60.761  -46.720 0.6999999881
120582  -35.829  -58.596  -43.632 0.6000000238
25875  -36.165  -59.105  -45.853 0.6000000238
25881  -35.600  -59.701  -46.459 0.6000000238
26814  -29.824  -58.244  -44.158 0.6999999881
119165  -36.456  -57.949  -44.242 0.5000000000
138744  -29.599  -56.441  -43.044 0.6000000238
26809  -35.511  -58.383  -41.581 0.5000000000
29733  -36.064  -55.891  -41.264 0.3000000119
30751  -36.474  -54.756  -44.352 0.5000000000
30739  -31.030  -54.811  -41.530 0.6000000238
138778  -34.788  -53.820  -42.013 0.5000000000
31740  -36.837  -54.125  -43.951 0.5000000000
31730  -35.122  -53.198  -41.761 0.4000000060
33730  -36.184  -51.138  -40.901 0.4000000060
33721  -35.440  -51.304  -39.895 0.4000000060
35771  -32.448  -49.589  -36.672 0.4000000060
35800  -36.788  -49.385  -39.848 0.4000000060
143245  -35.800  -44.181  -34.674 0.4000000060
135705  -42.388  -68.932  -47.627 0.4000000060
16340  -42.582  -68.881  -46.627 0.4000000060
17356  -42.936  -68.547  -45.798 0.4000000060
17337  -43.249  -67.981  -44.877 0.4000000060
17335  -41.196  -68.644  -43.703 0.4000000060
17336  -42.312  -68.426  -44.399 0.4000000060
17322  -42.473  -67.993  -43.631 0.4000000060
122923  -42.214  -67.650  -42.624 0.4000000060
19258  -43.178  -66.546  -42.587 0.5000000000
17321  -41.680  -68.215  -43.081 0.4000000060
19246  -42.341  -67.063  -42.096 0.5000000000
136358  -42.317  -66.487  -41.939 0.5000000000
20127  -42.688  -65.700  -42.194 0.6000000238
17319  -39.843  -68.536  -42.410 0.4000000060
17320  -40.753  -68.371  -42.664 0.4000000060
140505  -40.969  -66.816  -41.219 0.4000000060
24899  -39.031  -59.997  -41.505 0.3000000119
25866  -38.658  -59.667  -40.799 0.4000000060
25856  -37.680  -59.079  -39.918 0.3000000119
21076  -43.279  -64.968  -42.719 0.5000000000
122737  -42.178  -60.289  -43.978 0.5000000000
24902  -41.394  -60.447  -42.744 0.4000000060
19224  -39.518  -66.359  -40.030 0.4000000060
19245  -41.600  -66.821  -41.557 0.5000000000
20126  -41.814  -66.007  -41.659 0.5000000000
18332  -39.618  -67.343  -40.285 0.4000000060
120895  -40.419  -68.084  -41.779 0.4000000060
121571  -42.424  -64.825  -42.618 0.6000000238
21095  -42.798  -64.181  -43.192 0.6000000238
121647  -42.392  -63.447  -43.878 0.6999999881
141353  -41.697  -60.317  -44.357 0.5000000000
128541  -43.353  -63.076  -43.731 0.6999999881
23025  -43.840  -61.530  -44.421 0.6999999881
24921  -42.280  -60.445  -45.025 0.6999999881
135238  -42.936  -62.334  -44.268 0.6999999881
23036  -42.725  -61.282  -45.124 0.6999999881
131153  -41.010  -66.243  -41.256 0.5000000000
21062  -41.114  -65.406  -41.701 0.6000000238
20138  -41.773  -65.105  -42.247 0.6000000238
21093  -40.711  -64.221  -43.394 0.6000000238
141030  -40.023  -65.555  -40.769 0.4000000060
138017  -40.317  -64.528  -42.590 0.6000000238
21094  -41.731  -64.271  -43.100 0.6000000238
22060  -41.549  -63.690  -44.131 0.6000000238
22076  -42.134  -62.616  -44.664 0.6000000238
26798  -35.960  -57.946  -39.715 0.3000000119
24926  -41.521  -60.518  -45.190 0.6000000238
23983  -40.493  -60.741  -44.609 0.5000000000
21043  -38.285  -64.659  -40.556 0.6000000238
21059  -38.788  -64.528  -41.445 0.6000000238
21073  -38.447  -64.170  -42.262 0.6999999881
124015  -39.850  -64.567  -42.252 0.6000000238
21074  -39.793  -64.280  -43.076 0.6000000238
22059  -40.823  -63.746  -44.449 0.6000000238
21045  -39.163  -64.949  -40.723 0.5000000000
21061  -40.375  -64.966  -41.743 0.6000000238
22075  -41.505  -63.132  -45.086 0.6000000238
23035  -41.752  -61.931  -45.475 0.6999999881
23044  -41.368  -61.657  -46.207 0.6999999881
23993  -42.189  -61.012  -45.993 0.6999999881
23990  -39.871  -61.368  -45.301 0.6000000238
138647  -41.802  -61.049  -46.221 0.6999999881
21072  -37.466  -63.947  -42.290 0.6000000238
22038  -37.403  -63.779  -43.186 0.6999999881
22057  -37.870  -63.737  -43.881 0.6999999881
22040  -38.966  -64.102  -43.085 0.6999999881
22072  -39.263  -63.718  -45.088 0.6000000238
23043  -39.911  -62.291  -47.112 0.5000000000
22073  -40.474  -63.382  -46.191 0.6999999881
22083  -40.718  -62.482  -46.830 0.6999999881
23991  -40.396  -61.644  -46.404 0.6000000238
21108  -36.170  -64.240  -45.884 0.6999999881
22079  -37.370  -63.955  -46.744 0.6999999881
22056  -36.935  -63.821  -43.975 0.6999999881
123024  -38.262  -63.751  -45.669 0.6000000238
22080  -38.617  -63.727  -47.163 0.5000000000
140722  -38.337  -63.739  -44.589 0.6999999881
22089  -39.460  -63.470  -47.726 0.6999999881
23051  -39.512  -62.725  -48.044 0.5000000000
123956  -40.142  -63.667  -44.824 0.6000000238
22082  -40.161  -63.183  -47.393 0.6999999881
23997  -40.468  -62.232  -47.051 0.6000000238
21107  -35.142  -64.329  -46.509 0.6999999881
21109  -36.240  -64.191  -47.295 0.6999999881
22096  -39.147  -63.257  -48.473 0.6000000238
22088  -38.060  -63.739  -47.823 0.6999999881
141012  -41.357  -60.338  -43.581 0.5000000000
124967  -38.782  -63.654  -47.995 0.6000000238
17355  -41.805  -68.807  -44.986 0.4000000060
124920  -42.964  -67.230  -42.816 0.4000000060
18343  -40.061  -67.739  -41.003 0.4000000060
17305  -41.280  -67.873  -42.137 0.4000000060
141602  -40.563  -66.015  -40.913 0.4000000060
19234  -40.385  -66.701  -40.756 0.4000000060
23984  -43.397  -60.763  -44.699 0.6999999881
24927  -42.128  -60.764  -45.802 0.6999999881
137413  -40.158  -63.975  -43.913 0.6000000238
21060  -39.599  -64.777  -41.503 0.6999999881
118946  -39.232  -64.412  -42.289 0.6000000238
21092  -39.466  -63.912  -43.973 0.6000000238
22070  -37.065  -63.890  -45.199 0.6999999881
22081  -39.501  -63.619  -46.631 0.6000000238
21071  -36.628  -63.924  -42.887 0.5000000000
21028  -38.264  -65.114  -39.764 0.4000000060
143075  -37.155  -64.150  -41.455 0.5000000000
21091  -35.853  -64.200  -43.556 0.6000000238
124306  -38.289  -65.594  -39.272 0.4000000060
134447  -36.840  -64.940  -39.334 0.5000000000
21027  -37.536  -64.745  -39.936 0.5000000000
137393  -36.451  -64.329  -41.066 0.5000000000
133145  -35.668  -64.288  -42.577 0.5000000000
21090  -34.832  -64.497  -43.198 0.5000000000
21057  -36.469  -64.119  -41.949 0.5000000000
21106  -36.022  -64.185  -44.637 0.6000000238
21105  -35.178  -64.364  -45.251 0.5000000000
133121  -35.000  -64.440  -44.199 0.5000000000
21104  -34.151  -64.450  -44.925 0.6999999881
21088  -33.322  -64.285  -44.245 0.6000000238
23030  -32.668  -63.323  -45.721 0.6000000238
127560  -37.121  -65.547  -38.486 0.5000000000
21041  -35.581  -64.600  -40.619 0.5000000000
21069  -33.802  -64.723  -42.774 0.5000000000
21056  -35.368  -64.476  -41.629 0.5000000000
22078  -33.991  -64.167  -46.226 0.6000000238
21068  -33.234  -64.435  -43.347 0.6000000238
22068  -32.812  -63.736  -44.596 0.5000000000
23029  -32.448  -62.876  -44.969 0.6000000238
21026  -35.779  -64.833  -39.701 0.5000000000
21040  -34.469  -64.794  -41.038 0.5000000000
122386  -33.396  -64.938  -41.312 0.5000000000
21054  -33.188  -64.791  -42.075 0.5000000000
130604  -33.067  -64.548  -42.672 0.5000000000
121070  -33.174  -63.627  -46.285 0.6000000238
22054  -32.731  -63.648  -43.869 0.5000000000
23979  -32.386  -61.897  -44.462 0.6000000238
20100  -34.754  -65.126  -39.226 0.5000000000
135317  -33.741  -65.061  -40.649 0.5000000000
21039  -32.866  -65.074  -40.602 0.5000000000
21038  -32.335  -64.589  -40.781 0.5000000000
22015  -32.267  -63.749  -40.844 0.6000000238
22026  -32.351  -64.273  -41.580 0.4000000060
23947  -32.960  -61.714  -40.692 0.4000000060
23002  -32.535  -63.507  -41.835 0.5000000000
23014  -32.753  -63.156  -42.788 0.5000000000
21053  -32.705  -64.413  -42.184 0.4000000060
24885  -32.657  -60.171  -40.881 0.4000000060
24895  -32.894  -61.024  -41.179 0.5000000000
23003  -32.903  -62.380  -42.074 0.5000000000
25854  -32.453  -59.350  -40.553 0.4000000060
23966  -32.684  -61.893  -43.153 0.6000000238
23021  -32.658  -62.959  -43.778 0.6000000238
24918  -32.067  -60.982  -43.981 0.6000000238
25871  -30.527  -59.644  -44.249 0.6000000238
138151  -32.925  -61.790  -41.418 0.5000000000
25862  -31.988  -59.497  -41.541 0.5000000000
25861  -31.259  -59.276  -42.348 0.5000000000
23955  -32.796  -61.352  -42.059 0.5000000000
26803  -31.403  -58.221  -40.809 0.4000000060
135426  -31.838  -58.885  -40.950 0.5000000000
25869  -31.804  -59.879  -42.568 0.6000000238
128001  -32.282  -60.752  -42.849 0.6000000238
24906  -31.434  -60.180  -43.610 0.6000000238
26808  -31.061  -58.701  -41.736 0.5000000000
29720  -28.812  -55.436  -40.008 0.3000000119
28695  -29.335  -56.149  -40.394 0.4000000060
27742  -30.840  -57.492  -40.612 0.4000000060
27741  -29.845  -57.322  -41.198 0.5000000000
26811  -29.771  -58.274  -43.330 0.6000000238
33706  -29.894  -51.049  -39.171 0.3000000119
32706  -28.582  -52.616  -40.104 0.4000000060
32717  -27.970  -53.412  -40.263 0.4000000060
35784  -30.810  -48.932  -37.825 0.3000000119
37786  -32.117  -47.667  -36.295 0.3000000119
36784  -31.217  -48.434  -37.416 0.3000000119
37774  -32.611  -47.271  -35.629 0.3000000119
38694  -33.058  -46.088  -34.671 0.3000000119
40522  -33.526  -44.795  -33.637 0.3000000119
40506  -34.277  -44.163  -33.171 0.3000000119
127229  -29.214  -56.736  -41.075 0.5000000000
34773  -30.188  -50.318  -38.697 0.3000000119
134555  -36.629  -64.579  -40.199 0.5000000000
126180  -32.682  -63.696  -43.203 0.5000000000
23972  -42.409  -60.487  -43.000 0.3000000119
23985  -44.475  -60.524  -44.275 0.6000000238
24922  -42.940  -60.505  -44.657 0.6000000238
23943  -39.617  -61.190  -39.901 0.3000000119
23948  -40.015  -60.832  -40.627 0.3000000119
24889  -40.308  -60.583  -41.320 0.3000000119
142858  -39.789  -60.247  -40.984 0.3000000119
23949  -40.752  -61.376  -40.827 0.3000000119
24901  -40.545  -60.463  -42.071 0.3000000119
24900  -39.794  -60.251  -41.691 0.3000000119
24915  -45.034  -59.978  -44.124 0.6000000238
24913  -42.984  -60.380  -43.913 0.5000000000
23936  -38.778  -61.042  -38.457 0.3000000119
23942  -39.070  -60.442  -39.440 0.3000000119
24888  -39.470  -60.272  -40.369 0.3000000119
24879  -38.900  -59.700  -40.139 0.3000000119
23950  -41.475  -61.383  -41.295 0.3000000119
139259  -41.873  -60.818  -41.997 0.3000000119
23973  -43.388  -60.453  -43.194 0.4000000060
21044  -38.786  -65.135  -40.154 0.4000000060
23930  -38.456  -61.495  -37.566 0.3000000119
24873  -38.598  -60.095  -38.714 0.3000000119
25839  -38.301  -59.442  -38.959 0.3000000119
25848  -38.332  -59.360  -39.673 0.3000000119
18376  -44.628  -67.689  -45.211 0.5000000000
18367  -44.860  -66.917  -44.696 0.5000000000
17357  -43.736  -68.144  -46.085 0.4000000060
18375  -44.280  -67.756  -45.749 0.4000000060
17339  -44.830  -68.280  -44.818 0.5000000000
20149  -45.436  -65.253  -44.079 0.5000000000
19271  -45.170  -66.123  -44.252 0.5000000000
18366  -44.436  -67.321  -45.050 0.5000000000
142673  -44.945  -66.507  -44.524 0.5000000000
18365  -43.915  -67.505  -45.065 0.4000000060
22063  -45.963  -62.704  -44.105 0.6000000238
22062  -45.285  -63.207  -43.773 0.6000000238
22041  -44.668  -64.012  -43.477 0.5000000000
19260  -44.964  -65.970  -44.134 0.5000000000
18354  -43.157  -67.643  -43.674 0.3000000119
18355  -43.905  -67.032  -43.846 0.4000000060
20140  -44.469  -65.573  -43.328 0.5000000000
23027  -46.152  -61.494  -44.024 0.6000000238
22061  -44.467  -62.740  -43.766 0.6000000238
21078  -44.999  -64.999  -43.699 0.5000000000
24916  -45.743  -59.988  -43.963 0.6000000238
23951  -42.229  -61.567  -41.362 0.3000000119
125822  -43.832  -60.775  -42.366 0.4000000060
23026  -44.890  -61.238  -44.284 0.6000000238
21077  -44.142  -64.902  -43.058 0.4000000060
22992  -41.597  -62.101  -40.559 0.3000000119
23944  -40.189  -61.577  -40.188 0.3000000119
23957  -42.792  -60.878  -42.187 0.3000000119
23974  -44.483  -60.226  -43.388 0.5000000000
135896  -45.633  -61.013  -44.206 0.6000000238
123316  -45.414  -62.058  -44.034 0.6000000238
23004  -43.220  -61.548  -41.472 0.3000000119
136858  -47.393  -61.560  -43.236 0.5000000000
23015  -47.735  -61.409  -42.563 0.5000000000
23977  -47.383  -60.735  -43.055 0.5000000000
23008  -47.457  -61.153  -41.900 0.4000000060
23960  -47.120  -60.548  -42.583 0.5000000000
22027  -48.121  -62.144  -41.940 0.5000000000
22042  -47.136  -62.865  -43.315 0.5000000000
22017  -48.343  -62.646  -41.071 0.4000000060
22988  -46.560  -62.462  -40.282 0.4000000060
22996  -45.996  -61.806  -40.918 0.4000000060
23959  -46.163  -60.297  -42.585 0.5000000000
21098  -45.918  -64.467  -44.286 0.5000000000
21099  -46.520  -63.963  -43.784 0.5000000000
23006  -45.477  -61.094  -41.644 0.4000000060
14121  -40.528  -71.390  -37.792 0.3000000119
13140  -40.282  -71.843  -37.204 0.3000000119
14109  -41.081  -71.460  -37.410 0.3000000119
15191  -41.836  -70.662  -38.117 0.3000000119
15172  -43.151  -70.922  -38.037 0.4000000060
131821  -41.385  -70.554  -38.694 0.3000000119
15212  -41.456  -70.479  -39.588 0.3000000119
15173  -44.051  -70.869  -38.335 0.4000000060
140279  -43.234  -69.892  -38.528 0.4000000060
16199  -41.982  -70.192  -38.787 0.3000000119
16244  -41.948  -70.192  -40.395 0.3000000119
15195  -45.394  -70.125  -38.397 0.4000000060
16203  -45.420  -69.445  -38.745 0.4000000060
16201  -43.441  -69.442  -38.958 0.4000000060
16224  -42.204  -69.930  -39.561 0.4000000060
129541  -42.463  -69.867  -41.068 0.4000000060
16246  -43.141  -69.260  -40.680 0.4000000060
15197  -48.840  -70.049  -38.162 0.3000000119
130900  -46.366  -69.427  -38.904 0.4000000060
129679  -46.842  -69.098  -39.303 0.4000000060
17257  -45.064  -68.843  -39.212 0.4000000060
139968  -44.870  -68.424  -40.472 0.4000000060
17290  -44.064  -68.703  -40.629 0.4000000060
135652  -43.045  -69.598  -41.661 0.4000000060
17261  -50.058  -68.423  -38.707 0.3000000119
17259  -48.097  -69.233  -39.367 0.4000000060
131460  -46.932  -68.468  -40.554 0.4000000060
17277  -47.363  -68.739  -39.860 0.4000000060
17292  -45.901  -68.407  -40.997 0.4000000060
17308  -46.378  -68.282  -42.172 0.4000000060
17291  -44.772  -68.582  -41.480 0.4000000060
17307  -45.566  -68.523  -42.379 0.4000000060
16269  -43.875  -69.107  -41.822 0.4000000060
16292  -43.397  -69.708  -42.749 0.4000000060
18323  -49.582  -67.316  -39.994 0.4000000060
18335  -48.496  -67.655  -40.995 0.4000000060
18356  -46.477  -67.716  -42.802 0.4000000060
17324  -45.901  -67.996  -43.158 0.4000000060
122630  -44.251  -69.260  -43.210 0.4000000060
17306  -44.801  -68.862  -42.704 0.4000000060
140657  -42.915  -70.113  -42.990 0.4000000060
19235  -48.319  -66.828  -41.668 0.4000000060
19262  -47.463  -66.864  -42.489 0.4000000060
124755  -46.446  -66.835  -43.331 0.4000000060
138917  -45.949  -67.387  -43.571 0.4000000060
17338  -44.453  -68.965  -44.445 0.4000000060
17340  -45.310  -67.613  -44.277 0.4000000060
120434  -47.995  -65.904  -42.124 0.4000000060
127979  -46.607  -64.997  -43.653 0.4000000060
20150  -45.792  -65.499  -44.179 0.4000000060
21046  -48.687  -63.640  -40.868 0.4000000060
20141  -47.606  -64.924  -42.544 0.4000000060
21079  -47.279  -63.936  -42.901 0.4000000060
22002  -47.146  -63.053  -39.706 0.3000000119
22001  -45.989  -63.062  -39.467 0.3000000119
18368  -45.598  -66.844  -44.131 0.4000000060
21063  -48.232  -63.828  -41.942 0.4000000060
22987  -45.397  -62.533  -40.102 0.3000000119
127154  -43.939  -69.718  -38.481 0.4000000060
17256  -44.367  -69.168  -38.939 0.4000000060
17274  -44.519  -68.649  -39.738 0.4000000060
16226  -43.677  -68.989  -39.704 0.4000000060
17260  -49.419  -68.907  -39.135 0.4000000060
16204  -47.606  -69.729  -38.811 0.4000000060
16205  -49.553  -69.376  -38.096 0.3000000119
17275  -45.366  -68.490  -39.834 0.4000000060
18310  -50.046  -67.399  -39.227 0.3000000119
17278  -49.100  -68.245  -40.077 0.4000000060
17294  -47.855  -68.349  -40.621 0.4000000060
18334  -47.599  -68.074  -41.429 0.4000000060
19236  -49.091  -66.637  -40.748 0.4000000060
125268  -47.039  -65.957  -42.999 0.4000000060
17323  -45.264  -68.341  -43.593 0.4000000060
19261  -46.310  -65.942  -43.765 0.4000000060
20128  -48.463  -64.798  -41.530 0.4000000060
14125  -46.691  -71.617  -38.407 0.3000000119
13155  -43.929  -72.660  -39.351 0.3000000119
13143  -43.315  -72.087  -38.379 0.3000000119
141067  -44.440  -71.381  -38.663 0.3000000119
131615  -46.215  -70.854  -38.479 0.3000000119
14112  -43.619  -71.432  -38.328 0.3000000119
14123  -45.123  -70.985  -38.552 0.3000000119
15196  -47.343  -70.842  -38.308 0.3000000119
119770  -46.559  -70.023  -38.538 0.3000000119
127088  -49.569  -66.376  -39.972 0.3000000119
20115  -49.235  -65.669  -40.251 0.3000000119
20114  -48.900  -64.772  -40.514 0.3000000119
22003  -48.141  -63.204  -40.167 0.3000000119
141938  -47.865  -70.342  -38.403 0.3000000119
19247  -48.770  -65.796  -41.199 0.3000000119
13154  -42.995  -72.807  -38.534 0.3000000119
14122  -44.240  -71.970  -38.990 0.3000000119
15170  -41.620  -71.090  -37.636 0.3000000119
15190  -41.045  -70.941  -38.104 0.3000000119
15192  -42.673  -70.385  -38.284 0.3000000119
15193  -43.588  -70.331  -38.256 0.4000000060
15194  -44.473  -70.259  -38.311 0.4000000060
16183  -49.807  -69.014  -37.483 0.3000000119
16200  -42.700  -69.821  -38.894 0.3000000119
16202  -44.688  -69.704  -38.506 0.4000000060
16206  -49.949  -68.827  -38.252 0.3000000119
16225  -42.876  -69.445  -39.644 0.4000000060
16245  -42.480  -69.697  -40.261 0.4000000060
16268  -41.924  -70.554  -41.334 0.4000000060
17258  -45.843  -68.928  -39.238 0.4000000060
17262  -50.131  -67.828  -38.692 0.3000000119
17276  -46.346  -68.555  -39.829 0.4000000060
17279  -49.957  -68.046  -39.375 0.3000000119
17293  -46.989  -68.336  -41.369 0.4000000060
17358  -44.195  -68.060  -46.141 0.4000000060
18333  -40.921  -67.369  -41.408 0.4000000060
18344  -41.677  -67.365  -41.872 0.4000000060
18345  -47.048  -68.018  -42.061 0.4000000060
18346  -47.661  -67.573  -41.899 0.4000000060
18357  -47.042  -67.491  -42.544 0.4000000060
18374  -43.987  -67.753  -45.883 0.4000000060
19225  -49.804  -66.667  -39.341 0.3000000119
19259  -44.276  -66.291  -43.411 0.4000000060
19270  -44.746  -66.695  -44.487 0.5000000000
19272  -45.839  -66.247  -44.099 0.4000000060
20088  -38.489  -66.089  -39.125 0.4000000060
20102  -37.700  -65.238  -39.220 0.4000000060
20103  -38.853  -65.748  -39.632 0.4000000060
20104  -39.298  -65.515  -40.219 0.5000000000
20125  -40.629  -65.626  -41.247 0.6000000238
20139  -43.679  -65.679  -42.749 0.5000000000
21025  -34.667  -64.867  -40.182 0.5000000000
21042  -37.363  -64.398  -40.734 0.5000000000
21055  -34.088  -64.814  -41.890 0.5000000000
21058  -37.940  -64.266  -41.424 0.6000000238
21070  -34.750  -64.573  -42.401 0.5000000000
21075  -40.975  -64.695  -42.453 0.6000000238
21089  -34.002  -64.617  -43.780 0.6000000238
21096  -43.769  -64.081  -43.294 0.4000000060
21097  -45.589  -64.336  -43.978 0.5000000000
22016  -47.636  -62.489  -40.619 0.4000000060
22036  -32.477  -63.994  -42.444 0.5000000000
22037  -32.765  -64.149  -43.040 0.5000000000
22039  -38.163  -63.851  -43.103 0.6999999881
22043  -48.035  -62.913  -42.383 0.5000000000
22055  -32.888  -64.084  -43.780 0.6000000238
22058  -38.668  -63.826  -43.936 0.6999999881
22064  -46.226  -63.375  -44.049 0.6000000238
22069  -33.285  -64.003  -45.286 0.6000000238
22071  -37.688  -63.753  -44.615 0.6999999881
22074  -40.939  -63.418  -45.398 0.6000000238
22084  -41.277  -62.789  -46.065 0.6999999881
22085  -34.047  -63.287  -48.780 0.6999999881
22087  -37.200  -63.903  -48.177 0.6999999881
22090  -39.804  -63.083  -48.149 0.6999999881
22091  -40.148  -62.767  -47.645 0.6999999881
22092  -35.072  -63.133  -49.353 0.8000000119
22093  -35.959  -63.332  -49.360 0.8000000119
22094  -36.989  -63.432  -49.074 0.8000000119
22095  -38.137  -63.421  -48.590 0.8000000119
22097  -39.430  -63.053  -48.453 0.6000000238
22098  -39.863  -62.894  -48.112 0.5000000000
22099  -35.857  -63.062  -49.580 0.8000000119
22102  -38.628  -63.090  -48.823 0.8000000119
22103  -39.076  -63.099  -48.677 0.6000000238
22990  -32.830  -62.632  -41.193 0.6000000238
22991  -40.714  -62.138  -40.026 0.3000000119
22997  -47.087  -61.748  -41.121 0.4000000060
22998  -47.846  -61.899  -41.447 0.4000000060
23005  -44.311  -61.377  -41.576 0.3000000119
23007  -46.635  -60.962  -41.762 0.5000000000
23009  -47.820  -61.457  -42.060 0.4000000060
23024  -37.740  -62.047  -44.058 0.5000000000
23028  -46.807  -60.915  -43.626 0.5000000000
23031  -36.644  -62.325  -44.973 0.6000000238
23032  -37.515  -62.338  -44.807 0.6000000238
23039  -35.980  -62.045  -45.407 0.6000000238
23042  -38.899  -62.487  -46.973 0.5000000000
23045  -32.373  -62.296  -47.446 0.6999999881
23053  -34.368  -62.927  -49.273 0.6999999881
23055  -36.299  -62.787  -49.190 0.8000000119
23057  -38.965  -62.977  -48.737 0.6000000238
23937  -39.288  -61.601  -39.014 0.3000000119
23956  -41.048  -60.761  -41.697 0.3000000119
23958  -44.973  -60.499  -42.497 0.4000000060
23961  -47.567  -60.966  -42.444 0.5000000000
23967  -36.245  -61.113  -43.077 0.6000000238
23968  -37.024  -61.199  -42.803 0.5000000000
23975  -45.592  -59.946  -43.494 0.5000000000
23976  -46.519  -60.217  -43.426 0.5000000000
23980  -35.868  -61.474  -43.932 0.6000000238
23986  -45.353  -60.305  -44.196 0.6000000238
23987  -46.085  -60.441  -43.987 0.6000000238
23988  -31.957  -61.691  -45.767 0.6999999881
23992  -40.920  -60.933  -45.847 0.6000000238
23994  -42.556  -60.779  -45.313 0.6999999881
23995  -31.961  -61.774  -46.846 0.6999999881
23996  -35.669  -61.764  -46.348 0.8000000119
23998  -41.142  -61.507  -46.434 0.6999999881
24000  -33.379  -61.644  -47.970 0.6999999881
24001  -34.510  -61.618  -48.130 0.6000000238
24002  -35.398  -61.547  -47.321 0.6999999881
24887  -39.315  -59.879  -40.926 0.3000000119
24894  -32.462  -60.431  -41.818 0.5000000000
24898  -38.117  -59.992  -41.429 0.4000000060
24908  -36.612  -60.645  -42.290 0.5000000000
24909  -37.521  -60.572  -42.127 0.4000000060
24911  -39.505  -60.370  -42.351 0.3000000119
24914  -43.923  -60.416  -44.190 0.6000000238
24920  -40.968  -60.351  -43.971 0.5000000000
24925  -35.408  -60.893  -44.857 0.6000000238
24928  -31.486  -60.434  -46.146 0.6999999881
24931  -41.637  -60.857  -46.080 0.6999999881
25838  -37.851  -59.062  -38.495 0.3000000119
25855  -36.050  -58.935  -40.789 0.5000000000
25863  -35.744  -59.245  -41.682 0.5000000000
25868  -30.901  -59.467  -43.222 0.6000000238
25874  -30.325  -59.768  -45.096 0.6999999881
25876  -30.241  -59.139  -45.300 0.6999999881
25877  -30.793  -59.720  -45.696 0.6999999881
26805  -36.615  -58.610  -39.911 0.3000000119
26812  -30.464  -58.828  -42.803 0.6000000238
26821  -32.515  -58.796  -45.793 0.6999999881
26822  -34.032  -58.424  -45.923 0.6999999881
26824  -36.283  -58.178  -46.252 0.6000000238
27745  -29.505  -57.616  -42.014 0.6000000238
27747  -35.490  -57.600  -41.389 0.4000000060
27750  -29.628  -57.516  -43.600 0.6999999881
27753  -32.597  -56.963  -44.335 0.6999999881
27756  -30.630  -57.969  -44.858 0.6999999881
27760  -36.867  -57.702  -46.041 0.5000000000
28699  -28.717  -56.245  -41.062 0.6000000238
28700  -30.158  -56.828  -40.469 0.4000000060
28702  -35.443  -56.721  -40.396 0.3000000119
28703  -28.777  -56.431  -41.725 0.6000000238
28708  -31.464  -56.147  -43.114 0.6000000238
28709  -32.567  -55.986  -43.055 0.6000000238
28713  -29.854  -56.884  -43.534 0.6000000238
28718  -37.899  -56.901  -45.325 0.5000000000
29719  -28.311  -55.077  -40.356 0.5000000000
29724  -28.391  -55.355  -41.022 0.5000000000
29745  -36.329  -55.453  -44.856 0.5000000000
29749  -38.163  -56.341  -45.357 0.5000000000
30736  -28.446  -54.932  -41.247 0.5000000000
30740  -32.124  -54.932  -41.342 0.5000000000
30742  -34.153  -54.335  -41.794 0.4000000060
30749  -40.289  -54.863  -43.612 0.3000000119
30750  -35.432  -54.879  -43.868 0.5000000000
30753  -39.449  -55.383  -44.839 0.3000000119
30754  -40.065  -55.067  -44.316 0.4000000060
30755  -37.210  -55.373  -45.124 0.5000000000
31710  -31.641  -53.389  -39.699 0.5000000000
31727  -29.560  -54.190  -41.380 0.5000000000
31732  -40.430  -54.513  -42.649 0.3000000119
31733  -41.710  -53.769  -42.263 0.3000000119
31739  -41.587  -53.845  -43.187 0.3000000119
31742  -39.871  -54.626  -44.528 0.3000000119
31744  -41.071  -54.115  -43.807 0.3000000119
32710  -33.310  -53.034  -38.975 0.4000000060
32718  -28.840  -53.218  -40.606 0.5000000000
32724  -42.940  -52.915  -41.867 0.3000000119
32727  -35.485  -52.499  -41.489 0.4000000060
32728  -36.125  -52.222  -41.862 0.4000000060
32731  -42.810  -53.004  -42.522 0.3000000119
32733  -36.576  -52.755  -42.592 0.5000000000
32735  -38.988  -52.706  -43.349 0.4000000060
33708  -33.494  -52.110  -38.006 0.4000000060
33709  -34.410  -51.953  -38.559 0.4000000060
33719  -30.481  -51.773  -39.205 0.5000000000
33726  -43.907  -51.661  -40.897 0.3000000119
33727  -44.200  -51.172  -41.199 0.3000000119
33728  -35.204  -51.891  -40.207 0.4000000060
33731  -36.856  -50.912  -41.190 0.4000000060
33734  -43.840  -51.765  -41.682 0.3000000119
33735  -43.930  -51.352  -41.607 0.3000000119
33738  -37.460  -51.410  -41.841 0.4000000060
33743  -43.605  -51.953  -42.067 0.3000000119
33744  -38.315  -51.996  -42.578 0.4000000060
34754  -33.270  -50.362  -36.500 0.4000000060
34755  -34.293  -50.563  -36.523 0.4000000060
34761  -31.629  -50.413  -37.629 0.4000000060
34776  -35.591  -50.517  -38.713 0.4000000060
34777  -36.330  -50.122  -39.967 0.4000000060
34781  -43.944  -50.557  -39.335 0.4000000060
34787  -44.472  -50.502  -40.589 0.4000000060
34792  -39.549  -50.296  -41.048 0.4000000060
34801  -43.222  -51.373  -41.848 0.3000000119
35774  -35.541  -49.788  -36.445 0.4000000060
35794  -30.463  -49.583  -38.248 0.3000000119
35798  -44.997  -49.859  -39.172 0.4000000060
35805  -44.462  -49.731  -40.339 0.4000000060
35807  -45.084  -49.434  -39.382 0.4000000060
36766  -32.909  -48.102  -35.712 0.4000000060
36767  -33.783  -48.472  -35.308 0.4000000060
36788  -45.431  -48.517  -38.459 0.4000000060
36804  -43.895  -48.936  -39.976 0.4000000060
37776  -35.148  -48.067  -34.790 0.4000000060
37777  -35.905  -47.878  -35.045 0.4000000060
37804  -45.487  -47.869  -38.200 0.4000000060
37810  -45.226  -47.747  -38.578 0.4000000060
39598  -35.713  -45.847  -34.240 0.4000000060
40523  -34.622  -44.961  -33.473 0.4000000060
41494  -35.687  -43.573  -34.466 0.4000000060
42413  -35.350  -42.725  -33.431 0.4000000060
43390  -35.414  -41.397  -33.350 0.4000000060
121463  -37.565  -52.078  -42.434 0.4000000060
121620  -32.720  -64.700  -41.424 0.4000000060
123354  -42.103  -53.268  -43.010 0.3000000119
124012  -35.430  -59.986  -44.667 0.6000000238
124814  -37.907  -54.357  -44.513 0.5000000000
126143  -47.793  -62.114  -42.684 0.5000000000
128037  -38.680  -59.735  -39.394 0.3000000119
128335  -34.471  -63.967  -47.661 0.8000000119
128674  -29.240  -56.962  -43.095 0.6000000238
130064  -46.606  -62.150  -43.757 0.5000000000
130383  -44.866  -46.597  -38.613 0.4000000060
130977  -48.396  -68.710  -39.807 0.4000000060
131443  -48.420  -62.949  -41.570 0.4000000060
131725  -38.356  -49.099  -40.007 0.4000000060
133153  -48.820  -69.549  -38.745 0.4000000060
135180  -38.251  -62.971  -48.920 0.8000000119
136184  -44.785  -68.818  -43.798 0.4000000060
136705  -31.356  -49.080  -37.490 0.4000000060
137062  -35.423  -59.979  -43.567 0.6000000238
137798  -40.075  -62.616  -47.680 0.6000000238
137831  -36.690  -62.599  -48.160 0.8000000119
138578  -36.431  -48.674  -37.868 0.4000000060
139151  -45.865  -63.700  -44.181 0.6000000238
139374  -33.662  -62.200  -48.488 0.6999999881
140934  -35.463  -57.038  -41.079 0.4000000060
141420  -34.606  -64.382  -45.677 0.6000000238
141650  -38.758  -55.148  -45.141 0.4000000060
142450  -43.080  -68.304  -45.340 0.4000000060
142687  -33.152  -55.200  -42.003 0.6000000238
142815  -30.021  -58.094  -44.611 0.6999999881
