#!ascii label  , from subject sub-v1s13x0050030_ses-1 vox2ras=TkReg
1815
41470  31.695  -44.497  -26.569 0.8999999762
40612  31.457  -45.284  -26.735 0.8000000119
40625  32.155  -44.918  -27.167 0.8000000119
120092  32.187  -46.217  -28.135 0.6999999881
39756  32.250  -46.293  -29.152 0.8000000119
135295  30.113  -45.018  -26.191 0.8999999762
41469  32.281  -44.132  -27.003 1.0000000000
42375  32.477  -43.629  -27.497 1.0000000000
42388  32.476  -43.758  -28.289 0.8999999762
40656  32.391  -45.469  -28.829 0.8000000119
41520  31.592  -44.962  -30.120 0.8000000119
41510  32.073  -44.751  -29.484 0.8999999762
40667  31.375  -45.551  -30.404 0.8000000119
40677  30.666  -45.665  -31.028 0.6999999881
125905  30.007  -45.916  -31.602 0.6999999881
41460  29.014  -44.113  -25.860 0.8000000119
41459  30.083  -44.277  -25.821 0.8999999762
42348  29.546  -43.429  -25.532 0.8999999762
42349  28.567  -43.334  -25.678 0.8999999762
42365  27.071  -42.991  -26.654 0.8999999762
42362  31.921  -43.725  -26.437 0.8999999762
43287  32.515  -42.803  -27.249 1.0000000000
42389  32.029  -43.761  -29.277 0.8999999762
43309  31.622  -42.747  -29.421 1.0000000000
42402  31.217  -43.334  -30.050 0.8999999762
41521  30.800  -44.768  -30.716 0.8000000119
142586  29.579  -45.550  -31.767 0.6999999881
43256  30.992  -42.632  -25.312 0.8999999762
43257  30.007  -42.704  -25.234 0.8999999762
43258  29.028  -42.679  -25.303 0.8999999762
43274  27.397  -42.333  -26.102 0.8999999762
43275  26.685  -42.016  -26.850 0.8999999762
42346  31.501  -43.209  -25.859 0.8999999762
43273  32.182  -42.949  -26.414 0.8999999762
43297  32.525  -42.446  -28.070 1.0000000000
140949  30.460  -43.095  -30.467 0.8000000119
42414  29.852  -43.326  -30.880 0.8000000119
41537  29.159  -44.406  -31.623 0.8000000119
42433  28.382  -43.786  -31.792 0.8000000119
144395  27.892  -44.211  -32.256 0.8000000119
42434  27.567  -43.590  -32.140 0.8000000119
44168  28.554  -41.929  -25.144 0.8999999762
44182  27.200  -41.411  -26.188 0.8999999762
44199  26.072  -41.259  -27.376 0.8999999762
44166  30.410  -42.000  -24.900 0.8999999762
45117  27.123  -40.475  -26.249 0.8999999762
132669  26.014  -39.793  -27.325 0.8000000119
45138  24.996  -40.396  -27.803 0.8000000119
43255  31.840  -42.383  -25.747 0.8999999762
46062  25.956  -39.169  -27.307 0.6999999881
46063  25.389  -39.542  -27.616 0.6999999881
129332  24.077  -38.862  -28.223 0.6999999881
43272  32.411  -41.978  -26.517 0.8999999762
46975  24.361  -37.894  -28.216 0.6999999881
46977  22.736  -37.563  -28.752 0.6999999881
44198  32.631  -41.149  -27.083 1.0000000000
47821  23.075  -36.757  -28.348 0.6000000238
130274  32.594  -41.894  -27.495 1.0000000000
45150  32.165  -40.465  -28.354 1.0000000000
43298  31.993  -42.041  -28.826 1.0000000000
130177  31.237  -41.885  -29.578 1.0000000000
43310  30.735  -42.444  -30.111 0.8999999762
44222  31.486  -41.221  -29.220 1.0000000000
129982  30.592  -41.694  -30.013 0.8999999762
123463  30.012  -41.823  -30.405 0.8000000119
43319  29.884  -42.561  -30.642 0.8000000119
42424  28.562  -43.095  -31.426 0.8000000119
43333  28.344  -42.303  -31.337 0.8000000119
137663  27.890  -42.998  -31.713 0.8000000119
130085  27.156  -42.914  -32.131 0.8000000119
43334  27.472  -42.269  -31.795 0.8000000119
43341  26.631  -42.232  -32.264 0.8000000119
44167  29.454  -42.014  -24.925 0.8999999762
44169  27.777  -41.739  -25.545 0.8999999762
44152  29.856  -41.318  -24.545 0.8999999762
44153  28.944  -41.283  -24.729 0.8999999762
45104  27.585  -40.883  -25.594 0.8999999762
46045  26.950  -39.532  -26.379 0.8999999762
43254  32.074  -41.525  -25.626 0.8999999762
46963  24.876  -38.718  -27.968 0.6999999881
44181  32.472  -41.000  -26.218 0.8999999762
128596  25.121  -37.701  -27.900 0.6000000238
47810  24.535  -36.928  -28.061 0.6000000238
45135  32.672  -40.347  -26.795 1.0000000000
132354  22.218  -36.208  -27.399 0.5000000000
45149  32.521  -40.421  -27.631 1.0000000000
48604  21.981  -36.298  -27.123 0.5000000000
45161  31.645  -40.517  -28.967 1.0000000000
46087  31.259  -39.928  -29.273 1.0000000000
45162  31.039  -40.512  -29.492 1.0000000000
45173  29.781  -40.546  -30.333 0.8999999762
43320  29.159  -41.906  -30.817 0.8000000119
45174  29.161  -40.576  -30.685 0.8999999762
44235  28.957  -41.176  -30.826 0.8000000119
44242  28.473  -41.447  -31.153 0.8000000119
46100  28.780  -39.949  -30.976 0.8999999762
45183  28.568  -40.720  -31.079 0.8000000119
46108  28.433  -39.181  -31.473 0.8999999762
45191  27.438  -40.844  -31.762 0.8000000119
44249  26.049  -41.457  -32.381 0.8000000119
46122  26.153  -39.921  -32.310 0.8000000119
45193  25.488  -40.624  -32.493 0.8000000119
46029  27.514  -39.853  -25.605 0.8999999762
44151  30.807  -41.295  -24.585 0.8999999762
45083  30.313  -40.624  -24.198 0.8999999762
46939  27.202  -38.665  -25.894 0.6999999881
46961  26.198  -38.436  -27.124 0.8000000119
45101  32.199  -40.720  -25.433 0.8999999762
46010  31.738  -39.816  -24.344 0.8999999762
47809  25.252  -36.657  -27.647 0.6999999881
48623  24.483  -36.103  -27.599 0.6000000238
48637  23.121  -36.155  -27.846 0.6000000238
48622  25.194  -35.827  -27.160 0.6999999881
49504  24.351  -35.656  -26.966 0.6000000238
49505  23.550  -35.816  -27.053 0.5000000000
46061  32.613  -39.661  -27.384 1.0000000000
48602  23.510  -36.126  -26.384 0.5000000000
47787  22.726  -36.406  -26.568 0.5000000000
134639  32.438  -39.089  -27.876 1.0000000000
46075  31.759  -39.767  -28.775 1.0000000000
127686  31.196  -39.113  -29.322 1.0000000000
46088  30.593  -39.748  -29.715 1.0000000000
133965  30.010  -39.982  -30.131 0.8999999762
46987  31.336  -38.081  -29.202 1.0000000000
142086  30.781  -38.461  -29.661 0.8999999762
46988  30.264  -38.424  -30.135 0.8999999762
46099  29.209  -39.189  -30.875 0.8999999762
46999  29.635  -38.432  -30.700 0.8999999762
47010  28.981  -38.421  -31.329 0.8999999762
143681  27.958  -38.837  -31.803 0.8999999762
46121  27.142  -40.035  -32.026 0.8999999762
47842  29.419  -37.671  -31.154 0.8999999762
47011  28.243  -38.372  -31.748 0.8999999762
46110  26.800  -39.213  -32.153 0.8999999762
132223  27.813  -37.672  -31.937 0.8999999762
45084  29.310  -40.502  -24.303 0.8999999762
45085  28.497  -40.589  -24.702 0.8999999762
129879  27.727  -38.893  -25.065 0.8999999762
126349  28.648  -39.988  -24.414 0.8999999762
46923  26.923  -37.498  -26.162 0.8000000119
46011  30.828  -39.974  -23.860 0.8999999762
128371  26.411  -37.406  -26.825 0.6999999881
46044  32.761  -39.554  -26.562 0.8999999762
46028  32.309  -39.979  -25.154 0.8999999762
47774  26.584  -36.423  -26.352 0.6999999881
49491  25.184  -35.558  -26.542 0.6999999881
49492  24.594  -35.619  -26.333 0.5000000000
46960  32.720  -38.809  -27.206 1.0000000000
47776  23.383  -36.548  -26.055 0.5000000000
46925  23.628  -37.513  -25.769 0.5000000000
46973  32.409  -38.379  -28.002 1.0000000000
47819  32.412  -37.462  -28.129 1.0000000000
134252  31.986  -38.014  -28.571 1.0000000000
48649  31.133  -37.125  -29.547 1.0000000000
48648  31.554  -36.614  -29.200 1.0000000000
48636  32.088  -36.605  -28.615 1.0000000000
47832  30.650  -37.762  -29.880 0.8999999762
48660  29.820  -37.040  -30.934 0.8999999762
48669  29.147  -36.783  -31.457 0.8999999762
47892  25.763  -37.312  -34.380 0.6999999881
48711  25.299  -36.591  -34.044 0.8000000119
47894  24.101  -37.614  -33.608 0.8000000119
137842  23.758  -36.995  -33.260 0.8000000119
46912  31.937  -39.076  -24.117 0.8999999762
45997  30.448  -39.293  -23.440 1.0000000000
45998  29.568  -39.110  -23.470 1.0000000000
46899  29.231  -38.250  -23.246 1.0000000000
139517  28.014  -37.903  -24.398 0.6999999881
46027  32.704  -39.430  -25.715 0.8999999762
46009  32.444  -39.162  -24.840 0.8999999762
48600  26.170  -35.709  -26.325 0.6999999881
49479  24.653  -35.680  -25.827 0.6000000238
130585  32.673  -38.023  -27.467 1.0000000000
47785  32.982  -38.112  -26.750 0.8999999762
46921  32.866  -38.802  -25.538 0.8999999762
46924  24.488  -37.796  -25.191 0.4000000060
49514  31.738  -35.893  -29.105 1.0000000000
49528  30.988  -35.499  -30.305 1.0000000000
49521  31.454  -35.360  -29.793 1.0000000000
48674  23.688  -36.721  -31.925 0.8999999762
48708  27.890  -36.685  -34.667 0.6000000238
47891  26.871  -37.057  -34.546 0.6000000238
48710  26.230  -36.432  -34.332 0.8000000119
48712  24.429  -36.792  -33.649 0.8000000119
47880  23.433  -37.547  -32.908 0.8999999762
47857  23.568  -37.546  -32.068 0.8999999762
46911  32.355  -38.490  -24.272 0.8999999762
46896  31.736  -38.556  -23.655 0.8999999762
47760  28.098  -36.539  -24.070 0.8000000119
47773  27.106  -36.482  -25.653 0.6999999881
49477  26.204  -35.385  -25.673 0.6999999881
49467  25.315  -35.556  -25.260 0.6000000238
46914  25.196  -38.012  -24.570 0.4000000060
130839  33.292  -37.439  -26.435 1.0000000000
47772  33.173  -38.135  -25.843 0.8999999762
47807  32.924  -37.391  -27.265 1.0000000000
48621  32.729  -36.538  -27.794 1.0000000000
124039  32.304  -35.879  -28.454 1.0000000000
137968  32.091  -35.514  -28.829 1.0000000000
49520  31.932  -35.147  -29.199 1.0000000000
50328  31.729  -34.545  -29.818 1.0000000000
48661  25.051  -36.526  -31.673 0.8999999762
143199  25.357  -35.326  -31.466 0.8999999762
49531  24.623  -35.707  -31.541 0.8999999762
49546  23.372  -35.483  -32.255 0.8999999762
48675  23.450  -36.114  -32.093 0.8999999762
49582  29.157  -36.169  -34.499 0.6000000238
132073  28.715  -36.820  -34.573 0.6000000238
142932  27.705  -36.057  -34.576 0.6000000238
48709  27.155  -36.233  -34.491 0.8000000119
49586  25.647  -35.816  -34.003 0.8000000119
48697  23.465  -36.706  -32.849 0.8999999762
46897  30.946  -38.623  -23.241 0.8999999762
46898  30.067  -38.566  -23.067 0.8999999762
47749  28.553  -37.607  -23.586 0.6999999881
47747  30.515  -37.906  -22.807 0.8999999762
47748  29.620  -37.746  -22.820 0.8999999762
48585  27.204  -35.634  -25.103 0.6000000238
142013  33.147  -37.799  -25.172 1.0000000000
47758  33.269  -37.236  -24.844 1.0000000000
47745  32.269  -37.857  -23.721 1.0000000000
49464  27.194  -35.299  -24.566 0.6000000238
49465  26.651  -35.255  -24.696 0.6000000238
48573  25.710  -36.246  -24.094 0.5000000000
48599  33.585  -36.774  -26.148 1.0000000000
128732  33.408  -37.362  -25.643 1.0000000000
123811  33.826  -36.153  -25.825 1.0000000000
48620  33.285  -36.741  -26.937 1.0000000000
140283  33.209  -36.087  -27.264 1.0000000000
49503  32.859  -35.638  -27.827 1.0000000000
49513  32.457  -35.112  -28.539 1.0000000000
50327  32.228  -34.402  -29.122 1.0000000000
131620  32.014  -33.587  -29.757 1.0000000000
50333  31.429  -33.915  -30.456 1.0000000000
50334  30.734  -34.197  -30.909 1.0000000000
51268  30.164  -33.579  -31.292 1.0000000000
50350  29.198  -34.600  -31.503 1.0000000000
123101  28.714  -34.013  -31.527 1.0000000000
50352  27.453  -34.629  -31.535 0.8999999762
49543  28.861  -35.326  -31.595 0.8999999762
49545  26.165  -35.402  -31.537 0.8999999762
48663  23.772  -35.860  -31.778 0.8999999762
50367  23.542  -34.828  -32.582 0.8999999762
49569  30.418  -35.564  -34.009 0.6000000238
48706  29.874  -36.366  -34.140 0.6000000238
131344  28.861  -35.430  -34.709 0.6000000238
49583  28.137  -35.811  -34.625 0.6000000238
49570  25.967  -35.047  -33.936 0.8000000119
49571  24.980  -35.225  -33.611 0.8000000119
48554  32.122  -37.047  -23.065 0.8999999762
47730  29.079  -36.866  -22.623 0.6999999881
48572  27.636  -35.622  -24.406 0.6000000238
48571  28.039  -35.630  -23.711 0.6000000238
48569  33.454  -36.466  -24.450 0.8999999762
49443  27.575  -35.302  -23.561 0.6000000238
49445  26.622  -35.294  -23.935 0.5000000000
48584  33.609  -36.697  -25.349 1.0000000000
49489  33.917  -35.525  -26.259 1.0000000000
49475  34.083  -35.571  -25.443 0.8999999762
49502  33.503  -35.385  -27.113 1.0000000000
132111  33.071  -34.836  -27.832 1.0000000000
50321  32.715  -34.291  -28.426 1.0000000000
134142  32.485  -33.634  -28.916 1.0000000000
51245  32.331  -32.845  -29.264 1.0000000000
51251  31.574  -33.004  -30.463 1.0000000000
51252  30.957  -33.288  -30.977 1.0000000000
51269  29.387  -33.832  -31.452 1.0000000000
124975  27.862  -33.736  -31.432 1.0000000000
51271  26.804  -33.888  -31.278 0.8999999762
49530  25.571  -34.714  -31.339 0.8999999762
50337  23.943  -34.187  -31.286 0.8999999762
51272  23.374  -33.774  -31.699 0.8999999762
50393  30.216  -34.688  -34.584 0.6000000238
49581  29.663  -35.506  -34.495 0.6000000238
126574  28.175  -35.048  -34.660 0.6000000238
50396  28.015  -34.290  -34.592 0.6999999881
50397  26.257  -34.296  -33.933 0.6999999881
50380  25.308  -34.444  -33.621 0.6999999881
50381  24.227  -34.592  -33.278 0.8000000119
50382  23.762  -33.906  -32.821 0.8999999762
50379  30.970  -34.833  -33.914 0.6000000238
51294  25.669  -33.743  -33.653 0.6999999881
51295  24.655  -33.794  -33.353 0.8000000119
123793  24.103  -33.132  -32.998 0.8999999762
47731  28.470  -35.811  -22.795 0.6999999881
49442  27.945  -35.397  -23.321 0.6000000238
47728  31.019  -37.217  -22.469 0.8000000119
48543  30.397  -36.375  -21.976 0.6999999881
48552  33.448  -35.894  -23.852 0.8000000119
50298  34.277  -34.919  -25.893 1.0000000000
49461  34.352  -34.942  -25.005 0.8000000119
50297  34.548  -34.225  -25.491 0.8000000119
50314  33.625  -34.501  -27.185 1.0000000000
51233  33.700  -33.638  -27.231 1.0000000000
51234  33.201  -33.246  -27.891 1.0000000000
51240  32.729  -33.002  -28.537 1.0000000000
52201  32.514  -32.206  -28.736 1.0000000000
52211  31.623  -32.164  -30.314 1.0000000000
53192  30.379  -31.772  -30.924 1.0000000000
52225  30.298  -32.661  -31.223 1.0000000000
51270  28.696  -33.311  -31.442 1.0000000000
52229  27.001  -33.058  -31.129 0.8999999762
51253  26.059  -33.236  -30.941 0.8999999762
50336  24.795  -34.080  -31.138 0.8999999762
52216  23.839  -33.086  -31.175 0.8999999762
50395  28.869  -34.464  -34.832 0.6000000238
138886  27.136  -34.096  -34.282 0.6999999881
52245  23.382  -33.160  -31.908 0.8999999762
50378  31.473  -34.167  -33.758 0.6000000238
50392  30.923  -34.035  -34.458 0.6000000238
52270  26.437  -33.611  -33.914 0.6999999881
135026  25.253  -33.047  -33.450 0.6999999881
48544  29.343  -36.161  -22.153 0.6999999881
130991  29.014  -35.445  -22.174 0.6000000238
49423  32.508  -35.394  -22.479 0.8000000119
48542  31.479  -36.371  -22.255 0.8000000119
122030  29.820  -35.433  -21.913 0.6999999881
49440  33.670  -35.337  -23.765 0.6999999881
49441  33.111  -35.543  -23.134 0.8000000119
50290  34.486  -34.204  -24.571 0.6999999881
51223  34.233  -33.179  -26.650 0.8000000119
52189  34.230  -32.448  -26.759 0.8000000119
52196  33.664  -32.668  -27.348 0.8000000119
53161  33.917  -31.854  -27.105 0.8000000119
52197  33.002  -32.431  -28.050 0.8999999762
53170  32.732  -31.580  -28.200 0.8999999762
52206  32.076  -31.970  -29.555 1.0000000000
53191  31.109  -31.557  -30.519 1.0000000000
53209  29.403  -32.052  -31.202 1.0000000000
53210  28.365  -31.946  -31.111 1.0000000000
53184  30.382  -30.854  -30.412 1.0000000000
125216  29.667  -31.284  -30.826 1.0000000000
121027  27.904  -32.682  -31.222 1.0000000000
52228  26.980  -32.266  -30.906 1.0000000000
52213  26.322  -32.601  -30.811 0.8999999762
52214  25.377  -32.535  -30.654 0.8999999762
51254  25.043  -33.357  -30.871 0.8999999762
52215  24.366  -32.808  -30.864 0.8999999762
51304  30.263  -33.681  -34.974 0.6000000238
137228  29.628  -34.253  -34.909 0.6000000238
51306  28.496  -33.800  -34.723 0.6000000238
51307  27.779  -33.553  -34.439 0.6999999881
52244  23.511  -32.453  -31.711 0.8999999762
52258  23.711  -32.562  -32.330 0.8999999762
53231  26.737  -31.871  -33.679 0.6999999881
133038  25.597  -32.189  -33.397 0.6999999881
132396  24.509  -32.347  -33.043 0.8999999762
53221  24.003  -31.738  -32.472 0.8999999762
50269  32.143  -34.824  -22.019 0.6999999881
49425  30.828  -35.569  -21.833 0.6000000238
50271  30.253  -34.766  -21.819 0.6000000238
49426  28.520  -35.518  -22.320 0.6000000238
51202  33.916  -33.982  -23.040 0.6999999881
120934  32.613  -34.129  -22.065 0.6000000238
50283  34.224  -34.126  -23.703 0.6999999881
51215  34.769  -33.508  -25.024 0.6999999881
127455  34.881  -32.934  -25.443 0.6999999881
54055  34.260  -31.180  -26.862 0.8000000119
53169  33.306  -31.830  -27.665 0.8000000119
54065  32.770  -30.756  -28.022 0.8000000119
144901  32.458  -31.085  -28.429 0.8000000119
131422  31.615  -31.497  -30.048 1.0000000000
54070  32.127  -30.616  -28.727 0.8000000119
54084  29.297  -30.590  -30.406 1.0000000000
53193  28.771  -31.255  -30.806 1.0000000000
53194  27.787  -31.307  -30.662 1.0000000000
54079  28.871  -29.961  -29.969 1.0000000000
54085  28.141  -30.494  -30.232 1.0000000000
125584  27.020  -30.765  -30.166 1.0000000000
54087  26.248  -30.266  -29.900 1.0000000000
134631  25.313  -31.752  -30.490 1.0000000000
132251  24.529  -32.008  -30.743 0.8999999762
51305  29.271  -33.544  -34.987 0.6000000238
52230  23.860  -32.368  -31.270 0.8999999762
51303  30.948  -33.334  -34.744 0.6000000238
52268  29.951  -32.906  -35.182 0.6000000238
125234  28.434  -33.091  -34.648 0.6999999881
53212  23.697  -31.701  -31.638 0.8999999762
130504  28.352  -32.394  -34.483 0.6999999881
136523  25.783  -31.435  -33.353 0.6999999881
134908  24.183  -30.941  -32.634 0.8999999762
140058  29.941  -34.335  -21.744 0.5000000000
51193  31.631  -34.027  -21.750 0.5000000000
51201  34.289  -33.435  -23.258 0.6999999881
51192  33.803  -33.428  -22.626 0.6999999881
52170  34.665  -32.755  -23.548 0.6999999881
52175  35.221  -31.839  -25.122 0.6999999881
126717  34.966  -32.610  -24.593 0.6999999881
53159  34.901  -31.210  -26.303 0.6999999881
138206  34.689  -30.656  -26.661 0.6999999881
54063  34.107  -30.376  -27.199 0.8000000119
132968  33.361  -30.408  -27.647 0.8000000119
54977  32.971  -30.037  -27.935 0.8000000119
54985  32.417  -29.962  -28.354 0.8000000119
56094  32.220  -29.286  -28.697 0.8000000119
54986  31.802  -29.790  -28.896 0.8000000119
54992  31.105  -29.593  -29.395 0.8999999762
54077  30.702  -30.160  -29.738 1.0000000000
120823  31.576  -29.136  -29.133 0.8000000119
54993  30.275  -29.471  -29.683 0.8999999762
54078  29.818  -30.050  -29.965 1.0000000000
54080  28.095  -29.850  -29.888 1.0000000000
54086  27.290  -30.045  -29.828 1.0000000000
54088  25.154  -30.462  -30.217 1.0000000000
53197  24.762  -31.228  -30.475 0.8999999762
53198  23.998  -31.432  -31.036 0.8999999762
54089  24.210  -30.602  -30.726 0.8999999762
54098  23.737  -30.697  -31.494 0.8999999762
52267  30.637  -32.865  -35.018 0.6000000238
135027  29.186  -32.555  -34.888 0.6000000238
127666  27.423  -31.076  -33.707 0.6999999881
54123  25.245  -30.657  -33.186 0.8000000119
137388  23.820  -30.494  -32.295 0.8999999762
52266  31.318  -32.645  -34.658 0.6000000238
53229  28.354  -31.092  -34.064 0.6999999881
54122  26.441  -30.911  -33.471 0.6999999881
54124  24.249  -30.091  -32.800 0.8000000119
54109  23.635  -30.398  -31.957 0.8999999762
55042  26.252  -30.022  -33.458 0.6999999881
55044  23.871  -29.419  -32.716 0.8999999762
51174  32.289  -33.412  -21.801 0.5000000000
51175  31.581  -33.303  -21.668 0.5000000000
52163  34.250  -32.742  -22.762 0.6999999881
52152  31.950  -32.750  -21.621 0.5000000000
131348  34.671  -32.056  -23.023 0.6999999881
53147  35.170  -31.703  -24.310 0.6999999881
122000  34.915  -32.118  -23.773 0.6999999881
53146  35.368  -31.240  -24.804 0.6999999881
53153  35.322  -31.082  -25.571 0.6999999881
54967  34.903  -29.993  -26.764 0.6999999881
54976  33.608  -29.766  -27.687 0.8000000119
56093  33.493  -28.518  -28.463 0.8000000119
139212  32.073  -28.798  -29.066 0.8000000119
56104  30.827  -28.894  -29.597 0.8000000119
56105  29.941  -28.862  -29.934 0.8999999762
54995  28.549  -29.384  -29.922 1.0000000000
54996  27.679  -29.408  -29.929 1.0000000000
56103  31.624  -28.574  -29.554 0.8000000119
143655  30.487  -28.589  -30.033 0.8000000119
139922  28.240  -28.814  -30.125 0.8999999762
55005  26.680  -29.540  -29.929 1.0000000000
120691  27.233  -28.670  -30.255 0.8999999762
55006  25.578  -29.695  -30.104 1.0000000000
55007  24.500  -29.811  -30.477 1.0000000000
54997  23.823  -28.996  -30.727 1.0000000000
129285  23.454  -29.183  -31.257 0.8999999762
53245  28.756  -31.798  -34.507 0.6999999881
55008  23.290  -28.466  -31.234 0.8999999762
137072  29.893  -32.323  -35.095 0.6000000238
53244  29.593  -31.814  -34.829 0.6000000238
55030  23.386  -29.167  -32.322 0.8999999762
55043  25.136  -29.613  -33.238 0.6999999881
140962  24.367  -29.089  -33.071 0.8000000119
56155  26.234  -29.086  -33.412 0.6999999881
56158  23.591  -28.754  -32.777 0.8000000119
57216  22.915  -27.586  -32.154 0.8999999762
56156  25.258  -28.689  -33.307 0.6999999881
139473  33.562  -32.726  -22.235 0.6000000238
53131  33.191  -32.039  -21.842 0.5000000000
53141  35.024  -31.431  -23.478 0.6999999881
53130  34.633  -31.238  -22.705 0.5000000000
129819  35.615  -29.899  -24.959 0.6999999881
54043  35.508  -30.568  -24.866 0.6999999881
54048  35.511  -30.206  -25.597 0.6999999881
54952  35.665  -29.283  -24.659 0.6999999881
54966  35.435  -29.672  -26.219 0.6999999881
54974  35.178  -29.175  -26.858 0.6999999881
54975  34.433  -29.508  -27.321 0.6999999881
56081  34.745  -28.733  -27.464 0.6999999881
56092  34.330  -28.264  -28.071 0.8000000119
126685  32.695  -28.700  -28.796 0.8000000119
57161  33.971  -27.776  -28.742 0.8000000119
56102  32.378  -28.299  -29.414 0.8000000119
56116  31.029  -28.239  -30.207 0.8000000119
57173  32.733  -27.608  -29.827 0.8000000119
57187  31.455  -27.579  -30.540 0.8000000119
56117  30.183  -28.262  -30.402 0.8000000119
126715  28.072  -28.113  -30.582 0.8999999762
57191  27.358  -27.838  -30.633 0.8999999762
56120  26.060  -28.859  -30.277 1.0000000000
58168  30.652  -26.685  -31.203 0.8000000119
58169  29.899  -26.882  -31.246 0.8000000119
56121  24.925  -28.994  -30.471 1.0000000000
57193  25.381  -28.137  -30.565 1.0000000000
126010  30.114  -31.207  -34.709 0.6000000238
56107  24.285  -28.204  -30.628 1.0000000000
54121  27.936  -30.331  -33.699 0.6999999881
55041  27.297  -29.515  -33.531 0.6999999881
56122  23.554  -28.143  -30.868 1.0000000000
122709  26.174  -28.171  -33.429 0.8000000119
56157  24.281  -28.314  -33.145 0.8000000119
54961  35.670  -29.408  -25.495 0.6999999881
125562  35.826  -28.651  -25.127 0.6999999881
125594  35.757  -28.611  -26.188 0.6999999881
56080  35.404  -28.466  -27.049 0.6999999881
57159  35.507  -27.208  -27.721 0.6999999881
57160  34.775  -27.524  -28.272 0.6999999881
57172  33.643  -27.198  -29.515 0.8000000119
56101  33.167  -28.045  -29.154 0.8000000119
57186  32.191  -27.229  -30.443 0.8000000119
58165  33.174  -25.992  -30.522 0.8000000119
59154  31.749  -25.956  -31.172 0.8000000119
58170  28.980  -26.985  -31.142 0.8999999762
58171  27.988  -27.166  -30.851 0.8999999762
57192  26.481  -28.011  -30.594 0.8999999762
54133  29.765  -30.508  -34.319 0.6000000238
128025  27.370  -26.200  -30.875 0.8999999762
58172  26.882  -27.101  -30.696 0.8999999762
57175  24.622  -27.339  -30.636 1.0000000000
143252  30.197  -29.989  -34.115 0.6000000238
134500  23.932  -26.697  -30.785 0.8999999762
56154  27.105  -28.516  -33.517 0.6999999881
58174  23.386  -26.593  -31.120 0.8999999762
121899  25.194  -27.829  -33.360 0.8000000119
58211  23.250  -27.110  -32.548 0.8999999762
58192  22.884  -26.757  -31.938 0.8000000119
56053  36.000  -27.918  -25.399 0.6999999881
124651  36.092  -27.686  -26.107 0.6999999881
131775  36.004  -26.893  -27.163 0.6999999881
57171  34.480  -27.069  -28.950 0.6999999881
59138  35.372  -25.892  -28.665 0.6999999881
58157  34.289  -26.502  -29.452 0.6999999881
59155  30.225  -26.066  -31.376 0.8000000119
128537  28.409  -26.184  -31.101 0.8000000119
131051  29.351  -26.112  -31.306 0.8000000119
59156  28.827  -25.344  -31.258 0.8000000119
122461  25.742  -27.192  -30.616 0.8999999762
54120  28.867  -30.386  -34.040 0.6000000238
59157  27.879  -25.322  -30.998 0.8999999762
128024  26.104  -26.157  -30.711 0.8999999762
58173  24.786  -26.321  -30.669 0.8999999762
55039  29.444  -29.797  -33.900 0.6000000238
124535  27.896  -28.807  -33.515 0.6999999881
125973  23.663  -25.899  -30.907 0.8999999762
58181  23.264  -25.819  -31.335 0.8000000119
57231  25.068  -27.008  -33.342 0.6999999881
58210  23.226  -26.229  -32.256 0.8000000119
130935  36.189  -26.976  -26.416 0.6999999881
58145  35.847  -26.272  -27.754 0.6999999881
137513  35.903  -25.441  -28.048 0.6999999881
58180  31.010  -26.089  -31.305 0.8000000119
59165  30.654  -25.414  -31.420 0.8000000119
59166  29.775  -25.220  -31.404 0.8000000119
60096  28.390  -24.596  -31.218 0.8000000119
127299  26.785  -25.287  -30.805 0.8999999762
59158  25.628  -25.228  -30.712 0.8999999762
56153  28.642  -28.593  -33.506 0.6000000238
142609  25.248  -25.743  -30.668 0.8999999762
57228  27.931  -27.945  -33.538 0.6999999881
57229  26.981  -27.625  -33.539 0.6999999881
126839  24.419  -25.274  -30.741 0.8999999762
58209  25.833  -26.465  -33.417 0.6999999881
128439  24.039  -25.807  -32.760 0.8000000119
59167  23.342  -25.230  -31.598 0.8000000119
59192  25.226  -25.546  -33.206 0.6999999881
59176  23.192  -25.314  -32.014 0.8000000119
58191  23.044  -25.926  -31.692 0.8000000119
59193  23.988  -24.920  -32.620 0.8000000119
58134  36.221  -26.204  -26.811 0.6999999881
123018  36.188  -25.403  -27.229 0.6000000238
56152  29.487  -28.426  -33.474 0.6000000238
61020  28.146  -23.821  -31.280 0.8000000119
60098  26.124  -24.494  -30.839 0.8999999762
60099  25.003  -24.503  -30.731 0.8999999762
123113  28.845  -27.788  -33.447 0.6000000238
133570  24.731  -23.906  -30.951 0.8999999762
124656  26.821  -26.768  -33.530 0.8000000119
60100  24.119  -24.520  -31.032 0.8999999762
60128  23.399  -24.463  -31.864 0.8000000119
131873  26.087  -24.846  -33.338 0.6999999881
141674  23.770  -24.170  -32.163 0.8000000119
136304  28.350  -27.278  -33.495 0.6999999881
61021  27.372  -23.546  -31.205 0.8000000119
130864  28.239  -25.967  -33.477 0.5000000000
58207  27.578  -26.299  -33.490 0.6000000238
130932  27.672  -25.521  -33.487 0.6000000238
58208  26.652  -25.790  -33.436 0.6999999881
61024  24.630  -23.345  -31.277 0.8000000119
136449  27.072  -24.995  -33.479 0.6000000238
60142  24.072  -24.050  -32.562 0.6999999881
61053  23.950  -23.553  -32.075 0.8000000119
60116  23.704  -24.508  -31.572 0.8000000119
128687  25.438  -23.923  -33.169 0.6000000238
61884  26.867  -22.870  -31.225 0.8000000119
61885  25.823  -22.576  -31.187 0.8000000119
132785  25.049  -22.787  -31.218 0.8999999762
59191  28.516  -25.323  -33.600 0.6000000238
122420  24.158  -22.823  -32.046 0.8000000119
138578  24.164  -23.460  -31.801 0.8000000119
61887  24.595  -22.634  -31.532 0.8000000119
121506  24.500  -23.427  -32.659 0.6000000238
62728  26.691  -22.044  -31.316 0.8000000119
61886  25.083  -22.147  -31.318 0.8000000119
60140  27.872  -24.705  -33.592 0.6000000238
60141  26.942  -24.049  -33.537 0.6000000238
62731  24.547  -21.812  -31.680 0.8000000119
61065  26.264  -23.307  -33.492 0.6000000238
62757  24.342  -21.323  -32.309 0.6999999881
62730  25.105  -21.430  -31.486 0.8000000119
138746  25.550  -21.984  -33.455 0.6000000238
62770  24.525  -20.945  -32.851 0.6000000238
63596  24.492  -20.523  -32.566 0.6999999881
61922  26.890  -22.860  -33.731 0.6000000238
61923  25.996  -22.474  -33.541 0.6000000238
127021  28.290  -20.453  -31.570 0.8000000119
62748  26.644  -21.280  -31.453 0.8000000119
61063  28.106  -23.845  -33.782 0.6000000238
63588  27.454  -20.837  -31.524 0.8000000119
60157  29.111  -23.538  -34.166 0.5000000000
64436  25.457  -20.144  -31.796 0.8000000119
63571  25.788  -20.978  -31.514 0.8000000119
61079  28.296  -23.006  -34.074 0.6000000238
61064  27.492  -23.285  -33.776 0.6000000238
141088  24.814  -19.808  -32.188 0.6000000238
61937  29.068  -22.578  -34.337 0.5000000000
61080  27.622  -22.526  -33.973 0.6000000238
62767  26.880  -22.073  -33.858 0.6000000238
63607  24.982  -20.617  -33.327 0.6000000238
62780  27.680  -21.695  -34.154 0.6000000238
62781  26.834  -21.112  -34.055 0.6000000238
141171  25.501  -20.282  -33.646 0.6000000238
129604  25.504  -19.651  -33.736 0.6000000238
64449  27.524  -19.879  -31.684 0.8000000119
63589  26.573  -20.438  -31.603 0.8000000119
64448  28.370  -19.728  -31.664 0.8000000119
131878  28.046  -19.251  -31.729 0.6999999881
65314  27.302  -18.911  -31.879 0.6999999881
61938  28.379  -22.172  -34.228 0.6000000238
64471  24.570  -19.089  -32.991 0.6000000238
65316  24.878  -18.338  -32.775 0.6000000238
64451  25.360  -19.157  -32.270 0.6999999881
62779  28.543  -21.288  -34.394 0.5000000000
65334  24.745  -18.396  -33.317 0.6000000238
63615  28.365  -20.367  -34.431 0.5000000000
63616  26.232  -20.256  -33.983 0.6000000238
64481  26.274  -19.380  -34.148 0.6000000238
120912  29.093  -19.790  -34.539 0.5000000000
65312  28.696  -18.092  -31.770 0.6999999881
133777  26.708  -18.151  -32.174 0.6000000238
65315  25.676  -18.252  -32.439 0.6000000238
140275  26.318  -18.803  -32.106 0.6000000238
66158  25.092  -17.646  -32.803 0.6000000238
122439  28.182  -19.481  -34.463 0.5000000000
64480  27.178  -19.046  -34.426 0.6000000238
65342  26.058  -18.323  -34.267 0.6000000238
120602  25.324  -18.797  -33.784 0.6000000238
65325  24.715  -18.341  -33.107 0.6000000238
66157  25.951  -17.461  -32.501 0.6000000238
65341  28.041  -18.616  -34.516 0.6000000238
138934  27.152  -18.261  -34.480 0.6000000238
65340  28.754  -18.087  -34.509 0.5000000000
65339  29.617  -18.390  -34.470 0.4000000060
127178  27.704  -18.092  -32.009 0.6000000238
66156  27.053  -17.377  -32.253 0.6000000238
66187  25.345  -17.391  -34.226 0.6000000238
67039  24.777  -16.830  -33.632 0.6000000238
67019  26.251  -16.629  -32.567 0.6000000238
66186  26.575  -17.414  -34.461 0.6000000238
67049  25.442  -16.506  -34.310 0.6000000238
121347  27.810  -17.798  -34.547 0.5000000000
125653  27.584  -17.060  -34.561 0.6000000238
66185  28.481  -17.227  -34.572 0.5000000000
66184  29.399  -17.468  -34.501 0.4000000060
67046  29.068  -16.521  -34.612 0.4000000060
67975  25.214  -15.584  -33.930 0.6000000238
67030  25.628  -15.883  -33.026 0.5000000000
67951  27.720  -15.817  -32.380 0.5000000000
67017  28.369  -16.512  -32.068 0.5000000000
122064  24.728  -16.974  -33.955 0.6000000238
126454  25.648  -15.223  -33.638 0.5000000000
67048  26.803  -16.457  -34.530 0.6000000238
67047  28.002  -16.285  -34.675 0.5000000000
67950  28.674  -15.755  -32.171 0.4000000060
67994  25.700  -15.351  -34.285 0.6000000238
67974  25.650  -14.963  -34.022 0.5000000000
67985  27.932  -15.296  -34.872 0.4000000060
67056  26.147  -15.805  -34.474 0.6000000238
68943  26.613  -14.501  -34.429 0.6000000238
68922  26.170  -14.465  -33.932 0.4000000060
67984  28.738  -15.633  -34.803 0.4000000060
68931  28.714  -14.253  -35.252 0.4000000060
68921  26.870  -14.050  -33.829 0.4000000060
67992  27.198  -14.804  -34.716 0.4000000060
68932  26.944  -13.951  -34.300 0.4000000060
67983  30.010  -14.924  -34.818 0.4000000060
68942  27.321  -14.147  -34.798 0.4000000060
68894  29.893  -14.951  -32.106 0.4000000060
68908  28.336  -14.313  -32.864 0.4000000060
69894  27.417  -13.540  -34.125 0.4000000060
68940  29.077  -13.427  -35.447 0.4000000060
68941  28.024  -13.590  -35.178 0.4000000060
134225  28.441  -12.931  -35.281 0.4000000060
69903  27.677  -13.306  -34.654 0.4000000060
68907  29.297  -14.232  -32.567 0.4000000060
69881  28.661  -13.565  -33.262 0.4000000060
69882  27.726  -13.771  -33.607 0.4000000060
69913  29.139  -12.602  -35.501 0.3000000119
70936  28.170  -12.618  -34.902 0.4000000060
69893  28.044  -13.000  -34.208 0.4000000060
69880  29.646  -13.498  -32.865 0.4000000060
70917  29.019  -12.773  -33.605 0.4000000060
47038  23.631  -38.343  -33.219 0.8000000119
47027  23.412  -38.226  -32.694 0.8999999762
47015  23.960  -38.021  -31.946 0.8999999762
47016  23.504  -38.157  -32.326 0.8999999762
143805  24.347  -39.228  -32.602 0.8999999762
48659  30.481  -36.852  -30.348 0.8999999762
49529  30.486  -35.129  -30.822 1.0000000000
133521  31.177  -34.798  -30.388 1.0000000000
47012  27.421  -38.498  -32.007 0.8999999762
47853  28.669  -37.635  -31.639 0.8999999762
48670  28.530  -36.081  -31.687 0.8999999762
49542  29.713  -35.332  -31.278 1.0000000000
47013  26.448  -38.455  -32.186 0.8999999762
128113  28.207  -36.882  -31.823 0.8999999762
48671  27.619  -36.155  -31.824 0.8999999762
125028  29.247  -35.947  -31.445 1.0000000000
47856  25.466  -37.184  -31.876 0.8999999762
49544  27.077  -35.421  -31.657 0.8999999762
67961  27.044  -15.155  -32.806 0.4000000060
68910  26.454  -14.711  -33.452 0.4000000060
68896  28.031  -15.062  -32.556 0.4000000060
67949  29.544  -15.691  -31.951 0.4000000060
42363  31.127  -44.008  -26.023 0.8999999762
133451  32.295  -42.990  -28.651 1.0000000000
41522  29.910  -44.152  -31.123 0.8000000119
42364  27.737  -43.180  -26.043 0.8999999762
43332  29.140  -42.792  -31.066 0.8000000119
44150  31.633  -41.110  -24.921 0.8999999762
45172  30.383  -40.514  -29.926 0.8999999762
44234  29.531  -41.195  -30.536 0.8000000119
44243  27.795  -41.572  -31.543 0.8000000119
44248  27.028  -41.531  -32.015 0.8000000119
46974  31.931  -38.875  -28.565 1.0000000000
133567  28.034  -40.154  -31.549 0.8999999762
45192  26.570  -40.746  -32.171 0.8000000119
123275  25.817  -39.129  -32.319 0.8999999762
45185  24.942  -39.725  -32.552 0.8000000119
47841  30.045  -37.691  -30.521 0.8999999762
47855  26.917  -37.726  -32.095 0.8999999762
46012  29.905  -39.914  -23.766 0.8999999762
46014  28.360  -39.197  -24.392 1.0000000000
49478  25.417  -35.446  -25.888 0.6000000238
47775  24.103  -36.683  -25.518 0.4000000060
48587  24.602  -36.000  -25.317 0.4000000060
48658  31.132  -36.187  -29.846 1.0000000000
48668  29.900  -36.217  -31.042 0.8999999762
47051  24.201  -38.439  -33.859 0.6999999881
49572  23.967  -35.455  -33.257 0.8000000119
47843  24.344  -37.216  -31.814 0.8999999762
126382  27.461  -37.728  -34.748 0.6000000238
127519  23.388  -37.096  -32.538 0.8999999762
136476  28.490  -36.616  -23.263 0.6999999881
47762  25.440  -37.082  -24.262 0.4000000060
135209  26.391  -37.076  -31.947 0.8999999762
49533  23.484  -35.175  -31.922 0.8999999762
50354  23.294  -34.569  -31.977 0.8999999762
49584  27.470  -35.492  -34.489 0.6999999881
122877  26.845  -34.882  -34.238 0.6999999881
47729  29.945  -37.142  -22.303 0.8000000119
48553  32.935  -36.389  -23.512 0.8999999762
52212  31.068  -32.381  -30.856 1.0000000000
132921  27.989  -35.371  -31.716 0.8999999762
50353  26.512  -34.682  -31.414 0.8999999762
48672  26.607  -36.230  -31.779 0.8999999762
51256  23.644  -33.647  -31.350 0.8999999762
49462  33.902  -35.620  -24.533 0.8000000119
49427  27.961  -35.390  -22.653 0.5000000000
125952  33.938  -34.905  -26.592 1.0000000000
51255  24.142  -33.510  -31.047 0.8999999762
50291  34.112  -34.849  -24.127 0.6999999881
51222  34.668  -33.464  -25.905 0.8000000119
50306  34.222  -34.146  -26.451 0.8999999762
52269  27.515  -32.709  -34.204 0.6999999881
137851  23.601  -31.917  -31.958 0.8999999762
53232  24.845  -31.549  -33.061 0.8000000119
49412  29.429  -34.894  -21.882 0.6000000238
50285  32.946  -34.816  -22.545 0.8000000119
50270  31.212  -34.819  -21.790 0.6000000238
51209  34.618  -33.460  -24.099 0.6999999881
52188  34.722  -32.614  -26.121 0.6999999881
53160  34.538  -31.873  -26.516 0.6999999881
53183  31.243  -30.863  -30.005 1.0000000000
131621  26.123  -31.950  -30.567 1.0000000000
136122  23.645  -31.126  -32.028 0.8999999762
51194  30.616  -34.060  -21.733 0.6000000238
50256  29.476  -34.306  -21.491 0.5000000000
54076  31.467  -30.318  -29.333 0.8999999762
51176  30.481  -33.305  -21.493 0.5000000000
54054  35.204  -30.489  -26.211 0.6999999881
123179  23.759  -29.856  -31.009 0.8999999762
138463  34.035  -31.898  -22.311 0.6000000238
53112  32.729  -31.341  -21.622 0.5000000000
53140  35.341  -30.913  -24.101 0.6999999881
56106  29.061  -28.881  -30.044 0.8999999762
57174  31.927  -27.959  -30.052 0.8000000119
57188  30.615  -27.501  -30.835 0.8000000119
57195  23.225  -27.498  -31.298 0.8999999762
143216  33.466  -31.389  -21.886 0.5000000000
54036  35.123  -30.482  -23.151 0.6999999881
58158  33.709  -26.355  -29.973 0.8000000119
57189  29.536  -27.746  -30.822 0.8999999762
57230  26.047  -27.309  -33.487 0.8000000119
120306  24.052  -26.641  -32.981 0.8000000119
57144  35.805  -27.710  -26.925 0.6999999881
59163  31.771  -25.318  -31.279 0.8000000119
59159  23.531  -25.163  -31.147 0.8999999762
60097  27.328  -24.390  -31.035 0.8999999762
58119  36.197  -26.191  -25.861 0.6000000238
132820  24.960  -24.660  -33.030 0.6999999881
140376  25.495  -23.948  -30.845 0.8999999762
61925  24.478  -21.774  -32.677 0.6999999881
62769  25.129  -21.462  -33.310 0.6000000238
63591  24.507  -20.825  -32.147 0.8000000119
64472  24.536  -19.611  -33.018 0.6000000238
64450  26.431  -19.542  -31.844 0.6999999881
66177  24.683  -17.588  -33.499 0.6000000238
144147  27.280  -20.095  -34.293 0.6000000238
67020  25.085  -16.786  -33.010 0.6000000238
68895  28.983  -14.998  -32.336 0.4000000060
68909  27.375  -14.468  -33.176 0.4000000060
68906  30.221  -14.195  -32.339 0.4000000060
70950  28.450  -12.455  -35.171 0.4000000060
143600  24.602  -38.416  -32.193 0.8999999762
139867  29.395  -53.760  -29.006 0.4000000060
33834  28.007  -52.428  -28.675 0.4000000060
33847  27.320  -52.952  -29.019 0.4000000060
33846  30.237  -52.600  -29.037 0.4000000060
34921  27.831  -51.668  -28.587 0.4000000060
34922  27.093  -51.498  -28.848 0.4000000060
34931  30.976  -51.594  -29.201 0.3000000119
34920  28.698  -51.899  -28.490 0.4000000060
35914  31.778  -50.357  -30.033 0.4000000060
36885  31.603  -49.839  -30.716 0.4000000060
36886  31.112  -49.737  -31.434 0.4000000060
37875  30.163  -48.115  -32.006 0.4000000060
35889  27.623  -50.789  -28.512 0.5000000000
35890  26.716  -50.716  -28.891 0.4000000060
35886  30.332  -50.261  -28.319 0.4000000060
129053  29.083  -51.132  -28.336 0.4000000060
36862  31.668  -49.708  -29.529 0.5000000000
36877  31.808  -49.423  -30.139 0.4000000060
37874  31.405  -48.980  -30.926 0.4000000060
38861  30.412  -47.398  -31.614 0.5000000000
38862  29.733  -47.412  -32.207 0.5000000000
39800  29.241  -46.791  -32.430 0.6000000238
39801  28.631  -46.961  -32.907 0.5000000000
39802  27.975  -46.402  -33.111 0.6000000238
40706  27.045  -46.033  -33.298 0.4000000060
36851  27.909  -49.932  -28.162 0.5000000000
36852  27.066  -49.943  -28.559 0.5000000000
142092  25.988  -49.438  -29.033 0.5000000000
36864  25.524  -49.817  -29.382 0.5000000000
36849  29.846  -49.653  -27.925 0.6000000238
36850  28.840  -49.691  -27.907 0.6000000238
36848  30.734  -49.400  -28.214 0.5000000000
37840  30.822  -48.492  -27.933 0.6000000238
142649  31.557  -48.948  -28.891 0.5000000000
144585  31.836  -48.320  -29.563 0.5000000000
37866  31.436  -48.192  -30.714 0.4000000060
39784  30.707  -46.581  -31.204 0.6000000238
39785  29.892  -46.672  -31.881 0.6000000238
40690  29.306  -45.976  -32.126 0.6000000238
40691  28.505  -45.503  -32.431 0.6000000238
126598  27.801  -44.889  -32.546 0.6000000238
41551  27.103  -44.215  -32.565 0.6000000238
142810  28.241  -45.948  -32.755 0.6000000238
40692  27.769  -45.646  -32.861 0.6000000238
40693  26.920  -45.151  -32.991 0.6000000238
133160  26.036  -45.142  -33.255 0.6000000238
128520  27.421  -49.241  -28.217 0.5000000000
36853  26.506  -49.040  -28.649 0.5000000000
132683  25.656  -48.973  -29.135 0.5000000000
37853  25.171  -48.246  -29.329 0.5000000000
36829  30.126  -48.909  -27.715 0.6000000238
37822  28.663  -48.809  -27.627 0.6000000238
37839  31.291  -48.788  -28.500 0.6000000238
38802  30.828  -47.635  -27.535 0.6000000238
128174  31.934  -47.772  -29.183 0.5000000000
123910  31.519  -47.907  -28.329 0.6000000238
38849  31.500  -46.864  -30.454 0.6000000238
39770  31.219  -46.169  -30.643 0.6000000238
40679  29.148  -45.201  -31.907 0.6000000238
135569  26.223  -44.487  -32.981 0.6000000238
41552  25.445  -43.995  -33.006 0.6999999881
37843  26.650  -48.057  -28.337 0.6000000238
38827  26.124  -47.373  -28.503 0.5000000000
38840  24.658  -47.434  -29.532 0.5000000000
37821  29.436  -48.399  -27.452 0.6000000238
140317  28.813  -48.269  -27.420 0.6000000238
38825  27.421  -47.917  -27.799 0.6000000238
39757  25.075  -46.771  -29.147 0.5000000000
39759  23.544  -46.149  -29.720 0.5000000000
39722  29.504  -47.012  -26.948 0.6000000238
39769  31.804  -46.242  -30.015 0.6000000238
42435  26.282  -43.717  -32.705 0.6999999881
38806  27.398  -47.188  -27.612 0.6000000238
38826  26.812  -47.295  -28.008 0.6000000238
39746  25.654  -46.667  -28.676 0.6000000238
38805  28.039  -47.429  -27.352 0.6000000238
40629  26.602  -45.909  -27.744 0.6000000238
40645  25.888  -45.895  -28.299 0.6000000238
40647  24.763  -44.995  -28.853 0.6000000238
40658  23.486  -45.154  -29.428 0.6000000238
40627  28.210  -46.093  -26.828 0.6000000238
41512  22.607  -44.528  -29.437 0.5000000000
122467  30.305  -47.116  -27.082 0.6000000238
42404  22.073  -43.625  -29.241 0.6000000238
42436  25.482  -43.177  -32.822 0.6999999881
39725  27.028  -46.615  -27.658 0.6000000238
40646  25.486  -45.097  -28.419 0.6000000238
41484  26.909  -45.189  -27.305 0.6000000238
40630  26.199  -45.141  -27.891 0.6000000238
41500  24.356  -44.268  -28.745 0.6000000238
41501  23.567  -44.331  -29.052 0.6000000238
39710  29.154  -46.259  -26.653 0.6000000238
123626  23.268  -42.854  -28.564 0.6000000238
39709  30.228  -46.364  -26.743 0.6000000238
40644  32.380  -45.254  -27.933 0.6000000238
127552  24.915  -41.319  -32.775 0.6999999881
45194  24.349  -40.441  -32.939 0.6999999881
40614  29.702  -45.596  -26.408 0.6000000238
41485  26.496  -44.415  -27.478 0.6999999881
42390  25.455  -43.578  -28.060 0.6999999881
40613  30.594  -45.531  -26.506 0.6000000238
46123  23.990  -39.439  -32.919 0.6999999881
136710  27.167  -44.462  -26.898 0.6999999881
41472  29.357  -44.854  -26.172 0.6999999881
139353  27.776  -45.195  -26.727 0.6999999881
120442  26.137  -43.642  -27.630 0.6999999881
42377  25.069  -42.734  -28.008 0.6999999881
42391  24.671  -43.548  -28.361 0.6000000238
121211  24.135  -42.805  -28.287 0.6999999881
44212  23.882  -41.283  -28.149 0.6000000238
43301  22.737  -42.107  -28.589 0.5000000000
46135  23.603  -38.790  -33.046 0.8000000119
41461  28.145  -43.931  -26.107 0.6999999881
41474  26.768  -43.708  -27.065 0.6999999881
43288  26.008  -42.229  -27.497 0.6999999881
44200  25.332  -41.844  -27.747 0.6999999881
45163  22.044  -40.514  -29.110 0.5000000000
44211  24.710  -41.183  -27.925 0.6999999881
45151  24.207  -40.485  -28.068 0.6000000238
45153  22.695  -40.555  -28.622 0.6000000238
60114  29.146  -24.681  -31.362 0.6999999881
59148  33.860  -25.615  -30.202 0.6999999881
138516  32.502  -25.454  -30.973 0.6999999881
60112  31.226  -24.848  -31.406 0.6999999881
59139  34.762  -25.902  -29.341 0.6000000238
59147  34.543  -25.232  -29.775 0.6000000238
133741  30.793  -24.001  -31.442 0.6999999881
61039  30.166  -23.494  -31.481 0.6999999881
61041  28.730  -23.377  -31.398 0.6999999881
61042  28.032  -22.947  -31.346 0.6999999881
125794  35.659  -25.000  -28.669 0.6000000238
59152  33.999  -24.942  -30.287 0.6000000238
60095  32.816  -24.528  -30.877 0.6999999881
144831  31.565  -24.192  -31.319 0.6999999881
61040  29.445  -23.430  -31.456 0.6999999881
61902  29.048  -22.638  -31.472 0.6999999881
61903  27.587  -22.173  -31.393 0.6999999881
60089  35.165  -24.519  -29.362 0.6000000238
60093  34.417  -24.294  -29.991 0.6000000238
61019  33.900  -23.515  -30.297 0.6000000238
140957  32.220  -23.912  -31.079 0.6999999881
129927  30.830  -22.992  -31.454 0.6999999881
62745  29.749  -22.010  -31.553 0.6999999881
124098  29.005  -21.722  -31.498 0.6999999881
62746  28.164  -21.402  -31.478 0.6999999881
60084  35.761  -24.131  -28.618 0.6000000238
61008  35.303  -23.580  -29.244 0.6000000238
135311  34.205  -22.740  -30.007 0.5000000000
143642  32.846  -22.892  -30.747 0.6000000238
61898  31.942  -22.135  -31.126 0.5000000000
61900  30.516  -22.167  -31.513 0.6999999881
63585  30.413  -20.745  -31.511 0.6999999881
64447  29.115  -19.989  -31.641 0.6999999881
125912  32.120  -13.754  -34.848 0.3000000119
68928  31.396  -13.912  -34.953 0.3000000119
68930  29.620  -14.196  -35.257 0.3000000119
32748  27.746  -53.954  -29.066 0.4000000060
32749  26.831  -53.759  -29.343 0.3000000119
32750  26.015  -53.700  -29.755 0.4000000060
121107  30.015  -53.952  -29.337 0.3000000119
129258  26.415  -52.948  -29.421 0.4000000060
124037  31.617  -51.296  -30.238 0.4000000060
34932  26.337  -51.448  -29.200 0.4000000060
35925  31.492  -50.671  -31.027 0.4000000060
35926  30.800  -50.408  -31.906 0.4000000060
37885  29.788  -48.830  -32.486 0.4000000060
132385  29.565  -48.022  -32.497 0.5000000000
37896  28.188  -48.032  -33.448 0.4000000060
35902  25.169  -50.642  -29.701 0.4000000060
40707  26.279  -45.690  -33.384 0.5000000000
139928  24.481  -49.511  -29.963 0.5000000000
41553  24.647  -44.315  -33.234 0.6000000238
37854  24.452  -48.362  -29.789 0.5000000000
38841  23.904  -47.046  -29.911 0.5000000000
38842  23.236  -46.866  -30.128 0.5000000000
132155  24.452  -43.501  -33.171 0.6000000238
40659  22.714  -45.545  -29.808 0.5000000000
41513  21.568  -44.275  -29.677 0.4000000060
44250  24.484  -41.908  -33.017 0.6999999881
42393  22.461  -42.885  -28.920 0.5000000000
45204  23.840  -40.296  -33.484 0.6999999881
44224  22.330  -41.322  -28.789 0.5000000000
46134  23.837  -39.377  -33.220 0.8000000119
46149  23.905  -39.164  -33.556 0.6999999881
45164  21.360  -40.343  -29.630 0.5000000000
134231  22.389  -39.722  -28.975 0.6000000238
140123  35.504  -29.965  -24.093 0.6000000238
134181  35.675  -28.652  -24.380 0.6000000238
123551  36.105  -24.574  -27.783 0.6000000238
61873  35.520  -22.840  -28.944 0.5000000000
61874  34.953  -22.773  -29.502 0.5000000000
62716  33.751  -21.341  -30.102 0.5000000000
62727  32.479  -21.532  -30.827 0.5000000000
63584  31.337  -20.648  -31.309 0.5000000000
64445  30.847  -19.885  -31.474 0.5000000000
132202  29.522  -18.589  -31.629 0.5000000000
69901  32.359  -13.337  -35.145 0.3000000119
69902  31.779  -13.273  -35.299 0.3000000119
68939  30.086  -13.470  -35.491 0.3000000119
40626  31.926  -45.719  -27.346 0.6000000238
39720  31.666  -47.043  -27.823 0.6000000238
121832  32.065  -47.076  -28.665 0.6000000238
139930  26.913  -43.475  -32.401 0.6999999881
43342  25.530  -42.243  -32.666 0.6999999881
59153  33.363  -25.163  -30.614 0.6999999881
127415  28.791  -19.084  -31.677 0.6000000238
68929  30.551  -14.096  -35.118 0.3000000119
46124  23.623  -38.709  -32.748 0.8000000119
125771  24.107  -39.804  -34.185 0.6999999881
60111  32.050  -24.715  -31.233 0.6999999881
33832  29.485  -52.450  -28.701 0.4000000060
34918  30.289  -51.809  -28.826 0.4000000060
33845  30.810  -52.273  -29.363 0.3000000119
35885  30.979  -50.081  -28.626 0.5000000000
35901  25.929  -50.666  -29.281 0.5000000000
37886  29.010  -48.275  -33.033 0.3000000119
39811  27.139  -46.883  -33.561 0.4000000060
35903  24.418  -50.626  -30.107 0.5000000000
133970  23.074  -41.331  -28.395 0.6000000238
61901  29.960  -22.791  -31.517 0.6999999881
137111  28.375  -22.178  -31.459 0.6999999881
60094  33.607  -24.340  -30.497 0.6999999881
140705  33.020  -23.552  -30.724 0.6999999881
132667  31.577  -22.766  -31.288 0.6999999881
61018  34.622  -23.482  -29.797 0.6000000238
62725  33.797  -22.095  -30.143 0.5000000000
61883  32.691  -22.340  -30.778 0.6000000238
61899  31.243  -22.222  -31.390 0.6999999881
121392  29.681  -21.233  -31.512 0.6999999881
63586  29.656  -20.554  -31.575 0.6999999881
62715  34.516  -21.889  -29.673 0.5000000000
62726  33.197  -21.824  -30.491 0.5000000000
142500  31.494  -21.796  -31.298 0.5000000000
124744  30.312  -19.054  -31.559 0.5000000000
64446  30.007  -19.923  -31.680 0.6999999881
61863  35.895  -22.415  -28.220 0.5000000000
63569  33.043  -20.978  -30.542 0.5000000000
123177  32.883  -20.243  -30.608 0.5000000000
64435  31.227  -19.106  -31.296 0.5000000000
44263  23.424  -41.130  -33.975 0.6000000238
126054  23.842  -40.175  -33.741 0.6000000238
46158  26.207  -39.253  -34.821 0.5000000000
45229  24.327  -41.172  -34.866 0.6000000238
47050  24.422  -39.031  -34.218 0.6000000238
46145  28.350  -39.123  -34.947 0.5000000000
47062  27.035  -38.637  -34.927 0.5000000000
46147  25.385  -38.828  -34.533 0.6000000238
47822  22.119  -36.783  -28.584 0.5000000000
136801  24.842  -38.462  -34.312 0.6000000238
47047  28.701  -38.364  -34.674 0.5000000000
47048  27.940  -38.435  -34.931 0.5000000000
47037  29.397  -38.417  -34.201 0.5000000000
48638  22.125  -36.120  -27.921 0.4000000060
48639  21.023  -35.725  -28.157 0.4000000060
48605  21.246  -36.166  -27.465 0.4000000060
47890  28.312  -37.592  -34.721 0.5000000000
48694  30.256  -37.109  -33.705 0.5000000000
47889  29.153  -37.544  -34.438 0.5000000000
47789  21.450  -36.562  -26.895 0.4000000060
48693  30.675  -36.394  -33.479 0.5000000000
140771  29.674  -37.103  -34.141 0.5000000000
46942  21.779  -37.410  -26.518 0.4000000060
48545  27.312  -35.698  -22.835 0.4000000060
48555  26.740  -35.844  -23.176 0.4000000060
47750  26.446  -37.127  -22.863 0.4000000060
47751  25.972  -37.193  -23.579 0.3000000119
52153  31.105  -32.794  -21.537 0.4000000060
138483  30.463  -32.634  -21.210 0.4000000060
139618  28.431  -35.278  -21.961 0.4000000060
137359  27.813  -35.561  -21.388 0.4000000060
53114  30.854  -31.868  -21.168 0.4000000060
49396  28.359  -35.014  -21.069 0.4000000060
48526  27.541  -35.924  -21.978 0.4000000060
50243  27.974  -34.549  -20.144 0.4000000060
48527  26.946  -36.653  -21.846 0.4000000060
47732  26.560  -37.402  -22.085 0.4000000060
50255  29.924  -33.771  -21.497 0.4000000060
51178  29.302  -33.772  -20.843 0.4000000060
50242  28.833  -34.401  -20.896 0.4000000060
53113  31.735  -31.314  -21.381 0.4000000060
52154  30.017  -32.085  -20.789 0.4000000060
52131  28.947  -33.042  -20.267 0.4000000060
51153  28.530  -33.788  -20.177 0.4000000060
132317  28.104  -32.971  -19.743 0.4000000060
50244  27.109  -34.256  -19.544 0.4000000060
48515  27.123  -36.296  -21.244 0.4000000060
51155  26.719  -33.386  -19.546 0.4000000060
49381  26.058  -34.924  -19.531 0.4000000060
136751  26.615  -36.864  -21.144 0.4000000060
54021  34.000  -30.957  -22.131 0.4000000060
131100  30.830  -30.844  -21.097 0.4000000060
123148  30.131  -31.200  -20.820 0.4000000060
53099  29.237  -32.238  -20.389 0.4000000060
54918  33.856  -29.996  -22.041 0.4000000060
54001  33.222  -30.680  -21.777 0.4000000060
54003  31.426  -30.334  -21.340 0.4000000060
137482  29.495  -30.704  -20.746 0.4000000060
53100  28.559  -31.489  -20.367 0.4000000060
52132  28.355  -32.251  -20.066 0.4000000060
135771  27.282  -32.933  -19.660 0.4000000060
52133  27.453  -32.304  -19.961 0.4000000060
51143  26.139  -34.070  -19.437 0.4000000060
54935  35.528  -29.072  -23.867 0.5000000000
54936  35.234  -29.467  -23.213 0.5000000000
133937  34.135  -29.209  -22.246 0.5000000000
54905  32.834  -29.845  -21.753 0.4000000060
54906  31.915  -29.692  -21.541 0.4000000060
54004  30.011  -30.272  -21.004 0.4000000060
56001  34.737  -28.789  -22.708 0.5000000000
55991  32.379  -29.059  -21.744 0.4000000060
54908  30.102  -29.512  -21.391 0.4000000060
144401  29.635  -29.784  -21.223 0.4000000060
56002  33.869  -28.476  -22.301 0.4000000060
142055  32.682  -28.656  -21.899 0.4000000060
56003  32.095  -28.276  -21.923 0.4000000060
55992  31.483  -28.886  -21.679 0.4000000060
55994  29.687  -28.945  -21.720 0.4000000060
57075  33.474  -27.679  -22.406 0.4000000060
58088  32.998  -26.900  -22.572 0.4000000060
58089  31.985  -26.876  -22.619 0.4000000060
57077  31.540  -27.564  -22.335 0.4000000060
57078  30.612  -27.618  -22.500 0.4000000060
56034  35.758  -27.923  -24.520 0.5000000000
58096  35.161  -26.669  -23.672 0.5000000000
58087  33.966  -27.017  -22.715 0.4000000060
58099  32.453  -26.183  -22.919 0.4000000060
58090  31.018  -26.949  -22.796 0.4000000060
57088  30.121  -27.126  -23.064 0.3000000119
57118  36.080  -27.053  -25.429 0.5000000000
57074  34.364  -27.868  -22.687 0.5000000000
56004  31.079  -28.179  -22.012 0.4000000060
56006  29.679  -28.439  -22.132 0.4000000060
57076  32.514  -27.582  -22.291 0.4000000060
56005  30.301  -28.152  -22.207 0.4000000060
140741  35.401  -26.183  -24.207 0.5000000000
58097  34.412  -26.405  -23.186 0.5000000000
58098  33.484  -26.221  -22.901 0.4000000060
58101  30.549  -26.451  -23.413 0.3000000119
59097  35.896  -25.373  -25.363 0.5000000000
59085  34.826  -25.842  -23.720 0.5000000000
59078  33.969  -25.589  -23.321 0.4000000060
59079  32.923  -25.514  -23.287 0.4000000060
59080  31.895  -25.583  -23.474 0.4000000060
58100  31.465  -26.282  -23.141 0.3000000119
58109  30.102  -25.969  -24.025 0.3000000119
124855  29.687  -26.624  -23.648 0.3000000119
59115  36.184  -25.402  -26.275 0.4000000060
60061  36.136  -24.487  -26.590 0.5000000000
59086  34.397  -25.032  -23.835 0.3000000119
59087  33.394  -24.886  -23.683 0.4000000060
59088  32.337  -24.906  -23.839 0.4000000060
59089  31.374  -25.072  -24.122 0.3000000119
59081  30.955  -25.751  -23.746 0.3000000119
59091  29.670  -25.490  -24.592 0.3000000119
58110  29.290  -26.165  -24.240 0.3000000119
124887  35.292  -25.328  -24.431 0.3000000119
130485  35.947  -24.748  -25.787 0.4000000060
60997  35.850  -23.306  -28.463 0.4000000060
140035  33.839  -24.416  -24.050 0.3000000119
135762  31.787  -24.436  -24.461 0.3000000119
60043  30.916  -24.540  -24.778 0.3000000119
59090  30.500  -25.280  -24.397 0.3000000119
58111  28.506  -26.319  -24.400 0.3000000119
124883  27.820  -26.448  -24.532 0.3000000119
60041  34.641  -24.452  -24.383 0.3000000119
60044  30.031  -24.819  -24.972 0.3000000119
59092  28.879  -25.671  -24.746 0.3000000119
59100  27.691  -25.397  -25.428 0.3000000119
60040  35.421  -24.481  -25.065 0.3000000119
60048  35.739  -24.051  -25.753 0.3000000119
60973  36.058  -22.934  -26.756 0.3000000119
60990  36.128  -23.086  -27.638 0.4000000060
62714  35.360  -22.106  -29.057 0.4000000060
127115  34.386  -20.915  -29.603 0.4000000060
63570  32.229  -20.611  -30.946 0.4000000060
58112  27.229  -26.164  -24.966 0.3000000119
60957  34.472  -23.064  -24.980 0.3000000119
60950  33.841  -23.766  -24.478 0.3000000119
60949  34.755  -23.866  -24.776 0.3000000119
138323  35.225  -23.653  -25.252 0.3000000119
133030  35.612  -22.745  -25.969 0.3000000119
61852  36.075  -22.367  -27.264 0.3000000119
62694  35.756  -20.870  -27.662 0.3000000119
121467  35.634  -21.512  -28.396 0.4000000060
62706  35.099  -21.274  -29.127 0.4000000060
63559  33.629  -20.356  -30.131 0.4000000060
64433  33.055  -19.564  -30.447 0.4000000060
64434  32.376  -19.727  -30.856 0.4000000060
143571  31.900  -19.193  -31.034 0.4000000060
60956  35.548  -23.423  -25.726 0.3000000119
125878  35.395  -20.719  -28.550 0.3000000119
63548  35.158  -19.889  -28.745 0.3000000119
64424  33.783  -19.400  -29.911 0.4000000060
65300  33.139  -18.719  -30.272 0.4000000060
121826  32.431  -18.942  -30.691 0.4000000060
66143  31.901  -17.475  -30.837 0.4000000060
66152  31.160  -17.539  -31.222 0.4000000060
66153  30.358  -17.589  -31.462 0.4000000060
64410  35.574  -19.503  -28.014 0.3000000119
64411  35.172  -18.973  -28.543 0.3000000119
64423  34.551  -19.207  -29.274 0.3000000119
65293  33.952  -18.472  -29.743 0.4000000060
124909  33.214  -17.849  -30.155 0.4000000060
65301  32.466  -18.101  -30.548 0.4000000060
66142  32.574  -17.259  -30.465 0.3000000119
67007  31.471  -16.780  -31.103 0.4000000060
67015  30.625  -16.713  -31.432 0.3000000119
67016  29.786  -16.982  -31.612 0.3000000119
120749  28.966  -17.172  -31.793 0.4000000060
144369  29.933  -16.294  -31.677 0.3000000119
123603  29.226  -16.401  -31.854 0.3000000119
65276  35.534  -18.690  -27.825 0.3000000119
65277  35.255  -18.115  -28.436 0.3000000119
142774  34.327  -18.033  -29.452 0.3000000119
66132  33.951  -17.626  -29.724 0.3000000119
127353  33.352  -16.906  -30.060 0.3000000119
126474  33.285  -15.956  -30.193 0.3000000119
67006  32.596  -16.418  -30.496 0.3000000119
67939  31.871  -16.029  -30.956 0.3000000119
128643  31.155  -16.130  -31.324 0.3000000119
67948  30.456  -15.710  -31.644 0.3000000119
127159  31.302  -15.409  -31.417 0.3000000119
122031  35.493  -17.793  -27.547 0.3000000119
66131  34.695  -17.586  -29.096 0.3000000119
66994  33.882  -16.300  -29.821 0.3000000119
67938  33.345  -15.024  -30.302 0.3000000119
121258  32.590  -15.558  -30.615 0.3000000119
67947  32.019  -15.130  -31.096 0.3000000119
68893  30.741  -14.828  -31.842 0.3000000119
68892  31.526  -14.611  -31.589 0.3000000119
69878  31.281  -13.469  -32.294 0.3000000119
136772  35.255  -28.743  -23.307 0.5000000000
56015  35.484  -28.322  -23.786 0.5000000000
44251  23.838  -41.262  -33.436 0.6000000238
44275  23.201  -42.042  -34.327 0.5000000000
44274  23.493  -41.517  -34.423 0.5000000000
45227  26.088  -40.457  -35.078 0.5000000000
46144  28.989  -39.134  -34.513 0.5000000000
144518  27.741  -40.246  -35.170 0.5000000000
132634  26.598  -39.911  -35.045 0.5000000000
46076  23.764  -39.744  -28.219 0.6000000238
132031  23.432  -39.036  -28.457 0.6000000238
46078  22.755  -38.690  -28.857 0.6000000238
46989  22.019  -37.741  -29.042 0.5000000000
47833  21.297  -36.661  -29.054 0.5000000000
48650  20.608  -35.823  -28.820 0.5000000000
48641  19.443  -35.648  -29.145 0.5000000000
47812  20.047  -36.121  -27.761 0.4000000060
47790  20.787  -36.355  -27.272 0.4000000060
46943  21.002  -37.370  -26.759 0.4000000060
130754  22.272  -38.456  -26.346 0.4000000060
46913  25.719  -38.188  -23.897 0.3000000119
46900  26.281  -38.027  -22.370 0.4000000060
49400  25.026  -35.941  -19.788 0.4000000060
47715  26.346  -37.378  -21.416 0.4000000060
50226  25.470  -34.435  -19.486 0.4000000060
53116  28.775  -30.735  -20.661 0.4000000060
52134  26.467  -32.476  -19.950 0.4000000060
52123  24.990  -32.998  -19.808 0.4000000060
53994  27.920  -30.862  -20.690 0.4000000060
53102  26.796  -31.700  -20.438 0.4000000060
133354  29.321  -29.399  -21.473 0.4000000060
53995  27.091  -31.045  -20.855 0.4000000060
57079  29.670  -27.795  -22.652 0.4000000060
57089  29.255  -27.279  -23.303 0.4000000060
55995  28.933  -28.810  -22.001 0.4000000060
123568  29.074  -28.247  -22.472 0.4000000060
58102  28.862  -26.780  -23.852 0.3000000119
57101  28.068  -26.915  -24.058 0.3000000119
57091  27.584  -27.519  -23.686 0.3000000119
47036  30.033  -38.557  -33.501 0.5000000000
46030  24.158  -38.761  -25.526 0.4000000060
49383  24.391  -35.320  -19.733 0.4000000060
50227  24.696  -34.362  -19.539 0.4000000060
54006  28.201  -30.171  -21.108 0.4000000060
54007  27.338  -30.396  -21.271 0.4000000060
46926  23.184  -38.525  -26.012 0.4000000060
47049  26.186  -38.559  -34.688 0.5000000000
131463  31.597  -32.160  -21.444 0.4000000060
142547  35.918  -27.461  -24.938 0.5000000000
65311  30.825  -18.315  -31.359 0.4000000060
65302  31.708  -18.375  -31.005 0.4000000060
45228  24.931  -40.363  -34.722 0.6000000238
46146  27.650  -39.212  -35.113 0.5000000000
45214  28.571  -39.828  -34.765 0.5000000000
121812  27.272  -34.874  -19.781 0.4000000060
138036  26.675  -34.710  -19.562 0.4000000060
48516  26.431  -36.476  -20.555 0.4000000060
134347  34.686  -29.737  -22.553 0.5000000000
54002  32.319  -30.540  -21.541 0.4000000060
52122  25.820  -33.131  -19.637 0.4000000060
54919  33.268  -29.072  -21.971 0.4000000060
55993  30.466  -28.763  -21.741 0.4000000060
57100  35.701  -26.980  -24.450 0.5000000000
57086  35.387  -27.517  -23.731 0.5000000000
57087  34.778  -27.243  -23.143 0.5000000000
56016  35.059  -28.072  -23.172 0.5000000000
58108  35.856  -26.167  -24.915 0.5000000000
124857  35.915  -23.558  -26.281 0.3000000119
124688  36.168  -23.733  -27.158 0.4000000060
142192  34.932  -20.569  -29.130 0.4000000060
63558  34.431  -20.056  -29.492 0.4000000060
137483  35.201  -23.063  -25.456 0.3000000119
141990  32.071  -16.792  -30.757 0.3000000119
65292  34.700  -18.407  -29.119 0.3000000119
66116  35.249  -17.276  -28.311 0.3000000119
126086  34.196  -16.895  -29.505 0.3000000119
66993  34.488  -16.158  -29.308 0.3000000119
68905  31.037  -14.093  -32.094 0.3000000119
52135  25.465  -32.393  -20.184 0.4000000060
123888  21.777  -42.940  -29.204 0.4000000060
133094  21.121  -41.865  -29.491 0.4000000060
133215  20.531  -41.664  -29.984 0.4000000060
45165  20.569  -40.118  -30.228 0.3000000119
44225  21.613  -41.222  -29.275 0.4000000060
46091  20.061  -39.066  -30.559 0.3000000119
40695  24.122  -45.079  -33.458 0.5000000000
46090  21.036  -39.182  -29.841 0.5000000000
46991  20.267  -37.904  -30.263 0.3000000119
41554  23.713  -44.190  -33.481 0.5000000000
42437  23.336  -43.373  -33.692 0.5000000000
40696  23.175  -44.784  -33.723 0.5000000000
46089  21.898  -38.863  -29.316 0.5000000000
46990  21.152  -37.811  -29.536 0.4000000060
43344  23.793  -42.823  -33.406 0.5000000000
143589  22.565  -43.634  -34.425 0.5000000000
42453  22.594  -43.240  -34.605 0.3000000119
43345  23.136  -42.627  -33.950 0.5000000000
43353  22.949  -42.631  -34.405 0.4000000060
43362  22.914  -42.618  -34.580 0.4000000060
42463  23.455  -43.193  -35.269 0.3000000119
43373  23.206  -42.487  -34.949 0.3000000119
42462  24.731  -43.383  -35.653 0.3000000119
43372  24.311  -42.545  -35.329 0.3000000119
44285  27.099  -41.645  -35.392 0.3000000119
43371  25.698  -42.659  -35.622 0.3000000119
44287  24.990  -41.826  -35.297 0.4000000060
44288  23.847  -41.873  -34.996 0.4000000060
46965  19.354  -37.227  -27.897 0.3000000119
45225  28.082  -40.547  -34.968 0.4000000060
128608  26.563  -41.020  -35.293 0.4000000060
135215  20.619  -38.456  -26.885 0.3000000119
46870  26.031  -38.024  -21.747 0.3000000119
48517  25.534  -36.554  -20.232 0.3000000119
47710  25.186  -37.212  -20.618 0.3000000119
48518  24.583  -36.541  -20.218 0.3000000119
47711  24.439  -37.234  -20.648 0.3000000119
143981  24.463  -35.944  -19.926 0.3000000119
51145  24.628  -33.558  -19.629 0.3000000119
53103  25.905  -31.740  -20.582 0.3000000119
52136  24.599  -32.337  -20.322 0.3000000119
51156  24.197  -33.014  -19.861 0.3000000119
51158  22.629  -33.482  -20.072 0.3000000119
54909  28.513  -29.478  -21.542 0.3000000119
54910  27.612  -29.680  -21.683 0.3000000119
131153  26.631  -30.617  -21.367 0.3000000119
53118  25.458  -31.157  -21.196 0.3000000119
53104  25.061  -31.707  -20.726 0.3000000119
56007  28.373  -28.399  -22.582 0.3000000119
54920  27.990  -28.977  -22.117 0.3000000119
54911  26.671  -29.971  -21.874 0.3000000119
54008  25.870  -30.516  -21.701 0.3000000119
54009  24.949  -30.683  -21.761 0.3000000119
56009  26.732  -28.798  -22.893 0.3000000119
54922  26.347  -29.426  -22.500 0.3000000119
54023  25.256  -30.060  -22.264 0.3000000119
57080  28.779  -27.840  -22.939 0.3000000119
56017  27.966  -27.983  -23.132 0.3000000119
56008  27.545  -28.584  -22.741 0.3000000119
54937  26.065  -29.015  -22.935 0.3000000119
40708  25.216  -45.677  -33.531 0.5000000000
130741  27.372  -40.746  -35.193 0.4000000060
133649  21.424  -38.472  -26.583 0.3000000119
51157  23.393  -33.262  -19.880 0.3000000119
54921  27.129  -29.241  -22.313 0.3000000119
47844  19.381  -36.853  -30.583 0.3000000119
48651  19.795  -35.664  -29.389 0.3000000119
47813  19.330  -36.000  -28.501 0.3000000119
34934  24.809  -51.387  -29.978 0.4000000060
34944  24.020  -51.382  -30.373 0.4000000060
132422  23.456  -49.934  -30.550 0.4000000060
36881  22.165  -49.202  -30.914 0.4000000060
37867  22.052  -48.339  -30.835 0.3000000119
36879  23.567  -49.263  -30.431 0.4000000060
133335  22.916  -48.625  -30.609 0.4000000060
131751  22.555  -47.851  -30.581 0.4000000060
38875  28.623  -47.597  -33.111 0.3000000119
38851  23.294  -47.679  -30.280 0.4000000060
143559  21.603  -46.221  -30.546 0.3000000119
41523  21.050  -44.871  -30.174 0.3000000119
39760  22.699  -46.376  -30.128 0.4000000060
42406  20.290  -43.289  -30.008 0.3000000119
41524  20.044  -44.653  -30.497 0.3000000119
43321  19.964  -41.940  -30.411 0.3000000119
40660  21.920  -45.112  -29.983 0.4000000060
41514  20.668  -44.063  -29.971 0.3000000119
43313  20.582  -42.485  -29.802 0.3000000119
34945  23.112  -51.333  -30.752 0.4000000060
36880  22.925  -49.573  -30.774 0.4000000060
44236  20.089  -40.956  -30.550 0.3000000119
34933  25.572  -51.413  -29.578 0.3000000119
126518  19.289  -41.395  -30.905 0.3000000119
32734  29.054  -53.200  -28.790 0.4000000060
32735  28.231  -53.189  -28.800 0.4000000060
32746  29.834  -53.209  -29.003 0.4000000060
32747  28.678  -53.865  -28.930 0.4000000060
33833  28.687  -52.644  -28.647 0.4000000060
33835  27.384  -52.151  -28.834 0.4000000060
33848  26.747  -52.198  -29.129 0.4000000060
33850  25.219  -52.136  -29.875 0.3000000119
34919  29.514  -51.680  -28.517 0.4000000060
34930  31.306  -51.827  -29.724 0.3000000119
34943  31.465  -52.020  -30.295 0.4000000060
35887  29.440  -50.394  -28.162 0.4000000060
35888  28.530  -50.530  -28.229 0.5000000000
35899  31.401  -51.067  -29.488 0.4000000060
35900  30.819  -50.903  -28.793 0.5000000000
35915  23.683  -50.582  -30.474 0.4000000060
35916  23.000  -50.386  -30.808 0.4000000060
35917  22.304  -50.059  -31.026 0.4000000060
36830  29.398  -49.106  -27.683 0.6000000238
36847  31.391  -49.477  -28.856 0.5000000000
36863  26.287  -49.934  -28.969 0.5000000000
36865  24.887  -49.135  -29.640 0.5000000000
36866  24.210  -49.103  -30.071 0.5000000000
36878  24.084  -49.852  -30.223 0.5000000000
36887  21.527  -49.761  -31.255 0.4000000060
36898  30.376  -49.629  -32.153 0.4000000060
37820  30.242  -48.229  -27.560 0.6000000238
37823  28.264  -48.145  -27.496 0.6000000238
37841  28.118  -49.283  -27.913 0.5000000000
37842  27.818  -48.674  -27.836 0.5000000000
37844  25.903  -48.185  -28.805 0.5000000000
37852  31.686  -48.467  -28.936 0.5000000000
37855  23.756  -48.471  -30.223 0.4000000060
37865  31.766  -48.607  -30.171 0.5000000000
38803  29.880  -47.699  -27.241 0.6000000238
38804  28.918  -47.706  -27.208 0.6000000238
38838  31.987  -47.012  -29.595 0.6000000238
38839  25.431  -47.438  -29.007 0.5000000000
38850  31.174  -47.479  -30.956 0.4000000060
38852  22.630  -47.139  -30.418 0.4000000060
38874  29.139  -47.508  -32.700 0.5000000000
38885  28.025  -47.251  -33.357 0.6000000238
39721  31.034  -46.794  -27.195 0.6000000238
39723  28.591  -46.875  -27.002 0.6000000238
39724  27.761  -46.697  -27.262 0.6000000238
39745  26.339  -46.626  -28.149 0.6000000238
39747  25.105  -45.914  -28.914 0.5000000000
39758  24.451  -46.472  -29.446 0.5000000000
39771  22.050  -46.650  -30.472 0.4000000060
40615  28.765  -45.454  -26.472 0.6000000238
40628  27.373  -45.952  -27.247 0.6000000238
40648  24.121  -44.849  -29.126 0.6000000238
40657  24.271  -45.581  -29.277 0.6000000238
40666  32.001  -45.551  -29.688 0.8000000119
40668  22.067  -45.920  -30.229 0.4000000060
40669  21.389  -45.626  -30.392 0.3000000119
40678  29.911  -45.081  -31.439 0.8000000119
40694  25.320  -44.778  -33.236 0.6000000238
41471  30.846  -44.785  -26.265 0.8999999762
41473  28.472  -44.664  -26.295 0.6999999881
41486  25.835  -44.353  -28.030 0.6999999881
41497  32.451  -44.401  -27.717 0.8000000119
41498  32.429  -44.575  -28.603 0.8000000119
41499  25.112  -44.304  -28.433 0.6999999881
41511  31.474  -44.216  -30.112 0.8999999762
41550  28.488  -44.659  -32.101 0.8000000119
41561  22.744  -44.031  -34.033 0.5000000000
41573  22.489  -44.166  -34.551 0.5000000000
42347  30.568  -43.398  -25.574 0.8999999762
42361  32.346  -43.468  -26.894 0.8999999762
42376  26.411  -42.915  -27.256 0.8999999762
42392  22.958  -43.641  -28.932 0.6000000238
42403  30.627  -43.810  -30.584 0.8000000119
42405  21.160  -43.352  -29.539 0.4000000060
42415  19.562  -43.243  -30.542 0.3000000119
42423  29.160  -43.583  -31.338 0.8000000119
42445  22.752  -43.231  -34.291 0.4000000060
42464  22.754  -43.003  -34.864 0.3000000119
43259  28.118  -42.560  -25.558 0.8999999762
43299  24.447  -41.997  -28.055 0.6999999881
43300  23.565  -42.072  -28.289 0.5000000000
43311  21.918  -42.127  -29.075 0.5000000000
43312  21.293  -42.577  -29.375 0.4000000060
43343  24.591  -42.629  -33.038 0.6999999881
44183  26.694  -40.948  -26.792 0.8999999762
44209  32.473  -41.152  -27.916 1.0000000000
44210  32.047  -41.199  -28.582 1.0000000000
44223  30.812  -41.164  -29.737 1.0000000000
44226  20.946  -41.052  -29.915 0.4000000060
44233  30.185  -41.152  -30.182 0.8999999762
44252  23.728  -42.160  -33.454 0.6000000238
44264  23.216  -41.944  -33.984 0.5000000000
44286  26.169  -41.784  -35.429 0.4000000060
44289  23.218  -42.127  -34.560 0.4000000060
45082  31.211  -40.577  -24.388 0.8999999762
45086  28.093  -39.868  -24.865 0.8999999762
45102  31.852  -40.459  -24.809 0.8999999762
45103  28.152  -41.185  -25.058 0.8999999762
45118  26.714  -40.160  -26.744 0.8999999762
45136  26.320  -40.343  -27.149 0.8000000119
45137  25.721  -40.403  -27.497 0.8000000119
45152  23.416  -40.545  -28.287 0.6000000238
45184  28.055  -40.957  -31.397 0.8000000119
45215  28.018  -39.809  -35.144 0.5000000000
45216  23.799  -40.689  -34.288 0.5000000000
45226  27.355  -39.950  -35.195 0.5000000000
45996  31.294  -39.263  -23.696 0.8999999762
45999  28.761  -38.663  -23.796 1.0000000000
46013  29.083  -39.604  -23.983 0.8999999762
46046  26.458  -39.437  -26.987 0.6999999881
46064  24.560  -39.646  -28.004 0.6999999881
46074  32.291  -39.714  -28.127 1.0000000000
46077  23.070  -39.746  -28.548 0.6000000238
46098  29.932  -39.231  -30.238 0.8999999762
46109  27.654  -39.316  -31.865 0.8999999762
46111  24.861  -38.960  -32.451 0.8000000119
46112  23.932  -38.687  -32.443 0.8999999762
46148  25.109  -39.529  -34.542 0.6000000238
46157  27.006  -39.381  -35.092 0.5000000000
46159  25.835  -39.921  -34.811 0.5000000000
46922  27.428  -37.660  -25.367 0.6999999881
46938  32.921  -38.820  -26.286 0.8999999762
46940  26.702  -38.500  -26.590 0.8000000119
46941  22.662  -37.242  -26.236 0.4000000060
46962  25.568  -38.531  -27.536 0.6999999881
46964  20.246  -37.277  -27.216 0.3000000119
46976  23.510  -37.977  -28.543 0.6999999881
47014  24.957  -37.877  -31.969 0.8999999762
47709  25.978  -37.125  -20.774 0.4000000060
47716  25.636  -37.695  -21.142 0.3000000119
47746  31.462  -37.888  -23.146 0.8999999762
47759  32.856  -38.389  -25.003 1.0000000000
47761  27.607  -36.542  -24.866 0.8000000119
47763  24.774  -36.854  -24.876 0.4000000060
47786  25.971  -36.326  -27.037 0.6999999881
47788  22.080  -36.647  -26.622 0.4000000060
47808  25.801  -37.497  -27.389 0.6000000238
47811  23.812  -36.409  -27.977 0.6000000238
47820  31.752  -37.306  -28.886 1.0000000000
47823  21.373  -36.136  -28.393 0.4000000060
47834  20.281  -36.466  -29.718 0.5000000000
47835  19.399  -35.969  -30.089 0.3000000119
47854  27.281  -36.953  -31.953 0.8999999762
47867  23.338  -37.660  -32.397 0.8999999762
47879  29.843  -37.757  -33.930 0.5000000000
47893  24.859  -37.857  -34.212 0.6000000238
48541  32.385  -36.092  -22.710 0.8000000119
48556  26.196  -36.032  -23.641 0.5000000000
48570  32.862  -37.163  -23.987 1.0000000000
48574  25.219  -36.062  -24.674 0.4000000060
48586  26.674  -35.699  -25.725 0.6999999881
48588  24.028  -36.061  -25.898 0.6000000238
48601  25.681  -35.682  -26.686 0.6999999881
48603  22.956  -36.105  -26.915 0.5000000000
48624  23.694  -35.929  -27.461 0.6000000238
48625  22.919  -36.057  -27.410 0.6000000238
48626  21.422  -36.094  -27.723 0.5000000000
48627  20.698  -35.803  -27.920 0.4000000060
48628  19.986  -35.663  -28.373 0.4000000060
48640  20.251  -35.641  -28.607 0.5000000000
48662  24.226  -36.416  -31.702 0.8999999762
48673  25.652  -35.979  -31.586 0.8999999762
48684  23.384  -36.382  -32.434 0.8999999762
48695  24.694  -36.025  -33.642 0.8000000119
48696  23.843  -36.299  -33.261 0.8000000119
48707  29.303  -36.793  -34.367 0.5000000000
49382  25.257  -35.164  -19.570 0.4000000060
49397  27.581  -35.241  -20.377 0.4000000060
49398  26.810  -35.294  -19.792 0.4000000060
49399  26.039  -35.810  -19.831 0.4000000060
49413  28.943  -34.835  -21.752 0.4000000060
49424  31.800  -35.557  -22.081 0.8000000119
49444  27.091  -35.279  -23.574 0.4000000060
49463  27.595  -35.301  -23.982 0.6000000238
49466  25.917  -35.462  -24.474 0.6000000238
49476  26.735  -35.340  -25.152 0.6999999881
49480  24.110  -35.839  -26.198 0.6000000238
49490  25.756  -35.504  -26.232 0.6999999881
49493  23.850  -35.829  -26.609 0.5000000000
49532  23.879  -34.978  -31.584 0.8999999762
49557  23.503  -35.866  -32.747 0.8999999762
49585  26.570  -35.642  -34.273 0.8000000119
50268  33.395  -34.113  -22.561 0.8000000119
50284  33.647  -34.697  -23.260 0.6999999881
50335  25.812  -33.991  -31.146 0.8999999762
50338  23.528  -34.320  -31.641 0.8999999762
50349  29.976  -34.451  -31.275 1.0000000000
50351  28.355  -34.613  -31.600 0.8999999762
50394  29.453  -34.864  -34.764 0.6000000238
51144  25.276  -33.731  -19.525 0.4000000060
51154  27.664  -33.670  -19.648 0.4000000060
51177  29.803  -33.021  -20.912 0.4000000060
51284  23.378  -33.910  -32.165 0.8999999762
52164  32.760  -32.747  -21.841 0.5000000000
52181  35.022  -32.392  -25.458 0.6999999881
52226  29.470  -33.004  -31.418 1.0000000000
52227  28.776  -32.598  -31.329 1.0000000000
52231  23.589  -33.085  -31.515 0.8999999762
52257  26.384  -32.876  -33.781 0.6999999881
52259  23.598  -33.309  -32.407 0.8999999762
53101  27.683  -31.581  -20.336 0.4000000060
53115  29.393  -31.411  -20.553 0.4000000060
53117  26.275  -31.126  -21.037 0.3000000119
53132  32.340  -32.063  -21.585 0.4000000060
53154  35.037  -31.862  -25.883 0.6999999881
53176  32.288  -31.415  -28.843 0.8000000119
53177  31.828  -31.087  -29.449 1.0000000000
53195  26.902  -31.547  -30.561 1.0000000000
53196  25.900  -31.138  -30.209 1.0000000000
53211  27.587  -31.925  -30.947 1.0000000000
53230  27.855  -31.825  -34.114 0.6999999881
53243  30.311  -31.886  -34.997 0.6000000238
54005  29.127  -30.021  -21.028 0.4000000060
54020  34.526  -30.490  -22.452 0.5000000000
54022  25.945  -29.916  -22.228 0.3000000119
54064  33.509  -31.104  -27.457 0.8000000119
54134  29.242  -31.129  -34.446 0.6000000238
54907  31.005  -29.522  -21.444 0.4000000060
54984  33.013  -29.323  -28.235 0.8000000119
54994  29.406  -29.432  -29.871 1.0000000000
55018  23.507  -29.716  -31.733 0.8999999762
55019  23.182  -28.835  -31.740 0.8999999762
55029  23.737  -29.873  -32.288 0.8999999762
55040  28.479  -29.510  -33.634 0.6999999881
56082  33.904  -28.999  -27.843 0.8000000119
56118  29.507  -28.436  -30.349 0.8000000119
56119  28.852  -28.305  -30.486 0.8999999762
56130  22.957  -28.020  -31.704 0.8999999762
56141  23.087  -28.408  -32.291 0.8000000119
57145  35.127  -27.995  -27.609 0.6999999881
57185  33.005  -26.825  -30.229 0.8000000119
57190  28.695  -27.678  -30.815 0.8999999762
57194  23.740  -27.416  -30.824 0.8999999762
57203  22.938  -27.279  -31.714 0.8999999762
57232  24.157  -27.477  -33.136 0.8000000119
57233  23.388  -27.961  -32.741 0.8999999762
58152  35.169  -26.761  -28.431 0.6999999881
58166  32.370  -26.393  -30.743 0.8000000119
58167  31.450  -26.800  -30.937 0.8000000119
58182  23.106  -26.588  -31.531 0.8000000119
58206  28.319  -26.617  -33.485 0.5000000000
59093  28.102  -25.871  -24.904 0.3000000119
59098  29.261  -25.066  -25.142 0.3000000119
59146  35.153  -25.326  -29.208 0.6000000238
59164  31.279  -25.534  -31.348 0.8000000119
60076  36.109  -23.769  -27.954 0.4000000060
60113  30.445  -24.742  -31.450 0.6999999881
60115  28.945  -24.028  -31.386 0.6999999881
61022  26.397  -23.666  -31.032 0.8999999762
61023  25.415  -23.317  -31.031 0.8999999762
61037  32.272  -23.006  -31.013 0.6999999881
61038  31.544  -23.482  -31.303 0.6999999881
61066  25.193  -23.026  -33.182 0.6000000238
61067  24.372  -22.681  -32.464 0.8000000119
61818  35.043  -22.376  -25.481 0.3000000119
61882  33.384  -22.702  -30.469 0.5000000000
61904  24.268  -22.397  -31.903 0.8000000119
61914  24.184  -22.095  -32.176 0.8000000119
61924  25.033  -22.246  -33.170 0.6000000238
62729  25.844  -21.752  -31.334 0.8000000119
62742  31.753  -21.356  -31.160 0.5000000000
62743  31.017  -21.486  -31.428 0.5000000000
62744  30.279  -21.519  -31.520 0.6999999881
62747  27.333  -21.556  -31.441 0.8000000119
62749  24.267  -21.775  -31.999 0.6999999881
62768  26.060  -21.688  -33.675 0.6000000238
63547  35.576  -20.200  -28.104 0.3000000119
63572  25.080  -20.815  -31.663 0.8000000119
63573  24.648  -21.110  -31.784 0.8000000119
63587  28.991  -20.889  -31.486 0.6999999881
63590  24.722  -20.448  -31.948 0.8000000119
63606  25.818  -20.915  -33.685 0.6000000238
63608  24.524  -20.196  -32.965 0.6000000238
63617  24.893  -19.919  -33.312 0.6000000238
64444  31.684  -19.855  -31.217 0.4000000060
64452  24.620  -20.107  -32.395 0.6999999881
64459  24.687  -19.245  -32.700 0.6000000238
64460  24.585  -19.781  -32.809 0.6999999881
64482  24.821  -19.218  -33.282 0.6000000238
65313  28.135  -18.681  -31.809 0.6999999881
65343  24.932  -17.849  -33.864 0.6000000238
66154  29.582  -17.770  -31.619 0.5000000000
66155  28.063  -17.309  -32.023 0.5000000000
66167  24.771  -17.558  -33.185 0.6000000238
67018  27.389  -16.588  -32.303 0.5000000000
67050  24.845  -16.074  -34.014 0.6000000238
67055  27.088  -15.620  -34.619 0.4000000060
67057  25.316  -15.779  -34.212 0.6000000238
67952  26.675  -15.860  -32.636 0.4000000060
67962  25.076  -16.043  -33.634 0.6000000238
67986  25.329  -15.419  -34.087 0.6000000238
67991  27.921  -14.464  -35.069 0.4000000060
67993  26.380  -15.108  -34.473 0.6000000238
68933  26.308  -14.443  -34.173 0.4000000060
68934  25.879  -14.892  -34.224 0.6000000238
69879  30.559  -13.488  -32.550 0.4000000060
69909  32.495  -13.098  -35.324 0.3000000119
69914  27.911  -12.957  -35.046 0.4000000060
69915  26.911  -14.083  -34.447 0.4000000060
70916  30.052  -12.797  -33.137 0.4000000060
120363  28.945  -18.941  -34.514 0.5000000000
120520  27.454  -13.607  -34.724 0.4000000060
120669  30.128  -18.256  -31.536 0.4000000060
121122  31.190  -46.044  -26.934 0.6000000238
121425  27.755  -20.921  -34.278 0.5000000000
122048  25.987  -37.779  -32.122 0.8999999762
122310  27.022  -35.834  -20.453 0.4000000060
122329  24.637  -34.814  -31.381 0.8999999762
122359  34.845  -16.756  -28.838 0.3000000119
123722  25.875  -36.603  -31.761 0.8999999762
123791  23.818  -43.582  -28.620 0.6000000238
123841  30.620  -48.906  -31.738 0.4000000060
123969  32.998  -28.274  -22.085 0.4000000060
124657  27.672  -27.087  -33.538 0.6999999881
124755  25.534  -41.088  -35.182 0.5000000000
125474  26.039  -35.298  -25.223 0.6000000238
125545  28.662  -46.258  -32.632 0.6000000238
125582  30.889  -48.171  -31.350 0.4000000060
125805  29.953  -51.052  -28.420 0.4000000060
125877  25.601  -38.155  -34.493 0.6999999881
126220  31.336  -41.857  -25.113 0.8999999762
126496  33.107  -33.443  -22.150 0.5000000000
126535  25.980  -52.177  -29.487 0.4000000060
126660  23.479  -36.991  -32.250 0.8999999762
127128  26.519  -37.909  -34.646 0.5000000000
127471  29.563  -19.325  -31.657 0.6999999881
127853  25.778  -42.923  -27.702 0.6999999881
128803  29.812  -24.230  -31.442 0.6999999881
129297  27.431  -43.789  -26.523 0.6999999881
130005  24.889  -37.222  -34.051 0.8000000119
130076  30.542  -35.926  -30.563 1.0000000000
131209  34.249  -25.937  -29.780 0.6999999881
131226  31.737  -49.000  -29.419 0.5000000000
131800  28.340  -51.206  -28.405 0.4000000060
132088  31.396  -50.280  -29.187 0.5000000000
132444  24.751  -49.933  -29.842 0.5000000000
132599  19.919  -43.854  -30.309 0.3000000119
133087  29.200  -14.955  -34.997 0.4000000060
133111  30.680  -30.078  -21.215 0.4000000060
133144  29.458  -39.903  -30.511 0.8999999762
133277  26.359  -42.961  -32.490 0.6999999881
133740  19.916  -42.683  -30.284 0.3000000119
133913  27.189  -35.200  -24.093 0.6000000238
133966  21.780  -39.762  -29.397 0.6000000238
133971  25.380  -41.024  -27.683 0.6999999881
134093  26.804  -36.540  -22.467 0.4000000060
134507  24.031  -47.787  -29.966 0.5000000000
134548  24.226  -23.990  -31.351 0.8000000119
134877  33.575  -36.115  -26.594 1.0000000000
134978  31.982  -32.704  -29.921 1.0000000000
135367  31.036  -33.505  -21.673 0.6000000238
136562  27.089  -30.374  -33.553 0.6999999881
136740  30.537  -38.988  -29.803 1.0000000000
137412  32.803  -37.826  -24.491 0.8999999762
137418  32.594  -40.192  -25.955 0.8999999762
137470  33.841  -36.127  -25.120 0.8999999762
137858  26.206  -15.315  -33.087 0.4000000060
137933  24.408  -21.368  -31.964 0.8000000119
138494  29.235  -29.118  -33.596 0.6000000238
138597  23.888  -37.144  -28.299 0.6000000238
139200  33.215  -34.038  -27.828 1.0000000000
139523  25.486  -38.440  -32.240 0.8999999762
139990  32.865  -33.651  -28.318 1.0000000000
140440  30.345  -32.435  -35.098 0.6000000238
140515  32.562  -43.136  -27.953 1.0000000000
140685  27.155  -48.582  -28.176 0.5000000000
140981  31.760  -47.745  -30.120 0.6000000238
141412  27.784  -44.414  -26.488 0.6999999881
141461  25.557  -42.435  -27.739 0.6999999881
141593  32.415  -41.751  -28.196 1.0000000000
141949  30.172  -35.650  -30.944 1.0000000000
142303  34.825  -26.440  -28.989 0.6999999881
142361  24.363  -29.565  -32.990 0.8000000119
142835  31.658  -46.386  -27.450 0.6000000238
142890  35.243  -16.589  -28.240 0.3000000119
143034  34.889  -23.976  -29.610 0.6000000238
143408  26.833  -40.411  -35.209 0.5000000000
143420  28.515  -14.931  -35.050 0.4000000060
143539  27.054  -33.365  -34.149 0.6999999881
143620  28.948  -37.466  -23.040 0.6999999881
143685  28.552  -36.166  -34.595 0.6000000238
143709  33.044  -31.317  -27.816 0.8000000119
143829  26.118  -23.104  -31.092 0.8000000119
143893  24.888  -26.299  -33.209 0.6999999881
143906  27.932  -40.502  -25.124 0.8999999762
143923  25.964  -33.317  -33.689 0.6999999881
144261  27.543  -34.758  -34.474 0.6999999881
144287  26.929  -23.389  -33.639 0.6000000238
144880  26.451  -35.291  -25.203 0.6999999881
