#!ascii label  , from subject sub-v1s13x0050010_ses-1 vox2ras=TkReg
283
51236  -31.408  -0.972  -28.734 0.0000000000
97678  -27.782  -3.964  -26.680 0.0000000000
48887  -32.652  -3.964  -25.970 0.0000000000
46082  -29.576  -7.469  -26.000 0.0000000000
58665  -30.926  10.029  -23.783 0.0000000000
55794  -32.953  5.689  -25.295 0.0000000000
53491  -27.980  2.908  -27.129 0.0000000000
43070  -29.568  -11.441  -25.417 0.0000000000
95550  -28.729  -6.030  -26.801 0.0000000000
46080  -28.075  -7.446  -25.691 0.0000000000
85471  -32.189  7.964  -24.224 0.0000000000
56558  -28.893  6.543  -25.331 0.0000000000
95367  -27.545  -0.239  -28.024 0.0000000000
52760  -26.527  1.420  -27.040 0.0000000000
87395  -29.636  1.381  -27.683 0.0000000000
53477  -31.977  2.527  -25.858 0.0000000000
95397  -32.849  0.950  -26.644 0.0000000000
51228  -33.445  -0.400  -26.739 0.0000000000
49664  -26.109  -2.307  -26.278 0.0000000000
49675  -28.684  -2.325  -28.129 0.0000000000
49679  -32.484  -2.192  -27.851 0.0000000000
48174  -30.476  -4.552  -27.618 0.0000000000
46781  -31.046  -6.303  -26.618 0.0000000000
46068  -31.314  -7.428  -24.678 0.0000000000
55805  -27.051  5.612  -26.341 0.0000000000
54985  -29.888  4.721  -25.648 0.0000000000
88412  -34.026  4.320  -27.048 0.0000000000
44538  -27.122  -9.155  -24.388 0.0000000000
44552  -29.500  -9.194  -25.262 0.0000000000
46765  -26.985  -6.180  -25.442 0.0000000000
46066  -26.193  -7.051  -24.541 0.0000000000
57268  -28.419  7.358  -25.187 0.0000000000
56557  -27.922  6.885  -25.720 0.0000000000
51234  -29.543  -0.462  -28.567 0.0000000000
52011  -28.613  0.463  -28.381 0.0000000000
87064  -30.682  0.449  -28.197 0.0000000000
52773  -30.665  1.016  -27.499 0.0000000000
52005  -31.514  0.327  -27.948 0.0000000000
52007  -33.131  -0.424  -27.030 0.0000000000
51226  -32.842  -0.830  -27.923 0.0000000000
48892  -27.065  -3.452  -26.578 0.0000000000
49670  -27.884  -2.437  -27.596 0.0000000000
48901  -28.648  -3.148  -27.673 0.0000000000
87402  -30.400  -3.623  -27.993 0.0000000000
48163  -28.694  -4.211  -27.178 0.0000000000
46092  -29.790  -6.915  -26.759 0.0000000000
46780  -30.409  -6.250  -26.999 0.0000000000
46768  -30.598  -6.844  -26.511 0.0000000000
46769  -31.294  -6.572  -25.930 0.0000000000
46084  -30.898  -7.312  -25.684 0.0000000000
58663  -29.023  9.787  -23.832 0.0000000000
59339  -28.643  10.603  -23.823 0.0000000000
59340  -30.089  10.702  -23.835 0.0000000000
59982  -31.818  11.376  -24.118 0.0000000000
58671  -32.939  9.625  -24.259 0.0000000000
57255  -32.381  7.178  -24.514 0.0000000000
53489  -26.686  2.770  -26.843 0.0000000000
54234  -26.293  3.441  -26.401 0.0000000000
90406  -26.963  4.257  -26.669 0.0000000000
55807  -28.789  5.085  -26.029 0.0000000000
55003  -29.109  4.148  -26.197 0.0000000000
53496  -33.870  2.579  -26.932 0.0000000000
54240  -32.632  3.167  -25.870 0.0000000000
54241  -33.965  3.458  -27.135 0.0000000000
48904  -32.168  -2.994  -27.499 0.0000000000
49672  -33.249  -2.031  -26.769 0.0000000000
43762  -27.309  -10.850  -24.034 0.0000000000
88811  -27.746  -9.687  -24.681 0.0000000000
44550  -28.043  -8.923  -25.020 0.0000000000
95681  -29.690  -10.689  -25.436 0.0000000000
48154  -27.249  -5.090  -26.232 0.0000000000
84319  -28.627  -5.359  -27.015 0.0000000000
47432  -27.588  -5.870  -26.099 0.0000000000
46767  -28.701  -6.859  -26.297 0.0000000000
46081  -28.942  -7.425  -25.919 0.0000000000
57968  -29.515  9.004  -24.008 0.0000000000
57977  -31.167  8.378  -24.035 0.0000000000
57253  -30.186  7.724  -24.298 0.0000000000
56542  -30.599  6.833  -24.548 0.0000000000
56560  -30.978  6.064  -24.769 0.0000000000
51216  -26.280  -0.697  -26.672 0.0000000000
52000  -26.733  0.667  -27.274 0.0000000000
52770  -27.585  1.468  -27.797 0.0000000000
93216  -28.359  2.318  -27.441 0.0000000000
53492  -29.677  2.455  -26.605 0.0000000000
52762  -30.086  1.715  -26.910 0.0000000000
53494  -32.132  1.678  -26.317 0.0000000000
52775  -33.900  1.732  -26.702 0.0000000000
90897  -34.178  1.153  -26.529 0.0000000000
81053  -30.935  -12.960  -25.223 0.0000000000
81060  -31.060  -12.206  -25.362 0.0000000000
51217  -26.905  -1.024  -27.261 0.0000000000
50498  -28.796  -1.538  -28.405 0.0000000000
50499  -29.730  -1.354  -28.625 0.0000000000
50501  -31.542  -1.697  -28.628 0.0000000000
49687  -30.936  -2.197  -28.601 0.0000000000
48903  -31.443  -3.397  -27.871 0.0000000000
48894  -31.877  -3.918  -27.288 0.0000000000
48164  -29.393  -5.169  -27.312 0.0000000000
47448  -30.729  -5.265  -27.340 0.0000000000
48155  -31.826  -5.116  -26.356 0.0000000000
47434  -32.077  -5.302  -25.455 0.0000000000
46756  -32.117  -6.199  -24.207 0.0000000000
57979  -33.370  8.654  -24.587 0.0000000000
55790  -28.382  6.016  -25.886 0.0000000000
55791  -29.373  5.679  -25.493 0.0000000000
55793  -31.410  5.420  -25.038 0.0000000000
54225  -30.849  3.492  -25.665 0.0000000000
55005  -32.370  3.963  -25.466 0.0000000000
54988  -32.889  4.856  -25.546 0.0000000000
50493  -33.053  -1.151  -27.529 0.0000000000
50486  -33.741  -0.922  -26.487 0.0000000000
89114  -26.300  -7.908  -24.307 0.0000000000
45342  -27.870  -8.139  -25.172 0.0000000000
45343  -28.581  -8.167  -25.478 0.0000000000
45345  -29.703  -8.409  -25.435 0.0000000000
43782  -30.291  -10.475  -24.961 0.0000000000
93194  -29.904  -9.453  -25.073 0.0000000000
89972  -30.228  -8.624  -25.071 0.0000000000
56556  -27.048  7.094  -25.828 0.0000000000
51235  -30.448  -0.736  -28.665 0.0000000000
52013  -30.165  0.059  -28.492 0.0000000000
52014  -31.070  -0.192  -28.485 0.0000000000
51225  -32.017  -0.483  -28.318 0.0000000000
96137  -27.122  -4.229  -26.274 0.0000000000
48886  -26.362  -3.646  -25.981 0.0000000000
48893  -27.829  -3.304  -27.130 0.0000000000
48902  -29.402  -3.660  -27.706 0.0000000000
46091  -29.242  -7.002  -26.464 0.0000000000
46083  -30.185  -7.322  -26.263 0.0000000000
58664  -29.924  9.845  -23.789 0.0000000000
94558  -29.396  10.433  -23.813 0.0000000000
59344  -31.634  10.532  -23.923 0.0000000000
58670  -31.965  9.776  -23.942 0.0000000000
56544  -32.581  6.294  -24.828 0.0000000000
56545  -33.279  7.068  -24.969 0.0000000000
56561  -33.370  6.239  -25.439 0.0000000000
53490  -27.293  2.860  -27.086 0.0000000000
54235  -26.873  3.559  -26.760 0.0000000000
54236  -27.555  3.767  -26.802 0.0000000000
55002  -28.180  4.480  -26.527 0.0000000000
54237  -28.473  3.549  -26.678 0.0000000000
87872  -33.365  3.079  -26.499 0.0000000000
48895  -32.562  -3.411  -26.681 0.0000000000
48896  -33.035  -2.721  -26.452 0.0000000000
86734  -33.107  -3.265  -25.677 0.0000000000
42338  -29.421  -12.216  -25.162 0.0000000000
43057  -27.895  -11.543  -24.284 0.0000000000
43058  -28.725  -11.496  -24.993 0.0000000000
43770  -27.968  -10.590  -24.707 0.0000000000
43771  -28.922  -10.665  -25.355 0.0000000000
47431  -26.643  -5.418  -25.554 0.0000000000
46754  -27.166  -6.905  -25.226 0.0000000000
46766  -27.875  -6.616  -25.948 0.0000000000
57975  -28.736  8.500  -24.343 0.0000000000
57976  -30.190  8.498  -24.084 0.0000000000
81976  -29.533  8.288  -24.256 0.0000000000
56541  -29.472  7.057  -24.771 0.0000000000
56559  -29.956  6.276  -25.025 0.0000000000
51222  -26.971  -0.213  -27.414 0.0000000000
52003  -28.997  1.080  -28.210 0.0000000000
52002  -28.118  0.936  -28.194 0.0000000000
52771  -28.384  1.687  -27.870 0.0000000000
98328  -29.027  1.559  -27.829 0.0000000000
52772  -29.131  1.990  -27.344 0.0000000000
51993  -31.783  0.825  -26.953 0.0000000000
52763  -33.181  1.787  -26.479 0.0000000000
52008  -33.820  0.294  -26.491 0.0000000000
51219  -33.804  -0.294  -26.530 0.0000000000
41501  -30.468  -13.223  -24.636 0.0000000000
88688  -30.584  -13.204  -24.211 0.0000000000
50477  -25.791  -1.467  -26.133 0.0000000000
50483  -26.572  -1.617  -26.792 0.0000000000
50490  -27.981  -1.626  -28.049 0.0000000000
50491  -29.516  -2.174  -28.481 0.0000000000
49686  -30.248  -2.016  -28.633 0.0000000000
49676  -30.290  -2.668  -28.465 0.0000000000
48175  -31.136  -4.298  -27.618 0.0000000000
47442  -29.256  -5.973  -27.055 0.0000000000
47444  -31.225  -5.669  -26.894 0.0000000000
48165  -31.542  -4.825  -27.126 0.0000000000
47433  -31.555  -5.856  -26.126 0.0000000000
46755  -31.536  -6.732  -24.978 0.0000000000
47423  -31.790  -6.015  -25.190 0.0000000000
57978  -32.287  8.827  -24.088 0.0000000000
97502  -32.737  8.306  -24.328 0.0000000000
51992  -26.129  0.779  -26.606 0.0000000000
55804  -26.335  5.643  -26.088 0.0000000000
55789  -27.480  6.294  -26.094 0.0000000000
55792  -30.428  5.481  -25.202 0.0000000000
54986  -30.949  4.753  -25.301 0.0000000000
53493  -30.567  2.255  -26.319 0.0000000000
53475  -30.251  2.998  -26.092 0.0000000000
53476  -31.108  2.769  -25.864 0.0000000000
55006  -33.294  3.923  -26.227 0.0000000000
93220  -33.558  4.771  -26.351 0.0000000000
50502  -32.129  -1.918  -28.381 0.0000000000
50492  -32.724  -1.500  -28.047 0.0000000000
50485  -33.296  -1.332  -26.995 0.0000000000
45328  -26.468  -8.605  -24.147 0.0000000000
45329  -27.191  -8.413  -24.663 0.0000000000
44551  -28.922  -9.024  -25.350 0.0000000000
45344  -29.226  -8.205  -25.537 0.0000000000
81745  -30.760  -11.332  -25.197 0.0000000000
94084  -26.445  -6.438  -24.883 0.0000000000
46067  -27.169  -7.660  -24.926 0.0000000000
57251  -28.014  8.095  -24.923 0.0000000000
57267  -27.463  7.614  -25.444 0.0000000000
51224  -28.139  -0.764  -28.328 0.0000000000
51232  -28.019  0.133  -28.319 0.0000000000
51233  -28.728  -0.199  -28.494 0.0000000000
52012  -29.320  0.315  -28.440 0.0000000000
52004  -29.914  0.764  -28.157 0.0000000000
52006  -32.569  0.024  -27.446 0.0000000000
52774  -33.432  0.470  -26.634 0.0000000000
51227  -33.105  -0.827  -27.308 0.0000000000
48891  -26.392  -3.003  -26.379 0.0000000000
86223  -26.986  -2.549  -26.935 0.0000000000
84565  -29.460  -2.972  -28.187 0.0000000000
48173  -29.777  -4.387  -27.550 0.0000000000
46778  -29.156  -6.576  -26.788 0.0000000000
46779  -29.692  -6.429  -27.054 0.0000000000
58662  -28.001  9.798  -23.848 0.0000000000
59341  -30.912  11.012  -23.944 0.0000000000
58680  -33.712  9.649  -24.828 0.0000000000
57256  -32.976  7.817  -24.529 0.0000000000
54223  -25.642  3.311  -25.785 0.0000000000
90721  -25.851  4.142  -25.997 0.0000000000
90511  -26.461  4.226  -26.444 0.0000000000
55001  -27.362  4.757  -26.578 0.0000000000
55806  -27.865  5.410  -26.328 0.0000000000
53495  -32.875  2.409  -26.276 0.0000000000
49671  -32.756  -2.491  -27.139 0.0000000000
43769  -26.989  -10.013  -24.061 0.0000000000
44539  -28.516  -9.784  -25.154 0.0000000000
84048  -29.318  -9.913  -25.376 0.0000000000
48162  -27.877  -4.803  -26.762 0.0000000000
47441  -28.080  -5.616  -26.659 0.0000000000
46777  -28.434  -6.290  -26.510 0.0000000000
58669  -30.520  9.151  -23.908 0.0000000000
87095  -31.380  9.218  -23.888 0.0000000000
57254  -31.379  7.423  -24.281 0.0000000000
57252  -29.024  7.801  -24.587 0.0000000000
56543  -31.640  6.608  -24.545 0.0000000000
94888  -31.800  5.949  -24.735 0.0000000000
52001  -27.392  0.585  -27.872 0.0000000000
52769  -27.031  1.258  -27.555 0.0000000000
52761  -27.002  2.050  -27.389 0.0000000000
53506  -27.725  2.217  -27.532 0.0000000000
53507  -28.793  2.720  -26.900 0.0000000000
87069  -31.065  1.553  -26.590 0.0000000000
94261  -31.350  2.148  -26.137 0.0000000000
53508  -34.590  2.557  -27.090 0.0000000000
52776  -34.830  2.132  -26.864 0.0000000000
42329  -29.879  -12.943  -24.962 0.0000000000
42339  -30.249  -12.278  -25.416 0.0000000000
51223  -27.428  -0.930  -27.830 0.0000000000
50484  -27.295  -1.690  -27.428 0.0000000000
93942  -28.952  -0.881  -28.519 0.0000000000
50500  -30.740  -1.516  -28.701 0.0000000000
49688  -31.528  -2.253  -28.453 0.0000000000
49677  -31.100  -2.824  -28.357 0.0000000000
49678  -31.822  -2.594  -28.130 0.0000000000
48166  -32.180  -4.346  -26.573 0.0000000000
47447  -30.082  -5.081  -27.483 0.0000000000
47443  -29.946  -5.770  -27.269 0.0000000000
48156  -32.365  -4.595  -25.715 0.0000000000
95216  -33.555  7.847  -24.917 0.0000000000
54977  -32.280  5.476  -24.998 0.0000000000
54238  -29.371  3.262  -26.373 0.0000000000
54224  -30.014  3.797  -25.918 0.0000000000
94612  -30.616  4.150  -25.550 0.0000000000
54239  -31.739  3.291  -25.555 0.0000000000
55004  -31.413  4.040  -25.380 0.0000000000
54987  -31.919  4.731  -25.153 0.0000000000
55795  -33.458  5.505  -25.953 0.0000000000
51237  -32.222  -1.242  -28.512 0.0000000000
49680  -32.964  -1.718  -27.454 0.0000000000
51218  -33.299  -0.832  -26.984 0.0000000000
43071  -30.332  -11.375  -25.425 0.0000000000
43781  -30.004  -10.342  -25.220 0.0000000000
86281  -30.191  -7.831  -25.653 0.0000000000
55016  -34.600  3.843  -27.425 0.0000000000
