#!ascii label  , from subject sub-v1s13x0050010_ses-1 vox2ras=TkReg
841
39140  28.330  -15.770  29.177 0.0000000000
51770  39.759  -1.046  17.543 0.0000000000
87341  35.612  -8.069  23.076 0.0000000000
32423  14.551  -24.707  40.101 0.0000000000
38296  25.405  -17.923  34.905 0.0000000000
48590  34.078  -4.137  22.584 0.0000000000
35051  19.339  -21.091  36.007 0.0000000000
31649  18.058  -24.964  37.664 0.0000000000
34161  23.015  -22.838  33.657 0.0000000000
51042  43.686  -1.619  16.658 0.0000000000
87705  31.504  -13.507  29.037 0.0000000000
41552  32.827  -13.103  26.510 0.0000000000
39893  33.300  -15.655  29.432 0.0000000000
53321  41.743  2.018  16.809 0.0000000000
52579  43.606  0.796  13.504 0.0000000000
52533  37.142  0.715  19.444 0.0000000000
50145  39.883  -2.659  20.931 0.0000000000
49344  35.805  -3.202  20.238 0.0000000000
47855  38.662  -6.245  23.016 0.0000000000
37548  27.946  -18.527  33.035 0.0000000000
29571  12.454  -28.100  40.671 0.0000000000
29547  9.154  -28.709  42.563 0.0000000000
28768  7.374  -28.774  46.510 0.0000000000
40634  25.316  -14.323  32.244 0.0000000000
89536  25.814  -21.316  31.969 0.0000000000
45568  31.837  -8.670  24.999 0.0000000000
44766  35.554  -9.574  27.412 0.0000000000
54786  45.388  3.170  11.470 0.0000000000
51044  42.003  -1.146  16.895 0.0000000000
50171  42.331  -2.469  18.864 0.0000000000
95432  29.627  -14.783  28.326 0.0000000000
39925  31.674  -15.136  27.355 0.0000000000
39138  30.363  -16.401  28.600 0.0000000000
52540  39.836  1.066  17.784 0.0000000000
53303  41.493  2.991  18.574 0.0000000000
52550  40.876  0.845  16.938 0.0000000000
52557  41.915  0.284  16.118 0.0000000000
25911  6.977  -33.305  44.487 0.0000000000
51018  35.501  -0.917  19.673 0.0000000000
50998  34.388  -1.668  21.207 0.0000000000
99040  34.563  -6.411  22.466 0.0000000000
47864  35.744  -5.742  22.096 0.0000000000
46349  36.889  -7.278  22.936 0.0000000000
45575  37.727  -8.747  24.636 0.0000000000
32439  16.301  -24.827  38.892 0.0000000000
93092  17.261  -26.631  39.491 0.0000000000
30239  15.230  -27.034  39.475 0.0000000000
30222  14.618  -28.056  41.313 0.0000000000
30907  13.457  -26.931  39.849 0.0000000000
30876  10.640  -26.622  43.213 0.0000000000
28816  8.242  -29.273  43.759 0.0000000000
38332  24.560  -16.524  33.688 0.0000000000
37574  24.781  -18.404  30.960 0.0000000000
36800  24.455  -19.876  31.874 0.0000000000
32492  21.875  -23.786  35.681 0.0000000000
32489  24.127  -24.085  35.496 0.0000000000
41528  35.035  -13.103  28.905 0.0000000000
43913  34.531  -10.652  27.474 0.0000000000
50120  34.658  -2.244  23.619 0.0000000000
47844  34.182  -5.393  23.771 0.0000000000
47088  33.802  -7.046  23.196 0.0000000000
88555  20.528  -22.834  36.854 0.0000000000
33298  19.803  -23.287  38.963 0.0000000000
33329  18.447  -22.765  37.442 0.0000000000
34109  17.389  -22.722  38.422 0.0000000000
34096  16.513  -22.789  40.334 0.0000000000
35069  23.831  -21.204  33.331 0.0000000000
35060  22.842  -21.364  34.617 0.0000000000
34151  20.916  -21.728  34.715 0.0000000000
43150  32.285  -11.357  29.269 0.0000000000
43914  31.114  -10.617  27.866 0.0000000000
41543  31.760  -13.469  26.942 0.0000000000
40673  33.407  -14.754  27.960 0.0000000000
54063  43.555  2.846  14.908 0.0000000000
53334  42.710  1.303  14.978 0.0000000000
51783  44.194  -0.972  15.261 0.0000000000
52542  38.322  0.356  18.370 0.0000000000
50174  39.570  -2.633  18.693 0.0000000000
50176  37.694  -2.180  18.520 0.0000000000
50147  37.413  -3.309  19.767 0.0000000000
49329  38.668  -3.636  21.761 0.0000000000
92923  34.705  -3.546  21.356 0.0000000000
48588  37.354  -4.732  21.948 0.0000000000
39095  27.860  -16.722  31.773 0.0000000000
39105  30.398  -16.613  31.353 0.0000000000
53307  38.523  1.740  19.726 0.0000000000
32386  13.079  -23.800  42.203 0.0000000000
30909  11.762  -27.017  40.874 0.0000000000
88024  10.535  -28.783  41.387 0.0000000000
90797  10.030  -30.529  42.426 0.0000000000
27414  8.548  -31.232  42.751 0.0000000000
27396  7.474  -31.500  43.356 0.0000000000
28076  6.307  -30.836  45.678 0.0000000000
27357  5.157  -30.931  45.945 0.0000000000
40656  26.497  -14.502  30.535 0.0000000000
38357  25.612  -16.795  31.177 0.0000000000
92986  27.161  -20.003  32.423 0.0000000000
34159  24.273  -22.614  32.841 0.0000000000
44816  33.526  -8.708  23.664 0.0000000000
43935  31.697  -10.732  26.127 0.0000000000
43943  33.724  -9.922  25.813 0.0000000000
44803  35.582  -9.515  24.613 0.0000000000
39090  32.621  -16.567  32.293 0.0000000000
54797  46.289  3.158  10.304 0.0000000000
54084  44.162  2.095  12.257 0.0000000000
97654  45.398  1.283  10.615 0.0000000000
51038  40.667  -1.333  17.513 0.0000000000
51024  41.978  -2.203  18.126 0.0000000000
51025  41.064  -2.126  18.083 0.0000000000
40665  28.878  -14.830  28.567 0.0000000000
39911  29.419  -15.522  28.185 0.0000000000
39139  29.085  -15.970  28.600 0.0000000000
52552  39.661  0.038  17.513 0.0000000000
53323  40.516  1.482  17.544 0.0000000000
51769  40.377  -0.415  17.237 0.0000000000
51768  41.185  -0.687  16.998 0.0000000000
25912  6.120  -33.351  44.793 0.0000000000
51736  34.994  -0.398  21.390 0.0000000000
51728  35.143  -0.417  22.281 0.0000000000
46357  34.998  -7.482  22.702 0.0000000000
46356  35.911  -7.375  22.692 0.0000000000
46350  36.498  -7.970  23.205 0.0000000000
95193  37.415  -8.529  23.972 0.0000000000
45576  36.787  -8.960  24.156 0.0000000000
32440  15.464  -25.031  39.333 0.0000000000
31637  15.482  -25.979  39.050 0.0000000000
31638  14.713  -25.716  39.467 0.0000000000
30240  14.412  -27.157  39.688 0.0000000000
31628  14.035  -25.577  39.912 0.0000000000
89902  24.858  -17.146  34.383 0.0000000000
38333  24.295  -17.891  32.727 0.0000000000
37549  24.544  -18.909  32.900 0.0000000000
32467  21.644  -23.838  37.586 0.0000000000
44745  30.909  -9.107  28.713 0.0000000000
43149  35.742  -11.674  29.394 0.0000000000
84249  33.897  -6.182  23.487 0.0000000000
47079  33.658  -6.737  24.115 0.0000000000
34130  19.961  -21.961  35.888 0.0000000000
33340  19.028  -22.275  37.034 0.0000000000
35052  18.797  -21.159  36.579 0.0000000000
35024  17.593  -21.721  38.195 0.0000000000
95554  17.140  -21.370  39.841 0.0000000000
34100  17.054  -22.878  39.435 0.0000000000
35059  23.954  -21.158  35.047 0.0000000000
35959  20.477  -20.409  35.272 0.0000000000
35062  20.969  -21.181  34.779 0.0000000000
35063  20.360  -21.195  35.120 0.0000000000
33339  20.582  -22.545  35.818 0.0000000000
91475  31.636  -12.247  27.984 0.0000000000
42327  31.642  -13.076  28.237 0.0000000000
39908  31.902  -15.859  27.972 0.0000000000
40674  32.500  -15.090  27.519 0.0000000000
39907  32.928  -15.462  28.432 0.0000000000
98729  34.333  -14.467  29.099 0.0000000000
39892  33.922  -15.296  29.849 0.0000000000
53312  41.630  2.485  17.641 0.0000000000
54064  42.955  2.310  15.319 0.0000000000
53327  42.456  1.786  15.705 0.0000000000
51775  43.095  -1.024  16.059 0.0000000000
51784  43.332  -0.617  15.377 0.0000000000
51774  43.969  -1.238  15.965 0.0000000000
52543  37.553  0.186  18.716 0.0000000000
51761  37.920  -0.532  18.248 0.0000000000
51030  36.753  -0.869  18.752 0.0000000000
93594  35.887  -2.572  19.672 0.0000000000
50163  36.337  -2.241  19.200 0.0000000000
49343  36.814  -3.533  20.311 0.0000000000
50137  38.601  -3.305  21.161 0.0000000000
49337  37.205  -3.777  21.029 0.0000000000
49321  34.086  -3.606  23.115 0.0000000000
50131  34.147  -2.455  22.226 0.0000000000
48601  34.340  -3.804  21.935 0.0000000000
47863  36.998  -5.832  22.303 0.0000000000
48589  36.623  -5.123  21.953 0.0000000000
47862  37.916  -5.994  22.668 0.0000000000
47861  38.658  -5.281  22.640 0.0000000000
38344  28.205  -17.174  32.589 0.0000000000
39094  28.884  -16.845  32.334 0.0000000000
53290  37.604  1.505  21.052 0.0000000000
94647  37.684  1.358  20.065 0.0000000000
52532  38.732  1.242  18.791 0.0000000000
32454  19.173  -24.281  38.252 0.0000000000
31642  19.022  -25.022  38.779 0.0000000000
29569  13.923  -28.225  40.956 0.0000000000
29544  13.976  -28.354  42.766 0.0000000000
29545  13.336  -28.698  42.197 0.0000000000
29546  12.596  -28.905  41.804 0.0000000000
31595  12.494  -24.437  42.441 0.0000000000
31605  12.392  -25.376  41.855 0.0000000000
31606  11.957  -25.070  42.677 0.0000000000
30209  9.709  -28.190  42.240 0.0000000000
30208  10.316  -27.760  41.845 0.0000000000
29561  9.856  -29.101  41.563 0.0000000000
28840  10.290  -29.473  41.603 0.0000000000
28841  9.625  -29.578  41.757 0.0000000000
27413  9.190  -30.708  42.374 0.0000000000
28827  8.576  -29.912  42.405 0.0000000000
28794  7.702  -28.975  45.777 0.0000000000
28817  7.787  -30.074  43.538 0.0000000000
28795  7.269  -29.736  45.309 0.0000000000
28089  6.573  -31.181  44.789 0.0000000000
28075  6.638  -30.115  45.983 0.0000000000
41484  26.339  -13.662  32.499 0.0000000000
41500  27.343  -13.512  31.314 0.0000000000
40644  26.100  -14.152  31.138 0.0000000000
39876  25.781  -15.443  31.093 0.0000000000
39110  25.354  -16.167  31.273 0.0000000000
36805  24.988  -20.118  31.353 0.0000000000
36799  26.067  -19.422  31.422 0.0000000000
35980  26.513  -20.957  32.211 0.0000000000
35080  23.117  -22.238  33.376 0.0000000000
34166  24.051  -21.989  32.552 0.0000000000
33369  23.806  -23.116  33.380 0.0000000000
32488  24.904  -23.901  35.683 0.0000000000
50160  39.967  -2.920  19.753 0.0000000000
50159  40.992  -2.760  19.616 0.0000000000
84203  40.674  -2.609  20.577 0.0000000000
46334  32.128  -7.978  25.172 0.0000000000
46342  32.954  -8.021  23.922 0.0000000000
44806  32.376  -8.870  24.398 0.0000000000
99311  31.763  -12.010  26.482 0.0000000000
43176  31.479  -11.253  26.445 0.0000000000
43175  32.175  -11.565  26.267 0.0000000000
43912  35.116  -10.041  27.937 0.0000000000
43933  34.154  -10.112  26.675 0.0000000000
43932  34.709  -9.713  26.244 0.0000000000
44790  34.263  -9.738  25.226 0.0000000000
88990  35.509  -9.495  26.124 0.0000000000
44787  36.950  -9.150  25.950 0.0000000000
39104  31.326  -16.590  31.334 0.0000000000
54104  45.572  2.681  10.660 0.0000000000
53345  43.439  1.608  13.653 0.0000000000
54076  43.846  2.303  13.109 0.0000000000
53344  43.827  1.300  12.803 0.0000000000
52593  44.669  0.759  11.734 0.0000000000
51818  46.120  0.060  11.160 0.0000000000
36753  19.488  -19.725  36.348 0.0000000000
35935  18.632  -20.466  36.925 0.0000000000
51043  42.816  -1.458  16.749 0.0000000000
51034  44.251  -1.776  17.465 0.0000000000
51035  43.325  -1.948  17.375 0.0000000000
41522  31.039  -13.924  29.302 0.0000000000
41521  30.874  -14.224  28.304 0.0000000000
94830  30.272  -15.121  27.821 0.0000000000
39157  31.085  -16.262  28.295 0.0000000000
39137  32.121  -16.403  29.715 0.0000000000
53304  40.819  2.834  18.954 0.0000000000
53313  40.881  2.332  18.139 0.0000000000
53322  41.127  1.788  17.213 0.0000000000
53329  41.400  1.085  16.514 0.0000000000
53328  41.937  1.372  16.088 0.0000000000
52558  41.276  0.167  16.589 0.0000000000
51777  41.729  -0.433  16.545 0.0000000000
25910  7.854  -33.227  44.597 0.0000000000
52526  36.016  0.395  20.349 0.0000000000
51755  36.162  -0.458  19.295 0.0000000000
52527  35.522  0.021  20.784 0.0000000000
51007  35.037  -1.545  20.145 0.0000000000
50150  34.565  -2.124  20.720 0.0000000000
47866  34.223  -5.103  22.620 0.0000000000
47873  34.845  -5.068  22.012 0.0000000000
47865  34.667  -5.879  22.316 0.0000000000
47095  36.345  -6.612  22.447 0.0000000000
47087  37.781  -7.173  23.186 0.0000000000
46348  38.300  -7.626  23.656 0.0000000000
45574  38.436  -8.396  24.611 0.0000000000
36792  28.201  -19.326  33.563 0.0000000000
32456  17.424  -24.866  37.930 0.0000000000
30923  18.028  -26.115  38.630 0.0000000000
30924  17.185  -26.153  38.607 0.0000000000
30906  16.734  -26.920  39.855 0.0000000000
30220  16.141  -27.297  40.445 0.0000000000
30233  14.377  -27.814  40.371 0.0000000000
30234  12.919  -27.433  40.260 0.0000000000
30875  11.034  -25.726  43.613 0.0000000000
89002  10.223  -26.982  43.706 0.0000000000
30194  9.464  -28.040  43.153 0.0000000000
29534  8.634  -29.259  42.828 0.0000000000
29510  8.841  -28.002  45.086 0.0000000000
29497  8.564  -27.790  45.798 0.0000000000
29484  7.491  -28.171  46.891 0.0000000000
39856  24.602  -15.460  32.835 0.0000000000
39111  24.722  -16.375  31.517 0.0000000000
38347  24.097  -17.578  31.768 0.0000000000
86034  24.673  -19.198  31.480 0.0000000000
35988  24.820  -20.776  31.713 0.0000000000
32491  22.535  -23.899  35.138 0.0000000000
32500  23.099  -23.804  34.694 0.0000000000
32480  22.662  -24.220  36.116 0.0000000000
50136  40.048  -2.667  21.589 0.0000000000
45557  30.804  -8.524  26.262 0.0000000000
42337  34.397  -12.607  27.545 0.0000000000
43165  33.541  -11.779  26.602 0.0000000000
43156  34.691  -11.662  27.963 0.0000000000
89326  35.084  -10.811  28.336 0.0000000000
89841  45.030  3.642  13.148 0.0000000000
25907  4.593  -33.851  44.847 0.0000000000
50113  35.213  -2.666  24.276 0.0000000000
97910  34.402  -3.871  23.646 0.0000000000
48581  34.077  -4.583  23.237 0.0000000000
47856  33.947  -5.489  23.109 0.0000000000
46358  34.424  -6.899  22.675 0.0000000000
46351  34.251  -7.650  23.016 0.0000000000
33326  20.741  -23.069  37.699 0.0000000000
33313  20.303  -23.064  38.496 0.0000000000
33327  20.020  -22.771  37.489 0.0000000000
33328  19.118  -22.880  37.375 0.0000000000
32469  18.253  -24.257  37.583 0.0000000000
35023  18.170  -21.295  37.387 0.0000000000
34121  17.889  -22.497  37.663 0.0000000000
90672  17.382  -24.105  37.893 0.0000000000
33315  17.063  -23.652  38.605 0.0000000000
88369  16.452  -23.956  39.629 0.0000000000
33283  15.443  -23.427  40.553 0.0000000000
36781  24.712  -19.580  33.461 0.0000000000
35969  24.268  -20.915  34.387 0.0000000000
94057  23.541  -21.274  34.145 0.0000000000
35071  22.569  -22.230  33.783 0.0000000000
35050  22.353  -20.979  35.453 0.0000000000
35072  21.545  -21.785  34.449 0.0000000000
33362  21.909  -22.986  34.436 0.0000000000
33351  21.352  -23.103  35.357 0.0000000000
33338  21.226  -23.309  36.222 0.0000000000
43904  32.123  -10.459  29.509 0.0000000000
44755  31.095  -9.908  28.581 0.0000000000
43151  31.668  -11.451  28.341 0.0000000000
43157  31.374  -11.640  27.420 0.0000000000
41553  32.120  -13.304  26.615 0.0000000000
40687  31.656  -14.294  27.183 0.0000000000
41542  31.980  -13.932  26.794 0.0000000000
41541  33.394  -13.656  26.859 0.0000000000
41529  34.504  -13.443  28.141 0.0000000000
40672  34.759  -13.882  29.165 0.0000000000
88090  43.571  3.068  15.798 0.0000000000
54070  43.069  1.949  14.458 0.0000000000
53340  43.160  0.764  14.229 0.0000000000
52565  42.347  0.775  15.524 0.0000000000
52564  42.937  0.295  15.051 0.0000000000
51760  38.839  -0.544  17.868 0.0000000000
51026  40.129  -1.983  18.056 0.0000000000
51027  39.164  -1.751  18.008 0.0000000000
50175  38.594  -2.455  18.522 0.0000000000
50161  38.969  -3.046  19.383 0.0000000000
51016  36.894  -1.779  18.741 0.0000000000
87572  38.020  -3.017  19.101 0.0000000000
50146  38.450  -3.309  20.237 0.0000000000
85975  39.250  -2.946  21.069 0.0000000000
50130  39.450  -3.070  21.620 0.0000000000
50989  34.298  -1.598  21.929 0.0000000000
97943  34.461  -2.594  21.108 0.0000000000
49339  35.352  -3.659  20.989 0.0000000000
48600  34.945  -4.248  21.584 0.0000000000
96762  35.775  -4.199  21.273 0.0000000000
48598  36.681  -4.372  21.431 0.0000000000
49330  37.710  -4.043  21.597 0.0000000000
39886  27.592  -15.556  29.883 0.0000000000
86216  29.055  -16.479  30.500 0.0000000000
39107  28.486  -16.550  31.207 0.0000000000
98217  29.544  -16.975  32.989 0.0000000000
53306  39.131  1.858  19.191 0.0000000000
52541  39.103  0.644  18.062 0.0000000000
32384  14.403  -23.103  41.510 0.0000000000
33251  14.136  -22.709  42.362 0.0000000000
32403  14.005  -23.899  40.972 0.0000000000
31617  12.853  -25.727  40.939 0.0000000000
30908  12.572  -26.738  40.345 0.0000000000
30235  12.134  -27.532  40.603 0.0000000000
85920  11.223  -26.270  42.661 0.0000000000
30223  11.425  -27.735  40.987 0.0000000000
29559  11.769  -28.507  41.054 0.0000000000
28826  11.169  -29.643  41.879 0.0000000000
87467  11.184  -30.252  43.534 0.0000000000
86355  8.481  -31.777  43.253 0.0000000000
93317  8.250  -29.786  43.013 0.0000000000
27415  7.918  -31.045  42.843 0.0000000000
26712  8.069  -32.223  43.563 0.0000000000
26714  7.008  -31.903  43.790 0.0000000000
27380  6.379  -31.985  44.456 0.0000000000
27381  5.674  -32.148  45.057 0.0000000000
28060  6.121  -30.271  46.248 0.0000000000
27356  5.757  -30.980  45.927 0.0000000000
92464  5.307  -31.604  45.419 0.0000000000
40655  27.766  -14.290  29.575 0.0000000000
41514  27.521  -13.686  30.390 0.0000000000
98883  27.350  -14.642  29.650 0.0000000000
39125  26.859  -15.608  30.551 0.0000000000
39108  26.976  -16.340  31.242 0.0000000000
91907  27.126  -17.831  31.985 0.0000000000
88050  25.127  -17.652  30.892 0.0000000000
37562  26.576  -18.553  31.682 0.0000000000
36793  27.545  -19.379  32.770 0.0000000000
35975  24.170  -20.708  32.778 0.0000000000
35087  24.516  -21.417  32.158 0.0000000000
34158  25.049  -22.603  32.844 0.0000000000
33359  24.157  -23.538  34.029 0.0000000000
33358  24.960  -23.353  34.240 0.0000000000
34157  25.851  -22.320  33.185 0.0000000000
50172  41.484  -2.606  18.818 0.0000000000
46352  33.329  -7.502  23.866 0.0000000000
45588  33.543  -8.007  23.519 0.0000000000
45587  34.232  -8.489  23.369 0.0000000000
44767  30.458  -9.579  27.310 0.0000000000
44779  30.658  -9.614  26.207 0.0000000000
44793  30.992  -9.494  25.688 0.0000000000
43174  33.001  -11.241  26.297 0.0000000000
43944  32.721  -9.960  25.468 0.0000000000
44792  32.325  -9.348  24.857 0.0000000000
44805  33.132  -9.198  24.066 0.0000000000
44814  34.902  -9.346  23.962 0.0000000000
44813  35.874  -9.236  23.976 0.0000000000
44801  36.995  -9.206  25.010 0.0000000000
83513  30.807  -16.603  30.393 0.0000000000
39121  31.723  -16.551  30.474 0.0000000000
39119  33.203  -16.172  30.738 0.0000000000
39101  33.965  -16.093  32.065 0.0000000000
39875  33.789  -15.909  31.165 0.0000000000
54805  46.816  3.152  9.639 0.0000000000
54779  44.305  3.141  13.556 0.0000000000
54083  44.759  2.695  11.888 0.0000000000
52585  44.319  0.520  12.428 0.0000000000
54090  44.577  1.969  11.522 0.0000000000
54089  45.025  2.495  11.248 0.0000000000
97669  45.503  1.970  10.293 0.0000000000
87317  46.442  1.787  9.435 0.0000000000
39895  28.589  -15.349  28.737 0.0000000000
52551  40.326  0.523  17.262 0.0000000000
26703  5.837  -32.707  44.782 0.0000000000
45584  36.890  -8.449  23.651 0.0000000000
45585  36.179  -8.649  23.544 0.0000000000
32422  15.467  -24.168  40.066 0.0000000000
38314  24.846  -18.162  33.855 0.0000000000
37533  24.926  -19.033  33.829 0.0000000000
32453  21.875  -23.927  38.526 0.0000000000
91566  31.412  -8.904  29.463 0.0000000000
34141  19.837  -21.404  35.646 0.0000000000
34131  19.307  -21.721  36.382 0.0000000000
35960  19.779  -20.752  35.572 0.0000000000
42315  32.026  -12.882  29.122 0.0000000000
39894  32.507  -16.042  29.034 0.0000000000
54049  42.290  2.625  17.226 0.0000000000
53320  42.356  2.240  16.472 0.0000000000
26699  9.104  -32.383  44.559 0.0000000000
51762  37.290  -0.495  18.569 0.0000000000
51754  36.835  -0.055  18.995 0.0000000000
50148  36.517  -2.996  19.599 0.0000000000
49331  34.106  -3.297  22.441 0.0000000000
47093  38.057  -6.600  23.007 0.0000000000
38331  27.792  -17.742  32.548 0.0000000000
38330  28.366  -17.810  33.124 0.0000000000
91713  36.733  1.001  20.564 0.0000000000
52525  37.975  0.972  19.120 0.0000000000
32455  18.622  -24.660  37.799 0.0000000000
31643  18.575  -25.336  38.221 0.0000000000
29557  13.154  -28.506  41.194 0.0000000000
93116  9.480  -28.869  41.883 0.0000000000
29562  9.401  -29.365  41.840 0.0000000000
28842  9.072  -29.893  41.984 0.0000000000
29548  9.016  -29.356  42.168 0.0000000000
87865  6.792  -30.500  45.250 0.0000000000
28782  7.041  -29.400  46.261 0.0000000000
40620  25.169  -14.266  32.943 0.0000000000
41467  26.129  -13.709  33.373 0.0000000000
41485  25.649  -13.898  32.751 0.0000000000
41501  25.810  -13.910  31.906 0.0000000000
40645  25.544  -14.537  31.539 0.0000000000
39877  25.299  -15.380  31.436 0.0000000000
35987  25.362  -20.797  31.568 0.0000000000
98518  26.009  -20.759  31.656 0.0000000000
35085  26.369  -21.627  32.807 0.0000000000
46326  31.444  -8.191  25.718 0.0000000000
46325  32.100  -7.600  26.069 0.0000000000
45578  32.489  -8.251  24.453 0.0000000000
42353  32.227  -12.524  26.449 0.0000000000
42352  32.917  -12.215  26.373 0.0000000000
43921  34.850  -9.830  27.158 0.0000000000
44778  35.349  -9.562  26.753 0.0000000000
44777  36.114  -9.298  26.616 0.0000000000
55519  45.911  3.921  11.867 0.0000000000
36752  20.088  -19.259  36.402 0.0000000000
36736  19.525  -19.175  36.949 0.0000000000
84687  19.542  -18.653  37.803 0.0000000000
51036  42.442  -1.842  17.437 0.0000000000
51023  42.940  -2.228  18.191 0.0000000000
40664  30.338  -14.263  28.750 0.0000000000
39159  29.782  -16.125  28.192 0.0000000000
39158  30.411  -16.141  28.005 0.0000000000
39156  31.768  -16.312  28.827 0.0000000000
85227  31.170  -16.533  29.362 0.0000000000
53314  40.137  1.957  18.303 0.0000000000
86500  40.418  2.498  18.864 0.0000000000
94513  36.029  0.581  21.012 0.0000000000
51737  34.574  -1.076  21.269 0.0000000000
51747  35.026  -0.712  20.497 0.0000000000
51008  34.642  -1.390  20.719 0.0000000000
89726  35.181  -6.671  22.352 0.0000000000
47094  37.343  -6.597  22.731 0.0000000000
86705  37.427  -7.915  23.504 0.0000000000
45583  38.050  -8.246  24.067 0.0000000000
45566  38.448  -8.601  25.254 0.0000000000
52521  37.055  1.247  21.569 0.0000000000
31645  16.840  -25.419  38.456 0.0000000000
30917  15.741  -26.598  39.231 0.0000000000
30925  16.317  -26.091  38.855 0.0000000000
30231  15.943  -27.069  39.575 0.0000000000
30232  15.232  -27.472  39.923 0.0000000000
31639  14.133  -26.404  39.622 0.0000000000
30241  13.677  -27.439  40.052 0.0000000000
29570  13.400  -27.964  40.474 0.0000000000
30181  9.891  -27.005  44.530 0.0000000000
85655  9.769  -27.464  43.683 0.0000000000
29523  9.254  -27.861  44.245 0.0000000000
30171  9.178  -27.253  45.306 0.0000000000
30160  8.122  -27.607  46.467 0.0000000000
39066  24.981  -16.053  34.655 0.0000000000
39846  24.997  -15.159  34.365 0.0000000000
39855  24.958  -14.763  33.526 0.0000000000
39080  24.686  -15.651  33.716 0.0000000000
39096  24.394  -16.175  32.236 0.0000000000
88002  24.227  -16.906  32.634 0.0000000000
88274  24.406  -19.296  32.035 0.0000000000
37563  24.216  -18.488  31.857 0.0000000000
36806  24.691  -20.136  31.667 0.0000000000
45542  30.736  -8.360  27.259 0.0000000000
42326  34.902  -12.508  28.401 0.0000000000
43155  35.256  -11.674  28.716 0.0000000000
43903  35.604  -10.904  29.029 0.0000000000
26695  4.457  -32.585  44.924 0.0000000000
50114  34.481  -3.094  23.673 0.0000000000
92138  18.491  -23.520  37.564 0.0000000000
35918  18.263  -20.319  37.713 0.0000000000
96820  17.514  -23.374  37.941 0.0000000000
33281  16.695  -23.556  39.584 0.0000000000
33282  16.158  -23.635  40.131 0.0000000000
33264  15.687  -22.776  40.787 0.0000000000
35957  24.998  -20.365  34.737 0.0000000000
35070  23.060  -21.766  33.696 0.0000000000
92682  22.210  -21.827  34.129 0.0000000000
99830  21.998  -22.119  34.097 0.0000000000
34150  21.581  -22.314  34.434 0.0000000000
97538  21.537  -22.875  34.763 0.0000000000
34139  21.006  -22.404  34.952 0.0000000000
89402  21.187  -23.417  37.029 0.0000000000
43905  31.647  -10.574  28.828 0.0000000000
42339  31.563  -12.696  27.268 0.0000000000
42354  31.786  -12.659  26.742 0.0000000000
40675  31.099  -14.897  27.514 0.0000000000
41531  31.268  -13.956  27.858 0.0000000000
40686  32.177  -14.532  26.951 0.0000000000
40685  33.021  -14.422  27.107 0.0000000000
40698  32.561  -13.884  26.693 0.0000000000
41530  33.843  -14.064  27.529 0.0000000000
40662  34.487  -14.661  29.797 0.0000000000
51785  42.603  -0.174  15.675 0.0000000000
51793  43.566  -0.307  14.674 0.0000000000
51029  37.438  -1.235  18.380 0.0000000000
51028  38.244  -1.485  18.142 0.0000000000
51017  36.171  -1.329  19.132 0.0000000000
50162  37.103  -2.705  19.003 0.0000000000
49328  39.628  -3.402  22.192 0.0000000000
50977  34.954  -1.415  23.441 0.0000000000
50978  34.364  -1.911  22.836 0.0000000000
49340  34.319  -3.002  21.588 0.0000000000
49345  34.829  -2.978  20.783 0.0000000000
99827  37.181  -5.252  22.150 0.0000000000
84601  27.584  -16.182  30.771 0.0000000000
38329  28.955  -17.377  33.213 0.0000000000
96457  39.210  2.199  19.811 0.0000000000
33297  20.286  -23.260  39.501 0.0000000000
30914  17.963  -26.299  39.468 0.0000000000
30207  14.656  -28.023  42.344 0.0000000000
33265  15.034  -22.845  41.148 0.0000000000
32369  13.410  -23.001  42.712 0.0000000000
32385  13.736  -23.407  41.889 0.0000000000
32404  13.449  -24.161  41.467 0.0000000000
31616  13.652  -25.044  40.758 0.0000000000
31604  13.034  -24.825  41.656 0.0000000000
30896  12.100  -26.258  41.205 0.0000000000
30885  10.779  -27.076  42.251 0.0000000000
30224  10.730  -28.125  41.302 0.0000000000
30898  10.982  -27.470  41.481 0.0000000000
29560  11.241  -28.377  41.152 0.0000000000
28838  11.838  -29.042  41.485 0.0000000000
28839  11.107  -28.994  41.298 0.0000000000
28111  10.380  -30.056  41.956 0.0000000000
28098  10.828  -30.213  42.617 0.0000000000
98955  9.126  -31.179  42.755 0.0000000000
27394  9.156  -31.553  43.266 0.0000000000
26711  8.762  -32.088  43.797 0.0000000000
28100  7.504  -30.835  43.325 0.0000000000
27395  7.953  -31.694  43.102 0.0000000000
26713  7.492  -32.104  43.612 0.0000000000
27379  6.988  -31.312  43.926 0.0000000000
27367  5.977  -31.583  45.279 0.0000000000
28059  6.464  -29.662  46.642 0.0000000000
28034  6.248  -29.342  47.441 0.0000000000
27346  5.543  -30.184  46.507 0.0000000000
40654  28.682  -14.187  29.324 0.0000000000
41515  26.740  -13.847  30.709 0.0000000000
89663  27.056  -14.268  30.019 0.0000000000
39887  26.991  -14.916  29.955 0.0000000000
39126  26.311  -15.153  30.643 0.0000000000
39109  26.133  -15.956  31.081 0.0000000000
38356  26.457  -16.692  31.344 0.0000000000
38345  27.274  -17.037  31.929 0.0000000000
38346  26.235  -17.526  31.410 0.0000000000
38359  24.397  -17.307  31.264 0.0000000000
38358  24.850  -17.028  31.026 0.0000000000
99698  24.604  -17.717  30.916 0.0000000000
37573  25.571  -18.509  31.166 0.0000000000
36798  26.907  -19.403  32.038 0.0000000000
35974  27.574  -20.259  33.142 0.0000000000
35968  24.434  -20.340  33.668 0.0000000000
34165  24.693  -22.097  32.295 0.0000000000
32499  23.764  -23.844  34.722 0.0000000000
33349  25.316  -23.493  35.128 0.0000000000
33357  25.744  -23.007  34.593 0.0000000000
34148  25.404  -22.861  33.681 0.0000000000
50173  40.553  -2.663  18.803 0.0000000000
47070  33.351  -7.174  24.766 0.0000000000
45577  32.932  -8.543  23.891 0.0000000000
44756  30.659  -9.688  27.957 0.0000000000
43923  30.640  -10.156  27.315 0.0000000000
43936  31.048  -10.293  26.171 0.0000000000
92522  30.564  -9.982  26.702 0.0000000000
43945  31.713  -9.929  25.582 0.0000000000
43164  34.143  -11.740  27.133 0.0000000000
43173  33.794  -10.898  26.747 0.0000000000
85659  33.307  -10.371  26.155 0.0000000000
44791  33.286  -9.648  24.883 0.0000000000
44789  35.197  -9.612  25.392 0.0000000000
96713  34.820  -9.610  24.652 0.0000000000
44802  36.311  -9.350  24.588 0.0000000000
45556  37.580  -8.890  26.314 0.0000000000
84195  29.864  -16.557  30.421 0.0000000000
39103  32.213  -16.537  31.414 0.0000000000
39120  32.563  -16.397  30.649 0.0000000000
39102  33.136  -16.364  31.545 0.0000000000
39874  34.476  -15.536  31.640 0.0000000000
54796  46.921  3.937  10.426 0.0000000000
54103  46.139  2.379  9.871 0.0000000000
54766  44.254  3.466  15.370 0.0000000000
54783  44.488  2.917  12.685 0.0000000000
53358  44.824  1.288  11.282 0.0000000000
96901  45.057  1.944  10.867 0.0000000000
51037  41.553  -1.594  17.472 0.0000000000
83305  29.668  -16.320  28.763 0.0000000000
97070  40.781  0.081  16.944 0.0000000000
52515  35.750  0.197  21.779 0.0000000000
95670  34.647  -0.893  21.894 0.0000000000
31636  16.063  -25.509  38.864 0.0000000000
30918  14.937  -26.564  39.345 0.0000000000
31629  13.405  -26.102  40.118 0.0000000000
30854  9.252  -26.522  45.925 0.0000000000
99855  24.495  -17.320  33.482 0.0000000000
32481  21.813  -23.918  36.595 0.0000000000
88610  22.393  -24.214  37.011 0.0000000000
45532  30.477  -9.001  27.773 0.0000000000
42325  35.409  -12.432  29.155 0.0000000000
42313  35.894  -12.342  29.832 0.0000000000
47833  34.359  -6.057  24.590 0.0000000000
34119  19.768  -22.336  36.664 0.0000000000
34120  18.593  -21.914  37.093 0.0000000000
35919  17.856  -20.837  38.142 0.0000000000
35906  17.528  -20.894  39.118 0.0000000000
35011  17.232  -21.954  39.151 0.0000000000
35947  21.142  -19.903  35.799 0.0000000000
35958  21.349  -20.659  35.153 0.0000000000
34140  20.369  -21.866  35.234 0.0000000000
86694  31.991  -12.240  28.763 0.0000000000
91556  31.512  -13.589  27.417 0.0000000000
94674  34.183  -14.313  28.440 0.0000000000
40663  33.810  -14.957  29.003 0.0000000000
40652  34.961  -14.595  30.682 0.0000000000
54042  42.233  3.007  17.963 0.0000000000
54057  42.957  2.597  16.180 0.0000000000
51776  42.318  -0.703  16.272 0.0000000000
84818  44.869  -1.208  15.997 0.0000000000
50164  35.649  -1.832  19.577 0.0000000000
50138  37.757  -3.511  20.686 0.0000000000
49336  38.008  -3.609  21.270 0.0000000000
50121  34.156  -2.759  23.028 0.0000000000
90726  37.723  -5.273  22.322 0.0000000000
98873  38.172  1.803  20.607 0.0000000000
29556  13.963  -28.386  41.752 0.0000000000
29532  12.796  -28.986  42.758 0.0000000000
28814  12.076  -29.347  42.302 0.0000000000
32370  12.629  -23.444  43.091 0.0000000000
30884  11.826  -25.918  42.209 0.0000000000
30193  10.108  -27.447  42.838 0.0000000000
30225  10.060  -28.472  41.610 0.0000000000
28120  9.607  -30.098  41.891 0.0000000000
99128  9.078  -30.268  42.111 0.0000000000
28112  8.635  -30.470  42.471 0.0000000000
28804  8.026  -29.130  44.848 0.0000000000
28805  7.673  -29.716  44.334 0.0000000000
28088  7.177  -30.492  44.292 0.0000000000
27347  4.965  -30.260  46.489 0.0000000000
87353  26.530  -13.690  31.584 0.0000000000
39888  25.860  -14.826  30.981 0.0000000000
36804  25.198  -19.334  31.213 0.0000000000
35986  25.654  -20.164  31.410 0.0000000000
86782  26.516  -20.229  31.851 0.0000000000
35084  27.097  -21.010  32.967 0.0000000000
35079  23.567  -21.854  32.999 0.0000000000
34160  23.628  -22.463  33.099 0.0000000000
32478  24.514  -24.215  36.286 0.0000000000
50144  41.394  -2.546  20.227 0.0000000000
46333  32.769  -7.481  25.330 0.0000000000
88608  32.832  -7.719  24.428 0.0000000000
99602  32.493  -7.829  24.786 0.0000000000
43166  31.443  -11.865  26.814 0.0000000000
43922  30.985  -10.861  26.866 0.0000000000
44788  36.134  -9.437  25.449 0.0000000000
39092  30.853  -16.651  32.206 0.0000000000
39091  31.750  -16.625  32.209 0.0000000000
54785  46.104  3.559  11.008 0.0000000000
54069  43.660  2.567  14.005 0.0000000000
52592  45.336  0.538  11.220 0.0000000000
52591  46.151  0.571  10.428 0.0000000000
35949  19.215  -20.454  36.201 0.0000000000
35934  19.041  -19.866  36.704 0.0000000000
36737  18.803  -19.595  37.462 0.0000000000
99881  20.481  -19.670  35.903 0.0000000000
35948  19.854  -19.985  35.820 0.0000000000
39909  30.914  -15.699  27.738 0.0000000000
39910  30.123  -15.837  27.867 0.0000000000
39136  32.901  -16.140  29.980 0.0000000000
52534  36.357  0.316  19.691 0.0000000000
51746  35.678  -0.176  19.968 0.0000000000
50149  35.246  -2.406  20.110 0.0000000000
46341  38.748  -7.945  24.240 0.0000000000
45573  39.029  -8.216  24.914 0.0000000000
37547  28.456  -18.442  33.475 0.0000000000
36779  28.716  -19.535  34.356 0.0000000000
31644  17.693  -25.612  38.077 0.0000000000
30915  17.462  -26.472  38.995 0.0000000000
30916  16.655  -26.624  39.138 0.0000000000
30869  10.430  -26.333  44.121 0.0000000000
29533  8.872  -28.595  43.480 0.0000000000
29524  8.583  -28.524  44.454 0.0000000000
29511  8.306  -28.443  45.388 0.0000000000
29498  7.977  -28.327  46.172 0.0000000000
41468  25.470  -14.053  33.553 0.0000000000
40621  24.931  -14.830  32.563 0.0000000000
39866  24.785  -15.495  31.999 0.0000000000
95979  24.234  -16.858  31.778 0.0000000000
37575  24.371  -18.086  31.221 0.0000000000
35086  25.064  -21.457  31.880 0.0000000000
33361  22.536  -23.362  34.351 0.0000000000
32490  23.311  -24.106  35.365 0.0000000000
85963  23.231  -24.379  37.000 0.0000000000
32479  23.669  -24.321  36.194 0.0000000000
46312  31.345  -7.837  26.687 0.0000000000
45569  31.077  -8.852  25.540 0.0000000000
42338  33.682  -12.698  26.767 0.0000000000
54782  45.202  3.441  12.292 0.0000000000
51792  43.956  -0.153  13.815 0.0000000000
52578  43.981  0.487  13.126 0.0000000000
26694  5.086  -33.250  44.903 0.0000000000
50971  35.389  -1.778  24.214 0.0000000000
47096  34.157  -6.153  22.805 0.0000000000
90354  34.836  -8.095  23.077 0.0000000000
33312  21.086  -23.380  38.332 0.0000000000
33314  19.637  -23.147  37.952 0.0000000000
32468  18.898  -23.868  37.673 0.0000000000
33330  17.888  -23.602  37.629 0.0000000000
32470  17.775  -24.402  37.679 0.0000000000
32457  16.903  -24.530  38.392 0.0000000000
33299  16.586  -24.160  39.071 0.0000000000
32421  16.093  -24.332  39.514 0.0000000000
36780  25.059  -19.669  34.231 0.0000000000
35061  21.800  -21.344  34.660 0.0000000000
34149  22.234  -22.650  34.075 0.0000000000
84113  21.906  -23.432  34.890 0.0000000000
44744  31.565  -9.679  29.355 0.0000000000
41540  34.044  -13.352  27.271 0.0000000000
86117  39.259  -3.059  20.314 0.0000000000
50988  34.714  -1.125  22.605 0.0000000000
50139  34.271  -2.239  21.455 0.0000000000
49338  36.262  -3.819  20.829 0.0000000000
47874  34.430  -4.466  22.170 0.0000000000
48599  35.754  -4.810  21.681 0.0000000000
48587  38.201  -4.466  22.145 0.0000000000
48586  39.097  -4.239  22.376 0.0000000000
39124  28.309  -16.172  30.093 0.0000000000
39106  29.456  -16.611  31.397 0.0000000000
39093  29.917  -16.720  32.270 0.0000000000
53305  39.776  2.284  19.227 0.0000000000
53315  39.440  1.565  18.520 0.0000000000
33280  19.874  -23.524  39.898 0.0000000000
31635  18.630  -25.717  39.029 0.0000000000
32402  14.850  -23.702  40.718 0.0000000000
87454  11.507  -25.573  42.926 0.0000000000
30897  11.394  -26.749  41.641 0.0000000000
99162  11.380  -27.272  41.212 0.0000000000
29572  11.801  -28.069  40.826 0.0000000000
29558  12.349  -28.642  41.157 0.0000000000
28815  11.603  -29.808  42.905 0.0000000000
27393  9.649  -31.008  42.947 0.0000000000
26700  8.330  -32.645  44.184 0.0000000000
28828  8.095  -30.389  42.846 0.0000000000
26701  7.576  -32.704  44.036 0.0000000000
26702  6.803  -32.588  44.271 0.0000000000
28769  6.833  -29.078  47.011 0.0000000000
91393  6.012  -29.766  46.803 0.0000000000
27368  5.053  -32.358  45.087 0.0000000000
43896  32.670  -10.821  30.002 0.0000000000
40666  28.238  -14.795  28.980 0.0000000000
39896  27.764  -15.053  29.311 0.0000000000
37561  27.362  -18.575  32.354 0.0000000000
36794  24.442  -19.927  32.620 0.0000000000
35078  24.055  -21.355  32.539 0.0000000000
35981  24.405  -20.641  32.082 0.0000000000
34164  25.480  -21.996  32.373 0.0000000000
33360  23.379  -23.478  34.073 0.0000000000
33368  24.587  -23.085  33.418 0.0000000000
33350  24.538  -23.740  34.865 0.0000000000
34147  26.193  -22.507  34.074 0.0000000000
47069  34.041  -6.611  25.200 0.0000000000
45586  35.194  -8.750  23.468 0.0000000000
45543  30.424  -9.136  26.761 0.0000000000
44794  30.662  -9.110  26.003 0.0000000000
43934  32.378  -10.591  26.000 0.0000000000
84787  31.564  -9.196  25.170 0.0000000000
94536  31.940  -9.032  24.751 0.0000000000
44804  34.050  -9.498  24.312 0.0000000000
44815  34.043  -9.097  23.738 0.0000000000
98596  34.590  -8.961  23.601 0.0000000000
45567  37.710  -8.894  25.543 0.0000000000
39123  29.155  -16.318  29.465 0.0000000000
39122  30.175  -16.521  29.463 0.0000000000
39089  33.427  -16.457  32.540 0.0000000000
39885  33.579  -15.769  30.316 0.0000000000
39884  34.327  -15.301  30.672 0.0000000000
54772  44.240  3.328  14.457 0.0000000000
54778  44.941  3.779  14.024 0.0000000000
53359  44.292  1.313  11.947 0.0000000000
53376  46.010  1.478  9.993 0.0000000000
35979  27.003  -20.521  32.498 0.0000000000
39081  24.408  -16.123  33.034 0.0000000000
39865  25.112  -14.884  31.895 0.0000000000
