#!ascii label  , from subject sub-v1s13x0050047_ses-1 vox2ras=TkReg
1377
130865  -23.887  -86.286  -22.554 0.5000000000
5648  -23.016  -86.234  -22.194 0.6000000238
6836  -30.297  -84.350  -19.526 0.3000000119
5631  -22.628  -86.749  -21.348 0.5000000000
6858  -29.153  -84.440  -21.900 0.4000000060
6846  -29.621  -84.015  -20.875 0.4000000060
125663  -30.280  -83.510  -20.831 0.4000000060
7479  -30.102  -83.806  -20.043 0.3000000119
139167  -30.128  -83.715  -22.097 0.4000000060
140717  -24.241  -84.498  -22.302 0.5000000000
6865  -24.418  -84.888  -23.037 0.5000000000
134564  -24.203  -85.903  -23.121 0.5000000000
6856  -23.868  -84.382  -21.638 0.6000000238
6864  -23.454  -84.910  -22.571 0.5000000000
5660  -23.545  -85.920  -22.791 0.6000000238
6823  -31.305  -83.844  -18.593 0.3000000119
126243  -21.631  -86.018  -22.687 0.5000000000
6867  -28.180  -84.911  -23.269 0.5000000000
6857  -28.500  -85.000  -22.551 0.5000000000
6822  -30.603  -83.752  -19.247 0.3000000119
6227  -22.059  -85.619  -22.592 0.6000000238
5647  -22.016  -86.357  -22.348 0.5000000000
133648  -29.466  -83.773  -23.816 0.5000000000
143332  -28.988  -84.471  -22.713 0.4000000060
143814  -30.675  -83.400  -21.541 0.4000000060
7480  -30.666  -83.232  -19.938 0.3000000119
7471  -31.098  -83.078  -19.018 0.3000000119
7502  -29.782  -83.242  -24.387 0.4000000060
7494  -29.484  -84.089  -22.958 0.4000000060
7495  -30.242  -83.524  -23.607 0.4000000060
130943  -26.725  -82.653  -19.812 0.6999999881
8159  -26.620  -82.793  -20.536 0.6999999881
7478  -26.472  -83.086  -21.270 0.6999999881
5669  -24.913  -86.111  -23.219 0.5000000000
8140  -27.286  -82.343  -18.545 0.6999999881
8149  -26.049  -82.872  -19.275 0.6999999881
121553  -25.181  -83.531  -20.632 0.8000000119
143074  -24.799  -83.994  -21.611 0.5000000000
6845  -24.346  -83.973  -20.689 0.6999999881
5670  -26.126  -86.438  -23.051 0.5000000000
7470  -25.391  -83.279  -19.211 0.6999999881
6238  -26.670  -85.874  -23.298 0.4000000060
6239  -27.692  -85.185  -23.354 0.5000000000
6807  -32.480  -83.716  -17.968 0.3000000119
6835  -23.177  -84.489  -19.954 0.6000000238
6243  -27.634  -84.776  -23.665 0.5000000000
6875  -28.240  -84.466  -23.702 0.5000000000
136923  -31.814  -83.094  -18.353 0.3000000119
6843  -22.592  -84.631  -20.842 0.5000000000
7511  -28.716  -83.477  -24.164 0.5000000000
142774  -29.919  -82.223  -24.631 0.4000000060
7512  -29.382  -83.008  -24.570 0.4000000060
143316  -30.748  -83.435  -23.008 0.4000000060
8173  -32.015  -82.847  -21.430 0.4000000060
7487  -31.031  -83.147  -20.971 0.4000000060
8196  -30.580  -82.295  -24.824 0.3000000119
7503  -30.567  -82.849  -24.480 0.4000000060
9640  -29.145  -80.181  -15.596 0.5000000000
9651  -28.730  -80.834  -16.081 0.6000000238
9663  -28.995  -81.129  -17.015 0.6000000238
8907  -28.024  -82.070  -18.262 0.6000000238
8141  -28.108  -82.144  -19.013 0.6000000238
11202  -28.337  -78.307  -14.547 0.5000000000
10403  -28.423  -78.965  -14.597 0.5000000000
125841  -28.348  -80.377  -15.249 0.6000000238
142573  -27.738  -81.795  -17.048 0.6000000238
8896  -27.560  -82.103  -17.708 0.6999999881
7491  -24.829  -84.341  -22.460 0.6000000238
6810  -35.881  -84.974  -17.258 0.3000000119
11201  -27.046  -77.951  -14.812 0.6999999881
9626  -27.790  -79.654  -14.591 0.6000000238
9639  -27.517  -80.576  -14.937 0.6000000238
9650  -27.949  -81.078  -15.716 0.6000000238
8887  -27.451  -81.701  -16.239 0.6999999881
8131  -26.798  -82.392  -17.767 0.6999999881
121405  -26.311  -83.518  -22.135 0.6000000238
132083  -26.049  -84.001  -22.984 0.6000000238
6237  -25.860  -85.688  -23.562 0.5000000000
12032  -26.728  -77.642  -15.557 0.6999999881
10402  -26.894  -79.276  -14.410 0.6000000238
123184  -26.877  -80.052  -14.413 0.6000000238
8876  -27.226  -81.301  -15.366 0.6000000238
135618  -26.524  -82.504  -17.012 0.6999999881
7464  -25.109  -83.664  -18.090 0.6999999881
6881  -26.867  -84.821  -23.838 0.5000000000
11229  -26.082  -77.877  -15.957 0.6999999881
11216  -26.103  -78.309  -15.023 0.6000000238
11199  -25.595  -79.115  -14.625 0.6999999881
8101  -26.355  -82.309  -15.468 0.6000000238
146062  -26.360  -82.670  -16.243 0.6000000238
123337  -23.654  -84.431  -19.288 0.6999999881
7492  -26.916  -83.586  -23.034 0.5000000000
8194  -28.218  -83.303  -23.954 0.5000000000
10401  -26.100  -79.724  -14.342 0.6000000238
8874  -25.990  -81.910  -14.743 0.6000000238
6806  -24.858  -84.108  -17.259 0.6000000238
6819  -23.031  -84.786  -19.108 0.6000000238
6834  -22.399  -84.839  -19.825 0.6000000238
8182  -27.854  -83.026  -23.313 0.5000000000
8142  -31.720  -82.597  -18.936 0.3000000119
11215  -25.287  -78.742  -15.222 0.6999999881
10400  -25.297  -79.804  -14.441 0.6000000238
8859  -26.107  -81.126  -14.550 0.6000000238
127854  -25.824  -83.094  -15.690 0.6000000238
6793  -24.687  -84.087  -16.116 0.5000000000
144844  -24.177  -84.483  -16.657 0.5000000000
6818  -22.148  -85.152  -18.795 0.5000000000
6842  -21.728  -85.049  -20.698 0.5000000000
8195  -28.702  -82.815  -24.109 0.5000000000
9753  -32.175  -81.006  -24.078 0.3000000119
8981  -31.650  -81.617  -24.472 0.3000000119
8197  -31.358  -82.292  -24.622 0.3000000119
8185  -32.471  -82.779  -22.714 0.4000000060
7496  -31.315  -83.208  -22.427 0.4000000060
139402  -21.715  -85.171  -19.630 0.5000000000
140242  -30.780  -81.377  -23.938 0.3000000119
8980  -30.930  -81.600  -24.621 0.3000000119
140667  -31.117  -83.080  -23.760 0.4000000060
12035  -29.280  -77.205  -14.787 0.5000000000
11217  -29.598  -78.789  -14.881 0.5000000000
11218  -30.279  -78.399  -15.039 0.5000000000
10431  -29.870  -79.879  -15.934 0.5000000000
12887  -28.690  -76.445  -16.345 0.5000000000
12047  -28.082  -76.834  -15.744 0.5000000000
12034  -28.385  -77.179  -14.970 0.5000000000
10417  -29.445  -79.487  -15.236 0.5000000000
9652  -29.490  -80.529  -16.461 0.5000000000
8898  -29.176  -81.311  -17.947 0.6000000238
8908  -28.665  -81.753  -18.498 0.6000000238
12046  -27.291  -77.219  -16.197 0.5000000000
8151  -28.275  -82.221  -19.910 0.6000000238
8170  -27.092  -82.745  -21.123 0.8000000119
6795  -36.541  -85.007  -16.791 0.3000000119
12059  -27.102  -77.320  -17.397 0.6000000238
12045  -26.541  -77.553  -16.550 0.6000000238
12033  -27.547  -77.375  -15.239 0.6000000238
122977  -29.185  -81.805  -20.368 0.4000000060
6794  -36.024  -84.410  -16.788 0.3000000119
12058  -26.310  -77.616  -17.363 0.6999999881
8171  -27.784  -82.539  -21.426 0.5000000000
124462  -33.977  -84.064  -17.527 0.3000000119
138447  -33.836  -83.187  -17.109 0.3000000119
141687  -25.601  -77.815  -17.778 0.6999999881
8938  -29.163  -81.915  -21.445 0.4000000060
7455  -33.175  -83.394  -17.548 0.3000000119
140294  -25.233  -78.148  -16.978 0.6000000238
11228  -25.417  -78.294  -16.028 0.6999999881
8172  -28.545  -82.298  -21.876 0.4000000060
11245  -24.635  -78.277  -17.620 0.6000000238
133652  -24.716  -78.517  -16.574 0.6999999881
8857  -24.748  -81.294  -14.305 0.6000000238
8099  -25.096  -83.100  -14.765 0.5000000000
7430  -24.403  -83.736  -15.147 0.5000000000
145493  -22.904  -84.995  -18.353 0.6000000238
8953  -29.721  -81.611  -22.226 0.4000000060
8965  -29.532  -81.836  -23.219 0.4000000060
9720  -32.249  -80.443  -22.233 0.3000000119
9754  -33.012  -80.964  -23.944 0.3000000119
8982  -32.581  -81.473  -24.221 0.3000000119
131039  -32.707  -82.387  -23.678 0.4000000060
8162  -31.499  -82.697  -19.940 0.3000000119
121629  -24.008  -80.841  -14.360 0.6000000238
7416  -24.080  -83.114  -14.461 0.5000000000
7429  -23.314  -83.716  -14.862 0.5000000000
6792  -23.264  -84.727  -16.632 0.5000000000
6803  -22.302  -85.121  -17.773 0.5000000000
6184  -21.092  -85.385  -18.945 0.6000000238
128001  -20.545  -85.695  -19.457 0.5000000000
8966  -30.250  -81.416  -23.161 0.3000000119
9736  -30.995  -81.106  -23.150 0.3000000119
8083  -24.475  -82.310  -14.334 0.5000000000
6781  -22.792  -84.336  -15.638 0.5000000000
135079  -21.541  -85.040  -16.937 0.5000000000
6161  -20.534  -85.106  -16.313 0.5000000000
12907  -29.403  -75.964  -16.828 0.5000000000
135887  -29.374  -76.265  -15.927 0.5000000000
12036  -30.197  -77.516  -14.878 0.5000000000
11219  -30.991  -77.926  -15.279 0.5000000000
11230  -30.842  -78.746  -15.698 0.5000000000
10432  -30.565  -79.496  -16.234 0.5000000000
12060  -27.893  -76.958  -17.957 0.5000000000
12871  -28.925  -76.645  -15.404 0.5000000000
9665  -30.476  -80.331  -17.513 0.4000000060
127268  -27.914  -76.830  -16.840 0.5000000000
9680  -30.375  -80.650  -18.238 0.4000000060
145658  -36.799  -85.589  -16.433 0.3000000119
7444  -37.270  -84.393  -15.945 0.3000000119
12075  -27.249  -77.317  -18.512 0.6000000238
8909  -29.372  -81.420  -18.811 0.4000000060
141019  -29.530  -81.482  -19.592 0.4000000060
12090  -27.325  -77.293  -19.414 0.6000000238
12074  -26.458  -77.544  -18.172 0.6000000238
7457  -35.288  -84.147  -16.979 0.3000000119
133077  -34.528  -83.840  -17.167 0.3000000119
12073  -25.820  -77.630  -18.795 0.6000000238
12088  -25.243  -77.651  -19.474 0.6000000238
8940  -30.627  -81.051  -21.160 0.4000000060
8939  -29.843  -81.453  -21.244 0.4000000060
8132  -32.570  -82.871  -17.821 0.3000000119
11276  -24.960  -77.861  -18.589 0.6999999881
8954  -30.444  -81.253  -22.156 0.3000000119
139351  -31.662  -80.612  -22.008 0.3000000119
12888  -30.064  -76.016  -15.988 0.5000000000
12872  -29.907  -76.635  -15.277 0.5000000000
127565  -30.863  -77.035  -15.225 0.5000000000
11231  -31.554  -78.288  -15.998 0.4000000060
12906  -28.597  -76.458  -17.415 0.5000000000
10433  -31.277  -79.076  -16.556 0.4000000060
10449  -30.890  -79.802  -17.110 0.4000000060
12932  -29.117  -76.184  -18.982 0.6000000238
9666  -31.010  -80.126  -18.023 0.4000000060
131965  -30.933  -80.464  -18.973 0.4000000060
8121  -36.059  -83.002  -15.904 0.3000000119
7443  -36.575  -84.148  -16.336 0.3000000119
126132  -26.064  -77.524  -19.653 0.6000000238
9694  -30.143  -81.032  -19.176 0.4000000060
8923  -30.046  -81.280  -20.258 0.4000000060
9695  -30.876  -80.731  -20.116 0.4000000060
135945  -31.549  -80.422  -20.482 0.4000000060
9706  -31.289  -80.670  -21.182 0.3000000119
9707  -31.898  -80.389  -21.232 0.3000000119
11260  -24.139  -78.264  -18.549 0.6000000238
13676  -30.264  -75.536  -16.662 0.5000000000
12889  -30.947  -75.817  -16.026 0.5000000000
12890  -31.792  -76.038  -16.015 0.4000000060
12037  -31.674  -77.378  -15.703 0.4000000060
12920  -29.209  -76.047  -17.981 0.5000000000
13688  -29.901  -75.485  -17.556 0.5000000000
11232  -32.251  -77.872  -16.339 0.4000000060
12931  -28.548  -76.668  -19.414 0.6000000238
13710  -29.524  -75.731  -19.536 0.6000000238
13696  -29.687  -75.570  -18.565 0.6000000238
11247  -32.017  -78.623  -16.832 0.4000000060
12091  -27.983  -77.060  -19.855 0.6000000238
12943  -29.091  -76.288  -19.876 0.6000000238
10465  -32.387  -79.308  -18.533 0.4000000060
10464  -31.624  -79.933  -18.685 0.4000000060
12104  -27.288  -77.291  -20.332 0.6000000238
9696  -31.547  -80.255  -19.645 0.4000000060
10475  -32.092  -79.838  -19.344 0.4000000060
10476  -32.697  -79.517  -19.543 0.4000000060
7456  -34.620  -83.050  -16.629 0.3000000119
8120  -35.199  -82.463  -16.114 0.3000000119
132186  -26.834  -77.353  -20.987 0.6000000238
10487  -32.181  -80.070  -20.267 0.4000000060
8900  -33.368  -81.875  -17.457 0.3000000119
8134  -33.870  -82.323  -16.901 0.3000000119
12102  -25.494  -77.554  -20.442 0.6000000238
12101  -24.756  -77.715  -20.052 0.6000000238
125248  -25.359  -77.722  -21.402 0.6999999881
132655  -27.893  -77.509  -23.267 0.6999999881
12123  -27.061  -77.694  -22.712 0.6999999881
11312  -27.413  -78.126  -23.651 0.6999999881
11303  -25.351  -78.134  -22.067 0.6000000238
12131  -28.636  -77.215  -23.848 0.6999999881
12980  -28.766  -76.603  -25.018 0.6000000238
11311  -26.594  -78.323  -23.109 0.6999999881
12142  -28.590  -77.300  -24.704 0.6999999881
13677  -30.923  -75.278  -16.588 0.5000000000
13678  -31.571  -75.348  -16.383 0.5000000000
13697  -30.389  -74.869  -18.129 0.5000000000
14469  -31.036  -74.132  -18.054 0.5000000000
13689  -30.603  -75.053  -17.187 0.5000000000
13679  -32.296  -75.516  -16.364 0.5000000000
12891  -32.438  -76.346  -16.199 0.4000000060
12048  -32.385  -77.105  -16.148 0.4000000060
146811  -29.457  -75.912  -20.301 0.6000000238
144369  -30.258  -74.564  -19.827 0.6000000238
14485  -30.585  -74.340  -18.980 0.6000000238
15326  -31.166  -73.638  -18.791 0.6000000238
11248  -32.827  -78.198  -17.089 0.4000000060
134266  -28.596  -76.677  -20.298 0.6000000238
14498  -30.307  -74.441  -20.778 0.6000000238
15341  -30.730  -73.768  -19.945 0.6000000238
10451  -32.389  -78.842  -17.604 0.4000000060
12105  -28.045  -76.983  -20.760 0.6000000238
12942  -28.704  -76.602  -21.223 0.6000000238
13730  -29.844  -75.739  -22.129 0.6000000238
14504  -30.458  -74.347  -21.970 0.6000000238
15354  -30.766  -73.641  -21.298 0.6000000238
11278  -34.531  -78.299  -19.730 0.4000000060
139335  -28.155  -76.888  -21.749 0.6000000238
12957  -29.523  -76.178  -22.747 0.6000000238
13741  -30.188  -75.028  -22.583 0.6000000238
14515  -30.563  -74.265  -23.032 0.6000000238
15376  -31.348  -72.775  -22.989 0.6000000238
10466  -33.229  -78.923  -18.906 0.4000000060
10478  -34.241  -78.926  -20.085 0.4000000060
139068  -27.469  -77.196  -21.285 0.6000000238
13740  -30.004  -75.646  -23.205 0.6000000238
14524  -30.352  -74.152  -23.657 0.6000000238
129470  -30.951  -72.860  -23.350 0.6000000238
17073  -31.173  -71.510  -22.940 0.6999999881
12117  -26.130  -77.465  -21.219 0.6999999881
12124  -28.371  -76.992  -22.795 0.6000000238
12968  -29.681  -76.186  -23.797 0.6000000238
141419  -30.191  -74.718  -24.106 0.6000000238
135311  -30.621  -71.821  -23.150 0.6000000238
18818  -31.105  -69.664  -21.929 0.6000000238
18808  -31.720  -69.129  -21.615 0.6000000238
14523  -30.009  -74.102  -24.114 0.6000000238
125164  -29.880  -72.171  -23.179 0.6000000238
123397  -30.314  -70.883  -22.517 0.6000000238
141422  -30.914  -68.852  -21.537 0.6000000238
12981  -29.488  -76.088  -24.573 0.6000000238
13762  -29.793  -74.787  -24.526 0.6000000238
17936  -29.649  -69.887  -21.982 0.6000000238
18807  -30.215  -69.190  -21.657 0.6000000238
14522  -29.143  -74.155  -24.165 0.5000000000
11320  -27.612  -78.373  -24.491 0.6999999881
13760  -28.374  -76.124  -25.167 0.6999999881
14529  -28.277  -75.401  -24.808 0.5000000000
15381  -28.834  -73.432  -23.506 0.6000000238
16233  -29.049  -72.665  -23.092 0.5000000000
17948  -29.053  -70.624  -22.220 0.5000000000
15374  -28.026  -73.009  -22.813 0.6000000238
13708  -20.687  -75.648  -19.491 0.6000000238
13722  -20.886  -75.336  -20.282 0.6000000238
127141  -20.861  -75.255  -21.299 0.6000000238
14443  -31.309  -74.792  -16.858 0.5000000000
14455  -31.732  -74.135  -17.305 0.5000000000
14456  -32.613  -74.225  -17.126 0.5000000000
12892  -32.987  -76.820  -16.551 0.5000000000
12062  -33.311  -77.460  -17.075 0.4000000060
15342  -31.424  -73.059  -19.479 0.5000000000
16201  -31.829  -72.448  -20.086 0.5000000000
12077  -33.761  -77.412  -17.808 0.4000000060
12922  -34.389  -76.645  -19.053 0.4000000060
15355  -31.260  -73.012  -20.656 0.5000000000
17054  -32.713  -71.149  -21.312 0.5000000000
11261  -33.028  -78.612  -18.008 0.4000000060
12078  -34.181  -77.457  -18.612 0.4000000060
12092  -34.523  -77.579  -19.408 0.4000000060
16235  -31.951  -71.757  -22.695 0.5000000000
17063  -32.474  -71.133  -22.089 0.5000000000
16216  -31.790  -72.366  -21.341 0.5000000000
17074  -31.684  -71.539  -22.787 0.6000000238
17075  -32.206  -70.958  -22.279 0.6000000238
17950  -31.998  -70.096  -22.015 0.6000000238
18819  -32.661  -69.498  -21.541 0.5000000000
20562  -31.965  -67.229  -20.744 0.4000000060
20578  -32.474  -67.291  -21.004 0.4000000060
141793  -33.047  -67.148  -20.843 0.4000000060
19688  -30.636  -68.122  -20.913 0.6000000238
19689  -31.447  -67.466  -20.800 0.6000000238
20546  -32.148  -67.058  -20.688 0.5000000000
20547  -32.786  -66.867  -20.524 0.4000000060
20564  -33.151  -67.074  -20.542 0.4000000060
19677  -35.290  -67.658  -19.651 0.4000000060
11318  -26.211  -78.933  -23.386 0.6999999881
18806  -29.501  -69.435  -21.545 0.6000000238
19673  -31.600  -67.546  -20.187 0.5000000000
19676  -34.123  -67.354  -19.783 0.4000000060
13751  -27.357  -75.075  -24.091 0.6000000238
17071  -28.022  -70.924  -22.164 0.5000000000
18799  -28.884  -69.783  -21.379 0.5000000000
19654  -31.161  -68.377  -19.571 0.5000000000
19656  -32.672  -68.034  -19.195 0.5000000000
19657  -33.591  -68.093  -19.079 0.4000000060
124377  -34.593  -68.277  -18.911 0.4000000060
15380  -28.146  -73.852  -23.421 0.6000000238
18795  -29.663  -69.348  -20.277 0.5000000000
140422  -20.966  -75.553  -17.796 0.6999999881
13695  -21.419  -75.230  -18.482 0.6000000238
14451  -22.067  -75.005  -17.127 0.6999999881
13709  -21.222  -75.243  -19.373 0.6000000238
129665  -22.775  -74.713  -16.991 0.6000000238
14494  -21.340  -74.899  -20.915 0.6000000238
140465  -22.578  -74.760  -18.520 0.6000000238
14441  -23.280  -74.457  -16.534 0.6000000238
15298  -23.926  -74.134  -16.071 0.6000000238
15283  -25.046  -73.306  -14.917 0.6000000238
13729  -20.885  -75.212  -22.276 0.5000000000
14482  -22.538  -74.497  -20.273 0.6000000238
14466  -22.913  -74.648  -19.237 0.6000000238
14442  -24.045  -74.371  -16.956 0.6000000238
13690  -33.497  -75.429  -17.067 0.5000000000
14510  -21.676  -74.715  -22.331 0.5000000000
14495  -21.944  -74.441  -21.074 0.5000000000
14454  -24.078  -74.479  -17.826 0.5000000000
15299  -24.878  -74.030  -16.557 0.5000000000
15327  -31.856  -73.088  -18.521 0.4000000060
16188  -32.670  -72.660  -18.541 0.5000000000
13698  -33.890  -75.052  -17.715 0.5000000000
133351  -33.936  -75.851  -17.662 0.4000000060
14503  -22.247  -74.186  -21.855 0.5000000000
14497  -23.112  -73.910  -20.712 0.5000000000
15310  -24.800  -74.218  -18.191 0.5000000000
15311  -25.458  -73.941  -17.575 0.5000000000
12921  -34.073  -76.604  -18.114 0.4000000060
13712  -34.550  -75.703  -19.719 0.4000000060
13725  -34.838  -75.589  -20.879 0.4000000060
13746  -22.383  -75.528  -23.304 0.5000000000
15351  -23.378  -73.358  -21.326 0.5000000000
14484  -24.089  -74.146  -19.628 0.6000000238
15323  -24.856  -73.919  -19.184 0.6000000238
14512  -23.086  -74.059  -22.413 0.6000000238
15360  -23.146  -73.460  -21.834 0.6000000238
15339  -24.483  -73.503  -20.168 0.6999999881
17938  -32.790  -70.537  -21.599 0.4000000060
11334  -25.193  -78.497  -26.014 0.6000000238
19698  -33.268  -68.967  -21.394 0.5000000000
19694  -34.642  -68.454  -21.449 0.4000000060
10544  -25.988  -79.308  -25.890 0.6000000238
19693  -33.453  -68.047  -21.198 0.4000000060
10538  -26.570  -79.217  -25.579 0.6000000238
12147  -27.125  -77.864  -25.697 0.6000000238
20566  -35.475  -67.350  -20.562 0.4000000060
13750  -26.531  -75.435  -23.996 0.6000000238
12148  -27.659  -77.884  -25.387 0.6999999881
15373  -27.204  -73.475  -22.635 0.6000000238
17070  -26.711  -71.642  -22.137 0.6000000238
16232  -27.820  -71.922  -22.387 0.5000000000
17935  -28.231  -70.236  -21.778 0.5000000000
13675  -21.560  -75.138  -16.112 0.6999999881
14440  -22.423  -74.670  -16.090 0.6999999881
15289  -22.930  -73.888  -14.898 0.6000000238
14435  -23.105  -74.213  -15.635 0.6000000238
15281  -23.204  -73.393  -14.475 0.6000000238
15282  -24.111  -73.332  -14.682 0.6000000238
16146  -25.551  -72.879  -14.330 0.6999999881
16147  -26.454  -72.784  -14.484 0.6000000238
15292  -25.458  -73.598  -15.777 0.6000000238
15328  -33.140  -73.173  -17.995 0.5000000000
15314  -33.188  -73.775  -17.575 0.5000000000
14457  -33.311  -74.543  -17.236 0.5000000000
14470  -33.795  -74.199  -17.856 0.5000000000
15293  -26.355  -73.362  -15.931 0.6000000238
15329  -33.722  -73.444  -18.096 0.5000000000
146101  -34.420  -75.229  -18.979 0.5000000000
15325  -25.948  -73.454  -18.320 0.6000000238
15312  -26.306  -73.435  -17.491 0.6000000238
16155  -26.829  -72.984  -15.289 0.5000000000
17041  -32.955  -71.360  -20.107 0.5000000000
12145  -24.606  -77.766  -25.617 0.6000000238
12976  -24.491  -76.570  -24.667 0.4000000060
13738  -23.617  -74.813  -22.633 0.6000000238
15353  -24.828  -72.705  -20.677 0.6000000238
15324  -25.542  -73.371  -19.136 0.6000000238
16165  -27.250  -72.842  -16.810 0.6000000238
17939  -33.435  -70.203  -21.164 0.4000000060
17055  -33.449  -70.569  -20.804 0.4000000060
12966  -24.999  -76.087  -24.039 0.5000000000
13748  -24.354  -75.620  -23.117 0.5000000000
136532  -23.833  -73.770  -22.400 0.6000000238
15361  -23.900  -72.903  -21.891 0.6999999881
16213  -24.674  -72.406  -21.638 0.6000000238
16198  -25.602  -72.617  -19.984 0.6000000238
16185  -26.588  -72.927  -18.220 0.6000000238
17952  -33.503  -70.065  -21.131 0.5000000000
132999  -25.668  -77.756  -25.867 0.6000000238
134790  -24.684  -73.663  -22.329 0.6000000238
16229  -24.700  -72.453  -22.093 0.6000000238
16199  -26.272  -72.285  -19.657 0.6000000238
16200  -26.741  -72.322  -18.946 0.6000000238
16186  -27.234  -72.387  -18.139 0.6000000238
19699  -34.042  -68.878  -21.426 0.4000000060
12977  -25.546  -76.523  -24.910 0.5000000000
13749  -25.518  -75.452  -23.266 0.6000000238
15371  -24.963  -72.792  -22.228 0.6000000238
17039  -26.792  -71.668  -19.887 0.6000000238
123371  -27.394  -71.779  -18.894 0.6000000238
12146  -26.521  -77.694  -25.823 0.6000000238
12978  -26.585  -76.546  -25.146 0.6000000238
13758  -26.081  -75.978  -24.428 0.6000000238
15372  -26.019  -72.837  -22.274 0.6000000238
17051  -25.849  -71.630  -21.442 0.6000000238
130490  -26.936  -72.441  -22.317 0.6000000238
14514  -27.343  -74.338  -23.262 0.6000000238
17934  -27.631  -70.549  -21.268 0.5000000000
18794  -28.978  -69.801  -20.594 0.5000000000
13674  -20.755  -75.505  -16.105 0.6999999881
14433  -21.672  -74.725  -15.214 0.6999999881
14431  -19.551  -74.804  -14.836 0.6999999881
14424  -20.699  -74.117  -14.433 0.6999999881
143034  -21.047  -74.633  -14.723 0.6999999881
15280  -22.252  -73.560  -14.336 0.6999999881
16144  -23.580  -72.737  -13.950 0.6000000238
16133  -24.283  -72.266  -13.605 0.6000000238
16948  -25.888  -71.170  -12.901 0.5000000000
16134  -25.133  -72.382  -13.707 0.6999999881
16967  -26.415  -71.786  -13.343 0.5000000000
16136  -26.910  -72.280  -13.909 0.5000000000
139218  -34.184  -73.058  -18.527 0.4000000060
14471  -34.368  -73.855  -18.528 0.5000000000
14486  -34.939  -73.982  -19.367 0.5000000000
126522  -34.581  -74.733  -19.195 0.5000000000
14499  -34.923  -74.797  -20.203 0.4000000060
17042  -33.869  -71.303  -19.734 0.4000000060
15330  -34.797  -73.131  -18.954 0.4000000060
16156  -27.590  -72.551  -15.563 0.6000000238
16175  -26.981  -72.917  -17.454 0.6000000238
17003  -28.275  -71.988  -15.924 0.6000000238
17028  -27.913  -71.792  -18.019 0.6000000238
17004  -28.841  -71.316  -16.244 0.6000000238
17052  -26.453  -71.311  -21.082 0.6000000238
17029  -28.092  -71.250  -18.834 0.6000000238
17016  -28.329  -71.761  -16.996 0.6000000238
17061  -26.295  -71.444  -21.894 0.6000000238
133526  -28.787  -71.124  -17.985 0.5000000000
17062  -27.014  -70.985  -21.604 0.6000000238
139525  -28.141  -70.831  -19.537 0.5000000000
17920  -28.523  -70.369  -19.983 0.5000000000
14422  -19.138  -74.143  -14.674 0.6999999881
15278  -20.268  -73.554  -14.375 0.6999999881
15279  -21.183  -73.360  -14.167 0.6999999881
16143  -21.985  -72.743  -13.920 0.6999999881
16963  -22.593  -71.560  -13.478 0.6000000238
16132  -22.734  -72.251  -13.645 0.6999999881
16965  -24.109  -71.575  -13.274 0.4000000060
15288  -19.035  -73.421  -14.824 0.6999999881
16140  -19.727  -73.040  -14.599 0.6999999881
16142  -21.263  -72.414  -14.014 0.6000000238
17837  -22.013  -71.154  -13.696 0.6000000238
16947  -24.886  -71.154  -12.977 0.5000000000
15297  -17.871  -73.289  -15.744 0.6999999881
16153  -19.170  -72.554  -15.350 0.6999999881
17811  -26.723  -69.948  -12.062 0.5000000000
16173  -17.842  -72.812  -16.908 0.6999999881
17823  -27.170  -70.584  -12.419 0.5000000000
144624  -18.084  -72.417  -17.680 0.6000000238
127579  -18.897  -71.489  -19.487 0.6000000238
17038  -18.693  -71.289  -20.435 0.6000000238
18790  -19.022  -69.949  -20.358 0.5000000000
133159  -19.469  -69.571  -19.924 0.5000000000
15343  -35.378  -73.286  -19.599 0.4000000060
15356  -35.895  -73.526  -20.432 0.4000000060
17898  -29.039  -71.127  -17.035 0.6000000238
17839  -23.243  -70.546  -13.161 0.5000000000
16964  -23.263  -71.304  -13.270 0.5000000000
16154  -20.012  -72.256  -14.943 0.6000000238
16977  -20.699  -71.926  -14.485 0.6000000238
17851  -22.233  -70.284  -13.912 0.6000000238
18716  -22.889  -70.033  -13.391 0.6000000238
17820  -24.540  -70.253  -12.672 0.5000000000
18703  -25.812  -69.759  -12.121 0.5000000000
16164  -19.092  -71.985  -16.459 0.6999999881
17001  -19.730  -71.754  -15.870 0.6000000238
16990  -20.952  -71.075  -14.845 0.6000000238
17850  -21.591  -70.663  -14.409 0.6000000238
18726  -22.632  -69.388  -14.151 0.6000000238
18692  -27.046  -69.379  -11.624 0.5000000000
141455  -19.192  -71.678  -17.408 0.6999999881
17002  -20.312  -71.162  -16.435 0.6000000238
17879  -21.273  -70.206  -16.486 0.6000000238
18736  -22.349  -69.231  -15.805 0.6000000238
19596  -22.956  -68.710  -14.769 0.6000000238
17015  -19.642  -71.206  -18.106 0.6000000238
17896  -20.347  -70.732  -17.696 0.6000000238
18748  -21.742  -69.658  -17.123 0.6000000238
18749  -22.300  -69.256  -16.725 0.6000000238
17906  -19.984  -70.518  -19.098 0.6000000238
17907  -20.768  -70.070  -18.669 0.6000000238
18764  -21.679  -69.481  -18.093 0.6000000238
19636  -22.836  -68.828  -17.240 0.6000000238
17027  -19.339  -70.859  -19.937 0.5000000000
17917  -19.619  -70.107  -19.926 0.5000000000
17918  -20.408  -69.791  -19.321 0.5000000000
18779  -22.099  -68.873  -18.607 0.6000000238
19651  -22.828  -68.654  -18.215 0.6000000238
16218  -36.521  -72.804  -20.493 0.4000000060
19648  -18.084  -68.823  -18.347 0.5000000000
18792  -20.861  -69.201  -19.207 0.5000000000
18793  -21.530  -68.937  -18.999 0.6000000238
19652  -23.456  -68.081  -18.693 0.6000000238
19635  -19.326  -68.197  -18.315 0.5000000000
19650  -20.106  -68.395  -18.816 0.5000000000
19669  -20.625  -68.768  -19.173 0.4000000060
19670  -21.441  -68.599  -19.057 0.5000000000
19672  -23.064  -67.772  -19.172 0.6000000238
17819  -23.665  -69.867  -12.921 0.6000000238
18702  -25.078  -69.134  -12.058 0.5000000000
123454  -25.031  -69.803  -12.350 0.5000000000
19575  -23.826  -68.972  -12.871 0.6000000238
19576  -24.545  -68.507  -12.457 0.5000000000
137165  -26.481  -68.805  -11.504 0.5000000000
19597  -23.454  -68.294  -14.414 0.6999999881
20475  -24.484  -67.627  -13.214 0.6999999881
19608  -23.534  -68.249  -15.488 0.6000000238
19609  -23.942  -67.766  -14.840 0.6999999881
19626  -24.032  -67.997  -16.400 0.6000000238
144154  -24.145  -67.789  -15.655 0.6999999881
128331  -23.896  -68.142  -17.202 0.6000000238
20496  -24.647  -67.563  -16.184 0.6999999881
19638  -24.023  -67.975  -18.016 0.6000000238
20514  -25.274  -67.263  -16.775 0.6999999881
135274  -18.282  -67.305  -16.690 0.5000000000
20531  -20.117  -67.865  -18.224 0.5000000000
129126  -21.433  -67.817  -18.793 0.4000000060
131861  -22.494  -67.814  -19.133 0.6000000238
19653  -24.073  -67.693  -18.680 0.6000000238
20522  -19.557  -67.561  -17.515 0.5000000000
20523  -20.827  -67.605  -18.164 0.4000000060
20533  -22.212  -67.463  -18.911 0.5000000000
140233  -25.949  -68.361  -11.575 0.5000000000
20453  -25.808  -67.614  -11.669 0.5000000000
19591  -24.019  -68.293  -13.138 0.6000000238
21369  -25.546  -66.813  -12.343 0.5000000000
21370  -26.092  -66.200  -12.064 0.5000000000
20484  -24.429  -67.361  -14.317 0.6999999881
20485  -25.044  -66.924  -14.854 0.6999999881
21405  -25.719  -66.577  -15.381 0.6000000238
20526  -25.238  -67.278  -17.816 0.6999999881
21424  -25.862  -66.763  -16.328 0.6000000238
140015  -24.539  -66.887  -19.171 0.6000000238
21449  -25.747  -66.722  -18.357 0.6000000238
21432  -19.922  -67.042  -16.975 0.5000000000
21445  -22.160  -66.926  -18.355 0.4000000060
21448  -24.410  -66.545  -19.135 0.6000000238
21423  -22.035  -66.221  -16.861 0.4000000060
21434  -21.735  -66.728  -17.548 0.4000000060
21436  -23.436  -66.345  -18.395 0.5000000000
22364  -24.273  -66.159  -18.904 0.5000000000
21384  -25.480  -66.495  -13.384 0.6000000238
133427  -26.321  -65.651  -12.547 0.5000000000
21392  -25.588  -66.462  -14.404 0.6000000238
22303  -26.466  -65.472  -13.306 0.5000000000
21393  -26.247  -66.076  -14.987 0.6000000238
22311  -26.753  -65.561  -14.725 0.5000000000
22328  -26.902  -65.731  -15.510 0.6000000238
21438  -26.589  -66.338  -18.041 0.6999999881
21407  -27.099  -65.872  -16.379 0.5000000000
21456  -25.426  -66.406  -19.065 0.6000000238
22365  -25.148  -65.927  -19.167 0.5000000000
22354  -23.221  -65.866  -17.253 0.4000000060
22356  -24.958  -65.541  -18.574 0.5000000000
24954  -20.318  -61.755  -13.250 0.4000000060
25875  -21.874  -61.301  -12.561 0.3000000119
25890  -21.206  -60.869  -13.371 0.4000000060
22291  -26.805  -64.972  -12.609 0.5000000000
25888  -19.450  -60.858  -13.854 0.3000000119
26866  -20.673  -60.538  -14.098 0.4000000060
127552  -27.351  -65.278  -15.214 0.5000000000
22304  -27.098  -64.887  -13.674 0.5000000000
138405  -19.175  -60.647  -15.520 0.3000000119
25904  -20.307  -60.351  -14.815 0.4000000060
22329  -27.677  -65.343  -15.939 0.5000000000
124079  -19.840  -61.553  -16.106 0.3000000119
123271  -27.838  -65.439  -16.859 0.6000000238
21457  -26.081  -65.809  -19.176 0.6999999881
22358  -28.164  -64.922  -18.175 0.6000000238
22355  -24.114  -65.751  -17.974 0.5000000000
127607  -26.451  -64.958  -19.104 0.5000000000
23249  -25.785  -65.260  -18.977 0.4000000060
23250  -27.157  -64.343  -18.993 0.4000000060
24930  -21.882  -62.354  -11.175 0.3000000119
24940  -21.762  -62.149  -12.147 0.3000000119
25876  -22.563  -60.898  -12.115 0.3000000119
26853  -22.030  -60.631  -13.101 0.3000000119
26867  -21.507  -60.551  -13.885 0.4000000060
131139  -27.949  -64.377  -14.316 0.5000000000
122614  -20.058  -60.721  -15.483 0.4000000060
23202  -28.155  -64.696  -15.384 0.5000000000
24974  -21.004  -61.490  -15.860 0.4000000060
122065  -21.830  -61.203  -15.443 0.4000000060
22330  -28.469  -64.794  -16.489 0.5000000000
23220  -28.843  -63.804  -15.057 0.5000000000
122507  -20.775  -62.375  -16.097 0.4000000060
22348  -28.421  -64.917  -17.434 0.5000000000
23251  -27.620  -64.374  -18.884 0.5000000000
23243  -28.567  -64.379  -18.090 0.5000000000
23234  -24.076  -64.621  -16.489 0.3000000119
24085  -24.889  -64.005  -16.732 0.4000000060
24096  -27.365  -63.480  -18.691 0.4000000060
24106  -28.295  -63.928  -18.713 0.4000000060
25845  -21.812  -61.818  -10.167 0.3000000119
25862  -22.694  -61.113  -11.111 0.3000000119
27833  -23.485  -59.773  -12.245 0.4000000060
26854  -22.885  -60.186  -12.820 0.4000000060
139707  -29.008  -62.551  -11.698 0.4000000060
26868  -22.317  -60.264  -13.698 0.4000000060
24035  -28.722  -62.891  -12.361 0.4000000060
26883  -21.836  -60.651  -15.049 0.4000000060
27848  -22.727  -60.038  -14.274 0.4000000060
23203  -28.660  -63.613  -14.051 0.4000000060
27857  -22.601  -60.346  -14.861 0.4000000060
127149  -28.964  -64.013  -16.129 0.5000000000
24976  -23.026  -62.449  -15.627 0.3000000119
24087  -28.870  -63.390  -16.822 0.5000000000
24086  -25.600  -63.164  -17.253 0.3000000119
25846  -22.360  -61.148  -10.291 0.3000000119
132293  -22.902  -60.500  -10.440 0.3000000119
26840  -23.220  -60.367  -11.529 0.3000000119
27819  -23.708  -59.578  -11.385 0.4000000060
129883  -23.942  -59.204  -12.219 0.4000000060
28811  -24.124  -58.715  -12.990 0.3000000119
27841  -23.469  -59.404  -13.186 0.4000000060
24918  -28.957  -62.775  -10.852 0.4000000060
25848  -30.819  -61.111  -10.338 0.4000000060
27849  -23.309  -59.425  -14.114 0.4000000060
124947  -29.225  -62.639  -13.255 0.4000000060
24060  -29.413  -63.084  -14.684 0.4000000060
123839  -22.626  -60.840  -15.245 0.3000000119
128956  -23.513  -61.013  -15.585 0.3000000119
127331  -24.502  -62.110  -16.309 0.3000000119
25013  -27.890  -62.999  -18.593 0.4000000060
27788  -22.192  -59.789  -9.296 0.3000000119
27802  -23.725  -59.191  -10.463 0.4000000060
28800  -24.159  -58.871  -11.306 0.4000000060
145807  -24.316  -58.606  -12.123 0.4000000060
26826  -31.751  -60.169  -10.431 0.4000000060
25847  -30.148  -61.316  -10.825 0.4000000060
28820  -23.867  -58.757  -13.887 0.4000000060
24941  -29.480  -62.072  -12.812 0.4000000060
27858  -23.292  -59.775  -14.764 0.4000000060
24051  -29.320  -62.908  -13.932 0.4000000060
129757  -29.609  -61.386  -12.695 0.4000000060
27859  -23.981  -59.626  -15.349 0.3000000119
24955  -29.580  -62.229  -13.877 0.4000000060
25920  -24.351  -61.261  -16.090 0.3000000119
24965  -29.324  -62.297  -14.678 0.5000000000
25919  -23.671  -61.873  -15.788 0.3000000119
25921  -25.171  -61.373  -16.743 0.3000000119
24978  -29.034  -62.747  -15.724 0.5000000000
24997  -26.414  -62.158  -17.823 0.3000000119
25000  -28.358  -62.884  -17.936 0.4000000060
24095  -26.569  -63.241  -18.105 0.4000000060
28768  -22.691  -58.961  -9.318 0.3000000119
29747  -24.844  -57.236  -12.350 0.3000000119
29754  -24.784  -57.437  -13.255 0.3000000119
26825  -31.021  -60.276  -10.717 0.4000000060
28828  -24.457  -58.164  -14.425 0.3000000119
25864  -30.380  -60.496  -11.155 0.4000000060
27850  -24.001  -58.998  -14.718 0.3000000119
25879  -29.551  -61.746  -13.425 0.4000000060
25863  -29.916  -60.885  -11.906 0.4000000060
142808  -24.776  -59.659  -15.862 0.3000000119
26890  -25.481  -59.972  -16.554 0.3000000119
25907  -28.830  -61.840  -14.300 0.4000000060
26898  -27.323  -60.980  -17.493 0.3000000119
25929  -27.689  -61.690  -17.971 0.3000000119
130008  -27.364  -61.771  -15.406 0.3000000119
123498  -24.961  -57.265  -14.217 0.3000000119
121857  -25.166  -56.562  -13.367 0.3000000119
128527  -25.019  -57.649  -14.928 0.3000000119
26845  -30.504  -59.953  -11.165 0.3000000119
26844  -29.977  -60.405  -11.670 0.4000000060
27823  -30.168  -59.891  -11.327 0.4000000060
28844  -26.650  -58.791  -16.448 0.3000000119
135493  -29.376  -61.313  -13.024 0.4000000060
26858  -29.628  -60.912  -12.435 0.4000000060
26891  -26.577  -59.958  -17.170 0.3000000119
26897  -26.814  -60.637  -17.506 0.3000000119
24964  -28.274  -62.256  -15.089 0.3000000119
25915  -27.477  -61.352  -16.635 0.3000000119
29771  -27.404  -57.519  -15.643 0.3000000119
27866  -27.084  -59.438  -16.924 0.3000000119
26843  -29.081  -60.514  -11.896 0.3000000119
27822  -29.434  -60.069  -11.314 0.3000000119
25878  -28.292  -61.299  -13.103 0.3000000119
26886  -27.462  -60.292  -16.487 0.3000000119
25906  -27.453  -61.772  -14.484 0.3000000119
29761  -27.743  -57.096  -15.070 0.3000000119
30743  -27.569  -56.106  -14.210 0.3000000119
28838  -27.557  -58.194  -15.839 0.3000000119
26842  -27.735  -60.521  -11.789 0.3000000119
28829  -27.755  -57.776  -15.010 0.3000000119
124763  -27.710  -56.217  -13.403 0.3000000119
24998  -27.456  -62.349  -18.340 0.4000000060
24986  -24.726  -63.042  -16.471 0.3000000119
7486  -25.691  -83.495  -21.389 0.6000000238
6866  -25.293  -84.448  -23.007 0.5000000000
6229  -23.834  -85.489  -22.925 0.5000000000
6228  -22.947  -85.563  -22.596 0.5000000000
6235  -24.568  -85.514  -23.265 0.5000000000
6230  -27.908  -85.661  -22.783 0.5000000000
7477  -25.570  -83.201  -19.874 0.6999999881
8160  -27.465  -82.501  -20.441 0.6999999881
8138  -25.633  -83.157  -18.465 0.6999999881
121258  -24.791  -83.632  -19.709 0.6999999881
5671  -26.626  -86.336  -22.958 0.4000000060
127451  -24.942  -83.610  -18.801 0.6999999881
7510  -28.095  -83.772  -24.011 0.5000000000
8910  -32.882  -81.908  -18.058 0.3000000119
8210  -28.798  -83.171  -24.298 0.5000000000
8979  -30.169  -81.756  -24.218 0.3000000119
9664  -29.807  -80.766  -17.458 0.6000000238
8897  -28.354  -81.670  -17.587 0.6000000238
9653  -30.218  -80.181  -16.767 0.5000000000
127599  -27.587  -78.622  -14.527 0.6000000238
8117  -27.122  -82.099  -17.030 0.6999999881
6809  -34.964  -84.768  -17.605 0.3000000119
9638  -26.761  -80.840  -14.732 0.6000000238
8886  -26.909  -81.837  -15.658 0.6000000238
7454  -25.528  -83.400  -17.511 0.6999999881
8181  -27.211  -83.023  -22.064 0.5000000000
7501  -26.660  -84.258  -23.621 0.6000000238
6874  -26.149  -84.981  -23.753 0.5000000000
7441  -25.408  -83.627  -16.488 0.6000000238
6821  -24.531  -84.166  -18.221 0.6999999881
8084  -25.298  -82.142  -14.492 0.5000000000
6805  -24.019  -84.627  -17.495 0.5000000000
8924  -32.892  -81.839  -18.884 0.3000000119
10415  -24.645  -79.415  -15.072 0.6000000238
145932  -22.520  -85.002  -17.031 0.5000000000
8198  -33.107  -82.005  -24.003 0.3000000119
8161  -28.415  -82.231  -20.881 0.5000000000
8152  -32.316  -82.296  -19.400 0.3000000119
6791  -22.200  -84.710  -16.265 0.5000000000
10450  -31.669  -79.411  -17.613 0.4000000060
140382  -29.161  -76.284  -20.735 0.6000000238
12118  -26.845  -77.412  -21.780 0.6999999881
12956  -29.066  -76.632  -23.329 0.6000000238
14530  -29.053  -74.967  -24.763 0.6000000238
13731  -30.027  -75.129  -21.467 0.6000000238
16187  -32.003  -72.607  -19.151 0.5000000000
11249  -33.392  -78.026  -17.639 0.4000000060
15362  -30.925  -73.568  -22.548 0.6000000238
15363  -31.315  -72.929  -21.944 0.5000000000
15383  -30.371  -73.365  -23.618 0.6000000238
18809  -32.368  -68.349  -21.302 0.4000000060
10532  -27.164  -78.904  -25.240 0.6000000238
145291  -27.273  -76.611  -25.314 0.6999999881
14481  -22.019  -74.866  -19.155 0.6000000238
15313  -32.437  -73.469  -17.767 0.4000000060
20579  -34.117  -67.538  -20.938 0.4000000060
18801  -29.969  -68.733  -20.858 0.4000000060
10524  -26.043  -79.454  -24.114 0.6000000238
14465  -22.038  -74.940  -18.135 0.6000000238
126322  -23.598  -74.488  -19.176 0.6000000238
141178  -34.231  -74.776  -18.423 0.5000000000
15369  -22.835  -73.804  -22.091 0.5000000000
15300  -25.895  -73.686  -16.667 0.6000000238
13747  -23.330  -75.587  -23.207 0.4000000060
14520  -26.401  -74.782  -23.028 0.5000000000
17928  -34.243  -69.996  -21.026 0.5000000000
16222  -25.405  -71.942  -21.928 0.6000000238
14513  -25.409  -74.609  -22.512 0.5000000000
16182  -17.718  -72.566  -19.341 0.6000000238
19649  -18.750  -68.749  -18.915 0.5000000000
18717  -23.244  -69.280  -13.416 0.5000000000
17878  -20.818  -70.797  -15.869 0.6000000238
17863  -21.978  -69.759  -14.915 0.6000000238
19590  -23.542  -68.559  -13.567 0.6000000238
17897  -21.148  -70.094  -17.660 0.6000000238
20511  -18.753  -67.750  -17.335 0.5000000000
20462  -25.065  -67.670  -12.333 0.5000000000
21425  -26.580  -66.430  -16.874 0.6000000238
21433  -20.850  -67.048  -17.317 0.5000000000
21439  -27.211  -65.758  -18.193 0.6000000238
133118  -26.154  -65.927  -13.978 0.5000000000
22346  -23.924  -65.313  -17.035 0.3000000119
24034  -27.896  -63.614  -12.199 0.4000000060
23194  -28.591  -63.306  -13.123 0.4000000060
23241  -25.549  -64.880  -18.315 0.4000000060
24931  -29.594  -61.760  -11.615 0.4000000060
27789  -23.034  -59.668  -9.823 0.3000000119
26885  -24.338  -60.374  -15.843 0.3000000119
25894  -29.535  -61.950  -14.095 0.4000000060
24988  -28.051  -62.039  -17.920 0.3000000119
124368  -24.698  -59.039  -15.511 0.3000000119
24977  -27.830  -62.320  -16.177 0.4000000060
29700  -22.813  -57.571  -9.379 0.3000000119
28836  -25.592  -58.536  -15.835 0.3000000119
25893  -29.129  -61.578  -13.655 0.4000000060
28837  -27.178  -58.166  -16.082 0.3000000119
4959  -21.265  -87.068  -13.842 0.5000000000
5555  -20.813  -86.773  -14.662 0.5000000000
5563  -20.670  -85.822  -14.966 0.5000000000
6160  -20.171  -85.687  -15.775 0.4000000060
6108  -20.874  -85.733  -12.562 0.5000000000
6109  -21.310  -85.713  -12.945 0.5000000000
6125  -21.335  -85.672  -13.510 0.5000000000
6138  -21.212  -85.180  -14.340 0.5000000000
6148  -20.824  -85.184  -15.433 0.5000000000
6790  -21.387  -84.805  -15.932 0.4000000060
6736  -20.459  -84.903  -12.527 0.4000000060
6737  -21.193  -84.939  -12.724 0.5000000000
6764  -21.705  -84.380  -13.953 0.5000000000
6780  -21.999  -84.352  -15.446 0.4000000060
141389  -20.751  -83.381  -12.970 0.5000000000
127623  -21.369  -84.032  -13.085 0.5000000000
6751  -21.480  -84.972  -13.276 0.5000000000
8066  -21.287  -82.447  -13.177 0.5000000000
7414  -21.912  -83.633  -13.655 0.5000000000
8067  -21.934  -82.471  -13.304 0.5000000000
128490  -22.676  -82.269  -13.699 0.5000000000
122148  -23.137  -82.999  -14.079 0.4000000060
8065  -20.336  -82.511  -13.418 0.5000000000
8837  -21.846  -81.905  -13.399 0.5000000000
8855  -22.460  -81.492  -13.969 0.5000000000
8856  -23.857  -81.556  -14.183 0.5000000000
8895  -20.753  -81.300  -17.654 0.5000000000
8081  -20.370  -81.889  -13.986 0.5000000000
8871  -20.567  -81.446  -15.462 0.5000000000
140555  -21.405  -81.111  -15.061 0.5000000000
8872  -21.249  -81.075  -16.025 0.5000000000
8873  -22.264  -81.002  -14.690 0.5000000000
9635  -22.111  -80.629  -15.712 0.5000000000
9636  -22.829  -80.532  -15.049 0.5000000000
9622  -23.157  -80.975  -14.358 0.5000000000
9661  -21.266  -80.723  -17.526 0.5000000000
9677  -21.459  -80.349  -18.146 0.5000000000
9705  -22.157  -79.798  -20.249 0.5000000000
9647  -21.618  -80.592  -16.700 0.5000000000
10462  -22.461  -79.364  -18.732 0.5000000000
10486  -22.853  -79.173  -20.352 0.5000000000
9648  -22.351  -79.976  -16.560 0.5000000000
10446  -22.684  -79.501  -17.323 0.5000000000
10463  -22.984  -78.852  -19.005 0.5000000000
10428  -23.122  -79.533  -16.525 0.5000000000
10447  -23.369  -79.085  -17.215 0.5000000000
9649  -22.960  -80.034  -15.733 0.5000000000
9637  -23.723  -80.260  -14.936 0.5000000000
9623  -24.648  -80.335  -14.473 0.5000000000
10523  -25.118  -79.796  -23.652 0.5000000000
10515  -24.632  -79.427  -22.797 0.6000000238
10501  -23.355  -79.042  -21.076 0.5000000000
10474  -23.056  -78.816  -19.717 0.5000000000
11302  -24.709  -78.246  -21.593 0.5000000000
11274  -23.624  -78.396  -19.366 0.5000000000
11289  -24.082  -78.031  -20.151 0.5000000000
10448  -24.041  -78.737  -16.966 0.5000000000
11244  -23.763  -78.641  -17.837 0.5000000000
10429  -23.728  -79.553  -15.779 0.5000000000
10543  -25.510  -79.701  -25.841 0.5000000000
10530  -26.033  -79.729  -25.049 0.5000000000
11309  -25.002  -78.770  -22.354 0.6000000238
12100  -19.562  -77.128  -20.380 0.5000000000
136435  -20.010  -76.417  -20.412 0.6000000238
12099  -19.013  -77.899  -19.852 0.5000000000
12087  -19.432  -77.278  -19.328 0.5000000000
12930  -20.290  -76.152  -19.189 0.6000000238
12918  -20.164  -76.230  -18.481 0.6000000238
12072  -19.260  -77.269  -18.391 0.5000000000
12904  -19.645  -76.630  -17.859 0.6000000238
12903  -19.085  -76.761  -16.890 0.5000000000
13686  -20.539  -75.817  -16.976 0.6000000238
13673  -19.947  -75.811  -16.117 0.6000000238
12885  -18.503  -76.699  -16.136 0.5000000000
13666  -19.209  -75.574  -15.360 0.6000000238
13667  -20.119  -75.304  -15.319 0.6000000238
12869  -18.063  -76.314  -15.618 0.5000000000
13665  -18.350  -75.613  -15.306 0.5000000000
14439  -16.916  -74.239  -16.209 0.5000000000
139294  -16.839  -73.793  -16.914 0.6000000238
15337  -17.231  -73.145  -19.995 0.6000000238
15321  -16.699  -73.658  -19.172 0.5000000000
122459  -17.489  -74.090  -15.609 0.6000000238
14429  -17.795  -74.905  -15.280 0.5000000000
127831  -17.685  -72.671  -18.053 0.5000000000
17050  -17.994  -71.731  -20.792 0.6000000238
16197  -18.280  -71.955  -20.046 0.6000000238
124481  -18.909  -70.634  -20.420 0.6000000238
8153  -33.192  -82.143  -19.941 0.3000000119
8942  -35.222  -82.245  -20.546 0.3000000119
8174  -33.090  -82.709  -21.817 0.3000000119
141969  -36.840  -82.322  -21.044 0.3000000119
8186  -33.417  -82.484  -23.042 0.3000000119
8163  -32.601  -82.531  -20.588 0.3000000119
11259  -23.490  -78.610  -18.569 0.5000000000
12116  -24.670  -77.806  -20.802 0.5000000000
13721  -20.376  -75.865  -20.815 0.5000000000
6765  -21.987  -84.008  -14.602 0.4000000060
7415  -22.533  -83.527  -14.230 0.5000000000
8836  -21.058  -81.837  -13.525 0.5000000000
8884  -20.230  -81.729  -16.378 0.5000000000
143187  -20.718  -81.366  -16.172 0.5000000000
8906  -20.993  -80.860  -18.274 0.5000000000
9693  -21.941  -79.742  -19.279 0.5000000000
9662  -21.879  -79.988  -17.516 0.5000000000
11288  -23.447  -78.596  -20.287 0.5000000000
8164  -33.684  -82.574  -21.027 0.3000000119
8176  -34.928  -82.486  -22.152 0.3000000119
8165  -34.643  -82.523  -21.285 0.3000000119
8175  -34.066  -82.641  -22.063 0.3000000119
8166  -35.548  -82.438  -21.401 0.3000000119
5533  -21.134  -86.507  -12.790 0.5000000000
5545  -21.338  -86.426  -13.285 0.5000000000
5556  -21.127  -86.147  -14.078 0.5000000000
5659  -22.455  -85.910  -22.674 0.5000000000
5661  -24.515  -86.340  -22.904 0.5000000000
5662  -25.400  -86.523  -22.993 0.5000000000
5672  -27.141  -85.937  -23.031 0.5000000000
6200  -21.110  -85.456  -19.983 0.5000000000
6236  -25.247  -85.764  -23.432 0.5000000000
6241  -26.482  -85.533  -23.603 0.4000000060
6242  -26.968  -85.160  -23.756 0.4000000060
6779  -21.515  -84.616  -15.002 0.5000000000
6782  -23.792  -84.271  -15.794 0.5000000000
6796  -37.125  -85.025  -16.277 0.3000000119
6804  -23.165  -84.944  -17.627 0.5000000000
6820  -23.697  -84.623  -18.462 0.6999999881
6844  -23.479  -84.355  -20.782 0.6999999881
6855  -22.970  -84.683  -21.763 0.6000000238
6863  -22.635  -85.141  -22.406 0.5000000000
6868  -28.818  -84.337  -23.434 0.5000000000
6873  -25.292  -85.073  -23.478 0.5000000000
6876  -29.015  -83.761  -24.111 0.5000000000
6882  -27.538  -84.488  -23.794 0.5000000000
6883  -28.208  -84.100  -23.976 0.5000000000
7389  -20.793  -84.257  -12.716 0.5000000000
7400  -21.558  -83.092  -13.203 0.5000000000
7401  -22.301  -82.960  -13.573 0.5000000000
7428  -22.451  -83.967  -14.981 0.4000000060
7431  -25.153  -83.633  -15.557 0.6000000238
7442  -35.631  -83.532  -16.456 0.3000000119
7469  -24.284  -84.093  -19.067 0.6999999881
7493  -27.542  -83.715  -23.734 0.5000000000
7500  -25.871  -84.549  -23.456 0.5000000000
7509  -27.371  -84.253  -23.822 0.5000000000
7513  -30.073  -82.714  -24.705 0.4000000060
8082  -23.598  -82.357  -14.131 0.4000000060
8100  -25.771  -82.583  -14.957 0.6000000238
8115  -26.001  -83.032  -16.813 0.6000000238
8116  -26.815  -82.207  -16.275 0.6000000238
8130  -26.108  -82.814  -17.722 0.6999999881
8133  -33.241  -82.611  -17.403 0.3000000119
8139  -26.381  -82.657  -18.490 0.6999999881
8143  -32.378  -82.376  -18.395 0.3000000119
8150  -27.429  -82.415  -19.475 0.6999999881
8183  -28.702  -82.380  -23.085 0.4000000060
8184  -29.400  -82.276  -24.120 0.5000000000
8187  -34.315  -82.341  -22.916 0.3000000119
8211  -30.004  -82.427  -24.705 0.4000000060
8852  -20.067  -81.780  -14.741 0.5000000000
8853  -20.823  -81.505  -14.412 0.5000000000
8854  -21.630  -81.433  -14.112 0.5000000000
8858  -25.529  -81.410  -14.444 0.6000000238
8875  -26.589  -81.585  -15.042 0.6000000238
8885  -20.903  -81.209  -16.823 0.5000000000
8888  -28.219  -81.389  -16.617 0.6000000238
8894  -20.432  -81.655  -17.174 0.5000000000
8899  -32.847  -82.284  -17.779 0.3000000119
8922  -28.881  -81.852  -19.361 0.4000000060
8952  -29.160  -82.017  -22.327 0.4000000060
8992  -30.449  -81.978  -24.822 0.3000000119
8993  -30.967  -81.864  -24.816 0.3000000119
9624  -25.514  -80.554  -14.380 0.6000000238
9625  -26.242  -80.414  -14.419 0.6000000238
9678  -21.855  -79.814  -18.435 0.5000000000
9679  -29.787  -81.058  -18.319 0.4000000060
9719  -31.145  -80.872  -22.151 0.3000000119
9735  -24.381  -79.999  -23.311 0.5000000000
9737  -31.753  -80.761  -23.130 0.3000000119
9751  -25.392  -80.152  -24.577 0.5000000000
9752  -31.430  -81.234  -24.058 0.3000000119
9761  -25.349  -80.344  -25.270 0.5000000000
9767  -25.149  -80.251  -25.704 0.5000000000
10416  -28.723  -79.649  -14.943 0.5000000000
10418  -30.148  -79.175  -15.448 0.5000000000
10430  -24.215  -78.946  -16.058 0.6999999881
10473  -22.574  -79.287  -19.564 0.5000000000
10477  -33.478  -79.206  -19.770 0.4000000060
10516  -25.484  -79.191  -23.120 0.6000000238
10531  -26.788  -79.258  -24.843 0.6000000238
10537  -25.759  -79.740  -25.553 0.5000000000
11200  -26.267  -78.962  -14.458 0.6999999881
11203  -28.968  -78.485  -14.595 0.5000000000
11204  -29.547  -78.020  -14.630 0.5000000000
11214  -24.827  -78.749  -15.749 0.6999999881
11246  -25.848  -77.856  -16.796 0.6000000238
11262  -33.761  -78.214  -18.424 0.4000000060
11263  -34.267  -78.079  -19.050 0.4000000060
11275  -24.431  -77.919  -19.349 0.6000000238
11277  -33.981  -78.604  -19.284 0.4000000060
11301  -23.996  -78.383  -20.989 0.5000000000
11310  -25.784  -78.525  -22.701 0.6999999881
11319  -26.947  -78.874  -24.049 0.6999999881
11327  -27.291  -78.850  -24.773 0.6000000238
11328  -27.564  -78.438  -25.128 0.6000000238
11335  -27.117  -78.475  -25.556 0.6000000238
11338  -25.493  -79.210  -26.038 0.6000000238
12027  -27.919  -77.803  -14.672 0.6000000238
12028  -28.742  -77.788  -14.561 0.5000000000
12038  -31.971  -76.705  -15.873 0.4000000060
12061  -32.795  -77.516  -16.599 0.4000000060
12076  -27.944  -77.043  -18.952 0.6000000238
12089  -26.623  -77.476  -19.060 0.6000000238
12103  -26.430  -77.432  -20.394 0.6000000238
12122  -26.103  -77.770  -22.165 0.6999999881
12130  -28.103  -77.775  -24.209 0.6999999881
12140  -25.063  -77.098  -25.320 0.6000000238
12141  -28.048  -77.884  -24.954 0.6999999881
12149  -28.161  -77.306  -25.220 0.6999999881
12870  -18.646  -76.111  -15.656 0.5000000000
12873  -31.353  -76.562  -15.655 0.5000000000
12886  -19.202  -76.232  -16.114 0.5000000000
12905  -20.313  -76.017  -17.813 0.6000000238
12908  -33.597  -76.505  -17.180 0.4000000060
12917  -19.807  -76.710  -18.829 0.5000000000
12919  -28.548  -76.578  -18.469 0.5000000000
12929  -19.912  -76.614  -19.684 0.6000000238
12951  -28.855  -76.556  -22.252 0.6000000238
12952  -29.333  -76.214  -21.685 0.6000000238
12965  -23.927  -76.131  -23.918 0.6000000238
12967  -29.151  -76.721  -24.308 0.6000000238
12979  -27.922  -76.761  -25.402 0.6999999881
12984  -26.100  -77.107  -25.513 0.5000000000
12985  -27.098  -77.158  -25.546 0.6000000238
12986  -27.646  -77.394  -25.463 0.6999999881
13664  -17.732  -75.705  -15.449 0.5000000000
13668  -20.954  -75.128  -15.262 0.6999999881
13680  -33.012  -75.889  -16.545 0.4000000060
13685  -19.799  -76.230  -16.963 0.6000000238
13687  -21.267  -75.418  -16.980 0.6999999881
13694  -20.718  -75.688  -18.665 0.6000000238
13699  -34.249  -75.690  -18.515 0.5000000000
13707  -20.344  -75.984  -19.972 0.6000000238
13711  -30.032  -75.059  -19.210 0.6000000238
13723  -29.620  -75.798  -21.096 0.6000000238
13724  -29.834  -75.231  -20.303 0.6000000238
13736  -21.276  -75.143  -22.773 0.5000000000
13737  -22.736  -74.853  -22.759 0.4000000060
13739  -24.575  -74.779  -22.510 0.6000000238
13752  -30.037  -75.468  -24.163 0.6000000238
13753  -30.281  -74.908  -23.549 0.6000000238
13759  -27.335  -75.961  -24.934 0.6999999881
13761  -29.030  -75.779  -25.012 0.6000000238
14423  -19.922  -74.185  -14.524 0.6999999881
14425  -21.523  -74.154  -14.522 0.6999999881
14430  -18.681  -74.841  -14.961 0.5000000000
14432  -20.368  -74.725  -14.751 0.6000000238
14434  -22.350  -74.280  -15.020 0.6000000238
14438  -16.677  -74.982  -16.134 0.5000000000
14444  -32.092  -74.753  -16.670 0.5000000000
14445  -32.813  -74.979  -16.720 0.5000000000
14452  -22.683  -74.764  -17.764 0.6000000238
14453  -23.367  -74.588  -17.402 0.6000000238
14467  -23.332  -74.626  -18.368 0.6000000238
14468  -24.159  -74.400  -18.729 0.5000000000
14483  -23.373  -74.330  -19.938 0.6000000238
14487  -35.331  -74.013  -20.066 0.4000000060
14496  -22.699  -73.867  -21.337 0.5000000000
14502  -21.464  -74.722  -21.677 0.5000000000
14511  -22.397  -74.373  -22.378 0.5000000000
14521  -28.229  -74.605  -24.169 0.5000000000
15277  -19.608  -73.685  -14.547 0.6999999881
15284  -25.977  -73.253  -15.084 0.6000000238
15287  -18.282  -73.950  -15.043 0.5000000000
15290  -23.651  -73.812  -15.202 0.6000000238
15291  -24.520  -73.727  -15.528 0.6000000238
15301  -26.690  -73.270  -16.739 0.6000000238
15309  -17.217  -73.248  -17.413 0.5000000000
15322  -17.176  -73.135  -18.625 0.5000000000
15336  -16.647  -73.560  -20.331 0.6000000238
15338  -23.749  -73.711  -20.498 0.6000000238
15340  -25.098  -73.268  -19.825 0.6000000238
15352  -24.084  -72.962  -21.134 0.6000000238
15359  -22.736  -73.782  -21.814 0.5000000000
15370  -24.180  -72.996  -22.226 0.6000000238
15375  -30.770  -73.483  -23.262 0.6000000238
15382  -29.626  -73.463  -23.728 0.5000000000
16131  -21.960  -71.969  -13.693 0.6000000238
16135  -26.015  -72.381  -13.800 0.6999999881
16141  -20.496  -72.783  -14.305 0.6000000238
16145  -24.619  -72.849  -14.168 0.6999999881
16148  -27.297  -72.503  -14.684 0.5000000000
16163  -18.432  -72.586  -16.098 0.6999999881
16166  -27.723  -72.457  -16.448 0.6000000238
16174  -18.554  -72.163  -17.319 0.6999999881
16176  -27.588  -72.374  -17.311 0.6000000238
16183  -18.299  -72.096  -18.587 0.6000000238
16184  -26.137  -72.852  -19.032 0.6000000238
16189  -33.581  -72.755  -18.467 0.5000000000
16196  -17.619  -72.449  -20.539 0.6000000238
16202  -32.482  -72.121  -19.553 0.5000000000
16204  -35.883  -72.607  -19.846 0.4000000060
16214  -25.313  -72.040  -21.133 0.6000000238
16215  -26.021  -71.877  -20.531 0.6000000238
16217  -32.303  -71.801  -20.699 0.5000000000
16223  -31.769  -72.298  -22.488 0.5000000000
16224  -32.229  -71.771  -21.952 0.5000000000
16230  -25.312  -72.247  -22.130 0.6000000238
16231  -25.978  -71.920  -22.172 0.6000000238
16234  -30.608  -72.552  -23.429 0.6000000238
16241  -29.988  -72.841  -23.533 0.6000000238
16966  -25.522  -71.821  -13.300 0.5000000000
16968  -27.275  -71.658  -13.415 0.5000000000
16978  -21.377  -71.541  -14.091 0.6000000238
16989  -20.402  -71.488  -15.377 0.6000000238
17014  -19.008  -71.625  -18.318 0.6000000238
17040  -27.572  -71.203  -19.660 0.6000000238
17053  -27.178  -71.002  -20.640 0.6000000238
17064  -32.898  -70.625  -21.526 0.4000000060
17072  -29.762  -71.439  -22.725 0.6000000238
17821  -25.415  -70.464  -12.564 0.5000000000
17822  -26.305  -70.541  -12.459 0.5000000000
17838  -22.662  -70.822  -13.386 0.5000000000
17840  -23.945  -70.784  -13.030 0.5000000000
17862  -21.357  -70.342  -15.397 0.6000000238
17908  -21.250  -69.695  -18.498 0.6000000238
17916  -18.364  -70.435  -20.622 0.5000000000
17919  -27.853  -70.652  -20.321 0.6000000238
17926  -18.282  -71.102  -20.781 0.6000000238
17927  -28.279  -70.159  -20.927 0.5000000000
17937  -30.488  -70.045  -22.116 0.6000000238
17949  -31.367  -70.736  -22.453 0.6999999881
17951  -32.804  -70.223  -21.617 0.5000000000
18701  -24.414  -69.401  -12.516 0.5000000000
18735  -21.786  -69.705  -16.053 0.6000000238
18763  -17.491  -69.275  -18.233 0.5000000000
18765  -22.273  -69.164  -17.700 0.6000000238
18776  -18.906  -69.332  -19.807 0.5000000000
18777  -21.064  -69.482  -18.995 0.5000000000
18778  -21.514  -69.283  -18.725 0.6000000238
18789  -18.208  -69.720  -20.149 0.5000000000
18791  -20.065  -69.459  -19.515 0.5000000000
18800  -29.448  -69.224  -21.102 0.4000000060
18805  -28.989  -69.929  -21.781 0.5000000000
18820  -33.513  -69.660  -21.287 0.5000000000
18821  -34.304  -69.600  -21.171 0.5000000000
19565  -25.799  -68.970  -11.754 0.5000000000
19577  -25.331  -68.374  -11.916 0.5000000000
19598  -23.898  -67.908  -13.879 0.6999999881
19607  -22.890  -68.759  -15.683 0.6000000238
19623  -17.983  -68.021  -17.045 0.5000000000
19624  -22.741  -68.894  -16.418 0.6000000238
19625  -23.368  -68.505  -16.595 0.6000000238
19634  -18.420  -68.364  -17.865 0.5000000000
19637  -23.442  -68.430  -17.707 0.6000000238
19655  -31.869  -68.114  -19.300 0.5000000000
19668  -19.627  -68.920  -19.363 0.5000000000
19671  -22.177  -68.303  -19.071 0.6000000238
19674  -32.330  -67.278  -19.968 0.5000000000
19675  -33.164  -67.157  -19.878 0.4000000060
19687  -30.039  -68.814  -21.242 0.6000000238
19691  -30.681  -68.419  -21.261 0.6000000238
19692  -31.371  -68.234  -21.294 0.6000000238
20476  -24.930  -66.909  -13.836 0.6999999881
20497  -25.203  -67.100  -15.804 0.6000000238
20513  -24.546  -67.707  -17.233 0.6000000238
20524  -21.541  -67.263  -18.230 0.4000000060
20525  -24.581  -67.554  -18.274 0.6000000238
20532  -20.754  -68.140  -18.763 0.5000000000
20534  -23.875  -67.471  -19.108 0.6000000238
20535  -24.412  -67.342  -18.914 0.6000000238
20536  -25.026  -67.088  -18.746 0.6000000238
20542  -21.278  -68.312  -18.998 0.4000000060
20543  -21.880  -68.055  -19.087 0.5000000000
20544  -23.019  -67.345  -19.120 0.6000000238
20545  -23.755  -67.146  -19.223 0.6000000238
20548  -33.575  -67.038  -20.276 0.4000000060
20561  -31.242  -67.671  -21.011 0.6000000238
20563  -32.537  -67.016  -20.657 0.4000000060
20565  -34.259  -67.353  -20.346 0.4000000060
20577  -31.801  -67.588  -21.086 0.4000000060
20580  -35.213  -67.478  -21.057 0.4000000060
21385  -25.930  -66.053  -12.917 0.5000000000
21406  -26.427  -66.286  -15.885 0.6000000238
21422  -21.220  -66.405  -16.639 0.4000000060
21426  -27.219  -65.934  -17.357 0.6000000238
21435  -22.561  -66.442  -17.802 0.4000000060
21437  -25.928  -66.867  -17.367 0.6999999881
21446  -22.818  -66.870  -18.777 0.4000000060
21447  -23.616  -66.750  -19.085 0.5000000000
21450  -26.717  -65.710  -18.796 0.6999999881
21455  -25.011  -66.307  -19.175 0.6000000238
22312  -27.313  -65.032  -14.565 0.5000000000
22347  -27.795  -65.421  -17.798 0.6000000238
22357  -27.517  -65.120  -18.643 0.6000000238
22366  -25.965  -65.540  -19.175 0.5000000000
22367  -26.767  -65.092  -19.086 0.5000000000
22370  -25.514  -65.970  -19.228 0.5000000000
23193  -27.662  -64.130  -13.134 0.5000000000
23235  -25.702  -64.144  -17.618 0.4000000060
23236  -28.875  -64.209  -17.192 0.5000000000
23242  -26.455  -64.386  -18.641 0.4000000060
23252  -28.083  -64.529  -18.593 0.5000000000
24052  -29.549  -62.582  -14.408 0.4000000060
24073  -29.325  -63.205  -15.570 0.5000000000
24074  -29.500  -62.651  -14.865 0.4000000060
24097  -28.219  -63.208  -18.546 0.4000000060
24098  -28.662  -63.642  -17.990 0.5000000000
24105  -27.851  -63.671  -18.908 0.4000000060
24966  -29.585  -62.309  -14.416 0.4000000060
24975  -22.092  -62.011  -15.712 0.3000000119
24985  -23.878  -62.794  -15.921 0.3000000119
24987  -25.393  -62.192  -17.009 0.3000000119
24989  -28.273  -62.692  -17.022 0.4000000060
24999  -28.008  -62.464  -18.317 0.3000000119
25861  -22.258  -61.647  -11.634 0.3000000119
25874  -21.123  -61.599  -12.939 0.3000000119
25889  -20.387  -60.944  -13.604 0.4000000060
25891  -26.885  -61.319  -13.823 0.3000000119
25892  -27.824  -61.584  -13.740 0.3000000119
25913  -20.978  -60.782  -15.275 0.4000000060
25914  -27.206  -61.154  -15.716 0.3000000119
25922  -27.605  -61.376  -17.528 0.3000000119
25927  -26.125  -61.324  -17.442 0.3000000119
25928  -27.014  -61.359  -17.922 0.3000000119
26811  -22.388  -60.484  -9.724 0.3000000119
26823  -23.401  -59.929  -10.639 0.3000000119
26857  -28.810  -60.895  -12.546 0.4000000060
26865  -19.956  -60.430  -14.213 0.3000000119
26876  -21.162  -60.507  -14.624 0.4000000060
26877  -22.012  -60.460  -14.409 0.4000000060
26884  -23.345  -60.289  -15.276 0.3000000119
26892  -27.229  -60.144  -17.274 0.3000000119
26893  -27.427  -60.565  -17.167 0.3000000119
26896  -25.844  -60.607  -17.100 0.3000000119
27840  -22.911  -59.844  -13.651 0.4000000060
27860  -25.557  -59.221  -16.198 0.3000000119
27865  -26.345  -59.434  -16.765 0.3000000119
28812  -24.537  -58.032  -12.640 0.3000000119
28821  -24.410  -58.055  -13.620 0.4000000060
28845  -27.294  -58.912  -16.377 0.3000000119
29770  -26.684  -57.531  -15.722 0.3000000119
29772  -27.669  -57.560  -15.456 0.3000000119
30752  -27.529  -56.471  -14.800 0.3000000119
30758  -27.496  -56.947  -15.274 0.3000000119
121387  -22.777  -61.545  -15.537 0.3000000119
122476  -28.710  -70.676  -19.046 0.5000000000
122895  -31.348  -72.157  -23.174 0.6999999881
122898  -23.335  -65.173  -16.314 0.3000000119
123005  -32.302  -82.036  -24.382 0.3000000119
124050  -22.708  -68.302  -18.850 0.6000000238
124430  -26.480  -68.064  -11.276 0.5000000000
124695  -24.770  -64.923  -17.459 0.3000000119
125042  -19.714  -71.424  -16.977 0.6999999881
125961  -26.759  -77.426  -19.763 0.6000000238
126107  -21.925  -74.948  -22.792 0.5000000000
127270  -31.949  -82.669  -23.715 0.4000000060
127586  -21.652  -74.890  -20.188 0.6000000238
127727  -25.682  -73.802  -22.292 0.5000000000
127935  -27.800  -62.071  -17.122 0.3000000119
127967  -35.477  -74.423  -20.925 0.4000000060
128000  -24.669  -74.254  -17.408 0.5000000000
128023  -22.984  -79.022  -18.092 0.5000000000
128081  -25.011  -67.045  -12.961 0.5000000000
128224  -20.240  -67.424  -17.615 0.5000000000
128275  -26.738  -82.586  -19.113 0.6999999881
128547  -25.643  -86.167  -23.263 0.5000000000
128572  -17.300  -73.553  -16.380 0.6000000238
128930  -23.482  -73.404  -22.179 0.6000000238
129138  -27.999  -82.615  -22.340 0.4000000060
129159  -28.921  -71.648  -22.558 0.5000000000
129589  -27.153  -71.152  -22.050 0.6000000238
129693  -26.729  -65.380  -14.061 0.5000000000
129753  -30.986  -74.539  -17.452 0.5000000000
130060  -24.787  -71.871  -13.321 0.6000000238
130118  -26.297  -78.532  -25.951 0.6000000238
130334  -23.970  -84.145  -19.888 0.6000000238
130612  -24.559  -67.399  -15.293 0.6999999881
130892  -31.634  -73.638  -18.014 0.4000000060
131027  -20.776  -70.597  -16.825 0.6000000238
131881  -27.612  -77.242  -22.270 0.6000000238
132053  -29.418  -82.681  -24.505 0.4000000060
132419  -21.353  -80.373  -18.954 0.5000000000
132502  -18.513  -73.139  -15.310 0.6999999881
133923  -25.481  -83.929  -22.263 0.6000000238
134820  -22.499  -69.119  -15.036 0.6000000238
135219  -27.117  -72.984  -16.120 0.6000000238
136073  -25.368  -73.846  -18.478 0.6000000238
136318  -22.370  -79.516  -18.023 0.5000000000
136687  -23.473  -72.005  -13.457 0.4000000060
136896  -26.190  -85.998  -23.350 0.5000000000
136984  -27.173  -85.424  -23.447 0.5000000000
137114  -22.719  -72.926  -14.026 0.6999999881
138101  -27.752  -57.916  -15.578 0.3000000119
138625  -23.026  -58.251  -9.316 0.3000000119
138642  -20.328  -86.410  -15.367 0.5000000000
139644  -31.013  -67.928  -20.408 0.5000000000
139767  -23.096  -68.791  -14.018 0.6000000238
139877  -26.593  -73.944  -22.524 0.5000000000
140229  -20.344  -75.802  -21.718 0.6000000238
140417  -25.936  -83.120  -20.607 0.6999999881
140706  -23.154  -81.711  -14.038 0.5000000000
141083  -23.671  -79.153  -16.508 0.5000000000
141491  -26.436  -58.141  -15.993 0.3000000119
141557  -27.554  -70.682  -21.880 0.5000000000
141611  -26.157  -66.232  -18.831 0.6000000238
141747  -26.761  -78.585  -14.560 0.6999999881
141869  -30.638  -76.391  -15.582 0.5000000000
142474  -29.048  -79.085  -14.780 0.5000000000
143702  -31.861  -83.709  -18.272 0.3000000119
143767  -26.164  -82.889  -20.021 0.6999999881
143990  -21.534  -85.829  -22.656 0.6000000238
144211  -26.368  -69.376  -11.793 0.5000000000
144456  -23.002  -71.791  -13.423 0.5000000000
144609  -29.575  -75.441  -24.703 0.6000000238
145514  -21.561  -75.226  -17.726 0.6999999881
145537  -31.667  -72.233  -22.983 0.5000000000
145640  -22.590  -66.091  -17.033 0.4000000060
146405  -25.004  -60.713  -16.491 0.3000000119
146542  -19.432  -71.126  -19.084 0.6000000238
146587  -22.272  -61.682  -10.851 0.3000000119
