#!ascii label  , from subject sub-v1s13x0050047_ses-1 vox2ras=TkReg
2202
136686  49.415  -22.164  40.890 0.0000000000
40454  40.731  -44.920  53.289 0.0000000000
29592  28.124  -55.672  52.064 0.0000000000
130809  20.159  -53.179  56.518 0.0000000000
30507  37.073  -54.552  56.427 0.0000000000
34521  29.119  -50.533  49.861 0.0000000000
53285  43.521  -31.132  43.375 0.0000000000
66050  57.822  -16.950  38.848 0.0000000000
52185  51.257  -32.966  52.462 0.0000000000
50280  41.771  -34.556  50.069 0.0000000000
43652  33.774  -41.621  44.451 0.0000000000
27722  28.223  -57.719  58.620 0.0000000000
126710  24.248  -53.579  54.795 0.0000000000
28599  24.159  -55.972  60.889 0.0000000000
27759  31.875  -58.286  54.384 0.0000000000
56681  53.065  -27.834  52.135 0.0000000000
40371  42.756  -44.449  58.142 0.0000000000
45407  45.123  -39.698  57.270 0.0000000000
50218  44.737  -34.936  55.782 0.0000000000
45460  41.525  -39.952  51.863 0.0000000000
46462  37.609  -38.585  46.969 0.0000000000
41496  36.987  -43.396  49.134 0.0000000000
31641  30.718  -53.722  44.270 0.0000000000
36642  27.876  -48.909  43.876 0.0000000000
131972  53.654  -19.415  39.161 0.0000000000
139137  53.464  -18.320  34.312 0.0000000000
31598  28.195  -53.593  47.011 0.0000000000
33557  24.474  -51.783  49.299 0.0000000000
34492  39.215  -50.237  54.950 0.0000000000
37549  35.798  -48.149  51.026 0.0000000000
31530  34.541  -52.967  52.941 0.0000000000
29614  31.448  -56.207  49.128 0.0000000000
58604  45.936  -25.565  42.426 0.0000000000
31427  20.863  -53.693  63.477 0.0000000000
33458  16.753  -51.669  58.479 0.0000000000
64188  54.162  -19.848  43.333 0.0000000000
60497  52.488  -23.221  45.019 0.0000000000
57631  49.560  -26.804  47.170 0.0000000000
53227  47.095  -31.586  47.767 0.0000000000
48389  47.988  -36.793  48.055 0.0000000000
52096  50.584  -32.991  58.295 0.0000000000
144161  47.797  -33.647  51.942 0.0000000000
49353  44.380  -35.375  46.941 0.0000000000
50384  39.175  -34.250  43.573 0.0000000000
38585  31.394  -46.429  46.582 0.0000000000
28586  28.569  -56.858  61.564 0.0000000000
27715  26.380  -57.032  59.986 0.0000000000
28567  26.105  -56.143  63.086 0.0000000000
128664  30.620  -57.931  59.752 0.0000000000
38475  44.176  -45.995  55.774 0.0000000000
41439  44.462  -43.663  54.349 0.0000000000
45439  43.784  -40.138  54.362 0.0000000000
42481  41.383  -42.245  52.505 0.0000000000
43576  38.645  -41.617  50.109 0.0000000000
40495  38.324  -43.758  51.145 0.0000000000
30654  29.037  -54.395  43.122 0.0000000000
32661  30.252  -52.426  42.039 0.0000000000
62397  51.280  -21.074  39.793 0.0000000000
133470  51.117  -20.396  37.550 0.0000000000
62411  48.770  -21.825  38.156 0.0000000000
30580  27.779  -54.602  49.779 0.0000000000
32563  26.359  -52.444  48.693 0.0000000000
31555  26.010  -53.541  51.040 0.0000000000
31493  22.639  -53.517  55.554 0.0000000000
32500  22.746  -51.890  53.168 0.0000000000
141617  20.341  -51.021  53.568 0.0000000000
33488  18.899  -51.234  54.260 0.0000000000
34466  40.490  -50.567  57.970 0.0000000000
32469  38.652  -52.336  56.015 0.0000000000
33496  37.090  -51.738  53.476 0.0000000000
29575  36.056  -55.144  53.990 0.0000000000
27780  29.989  -57.522  52.856 0.0000000000
28682  31.221  -56.914  51.521 0.0000000000
28692  29.336  -56.397  50.094 0.0000000000
29641  30.276  -56.278  47.312 0.0000000000
55930  44.149  -28.521  42.894 0.0000000000
56822  43.826  -28.082  39.708 0.0000000000
54262  42.892  -30.184  39.757 0.0000000000
32410  15.082  -51.960  59.859 0.0000000000
140755  50.454  -24.781  46.058 0.0000000000
58535  52.449  -25.229  48.760 0.0000000000
144057  51.615  -30.141  52.006 0.0000000000
54971  50.021  -29.426  49.706 0.0000000000
132451  49.044  -31.997  49.920 0.0000000000
129226  47.522  -34.161  47.979 0.0000000000
50292  49.366  -35.298  50.093 0.0000000000
50255  43.315  -34.602  52.684 0.0000000000
51203  46.111  -32.665  54.138 0.0000000000
51243  44.186  -32.815  51.010 0.0000000000
50295  45.785  -34.209  49.146 0.0000000000
51286  42.761  -32.926  48.086 0.0000000000
123353  42.047  -33.889  44.976 0.0000000000
145547  40.093  -34.386  46.968 0.0000000000
46523  36.066  -37.989  43.950 0.0000000000
35543  32.253  -49.353  49.798 0.0000000000
37575  33.449  -47.380  48.174 0.0000000000
37578  29.681  -47.837  48.365 0.0000000000
38627  26.861  -46.694  43.647 0.0000000000
66108  60.446  -17.702  35.743 0.0000000000
66994  57.503  -16.527  35.477 0.0000000000
29558  28.500  -55.600  55.719 0.0000000000
30540  26.671  -54.203  53.751 0.0000000000
29550  26.531  -54.886  56.934 0.0000000000
30496  24.423  -54.910  57.501 0.0000000000
30481  22.324  -54.823  58.369 0.0000000000
30492  34.381  -54.918  57.312 0.0000000000
27755  35.200  -57.390  55.136 0.0000000000
26799  32.791  -58.235  57.700 0.0000000000
27740  30.688  -57.946  56.210 0.0000000000
58500  54.616  -25.335  51.765 0.0000000000
54929  50.112  -29.316  53.737 0.0000000000
47328  44.729  -37.471  57.053 0.0000000000
47350  43.215  -37.451  53.684 0.0000000000
47364  41.296  -37.286  50.980 0.0000000000
48379  39.531  -36.413  48.275 0.0000000000
45489  39.265  -39.346  49.500 0.0000000000
43607  37.138  -41.112  47.912 0.0000000000
42556  35.531  -42.721  46.540 0.0000000000
33580  30.520  -52.400  46.651 0.0000000000
35571  28.054  -49.330  47.098 0.0000000000
33635  30.040  -51.413  44.258 0.0000000000
65149  55.307  -18.119  39.033 0.0000000000
66093  55.328  -17.269  36.554 0.0000000000
65174  53.398  -18.365  36.500 0.0000000000
31542  24.690  -52.769  51.758 0.0000000000
36484  42.277  -48.048  56.632 0.0000000000
37521  40.372  -47.445  54.388 0.0000000000
38521  37.669  -46.390  52.156 0.0000000000
35518  37.385  -49.305  53.238 0.0000000000
34507  34.487  -50.786  51.529 0.0000000000
33525  31.059  -51.181  52.071 0.0000000000
30528  32.551  -55.293  54.103 0.0000000000
130729  30.354  -53.897  52.090 0.0000000000
32547  30.056  -53.093  49.797 0.0000000000
30609  31.658  -55.458  46.886 0.0000000000
128845  29.705  -54.915  45.542 0.0000000000
60533  47.421  -23.341  41.538 0.0000000000
60565  47.130  -23.099  38.711 0.0000000000
58660  45.198  -25.390  39.956 0.0000000000
29490  22.224  -55.123  62.509 0.0000000000
30463  19.990  -54.038  60.174 0.0000000000
33396  18.815  -52.143  61.544 0.0000000000
31472  18.576  -53.103  57.519 0.0000000000
64213  56.111  -18.836  41.373 0.0000000000
63289  54.499  -20.472  41.795 0.0000000000
62370  52.717  -21.501  41.606 0.0000000000
140496  50.562  -22.617  42.779 0.0000000000
59544  48.630  -24.617  44.139 0.0000000000
57654  47.558  -26.384  44.672 0.0000000000
55898  46.567  -28.490  45.354 0.0000000000
57614  51.680  -26.755  49.461 0.0000000000
54997  48.229  -29.095  47.826 0.0000000000
53254  45.210  -31.628  45.411 0.0000000000
51328  45.574  -33.594  45.612 0.0000000000
124893  46.073  -36.350  45.472 0.0000000000
52140  51.945  -33.245  55.361 0.0000000000
51145  47.721  -33.726  57.741 0.0000000000
51173  50.121  -34.605  55.429 0.0000000000
124467  50.670  -35.856  53.169 0.0000000000
146433  47.976  -36.977  50.638 0.0000000000
48377  46.288  -37.571  48.690 0.0000000000
48422  38.037  -35.771  45.522 0.0000000000
39522  36.469  -45.775  50.286 0.0000000000
40541  34.589  -44.828  47.353 0.0000000000
139262  32.511  -44.262  45.768 0.0000000000
137926  28.384  -47.038  46.639 0.0000000000
39597  29.266  -45.153  44.755 0.0000000000
28576  27.296  -56.676  62.241 0.0000000000
29478  27.839  -54.928  63.166 0.0000000000
39460  43.121  -45.843  54.473 0.0000000000
40434  44.432  -44.728  54.583 0.0000000000
40452  42.835  -44.603  53.766 0.0000000000
146965  43.304  -43.103  53.584 0.0000000000
40464  41.010  -43.900  53.017 0.0000000000
41467  39.776  -43.382  52.162 0.0000000000
40466  39.550  -44.095  52.382 0.0000000000
61452  49.912  -21.748  40.326 0.0000000000
62409  50.271  -21.186  38.759 0.0000000000
144451  49.098  -21.880  39.571 0.0000000000
29609  27.836  -55.122  50.545 0.0000000000
30581  27.028  -54.026  50.159 0.0000000000
30560  26.954  -54.422  51.928 0.0000000000
31494  21.825  -53.371  55.798 0.0000000000
32484  21.638  -52.276  54.593 0.0000000000
123655  20.868  -52.296  54.971 0.0000000000
33487  19.823  -51.398  54.278 0.0000000000
124920  19.658  -52.311  55.452 0.0000000000
32448  35.962  -53.097  57.505 0.0000000000
32446  37.827  -52.874  57.629 0.0000000000
32445  38.534  -52.506  57.440 0.0000000000
132982  37.546  -54.060  56.130 0.0000000000
31504  37.490  -53.662  54.754 0.0000000000
141951  36.656  -55.274  55.170 0.0000000000
28663  28.790  -56.398  52.937 0.0000000000
135852  29.584  -57.038  51.638 0.0000000000
29601  28.476  -56.023  51.382 0.0000000000
29616  28.323  -55.342  49.896 0.0000000000
55077  44.066  -29.284  43.352 0.0000000000
55095  43.048  -29.132  41.676 0.0000000000
54240  42.538  -30.481  41.196 0.0000000000
146284  55.314  -23.227  48.695 0.0000000000
59500  53.619  -23.907  47.860 0.0000000000
59485  54.846  -23.805  49.032 0.0000000000
53189  51.264  -31.258  52.318 0.0000000000
126640  50.447  -31.069  50.870 0.0000000000
52220  50.435  -32.451  51.323 0.0000000000
128913  49.393  -33.306  50.340 0.0000000000
144042  50.591  -34.022  51.621 0.0000000000
50256  42.439  -35.044  51.681 0.0000000000
51219  43.705  -33.749  52.257 0.0000000000
51245  42.986  -33.279  50.070 0.0000000000
52225  43.780  -32.765  49.682 0.0000000000
51268  42.126  -33.324  48.723 0.0000000000
50332  41.300  -33.618  47.676 0.0000000000
50298  40.899  -34.598  48.890 0.0000000000
35532  30.674  -49.703  50.511 0.0000000000
36572  31.856  -48.852  49.266 0.0000000000
36574  29.772  -48.795  49.478 0.0000000000
66978  58.633  -16.645  36.628 0.0000000000
66962  57.692  -16.563  37.259 0.0000000000
28634  28.669  -56.210  56.672 0.0000000000
29549  27.945  -55.415  56.570 0.0000000000
142841  27.764  -56.502  58.166 0.0000000000
28597  25.620  -56.497  60.189 0.0000000000
145903  25.389  -55.976  59.203 0.0000000000
28618  24.658  -55.750  59.111 0.0000000000
29542  23.196  -55.032  58.243 0.0000000000
29516  23.310  -55.604  59.661 0.0000000000
30493  33.582  -55.273  57.733 0.0000000000
29536  34.238  -56.397  57.939 0.0000000000
29524  32.802  -55.983  58.697 0.0000000000
143500  29.183  -58.539  59.265 0.0000000000
26801  30.586  -58.382  57.735 0.0000000000
27732  29.449  -57.753  57.619 0.0000000000
28633  29.506  -56.770  56.180 0.0000000000
124600  45.292  -41.208  57.812 0.0000000000
44486  45.381  -40.228  58.835 0.0000000000
45401  45.157  -38.578  58.679 0.0000000000
47310  45.212  -37.338  58.392 0.0000000000
135041  44.795  -39.048  56.902 0.0000000000
146178  42.776  -40.090  53.291 0.0000000000
127963  43.152  -39.058  53.723 0.0000000000
135439  42.189  -38.977  52.372 0.0000000000
47356  42.323  -37.288  52.312 0.0000000000
46402  41.271  -38.659  51.272 0.0000000000
47366  40.224  -37.925  50.031 0.0000000000
45475  40.353  -39.483  50.635 0.0000000000
42518  38.014  -42.205  49.739 0.0000000000
43577  38.083  -41.489  49.348 0.0000000000
42538  37.194  -42.264  48.704 0.0000000000
43623  36.344  -41.666  46.904 0.0000000000
41524  36.173  -43.191  47.770 0.0000000000
32618  31.003  -52.953  45.818 0.0000000000
147665  30.165  -51.643  45.210 0.0000000000
33634  30.564  -52.276  44.371 0.0000000000
144664  54.921  -18.627  39.445 0.0000000000
124959  54.506  -18.040  37.901 0.0000000000
146814  53.390  -18.820  38.112 0.0000000000
147703  51.106  -20.259  35.659 0.0000000000
31614  28.313  -53.516  45.896 0.0000000000
32601  26.924  -51.963  46.893 0.0000000000
30541  25.944  -53.870  53.974 0.0000000000
143109  25.770  -53.563  52.946 0.0000000000
32498  24.701  -53.135  53.376 0.0000000000
127507  21.586  -50.762  51.746 0.0000000000
33528  22.411  -51.110  51.315 0.0000000000
34488  40.230  -50.189  55.871 0.0000000000
124338  41.316  -48.875  56.791 0.0000000000
35496  41.125  -48.978  55.926 0.0000000000
36530  41.499  -48.169  55.367 0.0000000000
36532  40.064  -48.987  54.995 0.0000000000
36545  38.696  -48.390  53.882 0.0000000000
34496  38.517  -50.048  54.368 0.0000000000
32505  35.328  -52.529  52.702 0.0000000000
33507  35.803  -51.603  52.480 0.0000000000
32519  34.632  -51.908  52.279 0.0000000000
33523  33.281  -51.051  51.669 0.0000000000
33509  32.851  -51.668  52.396 0.0000000000
27748  33.860  -58.196  55.114 0.0000000000
28649  34.951  -56.942  54.718 0.0000000000
28651  32.919  -57.343  54.314 0.0000000000
28689  31.103  -56.665  50.576 0.0000000000
29600  31.082  -55.662  51.680 0.0000000000
30567  31.041  -55.381  50.925 0.0000000000
31554  30.351  -53.778  50.456 0.0000000000
147098  31.368  -54.842  49.187 0.0000000000
31579  31.435  -54.455  48.113 0.0000000000
29639  31.582  -56.005  47.373 0.0000000000
31597  28.986  -54.780  47.174 0.0000000000
30622  30.094  -55.758  46.127 0.0000000000
31613  28.989  -54.409  46.170 0.0000000000
59566  46.888  -24.432  42.498 0.0000000000
59577  46.123  -24.057  40.918 0.0000000000
58642  45.248  -25.226  40.816 0.0000000000
55983  45.094  -27.936  38.795 0.0000000000
30436  21.177  -54.206  63.081 0.0000000000
29499  21.308  -54.926  61.354 0.0000000000
30444  20.794  -54.132  62.295 0.0000000000
33397  17.440  -51.322  60.834 0.0000000000
33411  17.775  -51.698  59.794 0.0000000000
32422  18.665  -52.725  59.289 0.0000000000
32439  17.622  -52.477  58.037 0.0000000000
32461  17.632  -52.448  56.620 0.0000000000
32454  16.442  -51.960  57.327 0.0000000000
65121  57.782  -18.241  41.861 0.0000000000
64187  55.209  -19.369  42.929 0.0000000000
64201  54.824  -19.978  42.351 0.0000000000
62369  53.439  -21.208  41.632 0.0000000000
125066  53.625  -21.292  42.875 0.0000000000
61402  52.524  -22.894  44.445 0.0000000000
130460  51.981  -22.540  43.250 0.0000000000
60509  51.145  -23.136  44.182 0.0000000000
60511  49.733  -23.572  43.856 0.0000000000
59542  50.157  -23.963  44.981 0.0000000000
58546  50.524  -25.753  47.148 0.0000000000
58564  49.280  -25.381  45.524 0.0000000000
57640  48.791  -26.613  46.103 0.0000000000
56723  46.787  -27.657  44.944 0.0000000000
56715  48.319  -27.280  46.283 0.0000000000
57589  53.879  -26.570  52.196 0.0000000000
57612  53.234  -25.968  50.408 0.0000000000
56687  52.229  -27.608  50.641 0.0000000000
54128  48.451  -30.482  48.829 0.0000000000
54972  49.360  -29.419  49.071 0.0000000000
54984  47.786  -29.915  47.895 0.0000000000
54153  46.540  -30.312  46.561 0.0000000000
124212  46.295  -31.162  46.650 0.0000000000
52291  45.323  -32.631  45.510 0.0000000000
52276  46.410  -32.794  46.863 0.0000000000
49338  47.728  -35.676  47.804 0.0000000000
131478  46.756  -35.102  46.736 0.0000000000
48402  47.131  -37.180  46.686 0.0000000000
47422  47.395  -38.047  47.352 0.0000000000
143352  51.365  -32.774  56.969 0.0000000000
144864  45.390  -35.146  57.701 0.0000000000
50190  47.191  -33.922  58.506 0.0000000000
51159  45.879  -33.913  56.384 0.0000000000
52186  47.475  -32.628  52.917 0.0000000000
51190  47.817  -32.703  54.836 0.0000000000
51201  48.854  -33.422  53.675 0.0000000000
139636  49.956  -35.343  54.005 0.0000000000
50252  48.764  -35.073  52.682 0.0000000000
129690  48.852  -36.576  51.868 0.0000000000
132266  47.840  -35.453  51.431 0.0000000000
50329  45.168  -34.788  47.979 0.0000000000
49326  46.000  -36.532  48.736 0.0000000000
48390  44.935  -36.229  47.524 0.0000000000
47409  45.544  -38.556  47.825 0.0000000000
47424  44.258  -37.321  46.821 0.0000000000
48420  43.269  -36.702  45.697 0.0000000000
50375  40.572  -33.957  44.273 0.0000000000
49380  41.620  -35.042  44.138 0.0000000000
47396  38.628  -37.734  47.987 0.0000000000
48392  38.711  -36.466  47.096 0.0000000000
47426  38.192  -37.030  46.733 0.0000000000
127671  36.297  -36.642  43.278 0.0000000000
37548  36.382  -47.798  51.615 0.0000000000
130435  36.678  -46.234  50.901 0.0000000000
38544  35.612  -47.118  50.116 0.0000000000
38573  32.826  -46.682  47.444 0.0000000000
38562  34.416  -46.164  48.222 0.0000000000
39562  33.298  -45.362  46.899 0.0000000000
40553  33.609  -44.576  46.534 0.0000000000
39583  32.041  -45.142  46.089 0.0000000000
35587  28.130  -49.406  45.579 0.0000000000
36603  27.820  -48.290  46.924 0.0000000000
36618  27.463  -48.135  45.364 0.0000000000
38615  27.705  -45.536  44.356 0.0000000000
41569  29.942  -43.846  44.177 0.0000000000
66111  54.417  -17.545  35.302 0.0000000000
66996  55.704  -16.843  34.939 0.0000000000
136766  47.227  -23.652  37.523 0.0000000000
122746  28.000  -58.563  59.953 0.0000000000
27713  27.242  -57.682  59.371 0.0000000000
136514  27.366  -58.222  60.957 0.0000000000
27697  25.978  -57.885  60.896 0.0000000000
28588  25.090  -56.822  61.613 0.0000000000
28596  29.726  -57.020  60.618 0.0000000000
38443  44.009  -45.715  57.123 0.0000000000
41374  43.702  -43.471  58.181 0.0000000000
144435  44.679  -44.140  56.547 0.0000000000
41394  45.000  -43.598  56.132 0.0000000000
130216  45.172  -42.271  55.761 0.0000000000
44536  44.476  -40.796  55.270 0.0000000000
144457  44.182  -41.533  54.482 0.0000000000
43532  42.626  -41.599  53.224 0.0000000000
43533  41.379  -41.467  52.254 0.0000000000
44597  39.828  -40.786  50.736 0.0000000000
144904  40.081  -42.269  51.677 0.0000000000
42496  38.843  -42.832  51.105 0.0000000000
41476  37.780  -43.613  50.402 0.0000000000
30653  29.706  -54.232  43.610 0.0000000000
32654  30.559  -52.945  42.881 0.0000000000
31649  29.616  -53.925  42.848 0.0000000000
63318  52.566  -20.463  39.619 0.0000000000
64249  52.511  -19.698  38.455 0.0000000000
63320  51.023  -20.790  39.004 0.0000000000
62413  50.006  -21.138  37.844 0.0000000000
30595  28.037  -54.283  48.850 0.0000000000
32562  27.057  -52.822  48.266 0.0000000000
31582  26.848  -53.104  49.052 0.0000000000
32549  26.129  -52.829  49.410 0.0000000000
32534  25.009  -52.655  50.163 0.0000000000
31492  23.516  -53.683  55.327 0.0000000000
32499  23.692  -52.508  53.271 0.0000000000
32483  22.562  -52.535  54.416 0.0000000000
33498  22.022  -51.478  53.110 0.0000000000
33515  18.841  -50.680  52.678 0.0000000000
33469  39.500  -51.408  56.716 0.0000000000
33483  39.066  -50.860  55.251 0.0000000000
33495  37.828  -50.958  54.066 0.0000000000
32481  37.830  -52.687  54.611 0.0000000000
31513  36.679  -53.536  53.488 0.0000000000
31515  35.445  -53.992  53.227 0.0000000000
27769  30.573  -57.726  53.373 0.0000000000
27768  31.273  -57.631  53.009 0.0000000000
140659  30.635  -57.628  52.605 0.0000000000
28683  30.873  -57.133  51.195 0.0000000000
28702  30.685  -56.700  49.299 0.0000000000
28723  30.826  -56.462  47.759 0.0000000000
28703  29.888  -56.568  49.268 0.0000000000
30579  28.648  -55.210  49.022 0.0000000000
56768  45.324  -26.917  42.889 0.0000000000
57699  44.577  -26.343  41.270 0.0000000000
56787  43.732  -27.608  41.242 0.0000000000
55974  43.339  -28.520  40.235 0.0000000000
33399  15.849  -51.557  61.203 0.0000000000
33435  15.600  -51.552  59.416 0.0000000000
32455  15.356  -51.833  57.358 0.0000000000
129743  14.497  -52.202  57.776 0.0000000000
60474  53.117  -23.508  46.352 0.0000000000
59528  51.199  -24.178  45.952 0.0000000000
59514  52.413  -23.941  46.826 0.0000000000
59502  51.809  -24.562  47.193 0.0000000000
57629  50.891  -26.079  47.922 0.0000000000
55846  52.637  -28.424  52.316 0.0000000000
55862  51.717  -28.264  50.548 0.0000000000
54960  51.321  -29.553  50.911 0.0000000000
54100  49.979  -30.625  50.270 0.0000000000
137728  47.883  -32.019  48.810 0.0000000000
51282  47.367  -33.269  47.999 0.0000000000
125797  48.399  -33.453  49.224 0.0000000000
51263  48.507  -34.376  49.140 0.0000000000
49323  48.644  -36.259  49.137 0.0000000000
49264  43.851  -35.268  54.451 0.0000000000
51177  45.756  -33.566  55.536 0.0000000000
51205  44.621  -33.578  53.445 0.0000000000
51217  45.172  -32.843  52.908 0.0000000000
52222  46.168  -32.685  50.986 0.0000000000
50278  46.711  -34.349  50.316 0.0000000000
52239  45.120  -32.651  49.888 0.0000000000
51284  44.371  -32.927  48.500 0.0000000000
50331  43.920  -33.598  47.149 0.0000000000
50358  43.270  -34.741  45.901 0.0000000000
51317  42.347  -33.266  46.409 0.0000000000
51318  41.617  -33.325  45.987 0.0000000000
144586  40.081  -33.858  45.687 0.0000000000
45551  36.784  -39.274  46.065 0.0000000000
46495  37.052  -38.011  45.795 0.0000000000
45593  36.164  -39.151  44.868 0.0000000000
46525  34.988  -38.939  43.069 0.0000000000
46540  34.644  -38.572  42.388 0.0000000000
35529  34.239  -49.467  50.094 0.0000000000
126081  34.308  -47.897  49.217 0.0000000000
36570  33.644  -48.561  49.125 0.0000000000
37576  31.927  -47.986  48.038 0.0000000000
37588  31.464  -47.414  47.547 0.0000000000
36643  27.379  -48.221  43.588 0.0000000000
37651  27.114  -47.547  42.267 0.0000000000
66091  60.562  -17.523  36.503 0.0000000000
66109  59.347  -17.210  35.348 0.0000000000
66118  58.056  -16.893  34.066 0.0000000000
29569  28.352  -55.493  54.177 0.0000000000
30548  27.187  -54.571  52.674 0.0000000000
29570  27.838  -54.890  54.562 0.0000000000
29560  26.696  -54.488  55.796 0.0000000000
30520  25.704  -54.180  55.457 0.0000000000
28628  26.633  -56.040  58.502 0.0000000000
29551  25.763  -55.025  57.400 0.0000000000
30521  24.794  -54.271  56.039 0.0000000000
30511  23.382  -54.429  56.676 0.0000000000
30512  22.042  -54.225  56.904 0.0000000000
31469  21.285  -54.025  57.238 0.0000000000
30491  35.850  -54.916  56.971 0.0000000000
29547  36.327  -55.822  56.123 0.0000000000
28623  35.495  -56.745  56.980 0.0000000000
27730  34.577  -57.959  57.033 0.0000000000
26817  33.089  -58.520  55.500 0.0000000000
27721  32.330  -57.699  58.316 0.0000000000
123439  32.168  -58.565  57.192 0.0000000000
26818  31.688  -58.531  55.109 0.0000000000
27761  29.862  -57.279  54.565 0.0000000000
28653  29.356  -56.787  54.207 0.0000000000
52310  43.486  -32.769  43.252 0.0000000000
52326  42.487  -32.473  41.232 0.0000000000
50397  42.908  -33.960  41.959 0.0000000000
59460  55.067  -24.113  50.758 0.0000000000
56657  52.853  -27.787  53.257 0.0000000000
55830  51.808  -28.486  53.169 0.0000000000
54936  51.345  -30.013  52.872 0.0000000000
54062  51.268  -30.886  53.129 0.0000000000
142863  44.997  -35.941  57.779 0.0000000000
48296  44.440  -36.817  56.300 0.0000000000
126167  44.235  -39.181  55.445 0.0000000000
47335  44.194  -37.531  55.676 0.0000000000
48309  43.682  -36.417  54.658 0.0000000000
48322  43.049  -36.608  53.360 0.0000000000
48332  42.163  -36.549  51.947 0.0000000000
48343  41.166  -36.418  50.572 0.0000000000
49309  40.573  -35.472  49.210 0.0000000000
47374  40.220  -37.100  49.696 0.0000000000
47375  39.576  -37.731  49.297 0.0000000000
46438  38.600  -38.571  48.480 0.0000000000
44608  39.318  -40.135  49.905 0.0000000000
44621  38.213  -40.099  48.817 0.0000000000
45528  37.560  -39.427  47.553 0.0000000000
43633  36.220  -41.057  46.277 0.0000000000
43634  35.609  -41.339  45.530 0.0000000000
42604  34.193  -41.999  44.983 0.0000000000
137450  29.395  -51.584  48.050 0.0000000000
34542  28.528  -49.928  48.509 0.0000000000
138331  29.092  -50.801  46.821 0.0000000000
34587  28.764  -50.224  45.565 0.0000000000
34598  29.051  -50.325  44.213 0.0000000000
33654  30.509  -52.340  42.996 0.0000000000
129824  29.744  -51.022  42.839 0.0000000000
66051  56.780  -17.347  38.927 0.0000000000
66069  56.684  -16.809  37.429 0.0000000000
66070  55.788  -17.317  37.552 0.0000000000
66094  54.591  -17.629  36.659 0.0000000000
65182  53.367  -18.257  35.697 0.0000000000
64257  52.156  -19.436  37.020 0.0000000000
64260  52.200  -19.237  36.109 0.0000000000
31540  26.315  -53.851  51.826 0.0000000000
31556  25.234  -53.030  50.925 0.0000000000
32535  24.490  -52.464  50.743 0.0000000000
32512  23.843  -52.317  52.217 0.0000000000
33527  23.146  -51.544  50.876 0.0000000000
38445  42.847  -46.713  57.160 0.0000000000
37482  43.270  -47.200  56.036 0.0000000000
38487  42.556  -46.582  54.764 0.0000000000
132954  40.492  -46.599  54.020 0.0000000000
38519  38.862  -45.964  52.946 0.0000000000
38502  38.931  -46.681  53.337 0.0000000000
134626  37.589  -47.999  52.858 0.0000000000
36552  36.501  -48.606  52.196 0.0000000000
130747  37.184  -50.776  53.438 0.0000000000
34502  36.272  -50.210  52.433 0.0000000000
35522  35.409  -49.532  51.352 0.0000000000
135225  33.677  -50.241  50.667 0.0000000000
34519  32.273  -50.182  50.851 0.0000000000
138146  30.135  -50.352  50.897 0.0000000000
28647  36.025  -56.408  55.063 0.0000000000
29577  35.092  -55.592  53.959 0.0000000000
31516  33.518  -54.216  53.854 0.0000000000
29578  32.041  -56.000  53.656 0.0000000000
30538  31.759  -54.709  53.779 0.0000000000
32497  31.811  -52.998  53.468 0.0000000000
33511  30.651  -51.958  52.375 0.0000000000
32522  29.763  -51.958  51.235 0.0000000000
133409  29.255  -51.362  50.097 0.0000000000
140777  30.202  -52.794  48.523 0.0000000000
31596  31.396  -53.788  46.761 0.0000000000
30633  31.225  -54.676  45.577 0.0000000000
29640  31.116  -56.307  47.019 0.0000000000
29658  30.748  -55.434  45.761 0.0000000000
30634  30.542  -54.792  45.181 0.0000000000
30636  29.602  -54.536  44.788 0.0000000000
61442  48.012  -22.794  41.065 0.0000000000
61454  47.883  -22.665  40.109 0.0000000000
60545  46.606  -23.516  40.161 0.0000000000
57728  44.570  -26.692  39.607 0.0000000000
56833  45.438  -27.101  38.738 0.0000000000
126376  42.378  -32.051  40.184 0.0000000000
30433  26.710  -54.736  64.237 0.0000000000
28568  25.118  -56.236  63.039 0.0000000000
28570  23.685  -55.858  62.349 0.0000000000
29482  23.027  -55.423  63.050 0.0000000000
143226  22.983  -55.653  61.646 0.0000000000
29508  21.836  -55.237  60.826 0.0000000000
30470  21.187  -54.722  59.369 0.0000000000
30500  20.086  -53.833  58.205 0.0000000000
32381  19.853  -52.924  62.846 0.0000000000
31445  19.702  -53.522  60.444 0.0000000000
31458  19.375  -53.525  58.680 0.0000000000
31483  19.287  -53.228  56.989 0.0000000000
32472  18.914  -52.265  55.636 0.0000000000
124254  58.247  -17.407  40.305 0.0000000000
66025  57.383  -17.726  40.419 0.0000000000
65141  56.150  -18.244  40.243 0.0000000000
65137  55.005  -19.031  40.120 0.0000000000
65108  57.280  -18.649  43.174 0.0000000000
64214  55.638  -19.262  41.432 0.0000000000
146491  54.190  -20.095  40.345 0.0000000000
63304  52.845  -20.750  40.308 0.0000000000
62384  51.565  -21.354  40.515 0.0000000000
61439  51.189  -22.005  41.643 0.0000000000
137335  53.198  -21.728  42.854 0.0000000000
61425  51.360  -22.367  42.526 0.0000000000
123270  49.645  -22.432  41.733 0.0000000000
61427  49.019  -22.819  42.339 0.0000000000
59556  48.132  -24.243  43.424 0.0000000000
58585  47.913  -25.034  43.845 0.0000000000
59530  49.663  -24.615  45.211 0.0000000000
58574  48.350  -25.304  44.495 0.0000000000
57662  47.044  -26.232  44.025 0.0000000000
56746  45.941  -27.207  43.793 0.0000000000
55913  45.397  -28.575  44.213 0.0000000000
142824  45.121  -29.333  44.399 0.0000000000
58527  53.735  -25.193  49.978 0.0000000000
57620  51.993  -25.963  49.144 0.0000000000
57622  50.533  -26.854  48.294 0.0000000000
141953  51.121  -28.293  49.991 0.0000000000
56700  50.184  -27.757  48.662 0.0000000000
56709  49.138  -27.522  47.410 0.0000000000
122827  47.496  -28.791  46.698 0.0000000000
55026  45.558  -30.003  45.282 0.0000000000
54192  44.443  -30.670  44.385 0.0000000000
52301  44.381  -33.023  44.340 0.0000000000
51340  44.687  -34.049  44.436 0.0000000000
50343  46.452  -34.408  46.493 0.0000000000
131419  45.728  -35.396  45.299 0.0000000000
53139  50.932  -31.242  54.598 0.0000000000
52170  51.904  -33.119  53.797 0.0000000000
50188  49.976  -34.060  58.071 0.0000000000
51176  46.707  -33.167  56.008 0.0000000000
140360  48.699  -33.528  56.203 0.0000000000
146196  50.282  -34.195  57.149 0.0000000000
50202  51.130  -34.594  55.724 0.0000000000
50240  51.636  -34.939  54.091 0.0000000000
143802  51.504  -34.501  52.955 0.0000000000
131402  50.327  -35.446  51.304 0.0000000000
48352  49.111  -36.929  50.279 0.0000000000
47392  48.180  -37.640  49.394 0.0000000000
49290  47.125  -35.809  50.388 0.0000000000
48354  47.333  -37.395  49.676 0.0000000000
47373  47.539  -37.825  49.089 0.0000000000
46458  46.893  -38.922  47.772 0.0000000000
49366  42.759  -35.955  45.162 0.0000000000
137757  41.670  -36.851  43.925 0.0000000000
49328  39.831  -35.566  48.001 0.0000000000
49367  38.996  -34.889  45.973 0.0000000000
141024  38.601  -34.898  45.357 0.0000000000
47457  36.949  -36.984  44.841 0.0000000000
49381  37.515  -35.328  44.074 0.0000000000
39505  38.390  -45.056  52.116 0.0000000000
40497  37.060  -44.954  50.338 0.0000000000
40516  36.759  -44.519  49.643 0.0000000000
38551  34.841  -46.500  48.871 0.0000000000
39539  35.625  -45.321  48.893 0.0000000000
40540  35.657  -43.955  47.781 0.0000000000
41535  35.000  -43.497  46.629 0.0000000000
41551  34.001  -43.120  45.761 0.0000000000
127178  32.700  -42.687  44.806 0.0000000000
36587  28.740  -48.526  48.535 0.0000000000
37590  29.363  -47.339  47.592 0.0000000000
125913  29.728  -46.485  46.374 0.0000000000
140996  27.589  -46.788  45.361 0.0000000000
137279  28.613  -46.247  45.709 0.0000000000
39585  30.743  -45.505  45.535 0.0000000000
40575  31.380  -44.584  45.277 0.0000000000
41567  31.214  -43.685  44.674 0.0000000000
66980  56.785  -16.566  36.066 0.0000000000
66119  56.352  -16.753  34.318 0.0000000000
66145  56.814  -17.350  33.036 0.0000000000
61474  47.675  -22.658  38.302 0.0000000000
39472  41.578  -45.548  53.791 0.0000000000
39470  43.484  -45.161  54.068 0.0000000000
40453  41.811  -44.734  53.535 0.0000000000
41442  42.128  -43.853  53.419 0.0000000000
40465  40.253  -44.277  52.823 0.0000000000
39484  39.826  -44.801  52.880 0.0000000000
62399  49.708  -21.598  39.479 0.0000000000
61466  49.203  -21.963  40.092 0.0000000000
29602  27.923  -55.458  51.305 0.0000000000
30559  27.393  -54.778  51.241 0.0000000000
131532  27.543  -55.029  52.038 0.0000000000
144258  20.999  -53.242  56.103 0.0000000000
32471  21.322  -52.795  55.374 0.0000000000
31495  20.388  -52.648  55.648 0.0000000000
32485  20.144  -52.053  54.915 0.0000000000
31465  37.080  -53.946  57.051 0.0000000000
32447  36.968  -53.149  57.543 0.0000000000
31479  37.610  -53.751  56.717 0.0000000000
30518  37.158  -54.656  55.669 0.0000000000
29546  36.712  -55.284  55.860 0.0000000000
29591  28.365  -55.860  52.663 0.0000000000
28676  28.789  -56.436  52.013 0.0000000000
54211  43.317  -30.427  42.862 0.0000000000
54239  42.835  -29.941  41.994 0.0000000000
54227  42.773  -30.840  42.089 0.0000000000
60410  55.366  -23.270  49.445 0.0000000000
52203  51.173  -32.025  52.443 0.0000000000
53190  50.867  -31.546  51.633 0.0000000000
52204  50.892  -32.418  51.930 0.0000000000
128552  50.123  -33.456  51.029 0.0000000000
51226  50.755  -33.200  51.766 0.0000000000
49291  42.014  -35.045  50.910 0.0000000000
50268  42.525  -34.408  51.188 0.0000000000
50279  42.375  -34.072  50.494 0.0000000000
50296  42.269  -33.640  49.629 0.0000000000
50297  41.549  -34.112  49.262 0.0000000000
50315  41.397  -33.805  48.429 0.0000000000
35533  29.719  -49.947  50.348 0.0000000000
35545  30.214  -49.213  50.030 0.0000000000
35546  29.228  -49.580  49.687 0.0000000000
66944  58.776  -16.817  38.767 0.0000000000
66945  58.193  -16.652  38.108 0.0000000000
27733  28.704  -57.398  58.060 0.0000000000
28626  28.393  -56.688  57.734 0.0000000000
27734  28.010  -57.086  58.453 0.0000000000
28598  24.948  -56.191  60.571 0.0000000000
28608  25.084  -56.037  59.868 0.0000000000
124504  24.380  -55.947  60.341 0.0000000000
28609  24.099  -55.807  59.740 0.0000000000
131144  23.494  -55.788  60.435 0.0000000000
30494  32.657  -54.584  57.620 0.0000000000
29523  33.592  -55.891  58.245 0.0000000000
26793  28.551  -58.249  58.848 0.0000000000
146862  29.220  -58.344  58.622 0.0000000000
26803  28.928  -57.995  58.304 0.0000000000
27742  29.172  -57.017  57.229 0.0000000000
44513  45.337  -40.551  57.463 0.0000000000
146002  45.347  -40.597  58.213 0.0000000000
144074  45.338  -39.898  58.045 0.0000000000
132287  45.296  -39.402  58.730 0.0000000000
136338  45.207  -39.087  58.004 0.0000000000
136196  44.971  -38.847  57.515 0.0000000000
45450  42.008  -40.269  52.464 0.0000000000
140923  42.480  -39.746  52.855 0.0000000000
145414  41.970  -39.615  52.255 0.0000000000
46401  41.839  -38.284  51.864 0.0000000000
45461  40.992  -39.537  51.238 0.0000000000
137738  40.770  -38.911  50.821 0.0000000000
42519  37.459  -42.742  49.316 0.0000000000
42520  36.989  -42.874  48.773 0.0000000000
42539  36.692  -42.629  48.232 0.0000000000
41513  36.563  -43.321  48.535 0.0000000000
31628  31.111  -53.634  45.102 0.0000000000
127204  30.751  -52.618  45.115 0.0000000000
32637  30.840  -53.074  44.440 0.0000000000
64239  54.334  -19.128  39.471 0.0000000000
64247  53.827  -18.882  38.696 0.0000000000
64248  53.199  -19.293  38.574 0.0000000000
32580  27.351  -52.706  47.406 0.0000000000
31520  25.029  -53.577  54.195 0.0000000000
33529  21.585  -50.633  50.704 0.0000000000
34491  39.717  -50.239  55.406 0.0000000000
34487  40.704  -49.621  56.195 0.0000000000
35498  40.177  -49.735  55.482 0.0000000000
35505  40.393  -49.203  55.372 0.0000000000
35506  39.816  -49.654  55.142 0.0000000000
35513  38.933  -49.229  54.400 0.0000000000
35507  39.266  -49.729  54.772 0.0000000000
32506  34.969  -52.615  52.679 0.0000000000
134409  34.447  -52.317  52.492 0.0000000000
32520  33.955  -51.707  52.085 0.0000000000
32507  33.567  -52.472  52.794 0.0000000000
27749  33.082  -58.278  54.878 0.0000000000
27757  33.498  -57.894  54.714 0.0000000000
27758  32.606  -58.123  54.454 0.0000000000
29607  31.306  -56.012  50.018 0.0000000000
30577  31.501  -55.571  49.161 0.0000000000
30578  31.126  -54.871  50.040 0.0000000000
30593  31.587  -55.165  48.522 0.0000000000
29629  31.612  -55.998  48.322 0.0000000000
31580  28.205  -54.007  47.969 0.0000000000
58623  46.181  -24.692  41.946 0.0000000000
58624  45.532  -25.288  41.614 0.0000000000
30426  21.342  -53.852  64.032 0.0000000000
145342  20.858  -53.950  62.927 0.0000000000
144077  16.852  -51.301  59.976 0.0000000000
33433  17.254  -51.634  59.125 0.0000000000
32423  18.033  -52.231  59.060 0.0000000000
141600  17.298  -52.101  58.150 0.0000000000
32453  17.387  -52.423  57.435 0.0000000000
32440  16.969  -52.018  57.880 0.0000000000
65093  58.893  -18.230  43.319 0.0000000000
65084  58.912  -18.258  44.116 0.0000000000
65097  54.724  -19.068  43.905 0.0000000000
63278  54.171  -20.618  42.572 0.0000000000
63263  53.732  -20.660  43.323 0.0000000000
61403  51.818  -22.881  43.994 0.0000000000
60498  51.656  -23.290  44.723 0.0000000000
60499  50.729  -23.507  44.621 0.0000000000
60488  50.964  -23.747  45.262 0.0000000000
57638  49.941  -26.217  46.918 0.0000000000
57639  49.403  -26.384  46.517 0.0000000000
56714  48.945  -27.062  46.728 0.0000000000
57590  53.283  -27.078  51.757 0.0000000000
128434  52.772  -27.550  51.335 0.0000000000
54129  48.009  -30.577  48.465 0.0000000000
54141  47.403  -30.735  47.852 0.0000000000
54142  46.815  -30.932  47.224 0.0000000000
53228  46.548  -31.812  47.135 0.0000000000
52262  46.912  -32.484  47.593 0.0000000000
49351  47.524  -36.202  47.453 0.0000000000
48401  47.562  -37.117  47.456 0.0000000000
52112  51.033  -32.446  57.709 0.0000000000
133806  45.195  -34.750  56.465 0.0000000000
50205  45.784  -34.489  57.233 0.0000000000
52205  47.182  -32.714  52.268 0.0000000000
51202  48.269  -32.971  53.047 0.0000000000
51215  48.587  -33.771  52.842 0.0000000000
123375  49.100  -34.422  53.312 0.0000000000
50253  48.212  -34.159  52.188 0.0000000000
50264  48.251  -35.241  51.949 0.0000000000
50265  47.694  -34.271  51.566 0.0000000000
49341  44.800  -35.151  47.505 0.0000000000
49340  45.367  -35.862  48.040 0.0000000000
47410  45.049  -37.431  47.586 0.0000000000
48403  44.394  -36.436  46.896 0.0000000000
48404  43.786  -36.558  46.295 0.0000000000
49354  43.842  -35.562  46.366 0.0000000000
50382  40.577  -34.494  43.602 0.0000000000
50383  39.934  -34.227  43.541 0.0000000000
47413  38.126  -37.818  47.184 0.0000000000
47412  38.532  -37.187  47.360 0.0000000000
47427  37.585  -37.725  46.372 0.0000000000
37555  36.003  -47.438  50.798 0.0000000000
37556  35.325  -48.008  50.356 0.0000000000
38574  31.979  -46.751  47.044 0.0000000000
39551  32.662  -46.054  46.978 0.0000000000
39563  32.570  -45.467  46.579 0.0000000000
38584  31.993  -45.983  46.523 0.0000000000
36630  27.879  -49.005  44.847 0.0000000000
141878  27.707  -48.706  45.679 0.0000000000
65188  54.185  -17.761  34.393 0.0000000000
27696  28.319  -57.799  61.128 0.0000000000
26777  27.332  -58.323  60.233 0.0000000000
28577  26.347  -56.851  62.372 0.0000000000
27690  26.677  -57.403  61.892 0.0000000000
27691  25.849  -57.403  61.601 0.0000000000
27698  25.557  -57.133  60.907 0.0000000000
28578  25.447  -56.794  62.319 0.0000000000
28585  29.417  -56.222  61.358 0.0000000000
27695  29.060  -57.224  61.109 0.0000000000
27705  29.055  -58.069  60.659 0.0000000000
38462  44.211  -45.949  56.473 0.0000000000
39405  44.394  -45.126  56.644 0.0000000000
39426  44.488  -45.302  56.032 0.0000000000
130717  44.529  -44.212  54.624 0.0000000000
39445  44.670  -44.391  55.184 0.0000000000
42445  44.992  -43.249  55.147 0.0000000000
133284  45.289  -42.478  56.161 0.0000000000
43498  44.894  -42.450  55.128 0.0000000000
143147  44.471  -41.591  54.881 0.0000000000
42462  44.279  -42.889  54.096 0.0000000000
42480  42.153  -42.361  52.996 0.0000000000
42464  42.938  -42.447  53.466 0.0000000000
131586  41.900  -41.741  52.711 0.0000000000
44563  41.989  -41.049  52.650 0.0000000000
42494  40.718  -41.928  51.950 0.0000000000
41468  39.116  -43.516  51.749 0.0000000000
123761  39.612  -42.825  51.715 0.0000000000
132378  38.257  -43.120  50.611 0.0000000000
63319  51.813  -20.591  39.303 0.0000000000
62410  49.501  -21.501  38.482 0.0000000000
62414  49.291  -21.546  37.571 0.0000000000
143176  49.121  -21.720  36.853 0.0000000000
31581  27.525  -53.535  48.587 0.0000000000
31567  27.316  -53.802  49.390 0.0000000000
141584  26.433  -53.656  50.441 0.0000000000
31568  26.584  -53.430  49.785 0.0000000000
31569  25.804  -53.140  50.188 0.0000000000
32550  25.443  -52.562  49.600 0.0000000000
31507  22.994  -53.129  54.876 0.0000000000
145614  21.491  -51.776  54.089 0.0000000000
134379  21.307  -51.339  53.521 0.0000000000
137314  21.486  -50.977  52.643 0.0000000000
33514  20.771  -50.788  52.926 0.0000000000
34511  20.043  -50.445  51.618 0.0000000000
33499  19.371  -50.875  53.508 0.0000000000
129057  18.034  -50.792  52.738 0.0000000000
33500  18.423  -50.861  53.477 0.0000000000
33420  38.815  -50.798  58.524 0.0000000000
32459  38.638  -52.550  56.766 0.0000000000
32444  39.028  -51.929  57.133 0.0000000000
147323  38.980  -51.897  56.581 0.0000000000
147672  39.586  -51.152  56.238 0.0000000000
33474  38.861  -51.550  55.579 0.0000000000
33484  38.400  -51.674  54.862 0.0000000000
140173  38.379  -52.290  55.299 0.0000000000
31505  36.943  -54.200  54.155 0.0000000000
134127  36.330  -54.482  53.720 0.0000000000
31514  35.971  -53.875  53.212 0.0000000000
30535  35.823  -54.623  53.579 0.0000000000
28685  29.271  -56.581  50.959 0.0000000000
28684  30.240  -57.136  50.986 0.0000000000
28691  30.073  -56.866  50.120 0.0000000000
28690  30.727  -56.813  50.298 0.0000000000
144504  30.471  -56.665  48.804 0.0000000000
30594  28.660  -54.761  48.197 0.0000000000
56748  44.692  -27.518  42.689 0.0000000000
55964  43.872  -27.925  42.005 0.0000000000
55108  42.667  -29.853  40.505 0.0000000000
55107  42.894  -29.070  40.766 0.0000000000
55116  43.139  -29.332  39.859 0.0000000000
122830  43.460  -29.957  39.349 0.0000000000
54261  43.339  -30.726  39.208 0.0000000000
33413  15.872  -51.427  60.164 0.0000000000
32424  15.032  -51.803  59.051 0.0000000000
60453  53.317  -23.687  47.097 0.0000000000
59487  52.978  -24.499  48.356 0.0000000000
59501  52.679  -24.235  47.548 0.0000000000
58544  52.118  -24.920  47.944 0.0000000000
58545  51.306  -25.322  47.522 0.0000000000
58536  51.648  -25.665  48.322 0.0000000000
54943  52.185  -29.017  52.402 0.0000000000
54953  52.223  -28.845  51.798 0.0000000000
54954  51.827  -29.499  51.716 0.0000000000
53200  49.753  -31.460  50.420 0.0000000000
53207  49.262  -30.954  49.774 0.0000000000
52238  48.365  -32.410  49.304 0.0000000000
52237  48.857  -32.971  49.819 0.0000000000
51240  49.657  -34.334  50.511 0.0000000000
51262  48.980  -34.121  49.786 0.0000000000
50293  48.825  -35.259  49.438 0.0000000000
50311  48.364  -35.148  48.784 0.0000000000
50243  43.553  -34.950  53.533 0.0000000000
50242  44.184  -34.386  53.914 0.0000000000
50254  43.930  -34.082  53.100 0.0000000000
51228  44.311  -33.040  51.727 0.0000000000
51218  44.444  -33.305  52.585 0.0000000000
52189  45.030  -32.654  52.011 0.0000000000
52188  45.814  -32.504  52.324 0.0000000000
52208  44.858  -32.568  51.149 0.0000000000
52223  45.446  -32.607  50.561 0.0000000000
52224  44.533  -32.617  50.284 0.0000000000
51285  43.600  -32.790  48.278 0.0000000000
128286  43.860  -32.690  48.952 0.0000000000
51301  44.172  -33.212  47.779 0.0000000000
51302  43.364  -33.041  47.524 0.0000000000
51316  43.153  -33.306  46.771 0.0000000000
51303  42.553  -33.070  47.226 0.0000000000
50333  40.750  -33.850  47.155 0.0000000000
51304  41.674  -33.253  46.905 0.0000000000
51305  41.058  -33.460  46.370 0.0000000000
51331  40.852  -33.519  45.586 0.0000000000
50347  40.378  -33.844  46.351 0.0000000000
45575  36.389  -39.619  45.525 0.0000000000
45576  35.949  -39.939  44.896 0.0000000000
45625  34.362  -39.239  42.751 0.0000000000
34530  33.079  -49.599  49.824 0.0000000000
35542  33.667  -49.263  49.606 0.0000000000
36571  32.866  -48.980  49.215 0.0000000000
36586  30.331  -48.263  48.925 0.0000000000
36585  31.399  -48.350  48.727 0.0000000000
37577  30.905  -47.846  48.205 0.0000000000
66992  59.532  -17.108  36.154 0.0000000000
66993  58.489  -16.656  35.790 0.0000000000
67012  58.301  -16.741  34.928 0.0000000000
127633  27.851  -55.008  53.737 0.0000000000
135339  28.327  -55.297  54.955 0.0000000000
146263  27.253  -54.934  56.466 0.0000000000
30509  25.744  -54.518  56.453 0.0000000000
27714  26.855  -57.328  59.583 0.0000000000
27724  27.157  -57.081  59.232 0.0000000000
28606  26.642  -56.745  59.456 0.0000000000
28617  25.158  -55.610  58.537 0.0000000000
29539  25.841  -55.591  58.163 0.0000000000
29552  25.118  -55.184  57.792 0.0000000000
30510  24.993  -54.698  57.023 0.0000000000
133566  24.180  -54.532  56.763 0.0000000000
30522  23.854  -54.180  56.028 0.0000000000
140482  23.691  -54.753  57.338 0.0000000000
30497  22.790  -54.636  57.408 0.0000000000
30498  21.803  -54.424  57.739 0.0000000000
128184  33.642  -54.471  57.306 0.0000000000
138468  34.383  -53.871  57.109 0.0000000000
140973  35.087  -54.619  57.123 0.0000000000
31466  35.478  -53.904  57.179 0.0000000000
128840  35.111  -55.453  57.268 0.0000000000
29534  35.667  -55.905  57.062 0.0000000000
28625  33.987  -57.165  57.829 0.0000000000
144927  34.301  -57.605  57.447 0.0000000000
27731  33.773  -58.011  57.434 0.0000000000
26798  34.034  -58.414  56.691 0.0000000000
125203  33.169  -58.583  56.979 0.0000000000
28605  31.421  -56.575  59.283 0.0000000000
27711  31.836  -57.067  58.872 0.0000000000
27712  31.230  -57.480  59.247 0.0000000000
143022  31.389  -58.473  57.150 0.0000000000
26810  31.022  -58.353  56.741 0.0000000000
26809  31.782  -58.608  56.337 0.0000000000
26819  31.349  -58.405  55.862 0.0000000000
27750  30.966  -58.129  55.227 0.0000000000
27751  30.183  -57.433  55.477 0.0000000000
136508  29.062  -56.206  55.701 0.0000000000
28641  29.484  -56.729  55.156 0.0000000000
28642  28.856  -56.028  54.793 0.0000000000
28654  28.816  -56.229  53.788 0.0000000000
51352  43.105  -33.220  42.437 0.0000000000
145638  52.466  -28.172  53.185 0.0000000000
133063  52.271  -27.765  53.404 0.0000000000
55831  50.621  -28.422  53.454 0.0000000000
54937  51.121  -29.281  53.148 0.0000000000
54063  50.834  -29.950  53.341 0.0000000000
132960  51.023  -30.517  53.345 0.0000000000
41373  44.420  -43.184  57.670 0.0000000000
47319  44.961  -37.656  57.748 0.0000000000
48283  44.969  -36.897  57.764 0.0000000000
48295  44.717  -36.388  57.112 0.0000000000
44544  44.100  -40.866  54.541 0.0000000000
45422  44.509  -39.971  55.704 0.0000000000
45429  44.163  -39.924  54.943 0.0000000000
46384  43.424  -38.305  54.088 0.0000000000
46376  43.888  -38.335  55.011 0.0000000000
47346  43.570  -37.428  54.421 0.0000000000
144411  43.837  -37.266  55.088 0.0000000000
48314  43.392  -36.760  53.979 0.0000000000
49253  43.413  -35.920  53.828 0.0000000000
47357  41.831  -37.383  51.688 0.0000000000
48333  41.677  -36.553  51.297 0.0000000000
49282  41.634  -35.864  50.965 0.0000000000
48344  40.649  -36.590  50.009 0.0000000000
47365  40.736  -37.244  50.343 0.0000000000
127323  39.713  -38.627  49.729 0.0000000000
46416  39.140  -38.592  49.106 0.0000000000
45490  38.688  -39.307  48.931 0.0000000000
43568  39.357  -41.518  50.708 0.0000000000
143074  39.558  -40.479  50.318 0.0000000000
44598  39.236  -40.892  50.195 0.0000000000
43589  37.517  -41.467  48.648 0.0000000000
44610  38.026  -40.890  48.933 0.0000000000
44622  37.639  -40.634  48.385 0.0000000000
45506  37.712  -39.933  48.200 0.0000000000
44636  37.298  -40.316  47.721 0.0000000000
44654  37.046  -39.988  47.105 0.0000000000
44637  36.713  -40.806  47.136 0.0000000000
42566  36.076  -42.304  46.822 0.0000000000
43624  35.858  -41.893  46.294 0.0000000000
42583  35.211  -42.173  45.854 0.0000000000
43635  34.892  -41.756  45.216 0.0000000000
42584  34.500  -42.405  45.534 0.0000000000
33581  29.830  -51.793  47.264 0.0000000000
34551  29.217  -51.100  47.439 0.0000000000
33601  29.789  -51.524  46.544 0.0000000000
34568  29.429  -50.963  45.945 0.0000000000
34586  29.522  -50.888  45.037 0.0000000000
143801  29.069  -50.430  44.811 0.0000000000
143971  29.478  -50.776  44.418 0.0000000000
137317  30.409  -52.542  42.495 0.0000000000
34622  29.249  -50.356  42.445 0.0000000000
34608  29.104  -50.296  43.402 0.0000000000
66040  56.005  -17.862  39.443 0.0000000000
66052  55.881  -17.588  38.545 0.0000000000
66053  55.125  -17.818  38.200 0.0000000000
65162  53.374  -18.588  37.395 0.0000000000
65161  54.092  -18.048  37.145 0.0000000000
66095  53.985  -17.800  36.092 0.0000000000
141916  52.108  -19.664  37.789 0.0000000000
64258  51.589  -19.947  37.309 0.0000000000
64269  51.742  -19.622  35.604 0.0000000000
32581  26.570  -52.012  47.829 0.0000000000
132760  26.813  -54.240  53.132 0.0000000000
30549  26.598  -54.078  52.574 0.0000000000
31534  25.256  -53.259  52.638 0.0000000000
31541  25.582  -53.352  51.786 0.0000000000
32513  23.171  -51.949  52.552 0.0000000000
33545  22.469  -51.008  50.404 0.0000000000
33544  23.134  -51.394  50.031 0.0000000000
34443  39.909  -50.057  58.283 0.0000000000
34465  40.547  -49.743  57.995 0.0000000000
36500  41.813  -48.482  56.505 0.0000000000
36473  41.289  -48.391  57.606 0.0000000000
37472  41.976  -47.962  57.132 0.0000000000
37471  42.617  -47.559  56.811 0.0000000000
37470  43.204  -47.110  56.554 0.0000000000
37483  42.768  -47.647  56.384 0.0000000000
37503  41.012  -47.822  54.894 0.0000000000
37502  41.924  -47.350  54.928 0.0000000000
37520  41.199  -47.026  54.529 0.0000000000
38488  41.879  -46.629  54.554 0.0000000000
124524  39.642  -47.018  53.850 0.0000000000
36546  37.839  -48.539  53.323 0.0000000000
37524  38.187  -47.793  53.229 0.0000000000
36551  37.166  -48.601  52.777 0.0000000000
35519  36.705  -49.367  52.630 0.0000000000
33520  35.337  -51.226  52.098 0.0000000000
129084  35.885  -50.898  52.315 0.0000000000
34505  35.518  -50.370  51.861 0.0000000000
34506  34.857  -50.230  51.305 0.0000000000
34517  34.205  -50.132  50.783 0.0000000000
33524  32.131  -51.052  52.044 0.0000000000
143901  32.503  -50.636  51.426 0.0000000000
34508  31.579  -50.594  51.544 0.0000000000
34520  31.130  -50.156  51.010 0.0000000000
34509  30.559  -50.762  51.475 0.0000000000
28639  36.045  -56.492  55.749 0.0000000000
28648  35.609  -56.711  54.821 0.0000000000
136174  33.475  -56.566  54.443 0.0000000000
29566  34.415  -56.229  54.309 0.0000000000
29567  33.388  -55.713  54.290 0.0000000000
30537  34.234  -55.074  53.957 0.0000000000
140112  33.206  -54.901  54.156 0.0000000000
28674  31.449  -57.075  52.468 0.0000000000
28661  31.826  -57.096  53.262 0.0000000000
29579  31.625  -56.444  52.985 0.0000000000
30558  30.705  -54.811  51.845 0.0000000000
137671  31.008  -55.148  52.509 0.0000000000
30546  31.105  -54.366  53.213 0.0000000000
31518  31.966  -53.731  53.802 0.0000000000
31532  30.697  -53.584  52.859 0.0000000000
32509  31.132  -52.618  53.034 0.0000000000
32510  30.351  -52.906  52.363 0.0000000000
32532  29.792  -52.789  50.900 0.0000000000
32533  29.544  -52.108  50.453 0.0000000000
32548  29.586  -52.247  49.390 0.0000000000
32561  29.601  -52.092  48.540 0.0000000000
136964  31.623  -54.570  47.233 0.0000000000
137208  31.555  -54.695  46.394 0.0000000000
31612  31.384  -53.832  45.964 0.0000000000
146804  30.081  -55.483  45.776 0.0000000000
29649  30.404  -55.705  45.936 0.0000000000
30635  30.177  -55.165  45.378 0.0000000000
30645  30.000  -54.600  44.510 0.0000000000
60544  47.297  -23.110  40.584 0.0000000000
60534  46.819  -23.549  41.004 0.0000000000
59589  45.602  -24.703  40.286 0.0000000000
59588  46.050  -24.125  39.734 0.0000000000
59604  45.683  -24.925  39.257 0.0000000000
56804  43.970  -27.029  40.798 0.0000000000
57713  44.405  -26.498  40.295 0.0000000000
56821  44.103  -27.250  39.853 0.0000000000
56832  46.371  -26.964  38.435 0.0000000000
52334  42.370  -32.707  40.619 0.0000000000
140571  42.398  -32.087  40.829 0.0000000000
125928  42.403  -32.793  39.766 0.0000000000
30432  27.531  -54.495  64.088 0.0000000000
29470  24.987  -54.695  64.348 0.0000000000
29480  24.665  -55.542  63.640 0.0000000000
28569  24.314  -56.155  62.707 0.0000000000
29481  23.757  -55.590  63.319 0.0000000000
142246  22.522  -55.198  62.915 0.0000000000
29489  22.876  -55.532  62.327 0.0000000000
29497  22.393  -55.386  62.024 0.0000000000
29507  22.693  -55.634  60.974 0.0000000000
137991  22.157  -55.327  61.511 0.0000000000
30462  20.613  -54.562  60.784 0.0000000000
29509  21.095  -54.938  60.657 0.0000000000
30471  20.645  -54.595  59.975 0.0000000000
30483  20.607  -54.279  58.969 0.0000000000
30472  20.094  -54.107  59.559 0.0000000000
33383  18.386  -51.569  62.425 0.0000000000
130818  19.131  -52.300  62.371 0.0000000000
32394  19.564  -52.928  61.774 0.0000000000
31439  19.933  -53.533  61.214 0.0000000000
31440  19.256  -52.842  60.722 0.0000000000
32438  18.261  -52.729  58.528 0.0000000000
31452  19.047  -53.171  59.112 0.0000000000
31459  18.692  -53.168  58.294 0.0000000000
31471  19.272  -53.460  57.850 0.0000000000
32460  18.535  -52.729  56.587 0.0000000000
33475  17.551  -51.594  55.035 0.0000000000
32463  15.881  -51.843  56.603 0.0000000000
124440  59.227  -17.300  40.219 0.0000000000
66024  58.000  -17.752  41.071 0.0000000000
65122  56.764  -18.604  41.616 0.0000000000
127451  56.436  -18.532  40.943 0.0000000000
65136  55.689  -18.838  40.710 0.0000000000
129990  57.542  -18.556  44.156 0.0000000000
65095  56.651  -18.706  43.678 0.0000000000
64215  55.100  -19.876  41.557 0.0000000000
64200  55.562  -19.435  42.129 0.0000000000
64229  55.133  -19.538  40.820 0.0000000000
63302  54.522  -20.218  40.900 0.0000000000
63303  53.679  -20.463  40.498 0.0000000000
63290  53.884  -20.747  41.320 0.0000000000
62383  52.386  -21.237  40.768 0.0000000000
62371  51.826  -21.605  41.254 0.0000000000
62372  51.116  -21.678  40.969 0.0000000000
62350  53.374  -21.815  43.519 0.0000000000
61414  51.053  -22.764  43.459 0.0000000000
127522  50.490  -22.372  42.041 0.0000000000
61426  49.844  -22.694  42.569 0.0000000000
59555  48.944  -23.882  43.701 0.0000000000
122406  47.367  -24.676  43.168 0.0000000000
59529  50.377  -24.368  45.551 0.0000000000
58563  49.918  -24.933  45.748 0.0000000000
57647  48.609  -26.089  45.493 0.0000000000
58565  48.668  -25.522  45.050 0.0000000000
57653  48.136  -25.893  44.877 0.0000000000
58575  47.707  -25.729  44.249 0.0000000000
57663  46.423  -26.760  43.877 0.0000000000
56730  46.941  -26.922  44.505 0.0000000000
55897  47.261  -27.900  45.627 0.0000000000
55912  46.108  -28.173  44.628 0.0000000000
55899  45.787  -29.086  44.947 0.0000000000
125550  54.711  -24.816  51.112 0.0000000000
58513  54.528  -24.713  50.349 0.0000000000
58514  54.114  -25.504  50.955 0.0000000000
57613  52.431  -26.359  49.894 0.0000000000
57621  51.260  -26.416  48.697 0.0000000000
56699  50.967  -27.227  49.058 0.0000000000
55855  51.192  -28.873  50.420 0.0000000000
55863  50.522  -28.749  49.762 0.0000000000
54983  48.960  -28.854  48.336 0.0000000000
55870  49.659  -28.553  48.778 0.0000000000
55877  49.401  -28.030  48.118 0.0000000000
55878  48.689  -28.289  47.633 0.0000000000
55879  48.020  -28.531  47.136 0.0000000000
144862  46.115  -30.768  46.346 0.0000000000
54171  45.928  -30.412  45.996 0.0000000000
54172  45.470  -30.795  45.581 0.0000000000
54191  45.034  -30.755  45.022 0.0000000000
53271  44.278  -32.142  44.406 0.0000000000
52300  44.989  -33.295  44.984 0.0000000000
51339  45.237  -34.030  45.013 0.0000000000
50372  44.724  -35.029  44.170 0.0000000000
50371  45.230  -34.738  44.774 0.0000000000
136598  46.852  -33.229  47.397 0.0000000000
51299  47.082  -33.925  47.515 0.0000000000
132855  46.569  -36.305  46.077 0.0000000000
49364  46.350  -35.259  46.041 0.0000000000
147245  46.193  -35.800  45.685 0.0000000000
48434  45.455  -36.244  44.834 0.0000000000
53118  50.905  -31.337  55.586 0.0000000000
53117  51.512  -32.078  55.140 0.0000000000
139685  51.392  -31.795  54.169 0.0000000000
53138  51.839  -32.633  54.435 0.0000000000
50176  48.265  -33.741  58.558 0.0000000000
50175  49.373  -33.825  58.274 0.0000000000
50189  48.867  -33.864  57.973 0.0000000000
51192  45.537  -33.347  54.657 0.0000000000
51191  46.305  -32.890  55.045 0.0000000000
134824  48.594  -33.166  55.243 0.0000000000
51174  49.408  -33.919  55.519 0.0000000000
51155  49.898  -34.185  56.512 0.0000000000
50203  50.709  -34.294  56.641 0.0000000000
50217  50.593  -34.542  55.839 0.0000000000
49262  50.246  -35.683  53.561 0.0000000000
49260  51.091  -35.361  54.333 0.0000000000
49269  51.138  -35.510  53.757 0.0000000000
51213  51.735  -34.518  53.487 0.0000000000
133628  50.788  -35.656  52.522 0.0000000000
50263  50.739  -34.981  51.872 0.0000000000
48320  50.196  -36.336  52.297 0.0000000000
48331  48.599  -36.904  50.975 0.0000000000
134287  49.102  -36.862  51.197 0.0000000000
47362  48.817  -37.089  50.625 0.0000000000
47372  48.507  -37.425  50.059 0.0000000000
47363  48.361  -37.296  50.369 0.0000000000
51264  46.100  -33.725  49.737 0.0000000000
50294  46.463  -35.246  49.689 0.0000000000
49325  46.568  -36.547  49.423 0.0000000000
48376  46.808  -37.549  49.145 0.0000000000
47393  46.811  -38.139  48.683 0.0000000000
46435  47.163  -38.366  48.349 0.0000000000
138100  44.622  -38.203  47.286 0.0000000000
50359  42.618  -34.209  45.484 0.0000000000
139963  42.907  -35.126  45.438 0.0000000000
50373  42.426  -34.810  44.965 0.0000000000
48448  41.222  -36.084  43.396 0.0000000000
48437  41.714  -35.890  44.025 0.0000000000
48378  40.069  -35.956  48.745 0.0000000000
48406  38.362  -36.167  46.369 0.0000000000
48405  39.007  -35.521  46.674 0.0000000000
49355  38.578  -35.446  46.007 0.0000000000
47443  36.775  -37.797  45.158 0.0000000000
47458  36.509  -37.514  44.424 0.0000000000
49401  36.456  -35.958  42.622 0.0000000000
48450  36.876  -35.837  43.504 0.0000000000
39486  38.770  -45.393  52.594 0.0000000000
39487  38.263  -45.799  52.380 0.0000000000
39521  37.082  -45.627  50.953 0.0000000000
135151  36.523  -45.151  49.788 0.0000000000
146130  34.714  -47.158  49.170 0.0000000000
37574  34.137  -47.091  48.588 0.0000000000
38572  34.014  -45.626  47.508 0.0000000000
38561  35.069  -45.762  48.571 0.0000000000
39550  34.779  -45.377  47.953 0.0000000000
39549  35.291  -45.140  48.338 0.0000000000
125033  35.206  -44.669  47.835 0.0000000000
40551  35.091  -44.108  47.213 0.0000000000
40574  33.217  -44.236  46.108 0.0000000000
41537  33.817  -43.884  46.181 0.0000000000
41552  33.248  -43.649  45.720 0.0000000000
42585  33.317  -42.945  45.287 0.0000000000
42586  32.580  -43.438  45.269 0.0000000000
34552  28.536  -50.225  47.579 0.0000000000
35555  28.586  -49.261  48.718 0.0000000000
35560  28.260  -49.324  48.079 0.0000000000
37601  27.893  -47.470  46.529 0.0000000000
37591  28.399  -47.562  47.273 0.0000000000
37600  29.078  -46.907  46.930 0.0000000000
37628  27.047  -47.447  44.117 0.0000000000
37618  27.303  -47.414  44.981 0.0000000000
38616  27.243  -46.543  44.566 0.0000000000
141752  28.487  -45.467  44.771 0.0000000000
38606  28.022  -46.132  45.178 0.0000000000
39587  28.942  -45.728  45.276 0.0000000000
38605  29.408  -46.105  45.774 0.0000000000
39586  29.947  -45.484  45.263 0.0000000000
40577  30.030  -44.804  44.720 0.0000000000
41568  30.299  -43.013  43.940 0.0000000000
147848  30.638  -43.526  44.339 0.0000000000
42607  31.169  -42.858  44.284 0.0000000000
66115  61.122  -18.148  35.301 0.0000000000
66092  56.221  -16.836  36.714 0.0000000000
66981  55.934  -16.810  35.858 0.0000000000
66133  57.063  -16.875  33.757 0.0000000000
61467  47.750  -22.626  39.175 0.0000000000
29496  28.731  -55.944  61.977 0.0000000000
143935  28.049  -56.534  62.002 0.0000000000
29488  27.070  -55.927  62.816 0.0000000000
144408  43.618  -45.894  54.742 0.0000000000
39446  44.444  -45.046  55.046 0.0000000000
140814  43.834  -45.484  54.462 0.0000000000
40435  44.124  -44.951  54.174 0.0000000000
41440  43.942  -43.574  53.860 0.0000000000
41441  43.109  -43.779  53.663 0.0000000000
41456  42.532  -43.089  53.324 0.0000000000
41457  41.614  -43.048  52.914 0.0000000000
41458  40.531  -42.889  52.331 0.0000000000
41459  40.210  -43.696  52.544 0.0000000000
40478  38.726  -44.296  51.901 0.0000000000
62385  50.702  -21.505  40.321 0.0000000000
62398  50.539  -21.288  39.554 0.0000000000
145470  50.213  -21.525  39.925 0.0000000000
139337  48.972  -21.837  39.017 0.0000000000
30568  27.348  -54.525  50.539 0.0000000000
30569  26.750  -54.144  51.032 0.0000000000
32470  22.178  -52.922  55.120 0.0000000000
33486  20.812  -51.711  54.301 0.0000000000
32486  19.318  -51.821  54.920 0.0000000000
32430  38.174  -52.222  58.030 0.0000000000
32429  38.921  -51.872  57.781 0.0000000000
31478  38.135  -53.132  57.045 0.0000000000
31489  38.110  -53.314  56.245 0.0000000000
31503  38.059  -53.071  55.407 0.0000000000
31490  37.582  -53.903  55.526 0.0000000000
30526  37.090  -54.533  54.908 0.0000000000
30527  36.447  -55.102  54.434 0.0000000000
28662  29.350  -56.933  53.316 0.0000000000
28675  29.427  -57.042  52.431 0.0000000000
29608  28.533  -55.864  50.535 0.0000000000
55951  43.509  -28.621  42.121 0.0000000000
55078  43.482  -29.376  42.637 0.0000000000
32411  14.618  -52.730  60.250 0.0000000000
60429  54.693  -23.484  48.100 0.0000000000
59486  53.967  -24.157  48.681 0.0000000000
58534  53.338  -24.816  49.170 0.0000000000
54098  51.355  -30.161  51.420 0.0000000000
54083  51.326  -30.739  51.881 0.0000000000
53199  50.249  -31.780  50.968 0.0000000000
52221  49.728  -32.424  50.608 0.0000000000
146567  49.233  -32.652  50.179 0.0000000000
142065  42.789  -35.025  52.310 0.0000000000
50267  42.987  -34.246  51.822 0.0000000000
51230  42.954  -33.685  50.961 0.0000000000
51244  43.660  -33.025  50.564 0.0000000000
51267  43.040  -32.919  49.047 0.0000000000
51287  41.962  -33.208  47.823 0.0000000000
50316  40.788  -34.266  48.067 0.0000000000
35531  31.701  -49.697  50.415 0.0000000000
35544  31.268  -49.197  49.960 0.0000000000
36573  30.806  -48.715  49.454 0.0000000000
134169  29.480  -48.435  48.947 0.0000000000
66960  59.768  -17.006  37.743 0.0000000000
66961  58.814  -16.681  37.449 0.0000000000
66979  57.659  -16.515  36.318 0.0000000000
28635  27.899  -55.991  57.496 0.0000000000
29537  27.231  -55.400  57.283 0.0000000000
140080  25.878  -56.954  60.427 0.0000000000
28607  25.936  -56.402  59.631 0.0000000000
29526  24.435  -55.429  58.513 0.0000000000
29541  23.929  -55.123  58.020 0.0000000000
29527  23.768  -55.453  58.907 0.0000000000
29528  22.834  -55.261  59.085 0.0000000000
127059  34.365  -55.731  57.758 0.0000000000
28613  33.435  -56.488  58.268 0.0000000000
27720  33.183  -57.384  58.066 0.0000000000
26783  30.105  -58.537  59.396 0.0000000000
26782  30.854  -58.255  59.165 0.0000000000
122851  29.858  -58.469  58.614 0.0000000000
26802  29.695  -58.220  58.043 0.0000000000
26811  30.226  -58.082  57.180 0.0000000000
27741  29.950  -57.481  56.689 0.0000000000
43456  44.799  -41.789  58.258 0.0000000000
43444  45.160  -40.964  58.697 0.0000000000
44487  44.912  -40.603  59.467 0.0000000000
46352  45.263  -37.815  58.816 0.0000000000
145716  45.412  -37.365  58.940 0.0000000000
46360  45.100  -38.219  58.059 0.0000000000
46364  44.858  -38.279  57.337 0.0000000000
46365  44.616  -38.362  56.621 0.0000000000
44561  43.116  -40.348  53.621 0.0000000000
45440  43.364  -39.875  53.941 0.0000000000
45449  42.909  -39.684  53.441 0.0000000000
135328  42.695  -38.973  53.054 0.0000000000
46392  42.975  -38.222  53.341 0.0000000000
47351  42.775  -37.372  52.979 0.0000000000
46393  42.436  -38.124  52.555 0.0000000000
137297  41.437  -37.951  51.286 0.0000000000
46408  40.890  -38.112  50.698 0.0000000000
46409  40.297  -38.749  50.328 0.0000000000
45476  39.794  -39.406  50.097 0.0000000000
131002  37.622  -42.017  49.173 0.0000000000
43590  36.921  -41.876  48.092 0.0000000000
43608  36.697  -41.551  47.509 0.0000000000
129765  36.421  -42.300  47.476 0.0000000000
42555  35.994  -42.804  47.112 0.0000000000
33619  30.437  -52.088  45.859 0.0000000000
65150  54.554  -18.428  38.685 0.0000000000
124786  53.934  -18.433  38.008 0.0000000000
63337  51.045  -20.324  36.714 0.0000000000
131787  25.737  -51.748  48.432 0.0000000000
30550  26.221  -53.842  53.198 0.0000000000
31519  25.519  -53.535  53.392 0.0000000000
32511  24.467  -52.791  52.656 0.0000000000
33513  22.383  -51.377  52.333 0.0000000000
34485  40.406  -50.361  56.631 0.0000000000
34475  40.670  -49.948  57.472 0.0000000000
34484  40.670  -49.795  56.859 0.0000000000
35486  41.169  -49.042  56.445 0.0000000000
35485  41.728  -48.556  56.101 0.0000000000
36514  42.064  -48.190  55.800 0.0000000000
127168  41.493  -48.542  55.743 0.0000000000
36531  40.699  -48.569  55.192 0.0000000000
36543  40.231  -48.264  54.711 0.0000000000
37522  39.559  -47.886  54.178 0.0000000000
36544  39.508  -48.681  54.498 0.0000000000
35514  38.127  -49.237  53.862 0.0000000000
31527  36.009  -52.951  52.940 0.0000000000
33497  36.291  -52.073  52.900 0.0000000000
145490  35.690  -52.246  52.660 0.0000000000
33508  35.262  -51.905  52.385 0.0000000000
33522  34.327  -51.284  51.831 0.0000000000
33541  33.922  -50.732  51.277 0.0000000000
147200  33.949  -51.191  51.679 0.0000000000
33510  31.632  -51.699  52.619 0.0000000000
27747  34.703  -58.002  55.406 0.0000000000
27756  34.466  -57.682  54.930 0.0000000000
29568  32.725  -56.307  54.203 0.0000000000
29590  31.328  -56.275  52.176 0.0000000000
29599  31.255  -56.277  51.075 0.0000000000
132141  30.528  -54.380  51.119 0.0000000000
31566  30.839  -54.111  49.494 0.0000000000
32560  30.713  -53.620  48.777 0.0000000000
129633  31.261  -54.447  48.803 0.0000000000
30592  31.691  -55.368  47.704 0.0000000000
29630  29.396  -55.650  47.919 0.0000000000
30610  29.771  -55.761  46.782 0.0000000000
30623  29.653  -55.290  46.184 0.0000000000
31629  28.977  -54.223  45.247 0.0000000000
59576  46.775  -23.917  41.797 0.0000000000
59578  45.659  -24.727  41.154 0.0000000000
125745  44.391  -27.810  39.298 0.0000000000
55984  44.381  -28.607  39.140 0.0000000000
30435  21.690  -54.390  63.604 0.0000000000
30443  21.630  -54.668  62.692 0.0000000000
29498  21.822  -55.023  62.023 0.0000000000
30452  21.237  -54.630  62.053 0.0000000000
30453  20.741  -54.428  61.487 0.0000000000
30454  20.239  -54.041  60.928 0.0000000000
33384  17.495  -51.266  61.976 0.0000000000
141556  18.128  -51.535  61.438 0.0000000000
33410  18.456  -51.966  60.493 0.0000000000
32408  18.840  -52.592  59.943 0.0000000000
32409  18.392  -52.268  59.642 0.0000000000
31460  18.056  -52.839  57.894 0.0000000000
32452  18.001  -52.781  57.272 0.0000000000
32462  16.800  -52.135  56.646 0.0000000000
66010  58.624  -17.813  41.637 0.0000000000
65106  58.913  -18.000  42.419 0.0000000000
65107  58.014  -18.435  42.778 0.0000000000
125076  57.036  -18.670  42.332 0.0000000000
65096  55.727  -18.879  43.576 0.0000000000
63279  53.930  -21.074  42.062 0.0000000000
62358  53.316  -21.481  42.230 0.0000000000
61401  53.214  -22.366  44.141 0.0000000000
132850  52.503  -22.594  43.801 0.0000000000
60518  50.150  -22.992  43.316 0.0000000000
60510  50.481  -23.301  43.981 0.0000000000
60500  50.087  -23.701  44.407 0.0000000000
59543  49.444  -24.196  44.463 0.0000000000
58554  49.951  -25.547  46.317 0.0000000000
57646  49.205  -26.002  45.987 0.0000000000
57648  47.982  -26.426  45.211 0.0000000000
56722  47.495  -27.070  45.217 0.0000000000
56721  48.170  -26.803  45.693 0.0000000000
56716  47.790  -27.409  45.849 0.0000000000
58501  54.144  -25.962  51.769 0.0000000000
57603  53.582  -26.333  51.327 0.0000000000
57604  52.792  -26.850  50.772 0.0000000000
56693  52.091  -27.020  50.128 0.0000000000
54114  49.611  -30.117  49.680 0.0000000000
54973  48.513  -29.800  48.526 0.0000000000
54998  47.611  -29.299  47.254 0.0000000000
54152  47.195  -30.097  47.238 0.0000000000
54154  45.761  -31.240  46.096 0.0000000000
53239  45.608  -32.051  45.948 0.0000000000
53238  46.025  -31.971  46.510 0.0000000000
52277  45.813  -32.776  46.153 0.0000000000
51315  46.140  -33.599  46.322 0.0000000000
50327  47.382  -34.736  47.623 0.0000000000
50328  46.877  -34.531  47.109 0.0000000000
49339  47.205  -35.358  47.247 0.0000000000
49352  47.012  -36.062  46.810 0.0000000000
48419  46.582  -37.313  45.957 0.0000000000
144061  47.110  -38.006  46.663 0.0000000000
53098  50.836  -31.355  56.407 0.0000000000
52126  51.638  -33.009  56.189 0.0000000000
50192  45.884  -34.718  58.074 0.0000000000
50178  46.424  -34.360  58.497 0.0000000000
50191  46.570  -34.075  57.858 0.0000000000
51158  46.710  -33.698  57.031 0.0000000000
52172  46.826  -32.477  53.524 0.0000000000
52159  46.967  -32.544  54.456 0.0000000000
52171  47.913  -32.622  53.802 0.0000000000
143464  48.556  -32.953  54.429 0.0000000000
51189  49.179  -33.636  54.629 0.0000000000
50231  50.098  -35.021  54.643 0.0000000000
50241  49.516  -34.566  54.086 0.0000000000
49263  49.548  -35.436  53.329 0.0000000000
49270  49.964  -36.116  52.872 0.0000000000
48321  49.649  -36.425  52.232 0.0000000000
49279  48.734  -35.959  52.154 0.0000000000
49280  48.371  -36.200  51.573 0.0000000000
49289  47.833  -36.334  50.946 0.0000000000
50313  45.453  -34.489  48.534 0.0000000000
49307  45.977  -35.435  48.977 0.0000000000
136896  45.581  -35.440  48.454 0.0000000000
131269  45.591  -36.984  48.187 0.0000000000
47394  45.977  -38.036  48.324 0.0000000000
50374  41.336  -33.856  44.652 0.0000000000
127652  41.810  -34.479  44.508 0.0000000000
50381  41.175  -34.369  44.106 0.0000000000
49387  41.199  -35.126  43.688 0.0000000000
47395  39.258  -37.254  48.516 0.0000000000
47411  38.991  -36.851  47.794 0.0000000000
48407  37.798  -36.740  45.993 0.0000000000
47471  35.775  -37.509  43.143 0.0000000000
127321  36.274  -37.283  43.774 0.0000000000
37547  37.072  -47.067  51.920 0.0000000000
38537  36.585  -46.908  51.202 0.0000000000
38543  36.205  -46.632  50.525 0.0000000000
38549  35.825  -46.315  49.866 0.0000000000
37586  33.028  -47.230  47.811 0.0000000000
38563  33.605  -46.611  47.867 0.0000000000
139700  33.278  -46.053  47.364 0.0000000000
40542  34.011  -44.946  46.964 0.0000000000
40554  32.866  -44.822  46.352 0.0000000000
129428  28.241  -49.615  46.229 0.0000000000
35572  27.816  -48.904  46.318 0.0000000000
36604  27.596  -48.120  46.160 0.0000000000
37602  27.553  -47.403  45.794 0.0000000000
136284  27.067  -45.982  43.892 0.0000000000
39598  28.565  -44.793  44.266 0.0000000000
40594  29.486  -44.498  44.381 0.0000000000
136086  54.691  -17.466  36.061 0.0000000000
66110  55.166  -17.186  35.574 0.0000000000
60566  46.729  -23.729  38.242 0.0000000000
60569  47.304  -23.137  37.909 0.0000000000
59622  46.851  -24.192  37.677 0.0000000000
26784  28.312  -58.455  59.477 0.0000000000
27723  27.622  -57.425  58.949 0.0000000000
26785  27.508  -58.221  59.614 0.0000000000
26786  26.741  -57.850  59.859 0.0000000000
28587  27.565  -57.418  61.630 0.0000000000
130824  26.578  -57.933  61.291 0.0000000000
27707  26.151  -57.470  60.320 0.0000000000
27699  25.300  -56.614  60.731 0.0000000000
122783  24.607  -56.209  61.114 0.0000000000
27703  30.870  -56.709  59.704 0.0000000000
28595  30.391  -56.327  60.328 0.0000000000
27704  30.309  -57.233  60.137 0.0000000000
134785  29.853  -58.253  60.205 0.0000000000
137172  28.896  -58.635  60.041 0.0000000000
39389  43.232  -45.188  57.556 0.0000000000
40370  43.550  -44.286  57.863 0.0000000000
40369  44.278  -44.021  57.435 0.0000000000
40384  44.743  -43.778  56.918 0.0000000000
39425  44.609  -44.783  55.653 0.0000000000
40383  44.796  -43.931  56.377 0.0000000000
41372  44.929  -43.182  57.101 0.0000000000
43465  45.333  -42.245  56.660 0.0000000000
132888  45.403  -41.380  56.988 0.0000000000
44524  45.189  -40.661  56.702 0.0000000000
44535  44.815  -40.778  55.992 0.0000000000
43512  43.909  -41.423  54.184 0.0000000000
42463  43.670  -42.681  53.765 0.0000000000
43513  43.291  -41.984  53.696 0.0000000000
43531  43.330  -41.216  53.714 0.0000000000
44562  42.636  -40.599  53.144 0.0000000000
44577  41.455  -40.707  52.063 0.0000000000
44578  40.934  -40.389  51.487 0.0000000000
43552  40.823  -41.138  51.700 0.0000000000
43553  40.085  -41.521  51.304 0.0000000000
42495  39.466  -42.173  51.206 0.0000000000
42505  38.907  -42.098  50.741 0.0000000000
42506  38.422  -42.464  50.399 0.0000000000
42507  37.904  -42.941  50.023 0.0000000000
41495  37.411  -43.462  49.732 0.0000000000
30652  30.273  -54.141  44.054 0.0000000000
31648  30.307  -53.595  43.334 0.0000000000
31657  30.162  -53.112  42.469 0.0000000000
31658  28.777  -53.970  42.532 0.0000000000
31664  29.489  -53.460  42.310 0.0000000000
64240  53.058  -19.894  39.211 0.0000000000
63329  52.335  -20.166  38.984 0.0000000000
63330  51.652  -20.229  38.329 0.0000000000
63331  50.752  -20.715  38.139 0.0000000000
63338  50.491  -20.744  37.218 0.0000000000
140259  27.656  -53.325  47.861 0.0000000000
143501  25.768  -52.313  49.062 0.0000000000
32564  25.184  -52.019  49.117 0.0000000000
134136  24.884  -52.266  49.640 0.0000000000
31521  24.117  -53.138  54.083 0.0000000000
31506  23.652  -53.267  54.656 0.0000000000
32482  23.359  -52.772  54.205 0.0000000000
32501  22.137  -51.890  53.849 0.0000000000
124379  19.898  -50.589  52.626 0.0000000000
33530  19.188  -50.632  51.830 0.0000000000
33466  39.556  -51.467  57.463 0.0000000000
33465  40.070  -51.106  57.027 0.0000000000
33472  39.957  -50.869  56.357 0.0000000000
33473  39.553  -50.882  55.812 0.0000000000
126359  38.553  -50.852  54.655 0.0000000000
146008  38.147  -51.361  54.441 0.0000000000
33485  37.781  -51.870  54.193 0.0000000000
32493  37.274  -52.683  53.791 0.0000000000
31512  37.280  -53.395  54.101 0.0000000000
32494  36.694  -52.653  53.247 0.0000000000
31528  35.454  -53.226  53.012 0.0000000000
31529  35.115  -53.334  53.036 0.0000000000
126436  31.251  -57.996  53.858 0.0000000000
28652  31.996  -57.784  53.794 0.0000000000
27779  31.020  -57.342  52.084 0.0000000000
27785  30.312  -57.454  51.908 0.0000000000
28701  31.106  -56.505  49.639 0.0000000000
28714  31.205  -56.428  48.758 0.0000000000
28715  30.862  -56.588  48.446 0.0000000000
28716  30.178  -56.446  48.301 0.0000000000
29615  28.975  -55.931  49.603 0.0000000000
128632  29.391  -56.013  48.810 0.0000000000
57682  45.631  -26.309  42.708 0.0000000000
57698  45.259  -25.954  41.941 0.0000000000
57683  44.937  -26.670  42.243 0.0000000000
56786  44.258  -27.165  41.710 0.0000000000
56805  43.638  -27.772  40.486 0.0000000000
55965  43.347  -28.336  41.225 0.0000000000
55985  43.655  -28.756  39.585 0.0000000000
33385  16.704  -51.312  62.608 0.0000000000
33398  16.599  -51.286  61.611 0.0000000000
33412  16.497  -51.285  60.752 0.0000000000
33434  16.335  -51.377  59.293 0.0000000000
33467  16.075  -51.693  57.975 0.0000000000
33459  15.790  -51.526  58.734 0.0000000000
32441  15.178  -51.787  58.236 0.0000000000
32442  14.523  -52.307  58.594 0.0000000000
60486  52.941  -23.317  45.584 0.0000000000
60487  51.886  -23.548  45.463 0.0000000000
60475  52.160  -23.723  46.142 0.0000000000
59515  51.669  -24.229  46.557 0.0000000000
58553  50.953  -24.902  46.678 0.0000000000
57630  50.205  -26.490  47.548 0.0000000000
55853  52.409  -28.249  51.395 0.0000000000
55854  51.803  -28.895  51.119 0.0000000000
54961  50.649  -29.462  50.276 0.0000000000
54099  50.725  -30.235  50.725 0.0000000000
54113  50.182  -29.967  50.129 0.0000000000
53208  48.402  -31.248  49.129 0.0000000000
53216  47.670  -31.385  48.406 0.0000000000
52250  47.428  -32.258  48.238 0.0000000000
52249  47.854  -32.896  48.722 0.0000000000
51281  47.971  -34.024  48.569 0.0000000000
50312  47.854  -34.954  48.199 0.0000000000
49324  48.257  -36.060  48.425 0.0000000000
48375  48.341  -37.132  48.854 0.0000000000
52097  49.869  -33.283  58.655 0.0000000000
50219  44.346  -35.069  55.140 0.0000000000
137202  45.317  -34.277  55.848 0.0000000000
50233  44.417  -34.563  54.594 0.0000000000
51193  44.832  -33.862  54.262 0.0000000000
51204  45.351  -33.097  53.781 0.0000000000
52173  45.963  -32.541  53.226 0.0000000000
52187  46.635  -32.515  52.650 0.0000000000
52206  46.546  -32.637  51.744 0.0000000000
51227  47.359  -33.190  51.771 0.0000000000
50266  46.922  -33.484  51.024 0.0000000000
51241  46.224  -33.107  50.358 0.0000000000
51265  45.439  -33.089  49.388 0.0000000000
51266  44.582  -32.687  49.331 0.0000000000
51283  45.147  -33.365  48.751 0.0000000000
50314  44.856  -33.724  48.126 0.0000000000
50330  44.575  -34.096  47.549 0.0000000000
50344  44.320  -34.467  47.092 0.0000000000
50345  43.731  -34.305  46.553 0.0000000000
50346  42.914  -33.712  46.071 0.0000000000
51329  42.172  -33.521  45.645 0.0000000000
51330  41.501  -33.534  45.249 0.0000000000
51341  40.923  -33.612  44.893 0.0000000000
51342  40.289  -33.756  44.946 0.0000000000
50376  39.731  -34.010  44.279 0.0000000000
46479  37.133  -38.608  46.241 0.0000000000
46496  36.645  -38.682  45.495 0.0000000000
46505  36.337  -38.324  44.692 0.0000000000
46506  35.886  -38.810  44.190 0.0000000000
46524  35.551  -38.482  43.469 0.0000000000
46539  35.214  -38.179  42.704 0.0000000000
36562  34.794  -48.830  50.192 0.0000000000
37557  34.741  -48.216  49.802 0.0000000000
36563  34.254  -48.753  49.621 0.0000000000
37564  33.583  -47.910  48.616 0.0000000000
36584  32.363  -48.453  48.618 0.0000000000
36583  32.847  -47.923  48.118 0.0000000000
37587  32.352  -47.382  47.625 0.0000000000
38575  31.018  -46.915  47.006 0.0000000000
36631  27.402  -48.197  44.486 0.0000000000
37639  27.002  -47.524  43.191 0.0000000000
38641  26.769  -46.773  42.771 0.0000000000
66977  59.671  -17.028  36.949 0.0000000000
66117  59.086  -17.341  34.510 0.0000000000
66132  57.753  -17.243  33.322 0.0000000000
65201  53.265  -18.815  33.723 0.0000000000
29581  27.816  -55.186  52.860 0.0000000000
30539  27.286  -54.595  53.384 0.0000000000
30529  27.242  -54.532  54.155 0.0000000000
29559  27.740  -54.916  55.583 0.0000000000
30519  27.220  -54.539  54.944 0.0000000000
30530  26.451  -54.225  54.675 0.0000000000
30531  25.610  -53.956  54.681 0.0000000000
30532  24.950  -53.921  55.093 0.0000000000
28615  27.338  -56.673  58.700 0.0000000000
28627  27.221  -55.996  58.074 0.0000000000
29538  26.498  -55.492  57.764 0.0000000000
138294  26.091  -56.114  58.958 0.0000000000
31491  24.258  -53.956  55.442 0.0000000000
30523  23.051  -54.015  56.050 0.0000000000
144874  22.697  -54.269  56.619 0.0000000000
31480  22.289  -53.889  56.213 0.0000000000
31481  21.532  -53.748  56.499 0.0000000000
31482  20.762  -53.627  56.851 0.0000000000
135920  36.396  -53.967  57.153 0.0000000000
30490  36.525  -54.683  56.766 0.0000000000
30508  36.555  -55.177  56.393 0.0000000000
29533  36.153  -55.484  56.669 0.0000000000
29548  35.977  -56.299  56.525 0.0000000000
28632  35.713  -57.048  56.164 0.0000000000
29535  35.013  -56.237  57.518 0.0000000000
27729  35.216  -57.567  56.619 0.0000000000
27746  35.291  -57.614  55.766 0.0000000000
26816  34.031  -58.383  55.839 0.0000000000
26824  32.409  -58.485  54.910 0.0000000000
28604  31.916  -56.094  59.105 0.0000000000
28614  32.587  -56.695  58.551 0.0000000000
26791  31.504  -58.161  58.615 0.0000000000
26790  32.038  -58.381  57.968 0.0000000000
26808  32.630  -58.656  56.307 0.0000000000
122814  32.199  -58.654  55.584 0.0000000000
123517  31.276  -58.227  54.548 0.0000000000
27760  30.569  -57.790  54.365 0.0000000000
27770  29.895  -57.442  53.746 0.0000000000
29580  28.340  -55.675  53.360 0.0000000000
127907  43.476  -31.891  43.363 0.0000000000
53299  43.131  -31.365  42.750 0.0000000000
52320  43.091  -32.230  42.643 0.0000000000
51357  42.585  -33.257  41.391 0.0000000000
51361  42.333  -33.601  40.318 0.0000000000
58493  54.917  -25.185  52.536 0.0000000000
57588  54.447  -25.990  52.437 0.0000000000
57576  54.154  -26.644  53.020 0.0000000000
56668  53.562  -27.260  52.663 0.0000000000
56656  53.467  -27.093  53.458 0.0000000000
56669  53.112  -27.903  52.905 0.0000000000
55829  52.494  -28.443  52.920 0.0000000000
55839  51.857  -29.135  52.810 0.0000000000
54944  51.735  -29.699  52.423 0.0000000000
54072  51.408  -30.577  52.518 0.0000000000
53172  51.331  -31.555  52.982 0.0000000000
49220  45.427  -35.463  58.318 0.0000000000
49229  45.048  -35.379  57.129 0.0000000000
49238  44.601  -35.723  56.377 0.0000000000
45413  44.809  -39.902  56.448 0.0000000000
45414  44.538  -39.172  56.165 0.0000000000
46370  44.338  -38.393  55.865 0.0000000000
141939  43.946  -39.197  54.989 0.0000000000
47329  44.460  -37.736  56.311 0.0000000000
48304  44.095  -36.545  55.510 0.0000000000
49246  44.338  -35.707  55.654 0.0000000000
49252  43.990  -35.783  55.125 0.0000000000
49272  43.019  -35.614  52.953 0.0000000000
48323  42.619  -36.529  52.636 0.0000000000
49273  42.497  -35.752  52.188 0.0000000000
49281  42.039  -35.801  51.528 0.0000000000
49292  41.412  -35.475  50.364 0.0000000000
49308  41.147  -35.018  49.640 0.0000000000
49293  40.835  -35.871  49.915 0.0000000000
48355  40.349  -36.304  49.441 0.0000000000
48356  39.789  -36.780  49.033 0.0000000000
46437  39.010  -37.965  48.705 0.0000000000
46461  38.104  -38.571  47.751 0.0000000000
44596  40.404  -40.190  50.932 0.0000000000
131410  39.859  -40.080  50.446 0.0000000000
129201  38.829  -39.932  49.327 0.0000000000
44609  38.633  -40.730  49.509 0.0000000000
45505  38.115  -39.304  48.316 0.0000000000
45550  37.128  -39.333  46.712 0.0000000000
44655  36.614  -40.083  46.342 0.0000000000
44669  36.093  -40.476  45.546 0.0000000000
43650  35.164  -41.202  44.864 0.0000000000
33556  29.063  -51.308  49.076 0.0000000000
34532  28.780  -50.316  49.120 0.0000000000
34541  28.835  -50.743  48.324 0.0000000000
34569  28.611  -50.209  46.555 0.0000000000
147101  29.964  -51.560  45.878 0.0000000000
127940  28.537  -49.874  44.838 0.0000000000
35598  28.497  -49.651  44.047 0.0000000000
126692  30.704  -52.911  43.618 0.0000000000
127679  30.473  -52.089  43.686 0.0000000000
33655  30.190  -51.574  43.296 0.0000000000
33673  30.292  -51.843  42.348 0.0000000000
34607  29.613  -50.891  43.745 0.0000000000
35606  28.491  -49.526  43.082 0.0000000000
66068  57.233  -16.810  38.134 0.0000000000
142630  56.454  -17.178  38.106 0.0000000000
66071  54.892  -17.658  37.347 0.0000000000
66112  53.680  -17.956  35.111 0.0000000000
64256  52.756  -19.146  37.752 0.0000000000
65175  52.730  -18.854  36.772 0.0000000000
64261  51.603  -19.778  36.387 0.0000000000
65183  52.782  -18.671  35.852 0.0000000000
31533  25.979  -53.646  52.515 0.0000000000
32551  24.382  -52.175  49.968 0.0000000000
33512  23.145  -51.724  51.766 0.0000000000
32523  23.852  -52.135  51.293 0.0000000000
32536  23.795  -51.916  50.418 0.0000000000
32552  23.774  -51.624  49.616 0.0000000000
35456  40.961  -49.146  57.369 0.0000000000
38422  42.082  -46.424  57.723 0.0000000000
38421  42.601  -45.882  57.703 0.0000000000
130598  43.380  -46.042  57.309 0.0000000000
38444  43.680  -46.446  56.843 0.0000000000
38476  43.658  -46.570  55.586 0.0000000000
37492  42.716  -47.656  55.853 0.0000000000
37501  42.681  -47.167  55.241 0.0000000000
126975  43.305  -46.444  55.030 0.0000000000
38499  42.202  -46.039  54.289 0.0000000000
39473  40.662  -45.802  53.659 0.0000000000
143199  40.041  -45.383  53.283 0.0000000000
38501  39.693  -46.102  53.462 0.0000000000
38520  38.301  -46.530  52.759 0.0000000000
37523  38.886  -47.475  53.613 0.0000000000
37539  38.393  -47.134  53.125 0.0000000000
37540  37.733  -47.241  52.633 0.0000000000
37541  37.036  -47.862  52.366 0.0000000000
36556  35.905  -48.715  51.518 0.0000000000
34497  37.638  -50.059  53.696 0.0000000000
34501  36.928  -50.113  53.062 0.0000000000
33506  36.495  -51.057  52.853 0.0000000000
35521  36.040  -49.457  52.007 0.0000000000
36557  35.360  -48.812  50.827 0.0000000000
35528  34.797  -49.531  50.717 0.0000000000
35530  33.700  -49.832  50.163 0.0000000000
34518  33.145  -50.038  50.394 0.0000000000
33542  33.201  -50.485  50.988 0.0000000000
34531  32.533  -49.774  50.227 0.0000000000
142991  29.505  -50.660  50.498 0.0000000000
29557  36.319  -55.907  55.436 0.0000000000
29556  36.266  -55.806  54.874 0.0000000000
29564  35.963  -55.902  54.454 0.0000000000
29565  35.389  -56.196  54.324 0.0000000000
29576  35.661  -55.392  53.974 0.0000000000
30536  35.246  -54.788  53.631 0.0000000000
137654  34.635  -53.972  53.386 0.0000000000
32495  33.669  -53.375  53.394 0.0000000000
28660  32.290  -56.971  53.862 0.0000000000
136353  31.418  -55.458  53.147 0.0000000000
131072  32.564  -54.391  54.017 0.0000000000
31517  32.838  -53.720  53.780 0.0000000000
32496  32.661  -53.057  53.473 0.0000000000
32508  32.266  -52.312  53.099 0.0000000000
138065  30.073  -53.361  51.472 0.0000000000
32521  30.036  -52.360  51.761 0.0000000000
33526  30.259  -51.525  51.706 0.0000000000
33543  29.720  -51.203  51.008 0.0000000000
32579  30.205  -52.443  47.672 0.0000000000
122710  30.976  -53.513  47.718 0.0000000000
32578  30.911  -53.034  47.030 0.0000000000
32599  31.117  -53.199  46.410 0.0000000000
30643  30.923  -54.252  44.915 0.0000000000
28722  31.252  -56.310  47.898 0.0000000000
29647  31.399  -55.927  46.716 0.0000000000
140617  30.456  -56.072  46.455 0.0000000000
29648  30.984  -55.989  46.241 0.0000000000
29657  31.343  -55.489  46.210 0.0000000000
30644  30.523  -54.321  44.588 0.0000000000
30646  29.314  -54.339  43.880 0.0000000000
31642  28.688  -54.118  44.245 0.0000000000
137696  28.692  -54.306  43.400 0.0000000000
61441  48.800  -22.571  41.454 0.0000000000
61453  48.644  -22.392  40.545 0.0000000000
60558  47.148  -23.045  39.639 0.0000000000
60559  46.561  -23.582  39.175 0.0000000000
58625  45.033  -25.675  41.249 0.0000000000
58643  44.817  -25.829  40.553 0.0000000000
58661  44.818  -26.074  39.770 0.0000000000
56820  44.710  -27.202  39.161 0.0000000000
57727  45.036  -26.505  39.138 0.0000000000
128388  45.325  -25.766  39.197 0.0000000000
57741  45.676  -26.316  38.647 0.0000000000
53316  42.561  -31.235  41.505 0.0000000000
53330  42.430  -31.377  40.732 0.0000000000
53345  42.517  -31.388  39.912 0.0000000000
141540  42.993  -31.991  38.974 0.0000000000
29479  25.805  -55.335  63.925 0.0000000000
134953  24.770  -56.571  62.257 0.0000000000
28579  24.431  -56.363  61.894 0.0000000000
28590  24.166  -56.096  61.650 0.0000000000
29472  23.242  -55.001  63.894 0.0000000000
28591  23.511  -55.800  61.876 0.0000000000
131232  23.845  -55.916  61.400 0.0000000000
28600  23.426  -55.794  61.121 0.0000000000
29517  22.479  -55.429  60.064 0.0000000000
29529  21.924  -55.000  59.247 0.0000000000
29518  21.482  -55.022  60.067 0.0000000000
30482  21.453  -54.584  58.608 0.0000000000
30499  20.970  -54.165  58.048 0.0000000000
146689  20.618  -53.847  57.535 0.0000000000
31470  20.015  -53.550  57.327 0.0000000000
31428  20.403  -53.247  63.548 0.0000000000
31435  20.241  -53.548  62.058 0.0000000000
30445  20.425  -53.957  61.560 0.0000000000
31446  19.188  -52.980  59.904 0.0000000000
135260  19.528  -53.449  59.813 0.0000000000
31451  19.624  -53.660  59.427 0.0000000000
31496  19.495  -52.724  56.155 0.0000000000
32487  18.453  -51.672  54.990 0.0000000000
125652  18.030  -52.159  55.779 0.0000000000
66037  58.503  -17.096  39.526 0.0000000000
66038  57.550  -17.368  39.623 0.0000000000
66039  56.730  -17.745  39.873 0.0000000000
65135  57.171  -18.192  41.091 0.0000000000
147585  56.744  -18.086  40.533 0.0000000000
65142  55.488  -18.444  39.847 0.0000000000
64230  54.540  -19.674  40.242 0.0000000000
65094  58.184  -18.467  43.668 0.0000000000
65109  56.227  -18.908  42.748 0.0000000000
64199  56.205  -18.953  41.938 0.0000000000
64231  53.840  -19.888  39.812 0.0000000000
63317  53.213  -20.327  39.877 0.0000000000
63305  52.073  -20.919  40.052 0.0000000000
62382  53.180  -21.041  40.998 0.0000000000
61440  50.333  -21.949  41.144 0.0000000000
62359  52.726  -21.839  42.430 0.0000000000
61413  52.804  -22.200  43.214 0.0000000000
61424  52.208  -22.225  42.653 0.0000000000
62360  52.009  -21.928  42.010 0.0000000000
60532  48.176  -23.057  42.026 0.0000000000
60519  49.350  -23.219  43.134 0.0000000000
60520  48.504  -23.469  42.899 0.0000000000
59565  47.559  -23.822  42.544 0.0000000000
58603  46.653  -25.146  42.847 0.0000000000
58573  48.985  -24.935  44.833 0.0000000000
58586  47.194  -25.487  43.582 0.0000000000
57681  46.388  -26.031  43.280 0.0000000000
57664  45.845  -26.739  43.355 0.0000000000
56747  45.423  -27.376  43.380 0.0000000000
56731  46.319  -27.416  44.298 0.0000000000
56732  45.690  -27.809  43.986 0.0000000000
55929  44.994  -28.117  43.504 0.0000000000
55914  44.678  -28.931  43.744 0.0000000000
55043  44.404  -29.797  43.970 0.0000000000
54210  43.858  -30.548  43.710 0.0000000000
59471  54.992  -23.998  49.875 0.0000000000
59472  54.267  -24.464  49.509 0.0000000000
58528  52.837  -25.575  49.566 0.0000000000
56694  51.495  -27.596  49.874 0.0000000000
55864  49.917  -28.889  49.316 0.0000000000
55869  50.184  -28.382  49.188 0.0000000000
56708  49.830  -27.236  47.863 0.0000000000
55885  48.464  -27.772  46.936 0.0000000000
55886  47.758  -28.036  46.387 0.0000000000
55887  47.078  -28.683  46.091 0.0000000000
55010  47.046  -29.437  46.616 0.0000000000
55011  46.344  -29.473  45.854 0.0000000000
146924  45.392  -29.609  44.816 0.0000000000
53284  43.915  -31.453  44.061 0.0000000000
52309  43.859  -32.393  43.895 0.0000000000
130203  44.773  -32.381  44.929 0.0000000000
50356  46.005  -34.355  45.899 0.0000000000
145797  45.924  -34.861  45.637 0.0000000000
50357  45.603  -34.489  45.369 0.0000000000
49378  45.198  -35.489  44.598 0.0000000000
54055  50.501  -30.413  54.004 0.0000000000
54054  51.051  -31.097  53.753 0.0000000000
53154  51.540  -32.222  53.676 0.0000000000
52184  51.507  -32.595  53.124 0.0000000000
51132  49.638  -33.748  58.418 0.0000000000
51131  50.275  -33.824  58.158 0.0000000000
51157  47.723  -33.384  56.705 0.0000000000
51175  47.751  -32.953  55.743 0.0000000000
51156  48.841  -33.762  57.226 0.0000000000
50204  49.784  -34.100  57.622 0.0000000000
50187  50.417  -34.093  57.503 0.0000000000
51144  51.005  -33.586  57.616 0.0000000000
51154  50.953  -34.102  57.001 0.0000000000
51153  51.288  -34.247  56.315 0.0000000000
51172  51.766  -34.282  55.500 0.0000000000
50230  50.756  -35.017  55.020 0.0000000000
50229  51.429  -34.830  54.914 0.0000000000
147586  52.099  -33.926  55.055 0.0000000000
51200  52.075  -34.089  53.950 0.0000000000
128639  51.683  -33.678  53.163 0.0000000000
130673  50.258  -34.587  51.133 0.0000000000
50276  49.920  -35.371  50.735 0.0000000000
48340  49.938  -36.507  51.634 0.0000000000
49287  50.141  -36.005  51.071 0.0000000000
49288  49.517  -36.279  50.524 0.0000000000
49306  49.090  -36.335  49.817 0.0000000000
48374  48.650  -37.156  49.631 0.0000000000
50277  47.346  -34.957  50.930 0.0000000000
48342  47.675  -37.070  50.322 0.0000000000
136898  46.996  -36.534  49.946 0.0000000000
48353  48.034  -37.598  49.836 0.0000000000
135592  47.675  -37.797  48.390 0.0000000000
46457  47.254  -38.461  47.806 0.0000000000
46436  46.491  -38.681  48.193 0.0000000000
49365  43.348  -35.808  45.770 0.0000000000
48421  42.810  -36.894  45.220 0.0000000000
49379  42.165  -35.462  44.506 0.0000000000
48436  42.294  -36.640  44.567 0.0000000000
49327  40.373  -35.107  48.449 0.0000000000
49342  40.215  -34.715  47.670 0.0000000000
48391  39.278  -36.006  47.523 0.0000000000
49343  39.637  -35.117  47.228 0.0000000000
50334  39.606  -34.500  46.343 0.0000000000
50360  39.411  -34.234  45.296 0.0000000000
50361  38.839  -34.390  44.468 0.0000000000
47442  37.283  -37.294  45.565 0.0000000000
48423  37.467  -36.459  45.216 0.0000000000
48439  36.654  -36.724  44.063 0.0000000000
48438  37.167  -36.177  44.440 0.0000000000
49369  37.628  -35.744  44.813 0.0000000000
49368  38.077  -35.023  44.682 0.0000000000
39485  39.365  -45.398  52.952 0.0000000000
40467  39.066  -44.811  52.503 0.0000000000
40479  38.033  -44.659  51.440 0.0000000000
39506  37.703  -45.535  51.662 0.0000000000
124843  37.500  -45.021  51.029 0.0000000000
40496  37.646  -44.349  50.746 0.0000000000
40515  37.274  -44.136  50.060 0.0000000000
40527  36.472  -44.048  48.982 0.0000000000
37563  35.003  -47.532  49.685 0.0000000000
38550  35.247  -46.779  49.482 0.0000000000
39530  35.428  -46.037  49.211 0.0000000000
39529  36.018  -45.581  49.539 0.0000000000
39538  36.195  -44.862  49.221 0.0000000000
40528  35.785  -44.543  48.479 0.0000000000
40539  36.123  -43.810  48.309 0.0000000000
41525  35.602  -43.399  47.137 0.0000000000
40552  34.383  -44.209  46.713 0.0000000000
41536  34.398  -43.514  46.282 0.0000000000
42567  34.777  -42.896  46.102 0.0000000000
142629  33.898  -42.541  45.285 0.0000000000
42605  33.466  -42.282  44.848 0.0000000000
43653  32.837  -41.878  44.329 0.0000000000
34533  28.758  -49.602  49.079 0.0000000000
35554  29.029  -48.977  49.164 0.0000000000
36594  28.176  -48.463  47.731 0.0000000000
36593  28.788  -47.855  48.004 0.0000000000
37589  30.439  -47.355  47.624 0.0000000000
37599  30.036  -46.863  47.031 0.0000000000
38586  30.649  -46.469  46.441 0.0000000000
38588  28.033  -46.760  45.994 0.0000000000
38587  28.811  -46.553  46.284 0.0000000000
38604  30.319  -46.038  45.851 0.0000000000
39564  31.238  -45.863  46.035 0.0000000000
39584  31.344  -45.115  45.584 0.0000000000
41553  31.791  -43.985  45.207 0.0000000000
40593  30.551  -44.217  44.610 0.0000000000
41566  31.917  -43.171  44.770 0.0000000000
42606  32.034  -42.410  44.359 0.0000000000
66963  56.983  -16.593  36.755 0.0000000000
66995  56.566  -16.590  35.213 0.0000000000
67013  57.303  -16.620  34.589 0.0000000000
65200  54.125  -18.265  33.516 0.0000000000
131841  48.553  -22.227  39.614 0.0000000000
133039  48.306  -22.236  38.690 0.0000000000
61473  48.163  -22.288  37.841 0.0000000000
26772  26.591  -58.091  60.562 0.0000000000
26792  30.676  -58.437  58.577 0.0000000000
26794  27.840  -58.054  59.094 0.0000000000
26800  31.384  -58.444  57.863 0.0000000000
26807  33.415  -58.570  56.272 0.0000000000
27706  28.150  -58.442  60.522 0.0000000000
27739  34.740  -58.106  56.233 0.0000000000
28589  24.874  -56.526  61.260 0.0000000000
28616  26.818  -56.523  59.020 0.0000000000
28624  34.751  -57.126  57.403 0.0000000000
28640  35.668  -56.999  55.403 0.0000000000
28650  33.996  -57.156  54.684 0.0000000000
29540  24.614  -55.247  58.065 0.0000000000
30484  20.006  -53.903  58.927 0.0000000000
30547  30.703  -54.327  52.567 0.0000000000
31531  31.292  -53.533  53.392 0.0000000000
32458  39.201  -51.498  56.150 0.0000000000
32518  34.971  -52.109  52.423 0.0000000000
33457  17.592  -52.152  58.477 0.0000000000
33521  34.827  -51.466  52.056 0.0000000000
34476  40.515  -50.564  57.446 0.0000000000
35438  40.023  -49.373  58.441 0.0000000000
35470  40.898  -49.348  56.966 0.0000000000
35497  40.596  -49.409  55.711 0.0000000000
35512  39.569  -49.307  54.793 0.0000000000
36485  41.652  -48.485  56.930 0.0000000000
36499  42.308  -48.110  56.247 0.0000000000
36515  40.946  -48.785  55.556 0.0000000000
36529  42.220  -47.752  55.444 0.0000000000
37491  43.172  -47.058  55.556 0.0000000000
38463  43.749  -46.611  56.202 0.0000000000
38486  44.038  -45.800  55.034 0.0000000000
38500  41.363  -46.270  54.140 0.0000000000
38536  37.127  -46.287  51.469 0.0000000000
39388  44.104  -44.833  57.271 0.0000000000
39391  41.647  -45.802  58.407 0.0000000000
39459  44.238  -45.203  54.596 0.0000000000
39471  42.553  -45.369  53.958 0.0000000000
40396  44.790  -44.182  55.891 0.0000000000
40397  44.651  -44.524  56.257 0.0000000000
40433  44.749  -43.745  54.890 0.0000000000
40450  44.270  -44.317  54.203 0.0000000000
40451  43.740  -44.465  53.901 0.0000000000
40576  30.764  -44.891  45.089 0.0000000000
40592  31.159  -44.293  44.940 0.0000000000
41383  44.995  -43.407  56.630 0.0000000000
41406  44.912  -43.738  55.542 0.0000000000
42394  44.839  -42.575  57.547 0.0000000000
42407  45.184  -42.788  56.921 0.0000000000
42419  45.209  -42.987  56.391 0.0000000000
42431  45.187  -43.014  55.761 0.0000000000
42446  44.726  -43.065  54.591 0.0000000000
42620  32.105  -41.820  43.997 0.0000000000
43476  45.232  -41.644  56.247 0.0000000000
43488  44.853  -41.599  55.554 0.0000000000
43499  44.342  -42.179  54.451 0.0000000000
44552  43.621  -40.643  54.034 0.0000000000
44579  40.403  -40.808  51.221 0.0000000000
45430  43.644  -39.279  54.446 0.0000000000
45459  41.638  -39.164  51.791 0.0000000000
48330  49.560  -36.601  51.686 0.0000000000
48341  49.416  -36.781  51.055 0.0000000000
49251  50.482  -35.433  54.242 0.0000000000
49261  50.746  -35.644  53.819 0.0000000000
49271  49.308  -36.063  52.535 0.0000000000
49278  50.431  -35.996  51.793 0.0000000000
50232  44.990  -34.237  55.111 0.0000000000
50250  51.321  -35.229  53.247 0.0000000000
50251  51.173  -34.935  52.589 0.0000000000
51143  51.375  -33.672  56.734 0.0000000000
51187  51.973  -34.349  54.708 0.0000000000
51188  49.712  -34.408  54.888 0.0000000000
51214  51.101  -34.019  52.372 0.0000000000
51216  47.870  -33.191  52.391 0.0000000000
51229  43.604  -33.406  51.404 0.0000000000
51242  45.680  -32.876  49.945 0.0000000000
51300  46.617  -33.734  46.949 0.0000000000
52077  50.050  -32.210  58.830 0.0000000000
52141  47.081  -32.731  55.249 0.0000000000
52158  52.112  -33.574  54.549 0.0000000000
52207  45.638  -32.550  51.443 0.0000000000
52321  42.723  -32.452  41.878 0.0000000000
52347  42.620  -32.056  39.484 0.0000000000
53097  51.360  -32.074  56.158 0.0000000000
53300  42.749  -31.661  42.069 0.0000000000
54084  50.976  -30.748  51.307 0.0000000000
54115  48.917  -30.329  49.177 0.0000000000
54250  42.557  -30.670  40.270 0.0000000000
55042  45.005  -30.021  44.651 0.0000000000
55060  43.790  -29.870  43.342 0.0000000000
55096  42.699  -29.658  41.235 0.0000000000
56695  50.728  -27.994  49.419 0.0000000000
59459  55.333  -23.406  51.193 0.0000000000
61477  47.731  -22.721  37.636 0.0000000000
126608  37.545  -53.392  57.234 0.0000000000
129242  45.205  -42.009  57.338 0.0000000000
129669  36.974  -43.909  49.515 0.0000000000
129889  44.601  -31.498  44.710 0.0000000000
132164  43.880  -29.380  39.232 0.0000000000
133779  43.826  -42.071  54.000 0.0000000000
134092  22.937  -52.277  53.807 0.0000000000
134148  31.812  -44.612  45.594 0.0000000000
134430  42.518  -31.875  41.386 0.0000000000
135019  34.974  -50.878  51.716 0.0000000000
136135  44.549  -44.394  56.820 0.0000000000
137338  20.528  -53.622  62.854 0.0000000000
138442  44.379  -45.370  55.485 0.0000000000
141719  21.204  -54.429  62.513 0.0000000000
142454  30.007  -44.354  44.462 0.0000000000
142568  33.072  -48.409  48.686 0.0000000000
144386  44.354  -36.201  55.963 0.0000000000
144751  51.646  -32.571  55.708 0.0000000000
144948  29.516  -58.618  59.768 0.0000000000
144959  42.107  -37.764  52.101 0.0000000000
145086  31.455  -54.059  53.620 0.0000000000
145442  23.421  -54.887  57.737 0.0000000000
146182  31.756  -58.603  55.683 0.0000000000
147164  30.139  -52.917  49.116 0.0000000000
147169  51.678  -33.783  56.052 0.0000000000
147355  51.295  -31.528  53.519 0.0000000000
