#!ascii label  , from subject sub-v1s13x0050028_ses-1 vox2ras=TkReg
400
77530  -29.857  -12.198  -23.412 0.0000000000
80217  -27.910  -9.549  -27.881 0.0000000000
91642  -27.023  2.937  -28.577 0.0000000000
89133  -29.894  -0.176  -30.280 0.0000000000
85637  -30.514  -3.479  -26.570 0.0000000000
81992  -31.950  -6.862  -23.096 0.0000000000
92490  -25.422  4.229  -26.989 0.0000000000
87395  -30.583  -1.992  -28.978 0.0000000000
83971  -29.960  -5.750  -30.134 0.0000000000
78442  -29.179  -11.191  -25.611 0.0000000000
81998  -30.022  -8.116  -25.207 0.0000000000
138284  -30.713  -8.984  -23.230 0.0000000000
72983  -26.562  -17.054  -22.564 0.0000000000
76637  -27.327  -13.169  -25.180 0.0000000000
98258  -23.866  11.146  -26.552 0.0000000000
96789  -24.810  9.499  -27.568 0.0000000000
95130  -25.566  7.127  -30.041 0.0000000000
93373  -26.425  4.901  -31.249 0.0000000000
92529  -28.681  4.247  -31.270 0.0000000000
89130  -28.089  0.976  -30.790 0.0000000000
91643  -29.532  3.442  -28.900 0.0000000000
89970  -30.139  1.478  -27.382 0.0000000000
88234  -31.103  -0.287  -25.012 0.0000000000
86453  -32.222  -2.099  -23.734 0.0000000000
151480  -30.020  -6.821  -28.077 0.0000000000
141496  -30.945  -4.648  -24.766 0.0000000000
84825  -29.102  -4.451  -31.104 0.0000000000
84815  -27.300  -4.577  -29.046 0.0000000000
78431  -29.330  -11.753  -24.927 0.0000000000
80193  -29.819  -9.847  -24.715 0.0000000000
79319  -30.152  -10.655  -23.463 0.0000000000
70147  -27.433  -20.454  -19.299 0.0000000000
71112  -27.718  -19.662  -19.598 0.0000000000
72070  -27.698  -18.357  -20.565 0.0000000000
77548  -26.870  -12.172  -25.575 0.0000000000
76629  -25.830  -13.230  -24.532 0.0000000000
96001  -25.401  8.386  -28.637 0.0000000000
91632  -25.945  3.576  -27.532 0.0000000000
93356  -26.600  5.429  -28.462 0.0000000000
145254  -26.943  4.292  -29.909 0.0000000000
93383  -27.226  4.795  -31.893 0.0000000000
91659  -27.614  3.054  -30.622 0.0000000000
89131  -28.501  0.251  -30.933 0.0000000000
90827  -29.042  2.424  -30.675 0.0000000000
89981  -29.752  1.842  -29.340 0.0000000000
90804  -29.877  2.206  -27.725 0.0000000000
130076  -30.173  0.754  -28.953 0.0000000000
86508  -30.491  -2.284  -27.634 0.0000000000
87380  -30.485  -0.800  -27.179 0.0000000000
86484  -30.765  -1.948  -25.597 0.0000000000
87349  -31.325  -1.038  -24.666 0.0000000000
86470  -31.074  -2.436  -24.833 0.0000000000
81112  -27.870  -8.810  -28.105 0.0000000000
82035  -29.070  -7.358  -28.580 0.0000000000
82030  -29.464  -7.904  -28.082 0.0000000000
82954  -30.933  -6.871  -24.105 0.0000000000
82967  -30.548  -6.593  -24.807 0.0000000000
83914  -31.662  -5.693  -23.785 0.0000000000
84760  -32.660  -4.683  -23.393 0.0000000000
83916  -33.163  -5.382  -23.073 0.0000000000
73891  -27.693  -17.023  -22.118 0.0000000000
73908  -27.097  -16.188  -23.333 0.0000000000
73903  -28.051  -16.390  -22.560 0.0000000000
75725  -28.605  -14.953  -23.252 0.0000000000
87401  -28.432  -1.831  -31.130 0.0000000000
88272  -30.221  -0.985  -30.283 0.0000000000
85663  -30.710  -3.286  -31.489 0.0000000000
85660  -31.197  -3.786  -30.241 0.0000000000
137781  -30.589  -4.069  -28.160 0.0000000000
79345  -29.088  -10.001  -26.775 0.0000000000
81106  -29.679  -8.625  -26.963 0.0000000000
80202  -29.572  -9.753  -25.874 0.0000000000
81089  -30.253  -8.297  -24.289 0.0000000000
81991  -31.481  -7.521  -23.214 0.0000000000
72958  -27.665  -17.826  -21.089 0.0000000000
134418  -27.203  -10.147  -27.318 0.0000000000
78450  -27.710  -11.248  -26.439 0.0000000000
77550  -28.442  -12.497  -25.440 0.0000000000
76633  -29.109  -13.056  -24.364 0.0000000000
99027  -23.383  12.477  -27.598 0.0000000000
96784  -23.561  9.771  -25.696 0.0000000000
97518  -24.423  10.074  -27.016 0.0000000000
96802  -24.510  9.749  -29.684 0.0000000000
95139  -24.992  7.827  -30.638 0.0000000000
95140  -25.275  7.022  -31.150 0.0000000000
94209  -26.338  6.346  -28.199 0.0000000000
94234  -26.010  6.329  -30.011 0.0000000000
94262  -26.262  6.621  -32.222 0.0000000000
94256  -27.589  6.618  -31.524 0.0000000000
94235  -28.570  6.574  -30.164 0.0000000000
132991  -29.040  6.138  -29.557 0.0000000000
90821  -27.663  2.123  -29.954 0.0000000000
90831  -28.083  2.634  -31.125 0.0000000000
132416  -29.285  3.825  -30.269 0.0000000000
93346  -29.507  5.433  -28.102 0.0000000000
92492  -29.649  4.648  -27.532 0.0000000000
143597  -30.661  2.573  -25.467 0.0000000000
89116  -30.351  0.174  -27.841 0.0000000000
89090  -30.591  0.546  -26.176 0.0000000000
83005  -28.303  -6.581  -28.868 0.0000000000
83965  -29.724  -6.118  -29.353 0.0000000000
84795  -30.458  -4.797  -27.582 0.0000000000
82979  -30.184  -7.193  -26.430 0.0000000000
83939  -30.367  -5.503  -25.951 0.0000000000
146108  -30.694  -4.100  -25.348 0.0000000000
153807  -31.767  -3.702  -24.078 0.0000000000
142662  -32.780  -2.776  -23.429 0.0000000000
75745  -27.855  -14.603  -24.511 0.0000000000
76623  -28.853  -13.865  -24.026 0.0000000000
142804  -29.302  -13.795  -23.166 0.0000000000
130614  -29.473  -12.294  -24.257 0.0000000000
78422  -29.775  -11.443  -24.041 0.0000000000
77531  -30.244  -11.444  -23.036 0.0000000000
71111  -26.756  -20.006  -19.950 0.0000000000
90803  -26.342  3.003  -28.026 0.0000000000
91641  -26.740  3.766  -28.221 0.0000000000
91651  -27.180  3.689  -29.136 0.0000000000
91658  -27.269  3.634  -30.298 0.0000000000
91652  -27.444  2.905  -29.519 0.0000000000
88270  -28.689  -0.801  -30.927 0.0000000000
88269  -27.966  -0.352  -30.615 0.0000000000
89132  -29.178  0.038  -30.717 0.0000000000
89135  -28.835  0.958  -30.776 0.0000000000
89128  -29.545  0.776  -30.272 0.0000000000
89982  -29.991  1.370  -28.760 0.0000000000
89129  -30.116  0.349  -29.617 0.0000000000
85647  -30.497  -3.286  -27.492 0.0000000000
86499  -30.572  -2.066  -26.539 0.0000000000
148842  -30.481  -2.775  -26.804 0.0000000000
135081  -30.594  -2.804  -25.956 0.0000000000
82029  -28.651  -8.198  -28.302 0.0000000000
81113  -28.566  -8.993  -27.939 0.0000000000
133385  -31.327  -7.061  -23.565 0.0000000000
82955  -31.494  -6.429  -23.678 0.0000000000
154724  -32.018  -6.117  -23.326 0.0000000000
83915  -32.341  -5.487  -23.369 0.0000000000
82956  -32.738  -6.234  -22.949 0.0000000000
82957  -33.767  -6.080  -22.920 0.0000000000
86522  -28.214  -2.621  -31.271 0.0000000000
86523  -30.148  -2.556  -31.330 0.0000000000
85662  -29.059  -3.085  -31.606 0.0000000000
84822  -29.727  -5.343  -30.808 0.0000000000
84827  -30.927  -4.202  -31.364 0.0000000000
84823  -30.733  -5.135  -30.768 0.0000000000
142615  -30.728  -4.167  -29.242 0.0000000000
84816  -31.039  -4.786  -30.099 0.0000000000
79335  -29.111  -10.547  -26.224 0.0000000000
80184  -30.015  -10.001  -23.851 0.0000000000
80194  -30.173  -9.180  -23.909 0.0000000000
81081  -30.588  -8.471  -23.598 0.0000000000
81082  -31.264  -8.312  -23.053 0.0000000000
80186  -31.254  -9.233  -22.765 0.0000000000
69145  -26.602  -20.885  -19.495 0.0000000000
69122  -26.251  -21.780  -19.027 0.0000000000
72087  -27.194  -18.191  -21.225 0.0000000000
72959  -28.257  -17.680  -20.726 0.0000000000
79343  -27.616  -10.620  -26.976 0.0000000000
77549  -27.719  -12.444  -25.611 0.0000000000
76638  -28.149  -13.155  -25.238 0.0000000000
77540  -29.032  -12.440  -24.968 0.0000000000
98245  -23.579  11.311  -25.788 0.0000000000
99005  -23.524  11.999  -26.585 0.0000000000
98264  -23.836  11.595  -27.303 0.0000000000
96785  -24.341  9.017  -26.642 0.0000000000
97522  -24.562  10.471  -27.949 0.0000000000
96796  -24.832  9.687  -28.524 0.0000000000
97526  -24.469  10.378  -28.906 0.0000000000
95123  -25.744  7.630  -28.684 0.0000000000
96012  -25.303  8.141  -29.539 0.0000000000
147041  -25.883  5.131  -26.935 0.0000000000
93364  -26.662  5.078  -29.615 0.0000000000
94223  -26.400  5.942  -29.296 0.0000000000
93372  -26.242  5.532  -30.568 0.0000000000
94245  -25.713  6.289  -30.883 0.0000000000
93381  -26.129  5.713  -31.369 0.0000000000
94263  -27.024  6.510  -32.054 0.0000000000
152469  -26.897  5.300  -31.997 0.0000000000
131758  -28.112  4.512  -31.677 0.0000000000
93384  -27.992  5.187  -31.683 0.0000000000
93374  -28.738  5.056  -31.167 0.0000000000
94247  -28.743  5.735  -30.479 0.0000000000
93365  -29.091  5.197  -30.235 0.0000000000
146456  -27.870  0.346  -30.395 0.0000000000
89127  -27.357  0.343  -29.485 0.0000000000
89989  -27.855  1.276  -30.338 0.0000000000
90826  -27.901  2.386  -30.806 0.0000000000
89991  -28.077  1.728  -30.911 0.0000000000
91653  -29.455  3.207  -29.773 0.0000000000
140006  -29.225  3.103  -30.533 0.0000000000
149244  -29.405  3.883  -29.519 0.0000000000
92503  -29.445  4.417  -28.721 0.0000000000
91633  -29.624  3.700  -27.949 0.0000000000
90788  -30.154  2.304  -26.790 0.0000000000
138927  -30.065  3.201  -26.608 0.0000000000
134459  -30.362  2.881  -26.007 0.0000000000
90773  -30.524  2.051  -25.946 0.0000000000
87399  -30.613  -1.673  -30.015 0.0000000000
141000  -30.470  -0.964  -28.913 0.0000000000
88233  -30.730  -0.261  -25.784 0.0000000000
88250  -30.551  -0.192  -26.639 0.0000000000
89091  -30.898  0.490  -25.348 0.0000000000
89949  -31.128  1.234  -24.892 0.0000000000
89069  -31.379  0.446  -24.622 0.0000000000
86471  -31.521  -1.814  -24.391 0.0000000000
86454  -33.206  -2.043  -23.223 0.0000000000
83956  -27.324  -6.066  -28.390 0.0000000000
82998  -29.637  -7.113  -28.340 0.0000000000
83007  -29.378  -6.708  -28.790 0.0000000000
83008  -29.962  -6.453  -28.561 0.0000000000
83957  -30.338  -5.719  -28.143 0.0000000000
83948  -30.357  -5.527  -27.020 0.0000000000
82007  -29.959  -7.991  -26.189 0.0000000000
82019  -29.916  -7.938  -27.196 0.0000000000
83928  -30.652  -5.594  -24.993 0.0000000000
82980  -30.347  -6.401  -25.662 0.0000000000
147369  -30.564  -4.841  -25.428 0.0000000000
142867  -31.001  -3.886  -24.779 0.0000000000
134904  -31.501  -4.189  -24.319 0.0000000000
84761  -33.658  -4.566  -23.174 0.0000000000
135578  -32.947  -3.692  -23.348 0.0000000000
85600  -34.025  -3.669  -23.221 0.0000000000
75736  -28.446  -14.626  -24.048 0.0000000000
75737  -28.861  -14.342  -23.444 0.0000000000
84824  -28.079  -4.048  -30.546 0.0000000000
84821  -28.543  -4.884  -30.355 0.0000000000
83970  -29.153  -5.709  -30.063 0.0000000000
79328  -29.510  -10.516  -25.292 0.0000000000
79318  -29.777  -10.598  -24.356 0.0000000000
80185  -30.520  -9.791  -23.112 0.0000000000
79309  -30.786  -10.699  -22.665 0.0000000000
69146  -27.230  -21.246  -18.943 0.0000000000
72069  -26.835  -18.727  -20.978 0.0000000000
71131  -27.259  -19.187  -20.275 0.0000000000
72052  -28.135  -18.886  -19.822 0.0000000000
78439  -26.555  -11.258  -25.973 0.0000000000
77547  -26.049  -11.804  -25.472 0.0000000000
77538  -26.369  -12.727  -25.068 0.0000000000
97508  -23.749  10.510  -26.011 0.0000000000
95989  -25.036  8.602  -27.343 0.0000000000
96790  -25.204  8.924  -28.122 0.0000000000
95990  -25.487  8.165  -27.898 0.0000000000
95113  -25.763  7.511  -27.746 0.0000000000
149409  -26.103  7.074  -28.086 0.0000000000
92491  -26.435  4.661  -27.667 0.0000000000
92502  -26.860  4.523  -28.791 0.0000000000
154693  -26.528  4.744  -30.633 0.0000000000
92526  -26.837  4.403  -31.490 0.0000000000
92510  -26.714  4.201  -30.978 0.0000000000
92519  -27.176  3.728  -31.153 0.0000000000
92528  -28.186  3.948  -31.518 0.0000000000
89134  -28.303  1.061  -30.921 0.0000000000
89990  -28.518  1.942  -30.854 0.0000000000
136968  -29.167  1.664  -30.500 0.0000000000
90822  -29.461  2.353  -30.040 0.0000000000
90816  -29.635  2.628  -29.155 0.0000000000
91644  -29.691  2.840  -28.269 0.0000000000
90817  -29.787  2.071  -28.549 0.0000000000
147931  -29.954  1.584  -28.091 0.0000000000
87387  -30.470  -1.328  -27.929 0.0000000000
148423  -30.500  -1.514  -27.083 0.0000000000
87364  -30.607  -1.115  -26.291 0.0000000000
87365  -30.880  -1.041  -25.362 0.0000000000
86485  -31.070  -1.646  -24.945 0.0000000000
148788  -31.627  -2.565  -24.218 0.0000000000
82034  -28.498  -7.344  -28.604 0.0000000000
82028  -27.845  -7.986  -28.350 0.0000000000
82988  -30.089  -7.158  -27.552 0.0000000000
81999  -30.406  -7.452  -24.558 0.0000000000
82008  -30.208  -7.274  -25.432 0.0000000000
82968  -31.087  -6.071  -24.300 0.0000000000
83929  -31.272  -5.272  -24.349 0.0000000000
148507  -31.406  -4.751  -24.339 0.0000000000
84759  -31.852  -4.879  -23.887 0.0000000000
143968  -34.519  -4.951  -23.341 0.0000000000
147130  -33.932  -5.323  -23.055 0.0000000000
72984  -27.098  -17.288  -22.351 0.0000000000
73902  -27.292  -16.709  -22.829 0.0000000000
74787  -27.715  -16.067  -23.306 0.0000000000
74798  -28.006  -15.371  -23.882 0.0000000000
74788  -28.321  -15.701  -22.987 0.0000000000
74789  -28.928  -15.195  -22.428 0.0000000000
88271  -29.609  -0.889  -30.658 0.0000000000
87403  -30.176  -1.799  -30.645 0.0000000000
86524  -30.894  -2.663  -30.841 0.0000000000
143962  -29.821  -3.797  -31.653 0.0000000000
85664  -31.323  -3.498  -30.970 0.0000000000
86519  -31.079  -2.774  -30.203 0.0000000000
85656  -30.580  -3.175  -28.869 0.0000000000
80211  -28.671  -9.700  -27.494 0.0000000000
81114  -29.165  -8.986  -27.572 0.0000000000
80212  -29.377  -9.354  -26.852 0.0000000000
81097  -29.772  -8.813  -26.012 0.0000000000
141867  -29.919  -8.999  -24.989 0.0000000000
81990  -30.813  -7.678  -23.711 0.0000000000
81981  -32.727  -7.157  -22.743 0.0000000000
81980  -32.056  -7.745  -22.802 0.0000000000
72976  -26.558  -17.670  -22.132 0.0000000000
72977  -27.249  -17.681  -21.748 0.0000000000
72978  -27.996  -17.326  -21.367 0.0000000000
140717  -27.311  -9.815  -27.595 0.0000000000
80210  -27.861  -10.115  -27.518 0.0000000000
79344  -28.457  -10.380  -26.982 0.0000000000
78441  -28.457  -11.136  -26.350 0.0000000000
78440  -27.333  -11.641  -26.040 0.0000000000
146887  -28.109  -11.866  -26.000 0.0000000000
77551  -28.771  -11.844  -25.582 0.0000000000
146326  -29.520  -12.773  -23.729 0.0000000000
148924  -23.265  12.386  -25.675 0.0000000000
140746  -23.992  9.869  -26.327 0.0000000000
97521  -24.235  10.868  -27.186 0.0000000000
98265  -24.191  11.227  -27.855 0.0000000000
98272  -24.125  11.193  -28.759 0.0000000000
96000  -25.083  8.976  -29.090 0.0000000000
96011  -24.767  8.751  -30.173 0.0000000000
96020  -24.506  8.441  -31.171 0.0000000000
96026  -24.560  8.244  -31.841 0.0000000000
95154  -24.917  7.641  -31.929 0.0000000000
95155  -25.335  7.352  -32.185 0.0000000000
94208  -25.861  6.816  -27.195 0.0000000000
94222  -26.142  6.789  -29.027 0.0000000000
94261  -25.645  6.688  -31.998 0.0000000000
152336  -25.763  6.962  -32.244 0.0000000000
95156  -26.691  7.290  -32.163 0.0000000000
95142  -28.058  7.050  -30.702 0.0000000000
94255  -27.374  5.695  -31.858 0.0000000000
94246  -28.174  5.941  -31.105 0.0000000000
89980  -26.757  1.361  -28.673 0.0000000000
90815  -27.281  2.079  -28.888 0.0000000000
91664  -27.673  3.221  -31.183 0.0000000000
91666  -28.532  3.685  -31.286 0.0000000000
90832  -28.639  3.002  -31.056 0.0000000000
91660  -28.970  3.737  -30.937 0.0000000000
92520  -29.102  4.447  -30.715 0.0000000000
92511  -29.299  4.520  -29.824 0.0000000000
93357  -29.301  5.316  -29.193 0.0000000000
140026  -29.846  3.886  -26.966 0.0000000000
150826  -30.722  4.035  -25.114 0.0000000000
91608  -31.122  3.627  -24.682 0.0000000000
89124  -30.325  0.037  -28.733 0.0000000000
89107  -30.389  0.589  -27.134 0.0000000000
88256  -30.455  -0.140  -27.331 0.0000000000
89963  -30.412  1.370  -26.517 0.0000000000
89948  -30.700  1.272  -25.669 0.0000000000
88216  -31.630  -0.331  -24.321 0.0000000000
83963  -27.782  -5.715  -28.955 0.0000000000
83964  -29.392  -6.088  -29.623 0.0000000000
83006  -29.043  -6.621  -29.041 0.0000000000
83972  -30.458  -5.566  -29.854 0.0000000000
84805  -30.542  -5.035  -28.888 0.0000000000
137063  -30.533  -4.009  -27.183 0.0000000000
140626  -29.469  -8.428  -27.619 0.0000000000
82989  -30.317  -6.358  -26.681 0.0000000000
84786  -30.471  -4.465  -26.326 0.0000000000
85630  -30.593  -3.604  -25.847 0.0000000000
85616  -30.787  -3.234  -25.157 0.0000000000
85617  -31.373  -3.313  -24.436 0.0000000000
85599  -32.120  -4.071  -23.777 0.0000000000
85618  -32.088  -3.179  -23.813 0.0000000000
76630  -26.673  -13.638  -24.766 0.0000000000
134134  -27.421  -14.005  -24.815 0.0000000000
75746  -28.341  -14.162  -24.518 0.0000000000
76631  -27.974  -13.864  -24.938 0.0000000000
76632  -28.537  -13.551  -24.717 0.0000000000
76624  -29.326  -13.305  -23.657 0.0000000000
77539  -28.671  -12.961  -24.961 0.0000000000
79342  -26.799  -10.281  -26.904 0.0000000000
82999  -30.248  -6.379  -27.691 0.0000000000
83966  -30.231  -5.867  -29.039 0.0000000000
83969  -28.126  -5.206  -29.617 0.0000000000
84826  -30.194  -4.763  -31.357 0.0000000000
86525  -29.174  -2.506  -31.482 0.0000000000
87402  -29.356  -1.757  -31.028 0.0000000000
88264  -30.418  -0.499  -27.958 0.0000000000
88268  -30.320  -0.533  -29.708 0.0000000000
89979  -25.878  1.015  -28.467 0.0000000000
89986  -27.359  1.236  -29.263 0.0000000000
89987  -29.578  1.538  -29.962 0.0000000000
89988  -29.916  1.107  -29.504 0.0000000000
91607  -30.647  3.291  -25.327 0.0000000000
91634  -29.840  3.014  -27.373 0.0000000000
91665  -28.071  3.403  -31.388 0.0000000000
92527  -27.513  3.958  -31.562 0.0000000000
93345  -26.287  5.762  -27.436 0.0000000000
93382  -26.591  5.232  -31.704 0.0000000000
93390  -26.693  5.849  -32.004 0.0000000000
94253  -25.693  6.458  -31.547 0.0000000000
94254  -26.142  6.065  -31.795 0.0000000000
95148  -24.868  7.667  -31.494 0.0000000000
95149  -25.245  7.095  -31.769 0.0000000000
97517  -24.077  10.507  -26.605 0.0000000000
130830  -30.190  0.856  -28.118 0.0000000000
133819  -28.706  -6.051  -29.388 0.0000000000
134456  -29.516  -11.111  -24.858 0.0000000000
137194  -29.058  -8.544  -27.999 0.0000000000
142374  -25.998  7.384  -32.412 0.0000000000
143688  -31.263  -4.314  -30.789 0.0000000000
146496  -27.775  -6.409  -28.708 0.0000000000
148331  -29.841  -3.050  -31.723 0.0000000000
152048  -30.777  -2.598  -25.350 0.0000000000
155171  -28.138  0.479  -30.818 0.0000000000
