#!ascii label  , from subject sub-v1s13x0050058_ses-1 vox2ras=TkReg
1412
36681  -8.352  -48.715  57.857 0.0000000000
45825  -28.526  -41.989  50.410 0.0000000000
51838  -31.017  -33.801  44.408 0.0000000000
37821  -27.291  -46.449  51.806 0.0000000000
65094  -48.257  -19.800  38.949 0.0000000000
58378  -38.840  -26.199  41.014 0.0000000000
45777  -28.715  -39.752  55.203 0.0000000000
39933  -30.923  -46.140  49.504 0.0000000000
67940  -40.077  -17.392  42.446 0.0000000000
74307  -41.355  -10.645  41.958 0.0000000000
75168  -47.526  -8.946  40.133 0.0000000000
50901  -37.103  -33.755  43.805 0.0000000000
52889  -34.439  -32.570  39.746 0.0000000000
140730  -42.307  -28.383  44.223 0.0000000000
142726  -49.316  -22.063  45.140 0.0000000000
41941  -21.970  -43.369  52.170 0.0000000000
34590  -5.324  -50.851  60.591 0.0000000000
48821  -28.428  -37.202  48.796 0.0000000000
49809  -34.119  -35.384  48.772 0.0000000000
40981  -24.964  -45.383  48.085 0.0000000000
38917  -27.339  -47.768  46.206 0.0000000000
144428  -49.887  -15.094  31.164 0.0000000000
137071  -52.687  -13.048  38.512 0.0000000000
58367  -46.199  -27.227  40.968 0.0000000000
69737  -47.716  -16.125  44.953 0.0000000000
39818  -10.814  -46.636  54.956 0.0000000000
31511  -2.376  -53.563  56.855 0.0000000000
71614  -37.486  -13.786  41.280 0.0000000000
53846  -39.138  -32.163  42.802 0.0000000000
41953  -19.489  -43.908  50.168 0.0000000000
35670  -6.889  -49.860  59.980 0.0000000000
46755  -27.562  -40.420  47.367 0.0000000000
46726  -27.860  -38.972  49.557 0.0000000000
131423  -26.000  -45.757  49.663 0.0000000000
38871  -25.951  -47.034  47.418 0.0000000000
38873  -27.446  -47.615  48.423 0.0000000000
43948  -30.328  -44.121  50.775 0.0000000000
39960  -30.883  -46.543  46.749 0.0000000000
43000  -30.307  -44.591  47.930 0.0000000000
38803  -26.417  -46.066  53.081 0.0000000000
138906  -25.111  -44.893  51.529 0.0000000000
68934  -43.715  -16.145  37.582 0.0000000000
69822  -47.484  -15.410  34.578 0.0000000000
73446  -49.803  -11.045  39.524 0.0000000000
55812  -35.782  -30.322  39.010 0.0000000000
59325  -42.589  -25.532  40.393 0.0000000000
65945  -51.309  -19.452  44.633 0.0000000000
40923  -16.128  -45.127  53.914 0.0000000000
39839  -14.873  -45.925  54.957 0.0000000000
37752  -13.349  -47.033  56.426 0.0000000000
39859  -13.265  -46.081  53.278 0.0000000000
32603  -4.307  -53.668  55.852 0.0000000000
45798  -28.618  -40.168  52.577 0.0000000000
47691  -28.493  -38.508  51.962 0.0000000000
47664  -29.913  -38.384  53.918 0.0000000000
36733  -29.392  -46.673  53.455 0.0000000000
37863  -29.699  -48.134  50.246 0.0000000000
39865  -31.559  -45.867  52.867 0.0000000000
44886  -30.104  -42.641  53.632 0.0000000000
69770  -45.534  -15.147  42.773 0.0000000000
70712  -41.682  -15.207  40.849 0.0000000000
71622  -39.372  -12.768  38.896 0.0000000000
74344  -43.108  -10.846  38.588 0.0000000000
123839  -46.187  -11.793  38.184 0.0000000000
75156  -44.210  -9.144  40.929 0.0000000000
50898  -34.369  -34.013  44.369 0.0000000000
52823  -32.855  -33.276  41.895 0.0000000000
51914  -35.565  -32.765  41.484 0.0000000000
55802  -37.466  -30.800  41.464 0.0000000000
58355  -40.099  -27.721  42.776 0.0000000000
61201  -44.328  -24.331  43.281 0.0000000000
61178  -45.418  -24.357  45.670 0.0000000000
41913  -20.307  -43.276  54.016 0.0000000000
41926  -17.960  -43.709  52.616 0.0000000000
71687  -55.415  -13.878  31.544 0.0000000000
34575  -2.876  -50.913  60.814 0.0000000000
142702  -27.542  -37.488  46.002 0.0000000000
49842  -30.185  -35.355  46.893 0.0000000000
47709  -29.979  -36.813  50.808 0.0000000000
135042  -31.372  -35.941  48.942 0.0000000000
50838  -32.831  -35.048  46.541 0.0000000000
50842  -35.610  -34.260  46.315 0.0000000000
38875  -28.996  -47.974  47.849 0.0000000000
40939  -23.582  -43.959  53.034 0.0000000000
41956  -23.424  -43.765  50.009 0.0000000000
70734  -48.739  -13.683  37.834 0.0000000000
70763  -50.727  -13.771  35.034 0.0000000000
71681  -53.072  -13.309  32.862 0.0000000000
72583  -54.486  -12.537  34.969 0.0000000000
36717  -8.077  -49.301  54.767 0.0000000000
35696  -6.800  -50.586  56.292 0.0000000000
61258  -49.607  -24.289  40.585 0.0000000000
61220  -48.025  -24.544  42.405 0.0000000000
64146  -50.139  -21.593  42.112 0.0000000000
67944  -48.523  -17.910  42.594 0.0000000000
68863  -43.514  -15.783  44.405 0.0000000000
37732  -9.397  -47.882  56.843 0.0000000000
34624  -5.305  -51.326  57.909 0.0000000000
32573  -3.142  -52.256  58.707 0.0000000000
32570  -1.516  -52.386  58.503 0.0000000000
35682  -7.854  -49.169  59.267 0.0000000000
45832  -28.351  -42.173  49.594 0.0000000000
45831  -27.686  -41.383  49.011 0.0000000000
128910  -27.810  -41.219  49.917 0.0000000000
38838  -26.570  -46.113  50.273 0.0000000000
144379  -26.499  -46.734  49.023 0.0000000000
38840  -27.478  -46.879  50.286 0.0000000000
44920  -29.199  -42.557  50.828 0.0000000000
43947  -29.991  -43.777  50.274 0.0000000000
44934  -29.526  -43.363  49.775 0.0000000000
43963  -29.300  -43.541  47.725 0.0000000000
37796  -27.500  -46.464  52.726 0.0000000000
37781  -27.284  -46.521  53.890 0.0000000000
38821  -26.861  -46.264  52.416 0.0000000000
39919  -26.012  -45.580  50.926 0.0000000000
68947  -46.612  -15.872  35.657 0.0000000000
50877  -29.533  -34.218  44.413 0.0000000000
51855  -30.207  -33.632  43.408 0.0000000000
57500  -36.809  -28.435  40.288 0.0000000000
57517  -36.779  -28.131  38.412 0.0000000000
59323  -40.358  -25.562  40.613 0.0000000000
39861  -15.092  -45.612  52.867 0.0000000000
122284  -15.052  -45.831  53.976 0.0000000000
39860  -14.544  -45.904  53.459 0.0000000000
39838  -14.020  -46.320  54.052 0.0000000000
39881  -13.446  -46.074  52.349 0.0000000000
45789  -28.614  -40.163  53.801 0.0000000000
46679  -28.535  -38.902  53.428 0.0000000000
46656  -28.803  -39.194  54.930 0.0000000000
39810  -30.405  -45.882  55.282 0.0000000000
36750  -30.421  -46.608  52.583 0.0000000000
41885  -30.467  -44.863  54.989 0.0000000000
44878  -29.149  -41.082  56.284 0.0000000000
44880  -29.745  -42.652  54.286 0.0000000000
44884  -28.886  -41.151  55.326 0.0000000000
44891  -29.787  -41.979  53.497 0.0000000000
69752  -42.630  -14.833  42.979 0.0000000000
70701  -42.781  -14.082  41.918 0.0000000000
69767  -40.829  -15.903  41.617 0.0000000000
73426  -39.538  -11.586  41.959 0.0000000000
72533  -38.448  -12.808  40.067 0.0000000000
73434  -40.160  -11.169  40.627 0.0000000000
73457  -41.282  -11.479  38.525 0.0000000000
74320  -42.349  -10.298  40.082 0.0000000000
74333  -43.646  -10.204  39.297 0.0000000000
75151  -42.709  -9.952  41.630 0.0000000000
50899  -35.183  -33.898  44.212 0.0000000000
51878  -35.131  -33.480  42.798 0.0000000000
50927  -36.776  -33.183  42.711 0.0000000000
55783  -40.689  -30.097  43.648 0.0000000000
54819  -38.674  -31.447  42.475 0.0000000000
55782  -39.863  -30.152  43.097 0.0000000000
56647  -38.853  -29.175  42.452 0.0000000000
124742  -41.714  -27.842  43.730 0.0000000000
129004  -42.397  -26.675  44.069 0.0000000000
59247  -44.134  -25.814  45.305 0.0000000000
41915  -22.203  -43.643  53.540 0.0000000000
41901  -20.852  -43.602  54.795 0.0000000000
41927  -20.772  -43.212  53.316 0.0000000000
41939  -18.246  -43.807  51.359 0.0000000000
121356  -56.168  -13.323  32.690 0.0000000000
71689  -57.532  -13.377  31.750 0.0000000000
33561  -4.215  -51.302  60.899 0.0000000000
47762  -27.740  -38.564  47.941 0.0000000000
47787  -27.551  -38.249  47.084 0.0000000000
48839  -27.964  -37.419  47.883 0.0000000000
49840  -28.131  -36.359  46.371 0.0000000000
49822  -29.523  -35.933  47.612 0.0000000000
47677  -30.102  -37.767  52.195 0.0000000000
125948  -29.236  -37.344  51.218 0.0000000000
47710  -31.025  -36.805  51.297 0.0000000000
49792  -33.528  -35.682  49.266 0.0000000000
133212  -32.543  -35.972  49.866 0.0000000000
49807  -32.647  -35.793  48.491 0.0000000000
49825  -32.464  -35.713  47.698 0.0000000000
49846  -33.737  -35.157  47.299 0.0000000000
50840  -34.024  -34.743  46.533 0.0000000000
50823  -35.021  -34.633  47.181 0.0000000000
38893  -26.257  -47.589  46.784 0.0000000000
37864  -30.532  -48.034  50.082 0.0000000000
37881  -29.285  -48.138  49.066 0.0000000000
38877  -30.650  -47.482  48.276 0.0000000000
38897  -29.897  -47.233  46.257 0.0000000000
39863  -24.313  -44.725  54.346 0.0000000000
40958  -24.801  -44.745  50.249 0.0000000000
40957  -24.139  -44.297  50.632 0.0000000000
40968  -24.096  -44.252  49.311 0.0000000000
41980  -23.130  -44.484  47.990 0.0000000000
73443  -47.008  -10.884  38.801 0.0000000000
71629  -47.389  -13.088  37.952 0.0000000000
72555  -48.228  -12.094  38.571 0.0000000000
72558  -51.412  -12.468  39.141 0.0000000000
70745  -50.832  -13.885  37.224 0.0000000000
70749  -51.509  -13.662  36.753 0.0000000000
71671  -51.607  -13.295  33.570 0.0000000000
71666  -52.337  -12.854  35.119 0.0000000000
120435  -53.857  -12.648  34.470 0.0000000000
124578  -53.287  -12.845  36.843 0.0000000000
52867  -33.783  -32.741  40.294 0.0000000000
52865  -32.041  -32.996  40.131 0.0000000000
58394  -48.505  -26.810  39.628 0.0000000000
134706  -48.780  -26.630  40.886 0.0000000000
62102  -46.930  -23.106  44.095 0.0000000000
61218  -45.905  -24.323  42.743 0.0000000000
62113  -48.855  -23.074  43.713 0.0000000000
68866  -50.062  -17.003  44.858 0.0000000000
65950  -50.913  -19.857  43.699 0.0000000000
66936  -50.204  -18.815  43.270 0.0000000000
133930  -49.210  -19.375  42.124 0.0000000000
68873  -48.125  -16.916  43.819 0.0000000000
69755  -46.612  -15.305  43.811 0.0000000000
69734  -45.678  -15.501  44.981 0.0000000000
126042  -12.245  -47.116  55.688 0.0000000000
38741  -11.831  -47.420  56.415 0.0000000000
37734  -11.331  -47.683  57.081 0.0000000000
38753  -10.359  -47.008  55.598 0.0000000000
38752  -9.538  -47.259  55.337 0.0000000000
38786  -10.072  -47.113  53.758 0.0000000000
122756  -6.230  -51.896  55.017 0.0000000000
34625  -6.012  -50.911  57.565 0.0000000000
33627  -5.185  -52.287  56.490 0.0000000000
31512  -3.152  -53.726  56.858 0.0000000000
32594  -3.649  -53.224  57.165 0.0000000000
31491  -2.532  -53.160  57.426 0.0000000000
32572  -2.421  -52.470  58.637 0.0000000000
31490  -2.052  -53.152  57.309 0.0000000000
43887  -28.820  -42.771  56.383 0.0000000000
67960  -37.355  -17.032  41.936 0.0000000000
125024  -37.578  -15.838  41.223 0.0000000000
70699  -36.987  -14.279  42.494 0.0000000000
51880  -38.184  -33.057  42.930 0.0000000000
42965  -21.530  -43.089  50.385 0.0000000000
42950  -20.676  -43.040  51.536 0.0000000000
34580  -6.768  -50.215  61.594 0.0000000000
127203  -5.783  -50.525  60.404 0.0000000000
45838  -27.669  -41.428  48.017 0.0000000000
46739  -27.774  -39.044  48.710 0.0000000000
47719  -28.030  -37.961  49.319 0.0000000000
49828  -35.287  -34.801  48.058 0.0000000000
141234  -25.442  -45.463  49.057 0.0000000000
39946  -25.019  -46.084  47.380 0.0000000000
39932  -26.173  -46.624  48.392 0.0000000000
130903  -26.650  -47.336  47.624 0.0000000000
38894  -27.170  -47.605  47.040 0.0000000000
41957  -30.983  -44.911  50.945 0.0000000000
39948  -30.973  -46.248  48.651 0.0000000000
125165  -30.722  -45.103  49.245 0.0000000000
40992  -30.764  -45.367  47.545 0.0000000000
42999  -29.845  -44.141  47.156 0.0000000000
38787  -25.740  -45.636  53.460 0.0000000000
39885  -25.248  -45.163  52.850 0.0000000000
128289  -25.500  -45.281  51.868 0.0000000000
39901  -25.277  -45.076  50.990 0.0000000000
69796  -42.634  -15.825  38.571 0.0000000000
69835  -48.846  -14.651  32.428 0.0000000000
76910  -47.715  -7.648  41.083 0.0000000000
75182  -48.847  -9.967  39.724 0.0000000000
54857  -35.502  -31.603  38.813 0.0000000000
59340  -42.141  -25.888  39.123 0.0000000000
59327  -44.287  -26.219  40.235 0.0000000000
144858  -52.148  -20.105  46.637 0.0000000000
131082  -50.522  -21.046  44.902 0.0000000000
66897  -52.150  -17.772  46.761 0.0000000000
40924  -16.880  -44.586  54.151 0.0000000000
40906  -16.447  -45.143  54.784 0.0000000000
38758  -14.889  -46.553  56.410 0.0000000000
38773  -14.276  -46.297  55.162 0.0000000000
39837  -13.114  -46.409  54.299 0.0000000000
39836  -12.084  -46.342  54.263 0.0000000000
39878  -11.086  -46.635  52.919 0.0000000000
39879  -11.739  -46.435  52.657 0.0000000000
45810  -28.865  -41.394  51.522 0.0000000000
45817  -28.451  -40.674  51.170 0.0000000000
46686  -28.377  -39.112  52.629 0.0000000000
47676  -29.140  -38.154  52.569 0.0000000000
37798  -28.680  -46.611  52.337 0.0000000000
37842  -28.064  -47.446  50.338 0.0000000000
128047  -29.183  -46.804  51.671 0.0000000000
37845  -30.272  -47.498  50.884 0.0000000000
38842  -30.860  -46.176  50.745 0.0000000000
43899  -30.226  -43.750  54.497 0.0000000000
42925  -30.944  -44.088  53.500 0.0000000000
42954  -31.228  -44.722  52.000 0.0000000000
43920  -30.270  -43.396  52.120 0.0000000000
125633  -29.705  -42.341  52.146 0.0000000000
36732  -28.774  -46.672  53.801 0.0000000000
66949  -47.236  -18.284  41.190 0.0000000000
66974  -45.937  -18.916  39.611 0.0000000000
67961  -44.837  -17.276  41.869 0.0000000000
68913  -43.725  -15.774  41.166 0.0000000000
69792  -42.092  -15.563  39.950 0.0000000000
69790  -38.742  -15.066  40.273 0.0000000000
132542  -39.529  -14.087  39.185 0.0000000000
70729  -41.814  -14.858  38.529 0.0000000000
71624  -41.504  -12.951  37.865 0.0000000000
71639  -43.108  -12.954  37.551 0.0000000000
72565  -44.811  -12.760  37.589 0.0000000000
71643  -46.198  -14.071  37.503 0.0000000000
73460  -44.579  -11.430  38.055 0.0000000000
74335  -45.585  -10.242  39.013 0.0000000000
130788  -45.715  -8.642  40.565 0.0000000000
75142  -44.476  -9.286  43.518 0.0000000000
76899  -46.848  -7.620  41.423 0.0000000000
51840  -32.900  -34.034  44.632 0.0000000000
51875  -32.254  -33.400  42.765 0.0000000000
51876  -33.348  -33.673  42.815 0.0000000000
52844  -34.124  -33.119  41.243 0.0000000000
52868  -35.221  -32.689  40.738 0.0000000000
51917  -37.701  -32.121  42.249 0.0000000000
52870  -36.885  -31.925  41.494 0.0000000000
52891  -35.815  -32.133  40.356 0.0000000000
55801  -36.986  -30.305  40.871 0.0000000000
57492  -37.888  -28.198  41.591 0.0000000000
58366  -39.785  -26.639  42.167 0.0000000000
59306  -41.197  -25.820  41.953 0.0000000000
60253  -42.505  -25.411  42.827 0.0000000000
60241  -44.453  -24.262  44.161 0.0000000000
62095  -47.901  -22.714  45.626 0.0000000000
62086  -48.331  -23.328  46.714 0.0000000000
63095  -50.336  -22.018  46.764 0.0000000000
41899  -18.701  -43.782  54.592 0.0000000000
42949  -19.811  -43.090  51.835 0.0000000000
123204  -18.801  -43.394  53.125 0.0000000000
41910  -17.388  -44.117  53.482 0.0000000000
40938  -16.572  -44.570  53.268 0.0000000000
50855  -29.103  -35.016  45.646 0.0000000000
50856  -30.813  -34.396  45.610 0.0000000000
46700  -28.153  -38.848  51.133 0.0000000000
47720  -28.365  -37.551  49.967 0.0000000000
48798  -28.846  -36.951  49.507 0.0000000000
48800  -31.054  -36.241  49.679 0.0000000000
48823  -30.502  -36.151  48.999 0.0000000000
49823  -30.701  -35.665  47.677 0.0000000000
49843  -31.405  -35.355  47.026 0.0000000000
50857  -31.769  -34.535  45.741 0.0000000000
50881  -33.187  -34.263  45.221 0.0000000000
50883  -34.758  -34.008  45.028 0.0000000000
50884  -36.501  -33.920  44.784 0.0000000000
50824  -35.926  -34.465  47.400 0.0000000000
50863  -37.297  -34.031  45.489 0.0000000000
37861  -27.913  -47.938  49.415 0.0000000000
38874  -28.021  -47.802  47.758 0.0000000000
38895  -28.148  -47.693  46.747 0.0000000000
38898  -30.769  -47.154  47.395 0.0000000000
38919  -28.672  -47.520  45.954 0.0000000000
126431  -22.944  -44.218  54.422 0.0000000000
41929  -22.648  -43.606  52.740 0.0000000000
40940  -24.121  -44.229  52.399 0.0000000000
41930  -23.468  -43.833  52.083 0.0000000000
41942  -22.604  -43.446  51.555 0.0000000000
41967  -22.021  -43.543  49.118 0.0000000000
69805  -47.380  -15.206  36.662 0.0000000000
69815  -48.499  -15.054  35.595 0.0000000000
129098  -49.500  -14.385  34.657 0.0000000000
72556  -49.716  -12.701  38.563 0.0000000000
70747  -49.873  -14.473  36.152 0.0000000000
70769  -50.214  -13.844  33.153 0.0000000000
70773  -51.678  -13.939  31.979 0.0000000000
70781  -52.467  -14.300  31.361 0.0000000000
70787  -54.070  -14.387  30.845 0.0000000000
70776  -54.541  -13.848  31.705 0.0000000000
71674  -54.506  -12.941  33.576 0.0000000000
36696  -8.101  -48.744  56.924 0.0000000000
36680  -7.599  -49.224  57.367 0.0000000000
35697  -7.242  -50.097  55.961 0.0000000000
52841  -30.960  -33.243  41.347 0.0000000000
64172  -49.256  -21.486  40.471 0.0000000000
60288  -43.595  -25.146  41.700 0.0000000000
60290  -45.349  -25.863  41.222 0.0000000000
59294  -47.191  -26.249  41.462 0.0000000000
63116  -50.177  -22.399  43.339 0.0000000000
63122  -50.096  -22.805  42.524 0.0000000000
60275  -49.465  -24.605  41.745 0.0000000000
62130  -49.810  -23.391  41.420 0.0000000000
65085  -49.281  -20.744  41.004 0.0000000000
141640  -48.166  -18.567  41.103 0.0000000000
68888  -46.731  -16.199  43.148 0.0000000000
69754  -44.518  -14.487  43.706 0.0000000000
67924  -41.992  -16.939  43.639 0.0000000000
131563  -9.613  -48.462  58.858 0.0000000000
36683  -10.180  -48.170  58.357 0.0000000000
37715  -8.886  -48.291  57.393 0.0000000000
37731  -8.600  -48.292  56.418 0.0000000000
37763  -8.659  -48.689  54.389 0.0000000000
35680  -6.452  -50.196  58.217 0.0000000000
34615  -5.822  -50.656  58.555 0.0000000000
34602  -5.143  -50.922  59.706 0.0000000000
144501  -4.652  -52.624  56.894 0.0000000000
33597  -4.048  -52.236  58.228 0.0000000000
33573  -4.566  -51.339  59.786 0.0000000000
33571  -3.526  -51.456  60.092 0.0000000000
130672  -2.203  -51.964  59.617 0.0000000000
31510  -1.887  -53.591  56.684 0.0000000000
32579  -1.256  -52.808  57.723 0.0000000000
36666  -8.623  -48.711  58.660 0.0000000000
141716  -7.741  -49.148  58.338 0.0000000000
45824  -28.102  -40.934  50.645 0.0000000000
38839  -27.102  -46.489  50.790 0.0000000000
44927  -29.653  -43.204  50.534 0.0000000000
44926  -29.056  -42.758  50.092 0.0000000000
44933  -28.907  -42.874  49.246 0.0000000000
38820  -26.673  -46.120  51.399 0.0000000000
68953  -46.330  -16.158  35.014 0.0000000000
50878  -30.484  -34.011  44.860 0.0000000000
51837  -30.262  -33.836  44.077 0.0000000000
51856  -31.041  -33.576  43.751 0.0000000000
134893  -38.158  -26.591  40.671 0.0000000000
57510  -36.685  -28.168  39.451 0.0000000000
58389  -37.774  -26.749  39.714 0.0000000000
59321  -38.612  -26.045  39.996 0.0000000000
59322  -39.584  -25.725  40.225 0.0000000000
39883  -14.870  -45.823  51.671 0.0000000000
39882  -14.316  -45.863  52.343 0.0000000000
127039  -13.966  -45.994  53.087 0.0000000000
45784  -28.627  -40.314  54.907 0.0000000000
45783  -28.603  -39.564  54.517 0.0000000000
134318  -29.920  -44.843  56.151 0.0000000000
40880  -30.422  -45.106  55.209 0.0000000000
41876  -29.888  -44.644  55.772 0.0000000000
45778  -28.871  -40.262  55.824 0.0000000000
44890  -29.035  -41.154  54.205 0.0000000000
40869  -30.222  -45.234  55.958 0.0000000000
68886  -41.251  -16.142  42.362 0.0000000000
69768  -41.646  -15.347  41.976 0.0000000000
68885  -40.433  -16.628  42.038 0.0000000000
141573  -40.668  -10.933  41.983 0.0000000000
73430  -39.451  -11.560  40.990 0.0000000000
74311  -40.757  -10.833  41.280 0.0000000000
74318  -40.897  -10.797  40.421 0.0000000000
74312  -41.444  -10.528  41.072 0.0000000000
74313  -42.148  -10.216  40.880 0.0000000000
121831  -41.968  -10.361  41.570 0.0000000000
50900  -36.076  -33.805  44.023 0.0000000000
50912  -35.623  -33.656  43.436 0.0000000000
50913  -36.496  -33.528  43.276 0.0000000000
56623  -41.451  -29.631  43.988 0.0000000000
56638  -40.942  -29.331  43.591 0.0000000000
56637  -40.330  -29.410  43.239 0.0000000000
58345  -42.692  -27.518  44.494 0.0000000000
58329  -43.464  -27.495  45.152 0.0000000000
41928  -21.590  -43.381  52.924 0.0000000000
141586  -21.321  -43.159  52.140 0.0000000000
72587  -56.188  -12.932  33.515 0.0000000000
71684  -56.872  -13.421  32.247 0.0000000000
71676  -56.901  -13.040  33.060 0.0000000000
34578  -5.573  -50.803  61.463 0.0000000000
34577  -4.891  -51.096  61.543 0.0000000000
34589  -4.879  -51.153  60.789 0.0000000000
47739  -27.921  -38.007  48.581 0.0000000000
48840  -28.871  -36.508  48.254 0.0000000000
47693  -30.120  -37.282  51.545 0.0000000000
47694  -31.050  -37.298  51.931 0.0000000000
49808  -33.352  -35.653  48.605 0.0000000000
131018  -33.752  -35.377  48.065 0.0000000000
49826  -33.155  -35.571  47.859 0.0000000000
50822  -34.368  -34.801  47.055 0.0000000000
49827  -34.431  -35.024  47.855 0.0000000000
40980  -24.127  -44.756  48.080 0.0000000000
40990  -24.256  -45.663  47.348 0.0000000000
127178  -30.831  -47.427  49.904 0.0000000000
38857  -30.637  -47.838  49.204 0.0000000000
125650  -31.026  -46.998  49.083 0.0000000000
40969  -24.894  -44.899  49.096 0.0000000000
69839  -50.685  -14.923  30.982 0.0000000000
75180  -46.928  -9.632  39.664 0.0000000000
73463  -47.622  -11.472  38.705 0.0000000000
74336  -47.608  -10.182  39.404 0.0000000000
72559  -52.165  -12.875  38.944 0.0000000000
142077  -51.465  -13.553  38.067 0.0000000000
143645  -52.067  -13.484  37.415 0.0000000000
71655  -51.944  -13.257  35.936 0.0000000000
71649  -52.421  -13.274  36.792 0.0000000000
71656  -52.884  -12.851  35.931 0.0000000000
128402  -52.800  -13.196  37.739 0.0000000000
52888  -33.274  -32.771  39.269 0.0000000000
58391  -45.713  -27.307  40.217 0.0000000000
58390  -45.012  -27.244  39.510 0.0000000000
58382  -47.501  -27.346  40.475 0.0000000000
58369  -47.788  -27.261  41.159 0.0000000000
62103  -47.777  -22.697  44.513 0.0000000000
62112  -47.899  -23.270  43.685 0.0000000000
62104  -49.492  -22.474  44.165 0.0000000000
140878  -49.493  -16.739  45.193 0.0000000000
67926  -50.424  -18.062  43.913 0.0000000000
68865  -49.299  -16.930  44.585 0.0000000000
68874  -49.002  -17.261  43.912 0.0000000000
69748  -48.377  -16.714  44.379 0.0000000000
69746  -47.183  -15.763  44.375 0.0000000000
69736  -46.968  -15.603  44.788 0.0000000000
38770  -11.708  -46.702  54.963 0.0000000000
38754  -11.303  -47.062  55.664 0.0000000000
38740  -10.849  -47.423  56.371 0.0000000000
38769  -10.037  -46.837  54.752 0.0000000000
39834  -10.550  -46.620  54.279 0.0000000000
33628  -5.888  -51.888  55.894 0.0000000000
122493  -2.645  -54.002  56.556 0.0000000000
144950  -2.750  -53.534  57.041 0.0000000000
51882  -39.462  -32.717  43.607 0.0000000000
42978  -21.198  -43.456  49.677 0.0000000000
34592  -6.997  -49.869  60.685 0.0000000000
34591  -6.317  -50.327  60.992 0.0000000000
34604  -6.359  -50.185  60.185 0.0000000000
44940  -28.086  -42.324  47.594 0.0000000000
46740  -27.653  -40.167  49.270 0.0000000000
39930  -25.697  -45.985  48.412 0.0000000000
39931  -26.353  -46.353  49.250 0.0000000000
38872  -26.662  -47.086  48.629 0.0000000000
42980  -30.665  -44.584  50.454 0.0000000000
41969  -30.869  -44.976  50.113 0.0000000000
43957  -29.899  -43.945  49.443 0.0000000000
41981  -30.562  -44.902  48.646 0.0000000000
41990  -30.577  -44.998  47.680 0.0000000000
41995  -30.665  -45.099  46.734 0.0000000000
43006  -30.328  -44.700  46.604 0.0000000000
37795  -27.096  -46.380  53.242 0.0000000000
140070  -26.758  -46.337  53.673 0.0000000000
38788  -26.203  -46.074  53.892 0.0000000000
38802  -25.839  -45.623  52.662 0.0000000000
39918  -25.442  -45.254  50.036 0.0000000000
68928  -43.074  -16.234  38.148 0.0000000000
54845  -35.868  -31.130  39.439 0.0000000000
53888  -35.165  -32.168  38.273 0.0000000000
55826  -35.690  -30.951  38.362 0.0000000000
59339  -42.049  -25.548  39.899 0.0000000000
126338  -42.941  -25.872  39.578 0.0000000000
59326  -43.648  -26.012  39.850 0.0000000000
65911  -52.529  -19.242  47.560 0.0000000000
140186  -52.392  -18.713  46.623 0.0000000000
68844  -48.632  -16.716  46.130 0.0000000000
39840  -15.606  -45.601  54.650 0.0000000000
38757  -14.313  -46.573  56.147 0.0000000000
39858  -12.374  -46.132  53.424 0.0000000000
39880  -12.588  -46.237  52.464 0.0000000000
45809  -28.692  -40.666  51.701 0.0000000000
138010  -29.061  -38.496  53.526 0.0000000000
37799  -29.282  -46.644  52.387 0.0000000000
38789  -31.275  -46.133  53.177 0.0000000000
37823  -30.355  -46.738  51.785 0.0000000000
37824  -31.114  -46.160  51.919 0.0000000000
38822  -30.781  -46.354  51.232 0.0000000000
39886  -31.488  -45.738  52.294 0.0000000000
43892  -29.141  -42.242  56.449 0.0000000000
42906  -29.461  -43.713  55.441 0.0000000000
43905  -30.299  -43.221  53.674 0.0000000000
43913  -30.617  -43.646  53.290 0.0000000000
42933  -31.109  -44.370  52.747 0.0000000000
133942  -30.519  -43.634  52.694 0.0000000000
43925  -30.532  -43.985  51.995 0.0000000000
128775  -30.338  -43.121  52.714 0.0000000000
45790  -29.230  -41.154  53.101 0.0000000000
44897  -29.796  -42.102  52.703 0.0000000000
45799  -29.213  -41.455  52.140 0.0000000000
44909  -29.331  -42.258  51.565 0.0000000000
36721  -29.819  -46.754  54.115 0.0000000000
36748  -28.909  -46.624  53.130 0.0000000000
67941  -46.364  -16.810  42.631 0.0000000000
67962  -45.767  -17.527  42.153 0.0000000000
68907  -45.468  -16.305  42.292 0.0000000000
70713  -42.506  -14.729  41.456 0.0000000000
69785  -43.433  -14.779  41.417 0.0000000000
70723  -42.745  -14.937  41.175 0.0000000000
69793  -42.967  -15.476  40.840 0.0000000000
70722  -41.939  -15.227  40.576 0.0000000000
69780  -37.239  -15.081  41.287 0.0000000000
69789  -37.859  -15.134  40.690 0.0000000000
70718  -37.528  -14.361  40.856 0.0000000000
72538  -39.028  -12.318  39.580 0.0000000000
71619  -39.045  -13.505  39.255 0.0000000000
71620  -39.582  -13.484  38.826 0.0000000000
70728  -40.986  -14.440  38.699 0.0000000000
70731  -40.823  -13.496  38.218 0.0000000000
120927  -41.683  -13.905  37.988 0.0000000000
140162  -40.676  -12.807  38.171 0.0000000000
73458  -42.021  -11.011  38.644 0.0000000000
72549  -42.356  -12.484  37.761 0.0000000000
72550  -43.305  -12.245  37.679 0.0000000000
72564  -43.899  -12.908  37.534 0.0000000000
72551  -44.198  -12.116  37.684 0.0000000000
123122  -44.961  -12.032  37.768 0.0000000000
75164  -43.718  -9.662  40.269 0.0000000000
75177  -44.335  -9.802  39.680 0.0000000000
75165  -44.596  -9.388  40.241 0.0000000000
75166  -45.387  -9.232  40.122 0.0000000000
76035  -44.936  -8.838  40.772 0.0000000000
76888  -46.069  -7.786  41.819 0.0000000000
51841  -33.571  -34.065  44.475 0.0000000000
51858  -32.915  -33.828  43.793 0.0000000000
51859  -33.884  -33.932  43.651 0.0000000000
51898  -35.431  -33.110  42.123 0.0000000000
51897  -34.635  -33.351  42.049 0.0000000000
51913  -34.950  -33.034  41.463 0.0000000000
123592  -34.702  -32.882  40.817 0.0000000000
51902  -38.432  -32.528  42.736 0.0000000000
51901  -37.654  -32.632  42.538 0.0000000000
52846  -38.851  -32.327  42.745 0.0000000000
54818  -37.992  -31.147  42.026 0.0000000000
52871  -37.566  -31.756  41.957 0.0000000000
53858  -36.918  -31.585  41.210 0.0000000000
133264  -36.282  -32.126  40.956 0.0000000000
52892  -36.352  -31.883  40.702 0.0000000000
54846  -36.363  -31.404  40.404 0.0000000000
54832  -36.946  -31.046  40.954 0.0000000000
57483  -39.393  -28.444  42.628 0.0000000000
139249  -38.230  -28.948  41.999 0.0000000000
57493  -38.620  -28.232  42.179 0.0000000000
58365  -39.194  -27.463  42.277 0.0000000000
59290  -40.618  -26.628  42.529 0.0000000000
59291  -41.337  -26.459  42.869 0.0000000000
129755  -43.949  -25.132  44.594 0.0000000000
59262  -43.255  -25.322  44.041 0.0000000000
61194  -45.154  -23.846  44.697 0.0000000000
140510  -45.860  -23.553  45.224 0.0000000000
61164  -48.900  -23.635  47.333 0.0000000000
62088  -49.772  -22.709  47.150 0.0000000000
62087  -49.180  -22.951  46.813 0.0000000000
143376  -51.691  -21.018  47.347 0.0000000000
41900  -19.748  -43.549  54.772 0.0000000000
41912  -19.242  -43.394  53.916 0.0000000000
42963  -19.982  -43.303  50.785 0.0000000000
41940  -19.146  -43.543  51.057 0.0000000000
122694  -18.920  -43.379  52.183 0.0000000000
41911  -18.283  -43.720  53.717 0.0000000000
41925  -17.025  -44.159  52.555 0.0000000000
46778  -27.372  -39.020  46.299 0.0000000000
48860  -27.666  -36.972  45.804 0.0000000000
49841  -28.955  -35.742  46.829 0.0000000000
137795  -28.585  -35.667  45.977 0.0000000000
50835  -29.342  -35.271  46.338 0.0000000000
141750  -30.042  -34.846  46.075 0.0000000000
46701  -28.327  -39.616  51.638 0.0000000000
46713  -28.127  -39.739  50.749 0.0000000000
47708  -28.752  -37.322  50.625 0.0000000000
48781  -29.391  -36.842  50.095 0.0000000000
48824  -32.074  -35.944  49.248 0.0000000000
48842  -31.088  -35.840  48.347 0.0000000000
49844  -32.280  -35.498  47.047 0.0000000000
50837  -32.032  -35.004  46.443 0.0000000000
50858  -32.634  -34.606  45.863 0.0000000000
50859  -33.504  -34.582  45.986 0.0000000000
50841  -34.709  -34.500  46.411 0.0000000000
50860  -34.331  -34.360  45.784 0.0000000000
50861  -35.002  -34.189  45.660 0.0000000000
123336  -35.521  -33.923  44.760 0.0000000000
124012  -35.641  -34.017  45.372 0.0000000000
49829  -36.140  -34.669  48.355 0.0000000000
50825  -36.878  -34.443  47.741 0.0000000000
39947  -25.591  -46.477  47.615 0.0000000000
39959  -25.127  -46.856  46.993 0.0000000000
37843  -28.929  -47.504  50.841 0.0000000000
37862  -28.642  -48.100  49.836 0.0000000000
37880  -28.347  -48.047  48.736 0.0000000000
39961  -31.118  -46.386  47.752 0.0000000000
40926  -22.920  -43.872  53.700 0.0000000000
40946  -24.800  -44.673  52.087 0.0000000000
40945  -24.146  -44.267  51.596 0.0000000000
41943  -23.466  -43.840  51.111 0.0000000000
41955  -22.758  -43.406  50.493 0.0000000000
134607  -22.667  -43.432  49.599 0.0000000000
71628  -46.427  -13.220  37.744 0.0000000000
70741  -46.814  -14.705  37.242 0.0000000000
71644  -47.075  -13.918  37.549 0.0000000000
136757  -48.169  -13.250  38.019 0.0000000000
69806  -48.094  -14.864  36.800 0.0000000000
144309  -48.638  -14.773  36.562 0.0000000000
69824  -48.824  -14.903  35.153 0.0000000000
69816  -49.023  -14.836  35.929 0.0000000000
74322  -49.678  -10.281  39.769 0.0000000000
140923  -49.245  -11.402  39.207 0.0000000000
129289  -49.930  -11.877  39.131 0.0000000000
70748  -50.634  -14.056  36.412 0.0000000000
71645  -50.219  -13.825  37.676 0.0000000000
70754  -50.355  -14.209  35.649 0.0000000000
132648  -50.107  -14.211  35.024 0.0000000000
70762  -50.243  -13.812  34.217 0.0000000000
70772  -50.704  -14.071  32.287 0.0000000000
71664  -50.850  -13.530  33.626 0.0000000000
71672  -52.506  -13.088  33.563 0.0000000000
71680  -52.132  -13.438  32.786 0.0000000000
70774  -52.749  -13.708  32.091 0.0000000000
70782  -53.450  -14.066  31.503 0.0000000000
70775  -53.717  -13.581  32.282 0.0000000000
71667  -54.752  -12.656  34.359 0.0000000000
71668  -55.424  -12.768  33.958 0.0000000000
122041  -55.328  -12.478  34.912 0.0000000000
36706  -8.034  -48.958  55.898 0.0000000000
36695  -7.586  -49.419  56.407 0.0000000000
36705  -7.642  -49.684  55.477 0.0000000000
52822  -31.223  -33.154  42.283 0.0000000000
52842  -31.843  -33.042  41.626 0.0000000000
59328  -48.884  -26.477  40.044 0.0000000000
124469  -49.289  -25.290  39.699 0.0000000000
62144  -49.295  -23.705  40.225 0.0000000000
63149  -49.631  -22.909  40.650 0.0000000000
60268  -43.208  -24.896  42.497 0.0000000000
60287  -42.783  -25.175  41.919 0.0000000000
60269  -44.108  -24.698  42.359 0.0000000000
61219  -46.963  -24.425  42.557 0.0000000000
144350  -45.716  -25.029  42.216 0.0000000000
60271  -46.603  -25.233  42.011 0.0000000000
59293  -46.141  -25.860  41.467 0.0000000000
60272  -47.571  -25.367  41.845 0.0000000000
65049  -51.580  -19.968  45.246 0.0000000000
63110  -50.306  -21.606  44.002 0.0000000000
65052  -51.034  -20.306  44.338 0.0000000000
65958  -50.509  -20.160  42.879 0.0000000000
64141  -50.341  -21.508  42.735 0.0000000000
63123  -50.219  -22.169  42.295 0.0000000000
61223  -49.726  -24.049  41.984 0.0000000000
62121  -49.864  -23.427  41.972 0.0000000000
61238  -49.732  -23.979  41.496 0.0000000000
63132  -50.001  -22.111  41.742 0.0000000000
66951  -48.831  -18.728  42.184 0.0000000000
144919  -49.090  -19.700  41.642 0.0000000000
66967  -48.716  -19.295  41.408 0.0000000000
65980  -48.832  -19.487  40.378 0.0000000000
67965  -48.389  -18.271  42.014 0.0000000000
67964  -47.711  -17.990  42.009 0.0000000000
67943  -47.884  -17.592  42.653 0.0000000000
69743  -45.019  -14.979  44.537 0.0000000000
70680  -45.371  -14.561  43.939 0.0000000000
69742  -44.191  -15.027  44.275 0.0000000000
68871  -42.859  -15.480  43.777 0.0000000000
68862  -42.681  -16.443  44.061 0.0000000000
37733  -10.373  -47.790  57.018 0.0000000000
37717  -10.742  -47.831  57.784 0.0000000000
37716  -9.817  -48.073  57.662 0.0000000000
128224  -9.061  -47.766  55.898 0.0000000000
38768  -9.512  -47.466  54.388 0.0000000000
37750  -9.020  -47.934  54.892 0.0000000000
37764  -9.171  -48.226  53.996 0.0000000000
35691  -7.109  -49.890  56.830 0.0000000000
122625  -7.050  -49.722  57.786 0.0000000000
35690  -6.591  -50.407  57.212 0.0000000000
34614  -5.138  -51.088  58.814 0.0000000000
32604  -4.785  -52.959  56.151 0.0000000000
33626  -4.202  -53.164  56.735 0.0000000000
32583  -3.456  -52.566  58.132 0.0000000000
132380  -3.690  -52.782  57.680 0.0000000000
33585  -3.933  -51.977  58.852 0.0000000000
33584  -3.710  -51.727  59.448 0.0000000000
32571  -1.978  -52.535  58.573 0.0000000000
135069  -2.174  -52.287  59.099 0.0000000000
33582  -1.912  -52.239  59.155 0.0000000000
33569  -1.921  -51.920  59.669 0.0000000000
31509  -1.383  -53.644  56.518 0.0000000000
32593  -1.503  -53.173  57.171 0.0000000000
123770  -7.142  -49.636  59.527 0.0000000000
44932  -28.195  -42.274  48.663 0.0000000000
46727  -27.847  -39.911  50.072 0.0000000000
38855  -26.873  -46.709  49.686 0.0000000000
38856  -27.379  -47.358  49.500 0.0000000000
44921  -29.773  -43.002  51.207 0.0000000000
42979  -30.341  -44.275  49.955 0.0000000000
43964  -29.842  -44.081  48.407 0.0000000000
43956  -29.363  -43.502  48.864 0.0000000000
37782  -27.870  -46.614  53.812 0.0000000000
143838  -27.613  -46.529  53.415 0.0000000000
39902  -26.241  -45.811  52.072 0.0000000000
69802  -44.359  -15.320  37.406 0.0000000000
68954  -47.109  -15.758  35.168 0.0000000000
126222  -28.898  -34.813  44.786 0.0000000000
56671  -36.419  -28.958  39.957 0.0000000000
57509  -36.228  -28.781  38.926 0.0000000000
57516  -36.366  -28.847  37.882 0.0000000000
144220  -40.311  -25.601  39.946 0.0000000000
39862  -15.517  -45.495  53.682 0.0000000000
140247  -14.557  -46.043  54.295 0.0000000000
45797  -28.498  -39.482  53.270 0.0000000000
45788  -28.538  -39.353  53.857 0.0000000000
46668  -28.689  -38.928  54.170 0.0000000000
47653  -29.204  -38.734  54.460 0.0000000000
36735  -30.019  -46.830  53.815 0.0000000000
121925  -29.955  -46.693  53.066 0.0000000000
38778  -30.697  -46.258  54.017 0.0000000000
127833  -31.142  -45.787  54.044 0.0000000000
122424  -31.073  -45.008  54.377 0.0000000000
44872  -29.235  -42.536  55.199 0.0000000000
44879  -29.287  -41.989  55.438 0.0000000000
44885  -29.517  -42.010  54.416 0.0000000000
38747  -30.381  -46.071  55.121 0.0000000000
70687  -43.953  -13.980  42.869 0.0000000000
70702  -43.498  -13.870  42.118 0.0000000000
143755  -42.719  -14.232  42.343 0.0000000000
69784  -41.276  -15.386  41.181 0.0000000000
72526  -38.326  -12.531  41.956 0.0000000000
71617  -37.901  -13.487  40.595 0.0000000000
72531  -38.852  -12.025  41.454 0.0000000000
72534  -38.847  -12.105  40.464 0.0000000000
72539  -39.688  -11.859  39.062 0.0000000000
73456  -40.542  -11.597  38.726 0.0000000000
73441  -40.386  -11.203  39.596 0.0000000000
74331  -41.800  -10.639  39.471 0.0000000000
74332  -42.640  -10.457  39.290 0.0000000000
74321  -43.031  -10.069  39.909 0.0000000000
75163  -42.870  -9.865  40.653 0.0000000000
75155  -43.477  -9.466  41.220 0.0000000000
51860  -34.748  -33.827  43.577 0.0000000000
51879  -35.985  -33.307  42.736 0.0000000000
51899  -36.192  -32.901  42.192 0.0000000000
141373  -39.700  -31.429  43.104 0.0000000000
53845  -38.748  -32.005  42.588 0.0000000000
55794  -39.329  -30.962  42.802 0.0000000000
55792  -38.535  -30.703  42.340 0.0000000000
143937  -37.912  -30.538  41.879 0.0000000000
56636  -39.596  -29.353  42.859 0.0000000000
57484  -40.037  -28.720  42.951 0.0000000000
58356  -41.061  -27.572  43.238 0.0000000000
58343  -41.595  -27.073  43.473 0.0000000000
58344  -42.081  -27.309  43.950 0.0000000000
58328  -42.908  -26.492  44.494 0.0000000000
40911  -21.739  -43.828  54.752 0.0000000000
41914  -21.418  -43.526  53.970 0.0000000000
41924  -16.732  -44.445  51.760 0.0000000000
120811  -56.111  -13.670  31.855 0.0000000000
70783  -55.919  -14.094  30.941 0.0000000000
71688  -56.776  -13.720  31.371 0.0000000000
124772  -57.465  -13.605  30.846 0.0000000000
33560  -3.496  -51.191  60.799 0.0000000000
137874  -27.626  -39.508  47.946 0.0000000000
120947  -27.549  -39.301  47.214 0.0000000000
48851  -27.747  -37.265  46.678 0.0000000000
49821  -28.418  -36.464  47.343 0.0000000000
47692  -29.164  -37.761  51.776 0.0000000000
132347  -28.465  -37.994  51.172 0.0000000000
48825  -32.893  -35.833  49.243 0.0000000000
49806  -31.942  -35.832  48.369 0.0000000000
49845  -32.986  -35.463  47.138 0.0000000000
50839  -33.431  -35.015  46.704 0.0000000000
137563  -37.499  -34.474  47.972 0.0000000000
37882  -30.074  -48.159  49.369 0.0000000000
38876  -29.990  -48.022  48.470 0.0000000000
39975  -30.342  -46.360  45.750 0.0000000000
40927  -23.606  -44.306  53.957 0.0000000000
134122  -24.727  -44.675  51.200 0.0000000000
41968  -23.029  -43.801  48.845 0.0000000000
143555  -23.610  -44.270  48.491 0.0000000000
73462  -46.856  -11.630  38.448 0.0000000000
72553  -46.677  -12.411  38.103 0.0000000000
72554  -47.459  -12.242  38.359 0.0000000000
123485  -48.003  -12.713  38.253 0.0000000000
71630  -48.781  -12.856  38.309 0.0000000000
72557  -50.591  -12.590  38.816 0.0000000000
71633  -51.303  -13.186  38.490 0.0000000000
122938  -50.965  -13.668  37.941 0.0000000000
70755  -51.120  -13.759  35.829 0.0000000000
138436  -51.112  -13.399  34.322 0.0000000000
129059  -51.503  -13.296  35.100 0.0000000000
71665  -51.948  -13.028  34.330 0.0000000000
122605  -52.854  -12.769  34.351 0.0000000000
71673  -53.455  -12.943  33.617 0.0000000000
120356  -53.114  -12.617  35.070 0.0000000000
71657  -53.765  -12.564  35.508 0.0000000000
71658  -53.965  -12.534  36.327 0.0000000000
36716  -7.652  -49.982  54.699 0.0000000000
133782  -33.285  -32.911  40.727 0.0000000000
126539  -32.479  -32.944  40.884 0.0000000000
52866  -32.779  -32.779  40.048 0.0000000000
52887  -32.282  -33.349  39.346 0.0000000000
58392  -46.369  -27.364  39.480 0.0000000000
58383  -48.325  -27.138  40.586 0.0000000000
59329  -49.159  -25.821  40.448 0.0000000000
61202  -45.210  -23.834  43.599 0.0000000000
61217  -44.981  -24.439  42.718 0.0000000000
61203  -46.335  -23.688  43.419 0.0000000000
61204  -47.434  -23.768  43.170 0.0000000000
61205  -48.477  -23.821  42.950 0.0000000000
67916  -50.901  -17.943  44.689 0.0000000000
66927  -50.784  -18.900  44.069 0.0000000000
66937  -50.535  -19.466  43.259 0.0000000000
65957  -49.997  -19.555  42.580 0.0000000000
65969  -50.020  -20.404  42.232 0.0000000000
126266  -49.508  -18.792  42.717 0.0000000000
67967  -49.250  -18.296  42.730 0.0000000000
68891  -48.699  -17.591  43.260 0.0000000000
68890  -47.941  -17.242  43.260 0.0000000000
69756  -47.019  -15.632  43.944 0.0000000000
69745  -46.382  -15.106  44.387 0.0000000000
68864  -44.414  -15.705  44.842 0.0000000000
38755  -13.061  -47.019  55.759 0.0000000000
37751  -12.696  -47.271  56.436 0.0000000000
38739  -9.869  -47.418  56.256 0.0000000000
38785  -9.638  -47.846  53.652 0.0000000000
34645  -6.535  -51.243  55.523 0.0000000000
34634  -6.259  -51.131  56.590 0.0000000000
34633  -5.596  -51.607  56.976 0.0000000000
125872  -4.880  -52.022  57.343 0.0000000000
31513  -3.691  -53.822  56.508 0.0000000000
31492  -3.134  -53.149  57.465 0.0000000000
32582  -2.766  -52.782  58.058 0.0000000000
32581  -2.205  -52.813  57.970 0.0000000000
32580  -1.751  -52.791  57.863 0.0000000000
42905  -28.747  -43.316  56.529 0.0000000000
44864  -29.460  -40.988  57.113 0.0000000000
67939  -39.163  -17.612  42.191 0.0000000000
68883  -38.741  -17.125  41.665 0.0000000000
68902  -37.293  -16.364  41.647 0.0000000000
70698  -36.809  -14.983  42.063 0.0000000000
71608  -37.412  -13.696  42.044 0.0000000000
73414  -40.485  -11.352  43.217 0.0000000000
74294  -41.621  -10.714  42.750 0.0000000000
74308  -42.156  -10.399  42.312 0.0000000000
142515  -38.248  -33.538  43.613 0.0000000000
50915  -37.914  -33.424  43.268 0.0000000000
50916  -38.582  -33.326  43.531 0.0000000000
51881  -38.878  -32.924  43.180 0.0000000000
52825  -39.733  -32.317  43.496 0.0000000000
54806  -40.193  -31.430  43.558 0.0000000000
55769  -41.390  -30.305  44.207 0.0000000000
57460  -42.997  -28.431  44.915 0.0000000000
42951  -21.606  -43.090  51.349 0.0000000000
42964  -20.827  -43.181  50.550 0.0000000000
122510  -5.851  -50.576  61.089 0.0000000000
46756  -27.553  -40.335  48.388 0.0000000000
129403  -34.830  -35.040  48.600 0.0000000000
141334  -30.909  -45.628  49.870 0.0000000000
39949  -30.812  -45.680  49.158 0.0000000000
139759  -30.726  -45.371  48.961 0.0000000000
39962  -30.837  -45.691  48.241 0.0000000000
42992  -30.612  -44.757  49.579 0.0000000000
40982  -30.673  -45.234  48.388 0.0000000000
132091  -31.044  -45.838  47.250 0.0000000000
39976  -30.912  -45.795  46.306 0.0000000000
39864  -25.056  -45.098  53.832 0.0000000000
68927  -42.620  -16.688  38.744 0.0000000000
75181  -47.954  -9.722  39.712 0.0000000000
75169  -48.504  -9.178  40.074 0.0000000000
75170  -49.446  -9.525  40.076 0.0000000000
128166  -52.929  -12.722  39.147 0.0000000000
53872  -35.313  -32.074  39.370 0.0000000000
52909  -34.721  -32.442  38.865 0.0000000000
139937  -45.498  -27.034  40.756 0.0000000000
64125  -51.073  -21.012  45.964 0.0000000000
64124  -50.296  -21.329  45.242 0.0000000000
65044  -51.679  -20.415  45.976 0.0000000000
65937  -52.143  -19.648  46.145 0.0000000000
65936  -51.879  -19.033  45.579 0.0000000000
130131  -51.314  -17.691  45.562 0.0000000000
68858  -50.098  -16.885  45.742 0.0000000000
68857  -49.152  -16.653  45.689 0.0000000000
68856  -47.716  -16.288  45.456 0.0000000000
68855  -47.077  -16.061  45.406 0.0000000000
39820  -16.123  -45.595  55.426 0.0000000000
38756  -13.733  -46.712  55.806 0.0000000000
38772  -13.747  -46.537  54.914 0.0000000000
130035  -13.333  -46.775  55.159 0.0000000000
38771  -12.641  -46.819  54.996 0.0000000000
39835  -11.213  -46.403  54.286 0.0000000000
39856  -10.768  -46.595  53.576 0.0000000000
39857  -11.513  -46.302  53.513 0.0000000000
30399  -2.523  -54.720  55.861 0.0000000000
45818  -28.731  -41.703  51.069 0.0000000000
47675  -28.679  -38.616  52.847 0.0000000000
47654  -30.127  -38.770  54.701 0.0000000000
37822  -27.973  -46.574  52.124 0.0000000000
37841  -27.742  -46.716  51.154 0.0000000000
128755  -28.452  -46.802  51.421 0.0000000000
37844  -29.646  -47.358  51.121 0.0000000000
36765  -29.842  -46.817  51.885 0.0000000000
37865  -30.517  -47.488  50.408 0.0000000000
38841  -30.642  -46.790  50.498 0.0000000000
138730  -30.862  -46.578  49.991 0.0000000000
132345  -29.946  -44.402  55.374 0.0000000000
42913  -30.435  -44.394  54.749 0.0000000000
42919  -30.895  -44.349  54.092 0.0000000000
43898  -29.941  -43.209  54.282 0.0000000000
43906  -30.581  -43.709  53.809 0.0000000000
141345  -31.292  -44.582  53.756 0.0000000000
132409  -31.661  -45.108  52.360 0.0000000000
40948  -31.479  -44.811  51.776 0.0000000000
39934  -30.991  -45.435  50.585 0.0000000000
41944  -31.197  -44.867  51.632 0.0000000000
42967  -30.712  -44.419  51.316 0.0000000000
43935  -30.303  -43.872  51.471 0.0000000000
44898  -30.115  -42.771  52.448 0.0000000000
44910  -29.931  -42.888  51.840 0.0000000000
36719  -28.677  -46.684  54.111 0.0000000000
36731  -28.356  -46.635  53.663 0.0000000000
37797  -28.148  -46.592  53.093 0.0000000000
66965  -47.606  -18.546  40.113 0.0000000000
66975  -46.918  -18.848  39.326 0.0000000000
66964  -46.572  -18.557  40.357 0.0000000000
66947  -45.196  -18.245  41.600 0.0000000000
69786  -44.176  -15.078  41.762 0.0000000000
68906  -44.558  -16.107  41.701 0.0000000000
67976  -43.987  -16.970  41.403 0.0000000000
68904  -38.943  -16.509  41.243 0.0000000000
69782  -39.262  -15.821  40.745 0.0000000000
69791  -39.640  -15.295  40.319 0.0000000000
70719  -38.142  -14.320  40.232 0.0000000000
70720  -39.549  -14.741  39.756 0.0000000000
70711  -40.541  -15.215  40.194 0.0000000000
70721  -41.101  -15.103  39.754 0.0000000000
138521  -41.458  -15.168  39.455 0.0000000000
129202  -42.330  -15.349  38.585 0.0000000000
70732  -42.498  -14.416  37.945 0.0000000000
71626  -43.125  -14.189  37.718 0.0000000000
143617  -41.665  -12.362  37.957 0.0000000000
71625  -42.540  -13.491  37.677 0.0000000000
70738  -43.867  -14.549  37.580 0.0000000000
70739  -44.686  -14.593  37.443 0.0000000000
71642  -45.362  -14.286  37.455 0.0000000000
70740  -45.979  -14.835  37.277 0.0000000000
71627  -45.516  -13.413  37.576 0.0000000000
72552  -45.730  -12.443  37.833 0.0000000000
73461  -45.456  -11.558  38.108 0.0000000000
74345  -44.116  -10.767  38.531 0.0000000000
74346  -45.093  -10.817  38.498 0.0000000000
74347  -46.114  -10.992  38.549 0.0000000000
127857  -46.479  -10.280  39.106 0.0000000000
135411  -46.107  -9.172  40.018 0.0000000000
75167  -46.584  -8.726  40.310 0.0000000000
74309  -42.962  -10.103  42.670 0.0000000000
75152  -43.500  -9.513  42.136 0.0000000000
75153  -44.100  -9.056  41.711 0.0000000000
76027  -45.343  -8.328  41.420 0.0000000000
76036  -46.217  -8.075  40.987 0.0000000000
76037  -47.128  -8.144  40.687 0.0000000000
51839  -32.246  -33.908  44.435 0.0000000000
130473  -31.585  -33.781  44.264 0.0000000000
51857  -31.950  -33.649  43.713 0.0000000000
51877  -34.266  -33.688  42.811 0.0000000000
51896  -33.786  -33.471  42.000 0.0000000000
52843  -33.323  -33.143  41.332 0.0000000000
52890  -35.285  -32.435  40.012 0.0000000000
50928  -37.495  -33.102  42.780 0.0000000000
51900  -36.940  -32.753  42.329 0.0000000000
51915  -36.320  -32.497  41.769 0.0000000000
52845  -38.288  -32.080  42.487 0.0000000000
51916  -37.004  -32.304  42.000 0.0000000000
52869  -35.857  -32.425  40.961 0.0000000000
53873  -35.863  -31.761  39.867 0.0000000000
55813  -36.332  -30.565  40.110 0.0000000000
126565  -37.533  -30.038  41.451 0.0000000000
56658  -37.653  -29.154  41.514 0.0000000000
56657  -36.990  -29.303  40.820 0.0000000000
57501  -37.242  -28.326  40.931 0.0000000000
58364  -38.418  -27.194  41.575 0.0000000000
139664  -39.127  -26.652  41.746 0.0000000000
59304  -39.626  -25.982  41.307 0.0000000000
59292  -41.917  -25.600  42.277 0.0000000000
59280  -42.586  -25.831  43.722 0.0000000000
60254  -42.952  -25.104  43.236 0.0000000000
61195  -45.962  -23.393  44.415 0.0000000000
58307  -44.181  -26.864  45.546 0.0000000000
59248  -44.689  -26.124  45.895 0.0000000000
60226  -45.154  -25.371  46.052 0.0000000000
61163  -47.631  -24.160  47.013 0.0000000000
142916  -46.953  -24.037  46.674 0.0000000000
61179  -46.304  -23.892  46.159 0.0000000000
61180  -47.240  -23.375  46.279 0.0000000000
62096  -48.898  -22.527  45.928 0.0000000000
63100  -50.075  -21.654  45.653 0.0000000000
63101  -50.734  -21.465  46.402 0.0000000000
133863  -52.308  -20.086  47.248 0.0000000000
42939  -20.666  -43.047  52.506 0.0000000000
121400  -19.750  -43.032  53.027 0.0000000000
41898  -17.773  -44.194  54.344 0.0000000000
40937  -16.405  -44.582  52.430 0.0000000000
40922  -15.806  -45.044  52.866 0.0000000000
50854  -28.374  -35.496  45.122 0.0000000000
130392  -29.768  -34.412  45.305 0.0000000000
46712  -28.036  -38.563  50.338 0.0000000000
142298  -28.019  -38.275  49.777 0.0000000000
48783  -31.075  -36.502  50.545 0.0000000000
48782  -30.298  -36.554  50.123 0.0000000000
48799  -29.950  -36.529  49.567 0.0000000000
48822  -29.423  -36.551  48.930 0.0000000000
48841  -30.040  -36.058  48.349 0.0000000000
49824  -31.695  -35.684  47.663 0.0000000000
50836  -31.089  -34.907  46.326 0.0000000000
50879  -31.514  -34.040  44.972 0.0000000000
50880  -32.399  -34.219  45.159 0.0000000000
50882  -33.976  -34.197  45.147 0.0000000000
50843  -36.844  -34.165  46.597 0.0000000000
50862  -36.364  -34.021  45.689 0.0000000000
50885  -37.627  -33.971  44.555 0.0000000000
121361  -37.922  -33.766  43.842 0.0000000000
139333  -31.131  -46.925  48.194 0.0000000000
121938  -29.964  -47.697  47.479 0.0000000000
38896  -29.148  -47.677  46.844 0.0000000000
38918  -27.819  -47.708  45.738 0.0000000000
126753  -22.443  -44.302  55.064 0.0000000000
40925  -22.318  -43.860  54.293 0.0000000000
39884  -24.431  -44.533  53.213 0.0000000000
42952  -22.145  -43.111  50.736 0.0000000000
42966  -22.044  -43.114  49.882 0.0000000000
69804  -46.486  -15.319  36.822 0.0000000000
68948  -47.376  -15.543  35.833 0.0000000000
70742  -47.658  -14.555  37.254 0.0000000000
69812  -48.172  -15.153  36.093 0.0000000000
122222  -47.956  -15.289  35.318 0.0000000000
69823  -48.159  -15.019  34.705 0.0000000000
70767  -48.633  -14.477  33.306 0.0000000000
70771  -49.412  -14.244  32.882 0.0000000000
74337  -48.267  -10.444  39.404 0.0000000000
72540  -49.055  -12.022  38.778 0.0000000000
71631  -49.546  -13.468  38.072 0.0000000000
70744  -49.419  -14.069  37.446 0.0000000000
70753  -49.638  -14.565  35.432 0.0000000000
70768  -49.417  -14.145  33.729 0.0000000000
125374  -50.008  -14.234  32.474 0.0000000000
120737  -50.968  -14.406  31.619 0.0000000000
70780  -51.567  -14.577  31.170 0.0000000000
121268  -55.002  -14.259  30.934 0.0000000000
121450  -53.876  -13.246  32.986 0.0000000000
71682  -54.598  -13.401  32.655 0.0000000000
71683  -55.397  -13.550  32.264 0.0000000000
71675  -55.409  -13.178  33.117 0.0000000000
72584  -56.174  -12.557  34.365 0.0000000000
35704  -7.298  -50.321  55.125 0.0000000000
35703  -7.004  -50.669  55.566 0.0000000000
52809  -31.447  -33.364  43.116 0.0000000000
52821  -30.400  -33.436  42.014 0.0000000000
52908  -33.907  -33.000  38.375 0.0000000000
65095  -48.906  -20.582  39.974 0.0000000000
124577  -41.852  -25.458  41.353 0.0000000000
59307  -42.593  -25.384  41.231 0.0000000000
144053  -43.258  -25.421  41.219 0.0000000000
60289  -44.498  -25.465  41.455 0.0000000000
137896  -43.991  -25.681  40.935 0.0000000000
59309  -45.006  -26.259  40.686 0.0000000000
59310  -45.834  -26.752  41.108 0.0000000000
59311  -46.690  -26.920  41.350 0.0000000000
63109  -50.056  -21.864  44.350 0.0000000000
62105  -49.963  -22.501  43.672 0.0000000000
62114  -49.736  -23.157  43.244 0.0000000000
129314  -50.443  -21.401  43.412 0.0000000000
62115  -50.036  -23.062  42.898 0.0000000000
61206  -49.760  -23.614  42.498 0.0000000000
61222  -49.507  -24.284  42.138 0.0000000000
60274  -49.040  -24.922  41.751 0.0000000000
59296  -48.578  -25.699  41.358 0.0000000000
59314  -48.827  -25.882  41.085 0.0000000000
60299  -49.681  -24.572  40.962 0.0000000000
62139  -49.713  -23.484  40.854 0.0000000000
139662  -49.885  -21.611  41.725 0.0000000000
129962  -49.726  -21.879  41.325 0.0000000000
124180  -49.591  -22.165  40.803 0.0000000000
65096  -49.208  -20.812  40.580 0.0000000000
126716  -48.880  -19.861  39.663 0.0000000000
65979  -48.615  -19.337  39.635 0.0000000000
67942  -47.155  -17.205  42.757 0.0000000000
68887  -46.171  -15.841  42.796 0.0000000000
69772  -46.890  -15.814  43.604 0.0000000000
70705  -45.805  -14.836  43.384 0.0000000000
70704  -45.100  -14.448  43.026 0.0000000000
69753  -43.527  -14.661  43.545 0.0000000000
68870  -42.265  -15.950  43.408 0.0000000000
68868  -40.922  -16.985  42.719 0.0000000000
68853  -45.488  -16.222  45.328 0.0000000000
36682  -9.277  -48.413  58.188 0.0000000000
37749  -8.520  -48.455  55.371 0.0000000000
37779  -10.074  -47.862  53.060 0.0000000000
35681  -7.077  -49.618  58.776 0.0000000000
35669  -6.473  -50.065  59.301 0.0000000000
34603  -5.762  -50.536  59.524 0.0000000000
33642  -5.361  -52.615  55.524 0.0000000000
33613  -4.216  -52.580  57.498 0.0000000000
33614  -4.618  -51.777  58.142 0.0000000000
33598  -4.533  -51.539  58.934 0.0000000000
33572  -4.219  -51.417  60.208 0.0000000000
33570  -2.771  -51.402  60.072 0.0000000000
33583  -2.768  -51.921  59.340 0.0000000000
34588  -2.160  -51.399  60.165 0.0000000000
31532  -2.227  -54.076  56.313 0.0000000000
30398  -2.090  -54.569  55.712 0.0000000000
36734  -29.835  -46.732  53.673 0.0000000000
36749  -29.608  -46.648  52.770 0.0000000000
36751  -30.174  -46.747  53.132 0.0000000000
37743  -30.231  -46.340  54.857 0.0000000000
37756  -29.947  -46.645  54.516 0.0000000000
37757  -30.338  -46.474  54.290 0.0000000000
37768  -29.896  -46.870  54.117 0.0000000000
37769  -30.271  -46.730  53.907 0.0000000000
37770  -30.890  -46.309  53.559 0.0000000000
37783  -30.529  -46.660  53.290 0.0000000000
37784  -31.073  -46.327  52.960 0.0000000000
37800  -30.808  -46.463  52.827 0.0000000000
37801  -31.098  -46.276  52.457 0.0000000000
37846  -30.441  -46.808  51.039 0.0000000000
38762  -30.546  -46.137  54.514 0.0000000000
38763  -30.588  -45.951  54.696 0.0000000000
38779  -31.082  -46.124  54.116 0.0000000000
38804  -31.315  -46.075  52.514 0.0000000000
38823  -31.041  -46.006  51.407 0.0000000000
38858  -30.943  -45.896  50.306 0.0000000000
39796  -30.326  -45.626  55.880 0.0000000000
39797  -30.477  -45.466  55.209 0.0000000000
39811  -30.630  -45.604  54.774 0.0000000000
39825  -30.898  -45.565  54.385 0.0000000000
39844  -31.432  -45.854  53.466 0.0000000000
39887  -31.500  -45.349  52.047 0.0000000000
39903  -31.319  -45.569  51.789 0.0000000000
39920  -31.086  -45.696  51.188 0.0000000000
40896  -30.718  -45.363  54.692 0.0000000000
40913  -31.581  -45.079  53.900 0.0000000000
40928  -31.713  -45.488  52.696 0.0000000000
40929  -31.833  -45.083  52.942 0.0000000000
40947  -31.216  -45.274  51.404 0.0000000000
40959  -31.206  -44.860  51.180 0.0000000000
40970  -30.870  -45.304  49.815 0.0000000000
40991  -30.858  -45.414  46.781 0.0000000000
41892  -30.832  -44.797  54.577 0.0000000000
41902  -31.212  -44.933  54.202 0.0000000000
41903  -31.655  -44.836  53.468 0.0000000000
41916  -31.252  -44.407  53.204 0.0000000000
41917  -31.516  -44.741  52.724 0.0000000000
41931  -31.445  -44.895  52.118 0.0000000000
42897  -29.150  -44.014  56.174 0.0000000000
42932  -30.852  -44.023  52.997 0.0000000000
42940  -30.800  -44.152  52.459 0.0000000000
42941  -31.175  -44.571  52.325 0.0000000000
42953  -30.918  -44.458  51.944 0.0000000000
42991  -30.283  -44.483  49.030 0.0000000000
43912  -30.409  -43.158  53.163 0.0000000000
43934  -30.081  -43.392  51.538 0.0000000000
44892  -30.212  -42.626  53.039 0.0000000000
50914  -37.267  -33.440  43.158 0.0000000000
51836  -28.805  -34.726  43.911 0.0000000000
52808  -30.666  -33.353  42.901 0.0000000000
52824  -39.099  -32.583  43.039 0.0000000000
52847  -39.263  -32.328  42.977 0.0000000000
53827  -39.640  -31.943  43.170 0.0000000000
53828  -40.268  -31.868  43.796 0.0000000000
53844  -38.111  -31.704  42.244 0.0000000000
54795  -40.739  -30.837  43.899 0.0000000000
54805  -40.079  -30.835  43.341 0.0000000000
54820  -39.214  -31.729  42.773 0.0000000000
54833  -37.479  -31.381  41.659 0.0000000000
55793  -39.066  -30.064  42.654 0.0000000000
56624  -42.126  -29.305  44.270 0.0000000000
56646  -38.227  -29.832  42.081 0.0000000000
56670  -36.069  -29.629  39.507 0.0000000000
56681  -35.945  -29.543  38.437 0.0000000000
57472  -41.483  -28.707  43.771 0.0000000000
57485  -40.672  -28.601  43.280 0.0000000000
58368  -47.052  -27.310  41.105 0.0000000000
58376  -37.116  -27.661  40.058 0.0000000000
58377  -37.619  -27.353  40.834 0.0000000000
58381  -46.620  -27.378  40.418 0.0000000000
58393  -47.896  -27.169  39.701 0.0000000000
58400  -37.217  -27.448  38.988 0.0000000000
58402  -44.155  -27.081  39.082 0.0000000000
59263  -43.542  -26.158  44.976 0.0000000000
59279  -41.992  -26.291  43.372 0.0000000000
59295  -47.951  -26.180  41.346 0.0000000000
59297  -49.174  -25.126  41.408 0.0000000000
59305  -40.427  -25.861  41.634 0.0000000000
59308  -43.438  -25.663  40.522 0.0000000000
59312  -47.562  -27.016  41.436 0.0000000000
59313  -48.328  -26.801  41.269 0.0000000000
59324  -41.332  -25.426  40.802 0.0000000000
60242  -44.615  -24.896  45.239 0.0000000000
60255  -43.548  -24.640  43.166 0.0000000000
60270  -45.118  -25.245  41.979 0.0000000000
60273  -48.426  -25.255  41.755 0.0000000000
60291  -49.564  -24.631  41.461 0.0000000000
60298  -49.437  -25.237  41.009 0.0000000000
61207  -49.860  -23.400  42.365 0.0000000000
61221  -48.941  -24.502  42.267 0.0000000000
61248  -49.513  -25.025  40.443 0.0000000000
61249  -49.737  -23.973  41.067 0.0000000000
61257  -49.231  -24.609  39.877 0.0000000000
62094  -46.718  -22.990  45.250 0.0000000000
63108  -49.740  -21.904  44.764 0.0000000000
63117  -50.367  -22.055  43.006 0.0000000000
63131  -49.972  -22.761  41.863 0.0000000000
63140  -49.802  -22.662  41.212 0.0000000000
64116  -51.378  -21.243  46.994 0.0000000000
64117  -52.005  -20.690  47.569 0.0000000000
64135  -50.582  -20.952  44.163 0.0000000000
64163  -49.484  -21.398  40.943 0.0000000000
65059  -50.568  -20.734  43.366 0.0000000000
65063  -50.255  -20.938  42.504 0.0000000000
65073  -49.542  -20.634  41.659 0.0000000000
65074  -49.906  -21.121  41.951 0.0000000000
65086  -49.627  -21.272  41.455 0.0000000000
65926  -52.428  -19.564  46.856 0.0000000000
65968  -49.530  -19.959  41.901 0.0000000000
65981  -49.088  -20.027  41.157 0.0000000000
65991  -47.224  -19.509  38.858 0.0000000000
65992  -49.047  -20.157  40.403 0.0000000000
66907  -51.932  -18.110  45.964 0.0000000000
66918  -51.385  -18.507  45.061 0.0000000000
66948  -46.174  -18.282  41.487 0.0000000000
66950  -48.527  -18.646  41.643 0.0000000000
66966  -48.432  -18.861  40.149 0.0000000000
66976  -47.904  -19.040  39.350 0.0000000000
67908  -51.002  -17.235  46.177 0.0000000000
67915  -50.672  -17.298  45.255 0.0000000000
67925  -49.388  -17.817  43.270 0.0000000000
67938  -38.171  -17.548  42.059 0.0000000000
67945  -49.892  -18.115  43.250 0.0000000000
67963  -46.744  -17.738  42.152 0.0000000000
67966  -48.762  -18.348  42.267 0.0000000000
68854  -46.341  -16.080  45.377 0.0000000000
68869  -41.608  -16.464  43.052 0.0000000000
68872  -47.412  -16.325  43.702 0.0000000000
68875  -49.891  -17.434  44.005 0.0000000000
68882  -36.745  -16.433  42.165 0.0000000000
68884  -39.549  -16.977  41.778 0.0000000000
68889  -47.307  -16.702  43.289 0.0000000000
68903  -38.014  -16.683  41.406 0.0000000000
68905  -39.890  -16.288  41.342 0.0000000000
69733  -45.052  -15.692  45.059 0.0000000000
69735  -46.401  -15.455  44.863 0.0000000000
69738  -48.613  -16.526  45.003 0.0000000000
69744  -45.868  -14.956  44.443 0.0000000000
69747  -47.809  -16.282  44.572 0.0000000000
69751  -41.947  -15.547  42.697 0.0000000000
69757  -47.576  -16.188  44.108 0.0000000000
69769  -42.323  -14.707  42.241 0.0000000000
69771  -46.338  -15.344  43.368 0.0000000000
69779  -36.938  -15.727  41.756 0.0000000000
69781  -38.339  -15.862  40.884 0.0000000000
69783  -40.259  -15.656  40.868 0.0000000000
69787  -44.869  -15.439  42.208 0.0000000000
69797  -43.425  -15.490  37.825 0.0000000000
69803  -45.681  -15.428  36.897 0.0000000000
69807  -49.286  -14.508  36.715 0.0000000000
69838  -49.339  -14.906  31.693 0.0000000000
70681  -46.071  -14.745  44.071 0.0000000000
70682  -46.596  -15.213  44.156 0.0000000000
70686  -43.138  -14.025  42.536 0.0000000000
70688  -44.774  -14.301  43.264 0.0000000000
70689  -45.597  -14.569  43.641 0.0000000000
70690  -46.206  -14.934  43.791 0.0000000000
70700  -42.145  -14.847  41.620 0.0000000000
70703  -44.273  -13.973  42.540 0.0000000000
70710  -37.191  -14.348  41.644 0.0000000000
70714  -43.163  -14.142  41.630 0.0000000000
70715  -43.822  -14.086  41.834 0.0000000000
70716  -44.573  -14.590  42.408 0.0000000000
70725  -38.456  -13.547  39.811 0.0000000000
70726  -38.853  -14.228  39.679 0.0000000000
70727  -40.165  -13.886  38.694 0.0000000000
70733  -47.934  -13.842  37.671 0.0000000000
70743  -48.554  -14.392  37.246 0.0000000000
70746  -51.488  -13.644  37.606 0.0000000000
70761  -48.703  -14.568  34.249 0.0000000000
70778  -49.548  -14.498  32.237 0.0000000000
70779  -50.167  -14.580  31.763 0.0000000000
71615  -37.800  -13.156  41.523 0.0000000000
71623  -40.043  -13.128  38.417 0.0000000000
71632  -50.398  -13.313  38.287 0.0000000000
71634  -52.036  -13.414  38.140 0.0000000000
71640  -43.512  -13.638  37.567 0.0000000000
71641  -44.531  -13.737  37.487 0.0000000000
71679  -51.188  -13.627  32.879 0.0000000000
72530  -38.257  -12.625  40.960 0.0000000000
72537  -38.777  -12.969  39.434 0.0000000000
72547  -40.154  -12.351  38.506 0.0000000000
72548  -41.050  -12.171  38.204 0.0000000000
72575  -54.630  -12.428  35.686 0.0000000000
73413  -39.708  -11.651  42.870 0.0000000000
73427  -40.233  -11.249  42.389 0.0000000000
73428  -40.934  -10.932  42.654 0.0000000000
73431  -40.120  -11.193  41.548 0.0000000000
73433  -39.506  -11.628  39.982 0.0000000000
73442  -41.134  -10.995  39.015 0.0000000000
73444  -47.692  -10.765  39.090 0.0000000000
73445  -48.447  -11.280  39.043 0.0000000000
73459  -43.656  -11.465  38.036 0.0000000000
74319  -41.622  -10.532  40.275 0.0000000000
74330  -41.149  -10.799  39.716 0.0000000000
74334  -44.648  -10.208  39.061 0.0000000000
75178  -45.095  -9.731  39.596 0.0000000000
75179  -45.944  -9.690  39.555 0.0000000000
76026  -44.642  -8.759  41.396 0.0000000000
76038  -48.080  -8.368  40.507 0.0000000000
119984  -43.041  -14.957  38.023 0.0000000000
120491  -50.083  -14.212  36.938 0.0000000000
121365  -45.194  -15.002  37.288 0.0000000000
121393  -44.235  -9.125  42.535 0.0000000000
122596  -31.011  -45.187  50.749 0.0000000000
123158  -42.692  -11.602  38.066 0.0000000000
123518  -31.221  -46.175  51.964 0.0000000000
123591  -31.734  -45.394  53.435 0.0000000000
123998  -41.073  -25.576  39.736 0.0000000000
124297  -37.582  -33.581  43.458 0.0000000000
124887  -49.060  -10.724  39.450 0.0000000000
125790  -47.159  -10.343  39.202 0.0000000000
126435  -46.824  -15.600  36.253 0.0000000000
127191  -51.019  -20.626  45.091 0.0000000000
127779  -36.457  -32.214  41.440 0.0000000000
127933  -48.702  -22.337  44.808 0.0000000000
128159  -40.275  -14.593  39.289 0.0000000000
128429  -30.032  -43.604  50.981 0.0000000000
128666  -47.190  -27.326  39.756 0.0000000000
128820  -30.787  -46.455  51.970 0.0000000000
129550  -49.351  -23.771  42.733 0.0000000000
129753  -36.542  -29.778  40.291 0.0000000000
129808  -41.820  -11.824  38.141 0.0000000000
130014  -3.460  -51.024  61.264 0.0000000000
130648  -48.351  -16.463  45.476 0.0000000000
133095  -30.836  -44.837  54.488 0.0000000000
133138  -48.493  -19.018  40.915 0.0000000000
134040  -43.879  -24.629  43.814 0.0000000000
134550  -31.033  -46.107  53.710 0.0000000000
134863  -31.319  -45.515  53.982 0.0000000000
136997  -49.645  -22.183  46.084 0.0000000000
137698  -49.001  -18.073  42.720 0.0000000000
139368  -51.782  -20.699  46.867 0.0000000000
140351  -49.161  -25.858  39.620 0.0000000000
142132  -53.452  -12.677  36.157 0.0000000000
142707  -48.698  -20.165  39.237 0.0000000000
143101  -31.498  -44.854  53.943 0.0000000000
143331  -31.693  -45.695  53.120 0.0000000000
144375  -30.070  -46.687  52.449 0.0000000000
144856  -50.440  -17.490  44.517 0.0000000000
145081  -35.138  -32.869  41.165 0.0000000000
145364  -35.167  -33.994  45.197 0.0000000000
