#!ascii label  , from subject sub-v1s13x0050058_ses-1 vox2ras=TkReg
765
65615  -26.831  -20.286  -14.489 0.4285714328
67605  -27.380  -18.673  -14.588 0.2857142985
67606  -28.109  -18.272  -14.257 0.4285714328
68524  -28.805  -17.944  -13.929 0.4285714328
68560  -27.063  -17.343  -15.172 0.2857142985
68542  -28.245  -17.443  -14.341 0.4285714328
69439  -28.355  -16.586  -14.406 0.4285714328
70328  -27.848  -16.070  -14.802 0.4285714328
70329  -28.465  -15.832  -14.474 0.4285714328
71313  -27.759  -14.740  -15.688 0.4285714328
71314  -28.401  -14.263  -15.271 0.4285714328
71341  -27.153  -14.074  -17.403 0.5714285970
72221  -28.036  -13.905  -16.001 0.5714285970
72223  -29.331  -13.070  -15.175 0.2857142985
72239  -28.364  -13.100  -16.342 0.7142857313
74011  -29.295  -11.722  -16.118 0.7142857313
137499  -29.917  -11.559  -15.576 0.4285714328
73143  -28.588  -12.226  -16.593 0.7142857313
73128  -29.617  -12.256  -15.393 0.5714285970
74855  -29.892  -10.828  -16.055 0.5714285970
74027  -28.783  -11.481  -16.786 0.5714285970
74871  -29.458  -10.164  -16.772 0.5714285970
74872  -30.161  -10.021  -16.303 0.5714285970
74028  -29.245  -11.006  -16.612 0.5714285970
75711  -31.240  -9.497  -15.705 0.4285714328
76588  -30.623  -8.624  -16.693 0.5714285970
76589  -31.401  -8.069  -16.292 0.5714285970
75736  -29.455  -9.355  -17.294 0.7142857313
77582  -30.806  -7.633  -16.916 0.7142857313
77583  -31.387  -7.129  -16.531 0.5714285970
74895  -27.656  -9.711  -18.613 0.5714285970
76601  -30.163  -8.066  -17.342 0.8571428657
78519  -31.883  -6.702  -16.072 0.5714285970
76600  -29.427  -8.513  -17.794 0.7142857313
76599  -28.795  -8.654  -18.353 0.5714285970
79459  -30.930  -5.846  -17.168 0.7142857313
79449  -31.886  -5.889  -16.114 0.5714285970
77594  -30.328  -7.215  -17.492 0.7142857313
78527  -30.847  -6.701  -17.151 0.7142857313
79460  -31.403  -5.473  -16.611 0.5714285970
140342  -30.419  -6.687  -17.591 0.7142857313
140550  -31.799  -5.226  -16.121 0.5714285970
78536  -29.997  -6.691  -18.057 0.5714285970
79470  -30.406  -5.453  -17.761 0.7142857313
125726  -30.677  -4.388  -17.033 0.7142857313
80373  -31.311  -4.656  -16.429 0.7142857313
79481  -29.837  -5.119  -18.404 0.7142857313
80383  -30.201  -4.636  -17.757 0.7142857313
82037  -30.284  -2.915  -17.149 0.7142857313
81230  -30.816  -3.718  -16.553 0.5714285970
78544  -29.409  -6.296  -18.727 0.5714285970
129616  -30.680  -2.929  -16.355 0.5714285970
136143  -30.333  -2.218  -16.413 0.5714285970
80392  -29.627  -4.540  -18.436 0.8571428657
82036  -29.918  -2.112  -17.184 0.7142857313
82043  -29.693  -2.417  -17.891 0.7142857313
81252  -29.687  -4.010  -18.123 0.8571428657
81238  -29.745  -3.274  -17.940 0.7142857313
135854  -29.557  -1.438  -17.772 0.8571428657
136479  -29.804  -1.478  -16.710 0.5714285970
136149  -29.224  -1.954  -18.655 0.8571428657
143319  -29.338  -3.549  -18.573 0.8571428657
119171  -28.716  0.488  -18.337 0.8571428657
135853  -28.884  0.401  -17.502 0.8571428657
124782  -28.404  1.309  -18.733 0.8571428657
141644  -28.347  0.535  -19.345 1.0000000000
119517  -29.035  -1.069  -18.710 0.8571428657
119801  -28.211  2.102  -19.439 1.0000000000
126620  -27.714  3.274  -20.790 0.7142857313
119744  -28.144  1.634  -20.530 1.0000000000
136238  -28.061  3.017  -19.776 1.0000000000
88602  -26.713  5.123  -20.275 1.0000000000
132334  -26.126  4.972  -20.583 0.8571428657
89396  -25.937  6.581  -20.584 0.8571428657
91718  -25.413  9.160  -20.755 0.8571428657
90137  -25.083  7.960  -20.970 0.8571428657
90126  -25.574  7.443  -20.700 1.0000000000
92503  -24.211  10.194  -21.177 0.8571428657
124619  -25.147  9.970  -20.815 0.8571428657
92502  -23.350  10.956  -21.233 0.7142857313
91716  -23.008  9.589  -20.588 0.5714285970
93277  -22.773  11.328  -20.856 0.7142857313
93290  -22.963  11.858  -21.241 0.5714285970
132755  -22.133  10.916  -18.416 0.5714285970
91702  -22.576  9.921  -19.782 0.5714285970
93258  -22.186  11.652  -18.066 0.4285714328
127525  -22.550  12.808  -18.656 0.4285714328
94063  -22.503  12.775  -19.400 0.4285714328
93238  -22.455  11.726  -16.537 0.2857142985
93239  -23.412  12.041  -16.221 0.2857142985
93222  -24.041  11.550  -15.642 0.2857142985
68541  -27.555  -17.802  -14.659 0.2857142985
75723  -30.055  -9.403  -16.728 0.5714285970
78528  -31.424  -6.278  -16.619 0.5714285970
81239  -30.249  -3.825  -17.412 0.7142857313
136142  -29.100  -0.099  -16.869 0.8571428657
119173  -28.655  1.307  -17.586 0.8571428657
86816  -27.691  3.831  -19.926 0.8571428657
128981  -26.353  11.141  -14.748 0.1428571492
67625  -26.908  -18.149  -15.025 0.2857142985
69438  -27.686  -16.939  -14.729 0.2857142985
70330  -29.051  -15.228  -14.282 0.4285714328
70346  -26.807  -16.062  -16.039 0.2857142985
69457  -27.241  -16.487  -15.304 0.4285714328
71294  -28.781  -14.535  -14.712 0.4285714328
70363  -27.173  -15.238  -16.298 0.5714285970
72238  -27.739  -13.580  -16.854 0.5714285970
73127  -28.972  -12.636  -15.844 0.4285714328
73142  -27.978  -12.711  -17.151 0.2857142985
74870  -28.694  -10.756  -17.291 0.5714285970
76576  -31.764  -8.730  -15.660 0.4285714328
74882  -28.949  -9.928  -17.462 0.7142857313
75724  -30.670  -9.449  -16.225 0.7142857313
76575  -31.186  -8.895  -16.159 0.5714285970
75748  -28.280  -9.182  -18.468 0.5714285970
75735  -28.886  -9.300  -17.938 0.5714285970
76613  -29.006  -7.819  -18.555 0.5714285970
78545  -29.990  -5.867  -18.324 0.7142857313
130133  -30.470  -6.195  -17.695 0.7142857313
135668  -29.440  -0.832  -17.089 0.5714285970
136103  -28.463  2.182  -18.209 1.0000000000
119164  -28.097  -0.265  -20.115 1.0000000000
119163  -28.056  2.502  -20.613 0.8571428657
86830  -27.106  3.807  -20.885 0.7142857313
87718  -27.604  4.550  -19.510 1.0000000000
87735  -27.162  4.486  -20.218 1.0000000000
87734  -26.562  4.305  -20.730 0.7142857313
88601  -26.324  5.824  -20.435 0.8571428657
90956  -24.940  8.573  -21.064 0.8571428657
143007  -26.202  7.212  -20.368 1.0000000000
128861  -23.361  10.080  -21.051 0.7142857313
94057  -22.389  12.219  -18.749 0.7142857313
93276  -22.511  11.356  -20.070 0.7142857313
93289  -22.636  11.978  -20.631 0.7142857313
94032  -22.926  12.495  -16.799 0.2857142985
94848  -22.755  13.155  -18.234 0.4285714328
94070  -22.584  12.690  -20.276 0.4285714328
94856  -22.688  13.453  -19.201 0.4285714328
94033  -23.714  12.640  -16.573 0.2857142985
94046  -22.818  12.843  -17.446 0.4285714328
73157  -28.181  -11.719  -17.450 0.4285714328
74040  -27.576  -11.505  -18.260 0.4285714328
94045  -22.454  12.380  -17.884 0.4285714328
93266  -22.326  11.514  -19.043 0.7142857313
94031  -22.478  12.248  -17.150 0.2857142985
66597  -27.508  -19.527  -14.289 0.4285714328
66598  -27.991  -18.967  -14.142 0.4285714328
143638  -26.830  -18.692  -14.947 0.2857142985
66596  -26.740  -19.301  -14.849 0.2857142985
68559  -26.442  -17.788  -15.608 0.2857142985
70347  -27.486  -15.610  -15.450 0.4285714328
70348  -28.206  -15.156  -14.891 0.4285714328
71324  -27.465  -14.409  -16.559 0.4285714328
72222  -28.677  -13.462  -15.569 0.4285714328
76587  -29.954  -8.799  -17.162 0.7142857313
126500  -31.943  -7.939  -15.781 0.5714285970
74881  -28.290  -10.070  -18.074 0.7142857313
77593  -29.729  -7.560  -17.957 0.5714285970
80372  -30.837  -5.070  -17.120 0.7142857313
77605  -29.418  -7.051  -18.506 0.7142857313
79480  -29.303  -5.478  -18.880 0.8571428657
119481  -29.219  -0.371  -17.953 0.8571428657
82052  -29.256  -2.852  -18.627 0.8571428657
135929  -28.639  -0.270  -18.954 1.0000000000
91717  -24.630  9.288  -21.090 0.8571428657
90943  -23.768  9.257  -21.151 0.8571428657
92501  -22.752  10.540  -20.535 0.5714285970
92491  -22.401  10.737  -19.446 0.5714285970
92469  -21.948  10.990  -17.449 0.4285714328
92455  -23.500  10.864  -15.206 0.2857142985
93247  -22.190  11.669  -17.235 0.2857142985
93223  -25.642  11.018  -14.940 0.1428571492
73156  -27.594  -12.396  -18.008 0.2857142985
134249  -22.452  12.093  -19.694 0.5714285970
96290  -23.995  15.920  -18.979 0.2857142985
96291  -24.611  16.308  -18.376 0.1428571492
95588  -23.207  14.627  -18.974 0.2857142985
96296  -23.510  16.217  -19.888 0.2857142985
141642  -24.603  15.433  -18.238 0.1428571492
96284  -25.198  15.680  -17.791 0.1428571492
94047  -23.468  13.130  -17.064 0.1428571492
94849  -23.035  13.882  -18.590 0.2857142985
94839  -24.150  13.845  -17.421 0.1428571492
96301  -23.319  15.800  -21.045 0.2857142985
95593  -22.871  14.812  -19.914 0.2857142985
94865  -26.553  13.690  -20.728 0.2857142985
94874  -24.390  13.662  -21.481 0.2857142985
131998  -25.621  15.200  -17.345 0.1428571492
94082  -24.176  12.626  -21.449 0.2857142985
95596  -22.942  14.875  -20.736 0.2857142985
94857  -22.865  14.169  -19.390 0.2857142985
128764  -26.443  12.261  -20.140 0.1428571492
94083  -25.161  12.848  -21.057 0.2857142985
94873  -23.401  13.984  -21.457 0.2857142985
136914  -24.410  14.663  -17.940 0.1428571492
94872  -22.979  13.326  -21.238 0.2857142985
94863  -22.684  14.039  -20.227 0.2857142985
93269  -28.531  11.579  -19.321 0.1428571492
94065  -28.052  12.220  -19.707 0.1428571492
139340  -25.695  12.273  -20.600 0.4285714328
94081  -23.308  12.563  -21.420 0.2857142985
91704  -27.175  9.877  -18.994 0.2857142985
140702  -25.663  10.544  -20.502 0.4285714328
93279  -24.849  11.824  -21.079 0.2857142985
131289  -27.878  9.623  -18.330 0.1428571492
92492  -27.025  10.746  -19.266 0.2857142985
91719  -25.910  9.864  -20.363 0.5714285970
92504  -25.014  10.829  -20.914 0.7142857313
90109  -28.196  8.030  -17.792 0.1428571492
90918  -27.727  8.585  -18.270 0.1428571492
93291  -23.752  11.793  -21.425 0.4285714328
139134  -26.757  9.240  -19.469 0.4285714328
90100  -28.691  7.427  -17.409 0.2857142985
89381  -28.068  7.131  -17.927 0.7142857313
89387  -26.508  6.615  -20.150 0.8571428657
90931  -27.193  8.085  -18.960 0.8571428657
90945  -26.201  8.985  -20.196 0.5714285970
88565  -28.887  5.903  -17.011 0.2857142985
89371  -28.507  6.537  -17.530 0.2857142985
90930  -26.690  8.453  -19.575 0.7142857313
90136  -24.520  8.087  -21.052 0.5714285970
127808  -26.183  7.979  -20.262 0.8571428657
89380  -27.561  6.719  -18.706 0.7142857313
136406  -29.208  5.261  -16.386 0.1428571492
119165  -27.190  -0.923  -21.517 0.5714285970
136065  -28.146  0.718  -20.414 0.8571428657
119510  -27.988  1.107  -21.433 0.8571428657
136267  -28.009  2.116  -21.553 0.5714285970
87719  -28.038  4.195  -18.990 0.8571428657
88587  -26.875  5.934  -19.943 0.8571428657
119791  -28.747  4.354  -16.506 0.2857142985
87703  -27.930  5.000  -18.832 0.8571428657
131158  -27.291  6.083  -19.300 0.8571428657
119172  -28.829  3.718  -15.889 0.4285714328
87704  -28.322  4.578  -18.134 0.7142857313
128099  -28.023  6.355  -18.148 0.7142857313
129144  -26.748  -1.300  -21.094 0.2857142985
119167  -27.576  -0.681  -21.061 0.5714285970
136007  -27.472  -0.475  -21.921 0.5714285970
144908  -28.236  1.258  -19.665 0.8571428657
140552  -28.136  3.535  -19.160 0.8571428657
136067  -28.534  3.486  -16.729 0.4285714328
135742  -28.330  3.725  -18.350 0.8571428657
79496  -27.805  -5.353  -19.546 0.7142857313
79505  -26.822  -4.373  -19.675 0.4285714328
79497  -28.490  -5.050  -19.315 0.7142857313
81263  -28.625  -3.409  -19.166 0.8571428657
81270  -27.097  -3.374  -19.644 0.5714285970
133119  -26.830  -2.658  -19.763 0.5714285970
81269  -26.489  -2.771  -19.740 0.4285714328
140096  -27.939  -2.876  -19.540 0.8571428657
119594  -27.307  -2.736  -19.721 0.5714285970
136048  -27.231  -1.227  -20.652 0.5714285970
136073  -27.906  -1.141  -20.115 0.7142857313
119530  -28.472  3.090  -17.654 0.7142857313
119612  -28.334  2.937  -18.752 0.8571428657
119898  -29.106  2.033  -15.459 0.2857142985
119166  -28.705  1.696  -16.487 0.4285714328
119422  -28.658  2.755  -16.235 0.5714285970
143043  -28.398  -7.594  -19.096 0.4285714328
77617  -27.986  -6.891  -19.385 0.4285714328
79495  -27.121  -5.275  -19.674 0.4285714328
81251  -29.178  -4.103  -18.845 0.7142857313
80404  -28.319  -4.243  -19.339 0.7142857313
119606  -28.531  -1.613  -19.374 0.8571428657
136123  -28.901  1.120  -15.937 0.2857142985
135850  -28.820  0.760  -16.701 0.5714285970
76612  -28.344  -8.372  -18.833 0.4285714328
125170  -27.031  -7.714  -19.323 0.5714285970
78555  -28.136  -6.179  -19.406 0.5714285970
80391  -29.157  -4.759  -18.931 0.7142857313
135852  -29.535  -0.650  -16.094 0.4285714328
119480  -29.099  0.316  -15.972 0.4285714328
119629  -29.380  1.029  -15.271 0.4285714328
74880  -27.499  -10.575  -18.463 0.5714285970
80362  -31.945  -4.735  -15.701 0.4285714328
82028  -30.795  -2.520  -15.786 0.4285714328
82016  -30.839  -1.921  -15.260 0.4285714328
119638  -30.231  -1.487  -15.805 0.4285714328
71295  -29.392  -14.306  -14.355 0.1428571492
81231  -31.475  -3.998  -15.794 0.4285714328
81218  -31.107  -3.231  -15.803 0.4285714328
82017  -31.341  -2.703  -15.077 0.4285714328
73110  -30.683  -12.365  -14.343 0.1428571492
74857  -31.267  -10.084  -15.310 0.2857142985
78502  -32.957  -6.742  -14.852 0.2857142985
80320  -32.790  -4.574  -14.178 0.2857142985
79426  -32.763  -5.784  -15.025 0.2857142985
141106  -32.506  -4.989  -15.041 0.2857142985
78520  -32.374  -6.296  -15.560 0.2857142985
80344  -32.091  -4.115  -14.976 0.2857142985
72202  -30.339  -13.186  -14.166 0.1428571492
73109  -29.969  -12.697  -14.753 0.1428571492
72200  -29.011  -13.832  -14.905 0.1428571492
73996  -31.144  -11.347  -14.582 0.2857142985
75697  -33.154  -8.982  -14.201 0.2857142985
76562  -33.293  -8.164  -14.380 0.2857142985
77552  -32.854  -7.719  -14.905 0.2857142985
76560  -32.260  -8.884  -15.113 0.2857142985
77553  -33.323  -7.428  -14.441 0.2857142985
74824  -32.417  -10.701  -13.848 0.2857142985
73111  -31.415  -12.153  -13.845 0.2857142985
74839  -32.178  -10.135  -14.433 0.2857142985
126413  -31.831  -10.806  -14.301 0.2857142985
73995  -30.291  -11.880  -14.990 0.2857142985
69421  -28.951  -17.083  -14.060 0.2857142985
72185  -30.052  -13.960  -13.926 0.1428571492
65598  -27.740  -20.346  -13.916 0.2857142985
70309  -29.034  -16.204  -14.114 0.2857142985
66580  -29.082  -19.928  -13.259 0.1428571492
64730  -27.230  -21.056  -13.972 0.2857142985
63746  -26.889  -21.672  -13.961 0.1428571492
73979  -31.921  -11.409  -13.865 0.2857142985
75678  -32.914  -9.880  -13.902 0.2857142985
76561  -32.744  -8.547  -14.766 0.2857142985
79427  -33.284  -5.998  -14.330 0.2857142985
79450  -32.254  -5.468  -15.626 0.4285714328
81202  -32.427  -3.734  -14.123 0.2857142985
79506  -27.267  -4.599  -19.643 0.7142857313
81219  -31.585  -3.468  -15.262 0.4285714328
119584  -27.693  -1.996  -19.793 0.5714285970
135851  -29.694  0.115  -15.262 0.2857142985
90955  -24.346  8.700  -21.173 0.5714285970
90944  -25.563  8.340  -20.677 0.7142857313
89388  -27.013  6.685  -19.480 0.8571428657
94080  -22.801  12.624  -21.024 0.2857142985
128153  -27.215  8.990  -18.890 0.4285714328
91703  -26.557  9.900  -19.706 0.4285714328
95564  -25.737  14.431  -17.169 0.1428571492
93267  -26.763  11.550  -19.668 0.1428571492
95601  -23.278  14.858  -21.258 0.2857142985
128596  -28.965  -19.219  -13.401 0.1428571492
68525  -29.518  -17.586  -13.604 0.1428571492
73089  -30.999  -12.956  -13.729 0.1428571492
73091  -32.145  -12.090  -13.332 0.1428571492
74012  -30.510  -11.098  -15.370 0.2857142985
74838  -31.526  -10.426  -14.798 0.2857142985
75696  -32.516  -9.341  -14.593 0.2857142985
77529  -33.766  -7.729  -13.935 0.2857142985
78477  -33.637  -6.829  -13.995 0.2857142985
76624  -27.721  -7.874  -19.237 0.5714285970
76577  -32.351  -8.193  -15.329 0.2857142985
140761  -27.125  -6.098  -19.613 0.2857142985
81181  -32.268  -3.082  -13.967 0.2857142985
128512  -27.804  -4.665  -19.540 0.7142857313
80407  -26.582  -3.572  -19.670 0.4285714328
80408  -26.948  -3.898  -19.653 0.5714285970
81201  -31.919  -3.267  -14.611 0.4285714328
136006  -26.271  -1.263  -21.657 0.2857142985
120056  -26.580  -1.913  -20.141 0.5714285970
135894  -26.789  -0.969  -21.986 0.2857142985
82781  -31.100  -1.361  -14.618 0.1428571492
136005  -30.223  -0.663  -15.260 0.4285714328
119169  -30.459  0.070  -14.590 0.1428571492
119994  -30.084  0.933  -14.542 0.1428571492
136845  -28.501  2.909  -16.921 0.5714285970
119619  -29.409  4.571  -15.683 0.2857142985
88554  -28.650  4.951  -17.233 0.4285714328
89372  -29.185  6.839  -16.942 0.1428571492
90919  -28.377  8.929  -17.806 0.1428571492
145074  -25.018  14.281  -17.526 0.1428571492
92493  -27.761  10.586  -18.705 0.2857142985
93259  -28.450  11.029  -18.726 0.1428571492
93268  -27.707  11.540  -19.155 0.1428571492
94071  -26.092  12.968  -20.562 0.2857142985
94072  -26.874  12.945  -20.233 0.1428571492
94073  -27.598  12.796  -20.245 0.1428571492
67587  -30.119  -18.054  -13.171 0.1428571492
71277  -30.650  -14.428  -13.347 0.1428571492
119575  -29.663  2.754  -14.642 0.2857142985
93281  -28.697  11.904  -20.020 0.1428571492
95598  -26.964  14.330  -21.205 0.2857142985
143721  -26.269  -19.925  -15.063 0.2857142985
133254  -28.336  -19.603  -13.746 0.2857142985
67585  -28.582  -18.749  -13.793 0.1428571492
67586  -29.353  -18.513  -13.374 0.1428571492
69422  -29.635  -16.708  -13.715 0.1428571492
72201  -29.667  -13.497  -14.536 0.1428571492
74856  -30.674  -10.227  -15.723 0.2857142985
77572  -31.792  -7.415  -16.039 0.4285714328
78556  -28.665  -5.854  -19.233 0.5714285970
77604  -28.757  -6.829  -19.055 0.4285714328
143100  -30.555  -2.041  -15.824 0.4285714328
82057  -28.555  -2.484  -19.241 0.7142857313
119170  -28.467  -0.888  -19.459 0.8571428657
93278  -24.230  11.095  -21.274 0.5714285970
94862  -22.581  13.283  -19.966 0.2857142985
126269  -28.021  -10.927  -17.934 0.5714285970
75712  -31.817  -9.583  -15.086 0.2857142985
88588  -27.309  5.276  -19.554 0.8571428657
90116  -26.692  7.472  -19.688 0.8571428657
94871  -22.694  13.364  -20.703 0.2857142985
94838  -23.233  13.557  -17.762 0.2857142985
96289  -23.343  15.396  -19.435 0.2857142985
95580  -23.803  15.086  -18.561 0.2857142985
95581  -25.196  14.917  -17.734 0.1428571492
122630  -23.099  15.591  -20.366 0.2857142985
95579  -23.582  14.312  -18.136 0.1428571492
94864  -25.599  13.737  -21.089 0.2857142985
95602  -24.050  14.748  -21.526 0.2857142985
134139  -22.827  14.101  -21.032 0.2857142985
93280  -25.835  11.424  -20.398 0.2857142985
94064  -27.265  12.291  -19.747 0.1428571492
133810  -23.608  13.221  -21.476 0.2857142985
92505  -26.297  10.675  -19.965 0.4285714328
91687  -28.710  9.773  -17.958 0.1428571492
90108  -27.648  7.658  -18.404 0.4285714328
90117  -27.227  7.321  -19.048 0.7142857313
88576  -28.301  5.584  -17.940 0.5714285970
88575  -27.731  5.828  -18.741 0.8571428657
136023  -27.838  0.105  -21.293 0.5714285970
135910  -27.422  1.611  -22.127 0.4285714328
136050  -28.443  4.041  -17.415 0.4285714328
78554  -27.547  -6.049  -19.557 0.5714285970
80403  -27.447  -4.072  -19.586 0.7142857313
81262  -27.725  -3.495  -19.539 0.7142857313
141974  -26.746  -3.267  -19.649 0.4285714328
136055  -26.991  -1.883  -20.115 0.5714285970
136725  -26.109  -3.137  -19.767 0.2857142985
135999  -28.545  2.318  -17.166 0.5714285970
77616  -27.363  -6.852  -19.489 0.5714285970
129819  -31.319  -2.013  -14.594 0.4285714328
140036  -30.657  -1.224  -15.132 0.4285714328
120375  -31.027  -10.642  -15.163 0.2857142985
79402  -32.967  -5.328  -14.483 0.2857142985
77573  -32.335  -7.282  -15.529 0.2857142985
72186  -30.648  -13.628  -13.642 0.1428571492
65599  -28.527  -20.506  -13.457 0.1428571492
64716  -27.998  -21.135  -13.582 0.1428571492
94823  -25.221  13.661  -17.067 0.1428571492
66564  -29.590  -19.327  -12.995 0.1428571492
68526  -30.241  -17.226  -13.330 0.1428571492
89394  -24.509  6.823  -20.456 0.5714285970
88600  -25.553  5.700  -20.582 0.4285714328
144278  -24.819  6.065  -20.418 0.4285714328
89395  -25.199  6.659  -20.723 0.5714285970
133593  -25.539  4.799  -20.583 0.4285714328
86829  -26.350  3.735  -21.423 0.4285714328
87733  -25.924  4.173  -20.870 0.4285714328
138260  -27.799  2.884  -21.491 0.5714285970
80322  -33.942  -4.975  -12.805 0.1428571492
123319  -32.839  -4.007  -13.564 0.1428571492
81182  -32.760  -3.324  -13.375 0.1428571492
80308  -35.639  -4.585  -12.421 0.1428571492
81170  -35.028  -3.743  -12.385 0.1428571492
81183  -33.918  -4.041  -12.567 0.1428571492
125376  -36.069  -3.813  -12.477 0.1428571492
71323  -26.848  -14.866  -17.118 0.2857142985
78478  -34.196  -6.534  -13.264 0.1428571492
122622  -34.831  -6.172  -12.689 0.1428571492
131270  -33.716  -6.094  -13.654 0.1428571492
79386  -34.555  -5.406  -12.660 0.1428571492
80309  -36.468  -4.467  -12.518 0.1428571492
79387  -35.288  -5.399  -12.480 0.1428571492
126323  -37.477  -2.981  -14.008 0.1428571492
81171  -36.989  -3.855  -12.790 0.1428571492
70378  -26.165  -15.220  -17.535 0.2857142985
75679  -33.588  -9.350  -13.594 0.1428571492
76538  -34.270  -8.139  -13.437 0.1428571492
77530  -34.262  -7.317  -13.427 0.1428571492
78461  -35.758  -6.149  -12.526 0.1428571492
143725  -35.155  -7.277  -12.789 0.1428571492
79388  -36.296  -5.325  -12.480 0.1428571492
78460  -35.389  -6.838  -12.689 0.1428571492
80310  -37.200  -4.775  -12.732 0.1428571492
80324  -38.399  -4.324  -13.967 0.1428571492
81203  -37.762  -3.070  -14.874 0.1428571492
81185  -37.650  -3.795  -13.450 0.1428571492
70362  -26.504  -15.661  -16.859 0.2857142985
70361  -25.845  -15.967  -17.332 0.2857142985
69470  -26.167  -16.579  -16.694 0.2857142985
74825  -33.107  -10.631  -13.349 0.1428571492
75661  -34.080  -9.728  -13.044 0.1428571492
75680  -34.223  -8.935  -13.305 0.1428571492
76517  -34.714  -8.519  -13.044 0.1428571492
123213  -36.147  -6.882  -12.603 0.1428571492
77507  -34.860  -7.750  -12.970 0.1428571492
79389  -37.415  -6.200  -12.711 0.1428571492
80323  -37.914  -4.627  -13.240 0.1428571492
79405  -37.783  -5.444  -12.909 0.1428571492
82029  -37.781  -2.491  -15.785 0.1428571492
73980  -32.646  -11.376  -13.325 0.1428571492
74808  -33.792  -10.506  -12.868 0.1428571492
75663  -35.786  -9.209  -12.474 0.1428571492
74809  -34.553  -10.278  -12.499 0.1428571492
77510  -37.410  -7.589  -12.676 0.1428571492
75662  -34.858  -9.303  -12.741 0.1428571492
78462  -36.965  -6.893  -12.670 0.1428571492
76519  -36.161  -8.372  -12.565 0.1428571492
78463  -37.803  -6.889  -12.784 0.1428571492
80345  -38.752  -4.378  -14.750 0.1428571492
79406  -38.602  -5.369  -13.504 0.1428571492
81220  -38.112  -3.297  -15.660 0.1428571492
81204  -38.309  -3.753  -14.791 0.1428571492
73968  -33.403  -11.288  -12.807 0.1428571492
74811  -36.324  -9.957  -12.147 0.1428571492
74810  -35.414  -10.078  -12.254 0.1428571492
73969  -34.207  -11.139  -12.335 0.1428571492
77511  -38.258  -7.600  -12.873 0.1428571492
76521  -37.968  -8.332  -12.655 0.1428571492
78479  -38.591  -6.920  -13.119 0.1428571492
123114  -38.987  -6.321  -13.442 0.1428571492
74784  -36.881  -10.660  -11.838 0.1428571492
74782  -35.052  -10.933  -11.922 0.1428571492
124355  -38.122  -9.934  -12.385 0.1428571492
74812  -37.239  -9.896  -12.204 0.1428571492
76539  -38.714  -8.297  -13.038 0.1428571492
132437  -37.632  -9.113  -12.452 0.1428571492
79407  -39.314  -5.879  -13.998 0.1428571492
139953  -39.146  -6.999  -13.475 0.1428571492
77508  -35.642  -7.593  -12.685 0.1428571492
76537  -33.709  -8.548  -13.805 0.1428571492
82792  -38.036  -1.653  -16.125 0.1428571492
132353  -37.950  -3.575  -14.160 0.1428571492
144545  -37.493  -4.240  -13.014 0.1428571492
79403  -33.437  -5.318  -13.668 0.1428571492
79428  -39.033  -5.032  -14.322 0.1428571492
80363  -38.661  -4.019  -15.628 0.1428571492
82038  -37.969  -2.102  -16.950 0.1428571492
119877  -27.156  3.397  -21.713 0.4285714328
133762  -37.661  -1.884  -15.285 0.1428571492
82018  -37.494  -2.368  -14.715 0.1428571492
125811  -36.398  -3.098  -12.790 0.1428571492
82006  -37.053  -2.200  -13.792 0.1428571492
81168  -33.437  -3.280  -12.745 0.1428571492
90124  -24.064  7.602  -20.649 0.4285714328
90135  -23.888  8.398  -20.963 0.4285714328
94875  -27.538  13.875  -21.381 0.1428571492
90125  -24.814  7.414  -20.882 0.4285714328
95597  -26.144  14.570  -21.283 0.1428571492
80321  -33.319  -4.475  -13.252 0.1428571492
141172  -33.495  -10.022  -13.349 0.1428571492
135273  -31.827  -2.476  -14.152 0.1428571492
136513  -33.202  -3.838  -13.027 0.1428571492
80307  -34.706  -4.700  -12.494 0.1428571492
79404  -34.081  -5.764  -13.053 0.1428571492
81993  -35.076  -2.717  -12.443 0.1428571492
78459  -34.780  -6.973  -12.936 0.1428571492
81184  -37.027  -3.040  -13.295 0.1428571492
121503  -36.603  -6.191  -12.579 0.1428571492
138838  -37.070  -5.597  -12.639 0.1428571492
76518  -35.328  -8.450  -12.741 0.1428571492
77509  -36.548  -7.596  -12.620 0.1428571492
79390  -38.249  -6.168  -12.989 0.1428571492
76520  -37.051  -8.337  -12.550 0.1428571492
134152  -36.689  -9.134  -12.397 0.1428571492
77531  -38.954  -7.605  -13.280 0.1428571492
63744  -25.638  -22.545  -14.820 0.1428571492
64729  -26.494  -21.232  -14.436 0.1428571492
63763  -25.160  -22.108  -15.551 0.1428571492
64748  -25.403  -21.290  -15.477 0.1428571492
64749  -25.946  -20.702  -15.084 0.1428571492
65633  -25.707  -19.953  -15.511 0.1428571492
67624  -26.339  -18.668  -15.378 0.1428571492
66616  -25.575  -19.152  -15.870 0.1428571492
67641  -25.809  -18.223  -16.046 0.1428571492
68573  -26.053  -17.424  -16.319 0.1428571492
131483  -24.462  -19.041  -16.239 0.1428571492
68571  -24.576  -17.783  -16.657 0.1428571492
128786  -25.636  -17.118  -16.787 0.1428571492
121832  -24.248  -17.180  -16.792 0.1428571492
69468  -24.449  -16.483  -17.125 0.1428571492
70377  -25.390  -15.407  -17.642 0.1428571492
69485  -25.102  -16.037  -17.462 0.1428571492
71339  -25.712  -14.692  -17.908 0.2857142985
71340  -26.445  -14.444  -17.783 0.1428571492
72253  -26.750  -13.669  -18.064 0.1428571492
73155  -27.028  -12.887  -18.333 0.2857142985
75747  -26.608  -9.886  -18.869 0.4285714328
76611  -27.696  -8.887  -18.865 0.4285714328
76623  -27.153  -8.628  -19.107 0.4285714328
85952  -26.213  2.962  -22.176 0.2857142985
88586  -23.993  4.956  -19.632 0.2857142985
71338  -24.916  -14.795  -17.746 0.1428571492
71352  -26.022  -13.966  -18.215 0.2857142985
72254  -27.405  -13.244  -17.707 0.1428571492
66634  -25.130  -19.936  -15.940 0.1428571492
67640  -25.003  -18.558  -16.443 0.1428571492
70360  -24.468  -15.500  -17.369 0.1428571492
72251  -24.738  -13.430  -17.943 0.2857142985
72263  -25.547  -13.362  -18.286 0.2857142985
72264  -26.307  -13.181  -18.412 0.2857142985
73167  -27.085  -12.071  -18.532 0.2857142985
74050  -26.984  -11.208  -18.645 0.4285714328
129455  -26.900  -10.494  -18.717 0.4285714328
125315  -25.939  -10.011  -18.909 0.2857142985
119559  -27.487  0.522  -22.069 0.2857142985
135808  -26.415  1.041  -22.253 0.2857142985
85960  -26.596  2.068  -22.259 0.2857142985
85951  -25.175  2.858  -22.039 0.2857142985
134674  -25.552  3.434  -21.804 0.2857142985
86828  -25.490  3.615  -21.094 0.2857142985
87717  -24.259  4.115  -20.062 0.2857142985
88599  -24.754  5.092  -20.312 0.2857142985
73166  -26.564  -12.491  -18.542 0.2857142985
85959  -25.445  1.959  -22.181 0.2857142985
136624  -25.738  0.236  -22.196 0.2857142985
86815  -24.284  3.256  -20.262 0.2857142985
87732  -25.151  4.183  -20.637 0.2857142985
85950  -24.599  2.208  -21.319 0.2857142985
86827  -24.887  3.047  -21.162 0.2857142985
74894  -27.141  -10.029  -18.711 0.4285714328
69456  -26.603  -16.941  -15.832 0.1428571492
66617  -26.116  -19.394  -15.332 0.1428571492
133220  -24.801  3.596  -20.682 0.2857142985
69469  -25.367  -16.611  -17.206 0.1428571492
64728  -25.797  -21.646  -14.933 0.1428571492
65647  -25.303  -20.647  -15.679 0.1428571492
68572  -25.383  -17.734  -16.586 0.1428571492
122829  -24.955  -17.201  -17.007 0.1428571492
72252  -25.252  -14.098  -18.021 0.2857142985
86826  -24.358  2.647  -20.496 0.2857142985
76622  -26.572  -8.480  -19.187 0.2857142985
97007  -25.795  17.776  -22.237 0.1428571492
96304  -25.006  17.008  -21.894 0.1428571492
142769  -25.749  15.511  -21.710 0.1428571492
97681  -26.350  18.061  -22.484 0.1428571492
125794  -24.811  15.853  -21.720 0.1428571492
133914  -24.004  17.809  -19.935 0.1428571492
77615  -26.857  -6.793  -19.506 0.2857142985
95604  -26.480  15.360  -21.857 0.1428571492
96305  -26.009  16.783  -22.336 0.1428571492
127742  -23.827  15.663  -21.447 0.1428571492
95603  -25.047  14.677  -21.556 0.1428571492
97005  -24.294  17.064  -21.520 0.1428571492
120785  -23.980  17.863  -20.669 0.1428571492
97002  -23.722  16.896  -21.060 0.1428571492
96992  -24.132  17.013  -19.312 0.1428571492
96997  -23.371  16.305  -20.653 0.1428571492
75758  -27.152  -9.417  -18.879 0.2857142985
97679  -25.651  18.417  -21.785 0.1428571492
144918  -24.294  16.377  -21.592 0.1428571492
137740  -23.804  16.358  -21.372 0.1428571492
119155  -24.316  0.801  -21.005 0.1428571492
135620  -25.316  0.928  -22.129 0.1428571492
119794  -24.672  1.259  -21.637 0.1428571492
86814  -23.826  2.844  -19.648 0.1428571492
86806  -22.542  2.974  -18.273 0.1428571492
86813  -21.851  4.156  -18.568 0.1428571492
129596  -23.538  3.652  -19.475 0.1428571492
144256  -20.950  4.759  -19.107 0.1428571492
126925  -21.063  5.325  -19.185 0.1428571492
80402  -26.349  -4.076  -19.746 0.1428571492
135807  -25.727  -1.293  -21.336 0.1428571492
120019  -24.309  1.524  -20.873 0.1428571492
87716  -23.258  4.515  -19.345 0.1428571492
140549  -23.265  5.302  -19.239 0.1428571492
132168  -22.139  5.155  -18.928 0.1428571492
88574  -21.734  5.770  -18.882 0.2857142985
142677  -23.303  7.391  -19.262 0.2857142985
90909  -21.963  9.460  -17.490 0.2857142985
90906  -21.664  8.972  -16.830 0.2857142985
92463  -21.607  10.255  -16.919 0.2857142985
92443  -24.077  10.385  -14.518 0.1428571492
89393  -23.938  6.981  -20.067 0.2857142985
143046  -23.093  6.691  -18.860 0.2857142985
90115  -23.502  7.582  -19.875 0.2857142985
90942  -23.300  8.780  -20.567 0.2857142985
90928  -22.632  8.743  -19.024 0.2857142985
90910  -22.216  8.566  -17.644 0.2857142985
91686  -22.306  9.501  -18.406 0.2857142985
92481  -22.304  10.146  -18.837 0.2857142985
92464  -21.915  10.940  -16.565 0.1428571492
91674  -21.337  9.758  -16.297 0.2857142985
94011  -24.582  12.284  -16.157 0.1428571492
94012  -25.607  12.175  -15.903 0.1428571492
127266  -21.733  8.178  -16.537 0.1428571492
129872  -21.804  7.318  -16.499 0.1428571492
88573  -20.908  5.533  -18.963 0.2857142985
90902  -21.243  9.012  -15.778 0.2857142985
92452  -21.547  10.296  -16.193 0.2857142985
92454  -22.468  10.701  -15.493 0.1428571492
92441  -22.008  10.191  -15.241 0.1428571492
87690  -20.833  4.458  -18.328 0.2857142985
90894  -21.929  8.852  -14.492 0.1428571492
140876  -23.785  9.704  -13.905 0.1428571492
91653  -22.100  9.499  -14.751 0.1428571492
86773  -21.086  2.887  -16.828 0.1428571492
119174  -29.781  1.839  -14.572 0.1428571492
119795  -26.251  -1.526  -20.842 0.1428571492
135906  -25.019  -0.798  -21.396 0.1428571492
131116  -29.380  3.875  -15.326 0.1428571492
119368  -24.662  -0.791  -20.425 0.1428571492
119975  -24.160  1.269  -19.994 0.1428571492
119152  -23.636  1.706  -19.050 0.1428571492
85949  -24.153  2.078  -19.979 0.1428571492
140501  -22.980  2.692  -18.565 0.1428571492
87702  -21.124  4.242  -18.644 0.1428571492
89378  -22.553  6.548  -18.558 0.1428571492
90099  -22.397  7.472  -17.984 0.1428571492
125197  -22.645  8.164  -18.406 0.2857142985
90092  -22.073  8.197  -17.199 0.1428571492
91646  -22.481  8.896  -14.084 0.1428571492
129724  -21.396  8.641  -14.921 0.2857142985
92442  -22.925  10.107  -14.731 0.1428571492
93220  -22.195  11.088  -16.038 0.1428571492
119179  -29.173  3.136  -15.340 0.1428571492
119175  -29.788  3.642  -14.775 0.1428571492
90941  -22.734  9.104  -19.908 0.2857142985
93221  -22.957  11.352  -15.849 0.1428571492
122697  -21.968  10.245  -17.887 0.2857142985
126073  -25.147  11.609  -15.521 0.1428571492
119159  -26.170  -2.145  -20.011 0.1428571492
136230  -26.670  -0.098  -22.198 0.1428571492
129977  -23.559  8.122  -20.451 0.2857142985
89386  -24.038  6.034  -19.787 0.1428571492
135720  -24.893  0.176  -21.764 0.1428571492
85938  -23.508  2.448  -18.968 0.1428571492
136269  -24.249  0.583  -20.169 0.1428571492
135983  -24.534  -0.038  -20.840 0.1428571492
129242  -23.020  3.290  -18.796 0.1428571492
87715  -22.490  4.311  -18.893 0.1428571492
119461  -25.767  -0.747  -22.069 0.1428571492
88572  -20.742  4.988  -18.958 0.1428571492
87714  -21.285  4.859  -19.134 0.1428571492
135998  -25.227  -1.354  -20.669 0.1428571492
88585  -22.918  6.033  -19.003 0.2857142985
89379  -23.046  7.299  -18.719 0.2857142985
89385  -23.484  6.857  -19.363 0.2857142985
144959  -21.511  9.663  -16.853 0.2857142985
90089  -21.413  8.028  -15.700 0.1428571492
91654  -24.633  9.939  -13.991 0.1428571492
90114  -23.070  7.897  -19.153 0.2857142985
90929  -23.112  8.346  -19.852 0.2857142985
90917  -22.365  8.886  -18.168 0.2857142985
92453  -21.825  10.530  -15.838 0.1428571492
91652  -21.503  9.251  -15.047 0.2857142985
94035  -25.573  12.884  -16.439 0.1428571492
91665  -21.478  9.869  -15.540 0.2857142985
89377  -21.881  6.201  -18.484 0.1428571492
72237  -23.231  -13.414  -16.777 0.1428571492
72262  -25.057  -12.819  -18.224 0.1428571492
128556  -23.612  -12.790  -17.119 0.1428571492
73153  -23.645  -12.018  -17.193 0.1428571492
74039  -23.627  -11.111  -17.403 0.1428571492
73154  -24.301  -12.617  -17.745 0.1428571492
130671  -24.289  -11.656  -17.852 0.1428571492
74049  -26.423  -11.764  -18.663 0.1428571492
74879  -23.571  -10.142  -17.572 0.1428571492
74892  -25.322  -10.559  -18.628 0.1428571492
74893  -26.280  -10.780  -18.770 0.1428571492
74890  -24.173  -9.939  -18.112 0.1428571492
75746  -25.299  -9.536  -18.806 0.1428571492
76621  -25.959  -8.314  -19.194 0.1428571492
120736  -26.228  -6.849  -19.383 0.1428571492
78553  -26.637  -5.890  -19.608 0.1428571492
88564  -21.174  6.072  -18.287 0.1428571492
73164  -24.992  -12.084  -18.248 0.1428571492
71322  -23.685  -14.174  -17.111 0.1428571492
79494  -26.564  -4.914  -19.707 0.1428571492
75757  -26.720  -9.166  -19.048 0.1428571492
72250  -23.981  -13.432  -17.402 0.1428571492
73165  -25.795  -12.488  -18.518 0.1428571492
74048  -25.635  -11.510  -18.592 0.1428571492
75756  -26.088  -9.210  -19.093 0.1428571492
133366  -22.409  -11.742  -16.194 0.1428571492
130712  -24.349  -10.698  -18.102 0.1428571492
74047  -24.907  -11.315  -18.344 0.1428571492
74891  -24.729  -10.030  -18.439 0.1428571492
74038  -22.972  -10.594  -16.925 0.1428571492
71321  -22.778  -14.320  -16.444 0.1428571492
87713  -20.841  5.108  -19.159 0.1428571492
119162  -27.285  2.604  -22.109 0.2857142985
138407  -22.489  9.473  -19.201 0.2857142985
140151  -27.505  -21.733  -13.655 0.1428571492
