#!ascii label  , from subject sub-v1s13x0050026_ses-1 vox2ras=TkReg
966
71415  -21.598  -23.841  -21.693 0.4285714328
72442  -22.106  -22.175  -21.863 0.2857142985
72425  -21.860  -22.994  -21.770 0.4285714328
73372  -22.931  -21.828  -21.650 0.4285714328
73373  -23.698  -21.422  -21.455 0.4285714328
73396  -22.313  -21.470  -22.216 0.2857142985
73397  -23.097  -21.051  -22.043 0.4285714328
74303  -23.891  -20.672  -21.831 0.4285714328
75292  -22.903  -19.916  -23.698 0.4285714328
75293  -23.723  -19.742  -23.275 0.4285714328
76208  -23.843  -18.923  -23.805 0.4285714328
76222  -24.095  -18.261  -24.222 0.4285714328
126075  -23.652  -18.020  -24.955 0.5714285970
77132  -24.385  -17.587  -24.583 0.4285714328
77133  -25.117  -17.237  -24.229 0.2857142985
77131  -24.005  -17.355  -25.371 0.7142857313
78052  -24.694  -16.858  -24.888 0.7142857313
78936  -25.864  -15.769  -24.966 0.7142857313
78937  -26.885  -15.396  -24.677 0.4285714328
78065  -25.076  -16.183  -25.261 0.7142857313
78053  -25.455  -16.483  -24.528 0.5714285970
79839  -26.905  -14.609  -25.511 0.5714285970
78950  -25.372  -15.479  -25.539 0.5714285970
150376  -26.387  -14.504  -25.701 0.5714285970
79854  -26.907  -14.070  -25.827 0.5714285970
79855  -27.527  -14.091  -25.671 0.5714285970
79853  -25.629  -14.742  -25.743 0.5714285970
80747  -27.474  -13.496  -25.846 0.5714285970
81634  -28.734  -12.349  -25.818 0.5714285970
80766  -25.667  -13.337  -25.839 0.7142857313
80767  -28.091  -12.943  -25.865 0.7142857313
126296  -28.793  -11.706  -25.954 0.7142857313
81658  -29.423  -11.794  -26.024 0.5714285970
125727  -26.750  -13.471  -25.842 0.5714285970
80765  -24.734  -13.714  -26.055 0.5714285970
126310  -27.691  -12.115  -25.797 0.8571428657
82584  -29.425  -11.185  -26.358 0.7142857313
82585  -30.244  -11.380  -26.430 0.5714285970
82583  -26.986  -12.053  -25.737 0.7142857313
81654  -25.398  -12.283  -25.905 0.5714285970
125888  -30.011  -10.741  -26.806 0.7142857313
83507  -30.677  -10.885  -27.017 0.5714285970
82566  -28.182  -11.625  -25.847 0.7142857313
83506  -30.512  -10.376  -27.358 0.5714285970
83504  -28.759  -11.029  -26.087 0.7142857313
83528  -30.962  -10.160  -28.188 0.5714285970
82565  -27.474  -11.444  -25.711 0.5714285970
83489  -28.029  -10.860  -25.769 0.7142857313
133206  -30.019  -10.130  -26.865 0.7142857313
84404  -30.647  -9.595  -28.135 0.7142857313
84372  -29.061  -9.522  -25.918 0.7142857313
84387  -29.761  -9.502  -26.431 0.7142857313
84388  -30.382  -9.550  -27.267 0.7142857313
85281  -30.720  -9.441  -29.643 0.7142857313
151037  -27.898  -10.140  -25.642 0.5714285970
86149  -30.658  -8.349  -29.979 0.5714285970
86153  -30.814  -8.816  -31.626 0.5714285970
85265  -30.115  -8.706  -26.538 0.8571428657
140750  -30.786  -7.519  -28.778 0.7142857313
86143  -30.628  -8.403  -27.716 0.8571428657
86148  -30.697  -8.345  -28.696 0.7142857313
87870  -30.782  -6.129  -29.103 0.8571428657
87871  -30.641  -6.585  -30.129 0.5714285970
86983  -30.844  -6.703  -28.311 0.8571428657
86981  -30.766  -6.492  -27.218 0.8571428657
86136  -30.465  -7.888  -26.749 0.8571428657
134465  -30.759  -7.440  -27.704 0.8571428657
88733  -30.668  -4.988  -27.450 0.8571428657
129888  -30.430  -4.154  -28.414 0.8571428657
89551  -30.436  -3.349  -27.540 0.8571428657
128462  -30.594  -4.165  -26.938 0.8571428657
88710  -30.474  -4.159  -25.891 1.0000000000
89545  -30.531  -3.394  -26.415 1.0000000000
139701  -30.496  -1.765  -25.530 1.0000000000
136572  -29.993  -0.960  -24.214 0.7142857313
90367  -30.523  -2.629  -25.954 1.0000000000
90352  -30.346  -2.651  -25.051 1.0000000000
94690  -30.253  1.665  -24.189 1.0000000000
93769  -29.475  1.661  -23.575 0.8571428657
95597  -29.067  3.854  -23.453 0.8571428657
147581  -30.038  3.044  -23.696 1.0000000000
98814  -29.067  7.498  -23.776 0.8571428657
97174  -29.362  5.977  -23.652 0.8571428657
97175  -29.911  5.296  -23.843 1.0000000000
100284  -28.658  9.804  -24.917 0.8571428657
100276  -29.043  9.149  -24.513 0.8571428657
100283  -27.610  9.671  -25.075 0.7142857313
146575  -26.876  8.011  -24.778 0.5714285970
100293  -25.913  9.746  -26.250 0.7142857313
101066  -26.610  10.685  -26.365 0.5714285970
100291  -24.218  9.032  -27.112 0.5714285970
100281  -25.581  8.710  -26.079 0.5714285970
99576  -23.358  8.936  -27.369 0.4285714328
101079  -23.169  9.969  -28.159 0.4285714328
101091  -23.559  10.660  -28.261 0.4285714328
100279  -22.633  9.299  -26.032 0.2857142985
101048  -22.750  10.270  -25.447 0.2857142985
101049  -23.382  10.450  -24.759 0.2857142985
86988  -30.607  -7.555  -30.775 0.5714285970
87877  -30.418  -5.658  -30.310 0.8571428657
134459  -30.627  -5.190  -28.793 0.8571428657
140340  -30.219  -0.327  -24.659 0.8571428657
101032  -25.604  10.634  -23.414 0.1428571492
148730  -21.662  -21.837  -22.333 0.2857142985
74324  -22.505  -20.810  -22.876 0.2857142985
74325  -23.420  -20.449  -22.623 0.4285714328
149673  -24.367  -19.101  -23.296 0.4285714328
74339  -22.357  -20.356  -23.666 0.2857142985
76221  -23.363  -18.694  -24.533 0.4285714328
74340  -23.002  -20.280  -23.247 0.4285714328
76209  -24.543  -18.518  -23.604 0.4285714328
78063  -23.715  -17.121  -26.130 0.2857142985
78064  -24.353  -16.629  -25.616 0.7142857313
78951  -26.198  -15.089  -25.464 0.4285714328
78962  -24.748  -15.211  -25.826 0.5714285970
80737  -28.824  -13.692  -25.318 0.4285714328
79871  -24.766  -14.481  -25.919 0.7142857313
127188  -25.427  -14.104  -25.826 0.7142857313
126776  -28.772  -13.031  -25.701 0.4285714328
81657  -28.161  -12.304  -25.825 0.7142857313
81653  -24.606  -12.804  -26.221 0.5714285970
81655  -26.418  -12.668  -25.779 0.5714285970
84406  -31.654  -10.051  -29.307 0.5714285970
82582  -26.093  -11.790  -25.712 0.5714285970
134053  -31.521  -10.636  -27.529 0.5714285970
83505  -29.400  -10.360  -26.322 0.7142857313
84405  -30.918  -9.790  -29.038 0.5714285970
83488  -27.134  -10.493  -25.619 0.8571428657
85266  -30.478  -8.707  -27.129 0.7142857313
90379  -30.436  -2.632  -26.954 1.0000000000
88694  -30.139  -4.116  -25.110 1.0000000000
91198  -30.151  -1.839  -24.498 0.8571428657
92057  -29.133  -0.084  -23.704 0.7142857313
92885  -30.074  0.343  -24.332 1.0000000000
92886  -30.393  0.302  -25.113 1.0000000000
145106  -29.268  0.938  -23.643 0.7142857313
93780  -30.349  0.980  -24.682 1.0000000000
92867  -28.790  0.466  -23.610 0.7142857313
94677  -30.021  2.431  -23.754 0.8571428657
97958  -28.682  6.701  -23.507 0.8571428657
96405  -30.337  4.581  -24.114 1.0000000000
99565  -27.165  8.815  -24.890 0.7142857313
100302  -23.608  9.468  -27.684 0.7142857313
99564  -26.170  8.229  -25.458 0.5714285970
101065  -25.687  10.515  -26.837 0.7142857313
99571  -23.800  8.406  -26.763 0.4285714328
101055  -22.477  10.168  -26.523 0.2857142985
101078  -22.739  10.394  -28.237 0.4285714328
101820  -25.461  11.291  -27.420 0.4285714328
101840  -22.711  11.317  -28.533 0.4285714328
101795  -23.188  11.157  -25.142 0.2857142985
101830  -22.385  11.019  -27.981 0.4285714328
143617  -24.148  -15.679  -26.062 0.4285714328
132231  -23.943  -14.945  -26.246 0.4285714328
100300  -22.823  9.630  -27.883 0.4285714328
100303  -24.326  9.720  -27.433 0.7142857313
101064  -22.525  10.206  -27.560 0.2857142985
72426  -22.743  -22.683  -21.441 0.4285714328
72441  -21.325  -22.469  -22.253 0.2857142985
72427  -23.630  -22.285  -21.033 0.4285714328
73414  -21.671  -21.322  -22.827 0.2857142985
75303  -23.094  -19.360  -24.065 0.4285714328
76233  -23.052  -18.528  -25.313 0.4285714328
78949  -24.612  -15.923  -25.731 0.5714285970
79872  -26.196  -14.091  -25.795 0.5714285970
80748  -28.119  -13.560  -25.720 0.4285714328
81656  -27.420  -12.789  -25.853 0.7142857313
81635  -29.479  -12.452  -25.693 0.5714285970
82564  -26.621  -11.232  -25.662 0.7142857313
83490  -28.591  -10.253  -25.866 0.8571428657
85280  -30.609  -9.179  -28.502 0.7142857313
84371  -28.251  -9.506  -25.660 0.8571428657
86984  -30.773  -7.087  -29.453 0.8571428657
87866  -30.813  -5.835  -27.886 0.8571428657
139540  -30.217  -7.136  -26.058 0.8571428657
88726  -30.545  -4.935  -26.313 1.0000000000
92074  -29.146  -0.833  -23.721 0.8571428657
99554  -28.440  8.031  -23.848 0.8571428657
100275  -28.142  9.170  -24.505 0.8571428657
100282  -26.559  9.244  -25.540 0.7142857313
101056  -27.069  10.140  -25.738 0.7142857313
100292  -25.030  9.718  -26.970 0.5714285970
137422  -25.064  9.092  -26.595 0.5714285970
98829  -23.520  8.024  -26.347 0.4285714328
99570  -23.164  8.599  -26.926 0.4285714328
101080  -23.950  10.169  -27.843 0.4285714328
100274  -23.586  8.985  -24.442 0.2857142985
143401  -22.756  8.860  -26.878 0.2857142985
101039  -24.198  10.539  -24.435 0.2857142985
101040  -25.008  10.566  -24.124 0.1428571492
78075  -23.977  -16.351  -26.135 0.2857142985
92868  -29.537  0.392  -23.814 1.0000000000
101081  -24.830  10.386  -27.409 0.5714285970
104147  -22.098  15.551  -30.029 0.2857142985
104836  -21.694  16.746  -27.789 0.1428571492
143397  -22.323  13.102  -29.394 0.2857142985
103389  -22.545  15.096  -31.177 0.2857142985
139175  -21.914  14.390  -27.643 0.1428571492
133235  -21.753  16.785  -26.817 0.1428571492
134978  -22.440  11.702  -26.414 0.1428571492
133255  -22.169  12.577  -28.614 0.2857142985
102589  -22.509  12.756  -26.293 0.1428571492
103383  -24.031  13.970  -30.542 0.2857142985
103382  -23.008  13.529  -30.708 0.2857142985
102627  -29.837  12.337  -28.921 0.2857142985
147641  -26.805  12.847  -28.065 0.2857142985
104114  -22.152  15.266  -25.898 0.1428571492
101841  -23.007  11.729  -28.863 0.2857142985
101823  -28.242  11.446  -26.601 0.2857142985
102625  -24.394  12.812  -29.109 0.2857142985
102623  -22.680  12.492  -29.306 0.2857142985
100317  -30.487  10.154  -28.234 0.1428571492
102603  -27.875  12.042  -27.202 0.2857142985
102612  -26.281  12.552  -27.905 0.2857142985
103351  -22.235  14.094  -26.611 0.1428571492
101832  -25.714  12.108  -27.759 0.2857142985
102624  -23.328  12.642  -29.537 0.2857142985
98851  -29.693  7.817  -30.239 0.1428571492
99593  -30.348  8.606  -28.963 0.1428571492
101835  -30.130  11.345  -27.896 0.4285714328
138632  -26.241  11.203  -26.852 0.2857142985
97975  -30.726  6.496  -27.066 0.2857142985
100295  -30.428  9.376  -26.471 0.4285714328
101068  -28.723  10.854  -26.088 0.2857142985
101831  -24.386  10.995  -27.949 0.2857142985
96432  -30.196  4.944  -29.102 0.1428571492
135814  -30.615  7.854  -27.548 0.2857142985
99567  -30.222  8.226  -25.433 0.5714285970
101058  -29.202  10.258  -25.575 0.7142857313
95623  -30.242  3.700  -28.243 0.1428571492
97190  -30.693  5.149  -27.545 0.1428571492
100285  -29.517  9.557  -25.196 0.7142857313
101067  -27.653  10.886  -26.091 0.4285714328
97973  -30.748  6.480  -26.194 0.4285714328
94725  -29.392  2.370  -28.981 0.2857142985
126074  -30.440  3.318  -27.617 0.7142857313
99560  -29.888  8.060  -24.791 0.7142857313
95606  -30.667  3.856  -24.498 0.8571428657
95611  -30.981  4.046  -26.269 0.8571428657
97967  -30.560  6.731  -25.319 0.5714285970
92927  -28.498  0.445  -29.646 0.2857142985
93819  -29.016  1.483  -29.173 0.2857142985
137926  -30.735  6.053  -25.472 0.7142857313
97957  -27.826  6.328  -23.467 0.5714285970
97182  -30.499  5.357  -24.431 0.8571428657
94712  -30.343  2.610  -27.382 0.7142857313
92122  -27.726  -0.570  -30.636 0.1428571492
88708  -27.052  -4.745  -25.085 0.5714285970
89513  -30.049  -3.418  -24.784 0.8571428657
90351  -29.811  -2.750  -24.382 0.8571428657
89511  -28.319  -3.386  -24.397 0.4285714328
140862  -29.523  -2.168  -23.905 0.5714285970
92104  -30.392  -0.556  -26.371 0.8571428657
94695  -30.732  2.452  -25.465 0.8571428657
91246  -28.001  -1.321  -30.438 0.2857142985
93800  -30.301  0.922  -26.642 0.8571428657
94702  -30.611  2.524  -26.442 0.8571428657
96412  -30.846  4.667  -24.809 0.8571428657
91254  -27.641  -2.307  -31.641 0.4285714328
92921  -29.758  0.414  -27.601 0.7142857313
93810  -30.283  1.806  -27.024 0.7142857313
139714  -25.494  -5.152  -25.902 0.2857142985
140233  -29.434  -4.767  -24.850 0.5714285970
88692  -27.691  -4.065  -24.683 0.5714285970
89529  -30.410  -3.401  -25.497 0.8571428657
92093  -30.520  -0.997  -25.705 0.8571428657
139359  -30.440  -0.390  -25.468 0.8571428657
92903  -30.445  0.229  -25.992 0.8571428657
93791  -30.492  0.973  -25.587 0.8571428657
129790  -28.909  -1.523  -29.527 0.4285714328
92110  -29.666  -0.998  -28.297 0.8571428657
92914  -30.199  0.127  -26.757 0.8571428657
90395  -28.329  -2.925  -31.030 0.4285714328
135188  -25.721  -8.834  -26.077 0.7142857313
85264  -24.984  -7.990  -26.457 0.4285714328
84369  -26.747  -8.828  -25.729 0.7142857313
86121  -29.046  -8.003  -25.606 0.8571428657
86956  -27.305  -6.859  -25.663 0.5714285970
137899  -26.914  -6.078  -25.725 0.5714285970
134263  -25.908  -5.892  -26.112 0.4285714328
86958  -29.072  -6.417  -25.310 0.8571428657
86957  -27.978  -6.293  -25.342 0.5714285970
87841  -27.524  -5.509  -25.233 0.5714285970
87861  -30.665  -5.710  -26.754 0.8571428657
87843  -29.684  -5.632  -25.288 0.7142857313
87842  -28.675  -5.602  -25.038 0.5714285970
133885  -29.826  -3.739  -29.828 0.7142857313
89556  -30.085  -3.194  -28.797 0.7142857313
91233  -30.199  -1.938  -27.509 0.7142857313
151290  -30.008  -1.486  -27.888 0.8571428657
89573  -29.538  -4.295  -32.732 0.2857142985
139841  -28.974  -3.598  -30.954 0.4285714328
82563  -25.867  -11.053  -25.768 0.4285714328
140577  -25.450  -9.645  -26.065 0.4285714328
84386  -24.748  -8.874  -26.453 0.4285714328
86135  -29.847  -7.933  -25.988 0.7142857313
86975  -29.938  -6.414  -25.641 0.8571428657
88743  -29.822  -4.869  -31.279 0.7142857313
88749  -29.649  -5.003  -32.492 0.2857142985
88739  -30.171  -4.597  -29.877 0.5714285970
82581  -25.238  -11.316  -26.003 0.4285714328
139596  -23.703  -10.779  -26.593 0.5714285970
83487  -26.108  -10.422  -25.731 0.5714285970
149359  -26.395  -9.631  -25.734 0.5714285970
85247  -28.650  -8.775  -25.661 0.7142857313
86993  -30.733  -7.725  -32.183 0.4285714328
87892  -30.245  -5.669  -33.010 0.4285714328
88755  -30.092  -5.021  -33.192 0.4285714328
87885  -30.100  -5.771  -31.920 0.4285714328
146660  -24.141  -14.150  -26.287 0.5714285970
83529  -32.258  -10.328  -28.523 0.4285714328
85292  -32.731  -9.237  -32.213 0.4285714328
85286  -30.997  -9.556  -30.918 0.4285714328
86158  -33.052  -8.465  -32.664 0.4285714328
76210  -25.086  -18.170  -23.406 0.1428571492
144481  -32.389  -9.849  -30.243 0.4285714328
85287  -32.255  -9.661  -31.266 0.4285714328
78038  -25.795  -16.889  -23.794 0.1428571492
78054  -26.263  -16.223  -24.227 0.1428571492
79856  -28.193  -14.149  -25.284 0.2857142985
136103  -32.089  -11.730  -26.368 0.2857142985
83530  -34.620  -10.545  -29.893 0.2857142985
83518  -32.840  -10.689  -28.016 0.2857142985
81659  -30.090  -11.978  -25.890 0.4285714328
132846  -33.436  -10.462  -28.932 0.2857142985
126960  -31.306  -11.233  -26.690 0.2857142985
83535  -34.658  -10.106  -30.453 0.2857142985
84407  -33.267  -10.084  -29.702 0.4285714328
77107  -26.091  -17.397  -23.136 0.1428571492
78039  -26.610  -16.790  -23.576 0.1428571492
77119  -24.812  -17.924  -23.963 0.1428571492
149202  -27.487  -15.819  -24.193 0.2857142985
78938  -27.959  -15.318  -24.299 0.2857142985
80739  -30.274  -14.016  -24.654 0.2857142985
81637  -31.360  -12.726  -25.416 0.2857142985
80749  -29.685  -13.255  -25.247 0.2857142985
139002  -31.939  -12.314  -25.817 0.2857142985
79833  -29.570  -15.277  -23.869 0.2857142985
78040  -27.983  -16.243  -23.667 0.2857142985
79842  -29.546  -14.522  -24.363 0.2857142985
78927  -27.117  -16.242  -24.025 0.2857142985
140413  -25.226  -19.199  -22.469 0.1428571492
74326  -24.212  -20.055  -22.363 0.2857142985
75279  -25.742  -18.740  -22.571 0.1428571492
71416  -22.486  -23.557  -21.345 0.2857142985
70377  -22.233  -24.439  -21.235 0.2857142985
74304  -24.694  -20.380  -21.694 0.2857142985
71394  -23.066  -24.100  -20.798 0.1428571492
70376  -21.388  -24.731  -21.665 0.2857142985
69376  -21.074  -25.622  -21.575 0.1428571492
78928  -28.780  -15.687  -23.737 0.2857142985
81661  -32.687  -12.415  -26.328 0.2857142985
80750  -30.736  -13.280  -25.044 0.2857142985
143491  -33.298  -11.224  -27.789 0.2857142985
84415  -34.552  -9.674  -30.841 0.2857142985
85244  -26.143  -8.071  -26.040 0.7142857313
85288  -33.615  -9.469  -31.582 0.4285714328
85291  -31.638  -9.334  -31.886 0.4285714328
87878  -30.406  -6.671  -31.312 0.4285714328
87899  -31.387  -5.713  -33.609 0.2857142985
89579  -30.358  -4.537  -33.354 0.2857142985
89566  -29.050  -4.193  -31.863 0.5714285970
96403  -28.838  4.545  -23.436 0.7142857313
91239  -29.704  -1.896  -28.574 0.7142857313
130438  -30.846  3.156  -24.942 0.8571428657
149958  -27.294  7.808  -24.369 0.4285714328
98812  -27.690  7.559  -23.907 0.5714285970
97959  -29.582  6.771  -23.905 0.7142857313
89565  -28.485  -3.480  -31.710 0.2857142985
132113  -30.886  3.237  -25.868 0.8571428657
97181  -30.097  6.054  -24.133 0.8571428657
94711  -29.776  1.884  -28.092 0.5714285970
130542  -30.638  6.036  -27.724 0.4285714328
98831  -30.685  7.209  -26.854 0.4285714328
104115  -22.851  14.587  -25.062 0.1428571492
101083  -30.368  10.566  -27.658 0.2857142985
135718  -30.480  9.433  -28.532 0.1428571492
103384  -25.171  13.874  -29.705 0.2857142985
71417  -23.315  -23.213  -20.880 0.1428571492
71435  -21.014  -23.257  -22.166 0.2857142985
73360  -24.273  -21.721  -21.017 0.1428571492
75265  -24.994  -19.729  -22.101 0.1428571492
76195  -25.609  -18.083  -22.976 0.1428571492
129075  -27.084  -17.402  -22.956 0.1428571492
78029  -27.895  -16.947  -23.012 0.1428571492
79840  -27.596  -14.656  -25.029 0.2857142985
79832  -28.814  -14.907  -24.208 0.2857142985
80738  -29.444  -13.951  -24.868 0.2857142985
81638  -32.319  -13.062  -25.634 0.2857142985
82586  -33.026  -11.788  -27.095 0.2857142985
81636  -30.395  -12.559  -25.485 0.2857142985
84385  -23.950  -8.987  -26.647 0.2857142985
84408  -35.113  -10.045  -30.311 0.2857142985
130352  -34.735  -8.876  -30.459 0.2857142985
85246  -27.735  -8.806  -25.605 0.5714285970
86134  -24.654  -7.134  -26.506 0.4285714328
86119  -26.697  -7.412  -25.895 0.5714285970
149953  -34.240  -9.172  -31.304 0.4285714328
88707  -26.140  -4.542  -25.573 0.2857142985
85293  -33.804  -8.963  -32.081 0.2857142985
84413  -31.254  -9.880  -30.169 0.4285714328
86159  -33.850  -7.851  -31.972 0.1428571492
87000  -33.046  -6.377  -32.842 0.4285714328
86165  -31.263  -7.299  -33.178 0.4285714328
87887  -33.054  -5.284  -32.239 0.1428571492
91228  -30.494  -1.283  -26.253 0.8571428657
87894  -32.219  -5.537  -33.343 0.1428571492
150953  -29.525  -4.186  -30.802 0.5714285970
89572  -28.761  -3.536  -32.260 0.2857142985
90389  -28.992  -2.337  -29.807 0.5714285970
137678  -29.488  -0.220  -28.197 0.7142857313
95609  -31.001  3.949  -25.317 0.8571428657
91253  -27.133  -1.615  -32.015 0.2857142985
91245  -27.314  -1.293  -31.282 0.1428571492
101819  -22.324  10.962  -27.023 0.2857142985
92920  -29.182  0.237  -28.589 0.4285714328
139263  -27.464  -1.782  -31.248 0.4285714328
93826  -28.163  1.207  -30.302 0.1428571492
96420  -30.695  4.141  -27.354 0.5714285970
94726  -30.032  2.838  -28.230 0.1428571492
95635  -29.994  4.080  -29.003 0.1428571492
136682  -30.805  5.774  -26.841 0.5714285970
95622  -29.688  3.231  -28.946 0.1428571492
97193  -30.462  5.460  -28.417 0.1428571492
101082  -29.948  11.020  -27.110 0.2857142985
100304  -30.550  9.618  -27.499 0.2857142985
151193  -30.534  7.495  -28.105 0.2857142985
140751  -30.192  6.923  -29.259 0.1428571492
97988  -29.859  7.018  -29.937 0.1428571492
99592  -29.925  8.543  -29.862 0.1428571492
101843  -29.830  11.935  -28.202 0.2857142985
101851  -30.202  11.624  -29.190 0.2857142985
101098  -30.289  10.916  -29.500 0.1428571492
100333  -30.040  10.136  -29.936 0.1428571492
72414  -24.512  -22.339  -20.701 0.1428571492
75280  -26.487  -18.965  -22.382 0.1428571492
131315  -34.237  -11.884  -28.350 0.2857142985
89574  -30.052  -3.936  -33.173 0.2857142985
99607  -29.222  8.845  -31.235 0.1428571492
102634  -29.952  12.317  -29.763 0.2857142985
131994  -24.464  -21.086  -21.330 0.1428571492
77120  -25.429  -17.616  -23.576 0.1428571492
84370  -27.370  -9.563  -25.619 0.5714285970
86157  -31.765  -8.593  -32.672 0.4285714328
86976  -30.479  -6.398  -26.289 0.7142857313
90384  -30.183  -2.567  -28.044 0.7142857313
145494  -29.621  -3.979  -24.694 0.8571428657
88725  -30.220  -4.893  -25.446 0.8571428657
137271  -30.448  -1.911  -26.537 0.8571428657
92076  -30.406  -1.036  -24.965 0.8571428657
98813  -28.357  7.393  -23.610 0.5714285970
99566  -29.720  8.768  -24.931 0.7142857313
101057  -28.162  10.363  -25.474 0.5714285970
101822  -27.129  11.532  -26.731 0.2857142985
101842  -23.700  11.619  -28.621 0.2857142985
76194  -25.024  -18.732  -22.965 0.1428571492
133967  -30.596  1.683  -25.057 0.8571428657
102609  -22.322  11.729  -28.485 0.2857142985
102610  -24.877  11.913  -28.200 0.2857142985
102601  -22.122  11.898  -27.542 0.2857142985
139447  -29.471  -7.194  -25.613 0.8571428657
103381  -22.503  13.884  -30.345 0.2857142985
104139  -21.856  15.584  -28.371 0.1428571492
103372  -22.031  13.924  -28.913 0.2857142985
104123  -21.845  15.453  -27.101 0.1428571492
103391  -23.403  14.546  -31.449 0.2857142985
103362  -22.016  13.182  -27.597 0.1428571492
102615  -29.277  12.525  -28.306 0.2857142985
103373  -26.097  13.535  -28.927 0.2857142985
102602  -26.995  12.282  -27.401 0.2857142985
103352  -22.828  13.838  -25.599 0.1428571492
101834  -29.431  11.796  -27.551 0.2857142985
101824  -29.178  11.297  -26.750 0.2857142985
102611  -25.484  12.770  -28.534 0.2857142985
101070  -30.277  10.232  -26.784 0.2857142985
100326  -30.399  10.157  -29.034 0.1428571492
100325  -30.196  9.355  -29.495 0.1428571492
101821  -26.318  11.850  -27.265 0.2857142985
99600  -29.545  8.497  -30.556 0.1428571492
100332  -29.638  9.349  -30.488 0.1428571492
101092  -30.386  10.927  -28.561 0.1428571492
97979  -30.394  6.371  -28.656 0.1428571492
100286  -30.154  9.094  -25.654 0.5714285970
99573  -30.481  8.480  -26.187 0.4285714328
100294  -30.002  9.933  -25.921 0.5714285970
97196  -29.903  5.458  -29.772 0.1428571492
96423  -30.412  4.579  -28.285 0.1428571492
99577  -30.625  8.685  -27.036 0.2857142985
98852  -30.138  7.717  -29.359 0.2857142985
135803  -30.613  7.948  -26.690 0.4285714328
98827  -30.578  7.506  -25.946 0.5714285970
98821  -30.270  7.476  -25.045 0.7142857313
96417  -30.921  4.906  -26.601 0.5714285970
95614  -30.716  3.309  -26.833 0.7142857313
96415  -31.011  4.761  -25.660 0.7142857313
93809  -29.325  0.950  -28.388 0.5714285970
92116  -28.812  -0.538  -29.317 0.4285714328
130440  -30.540  1.729  -26.036 0.8571428657
88709  -28.191  -4.830  -24.810 0.5714285970
88693  -28.791  -4.096  -24.571 0.5714285970
90349  -27.904  -2.542  -24.287 0.4285714328
128596  -30.220  -1.205  -27.172 0.8571428657
92111  -29.977  -0.386  -27.372 0.8571428657
132305  -28.080  -2.098  -30.633 0.5714285970
149312  -29.885  1.189  -27.526 0.8571428657
86120  -28.116  -8.080  -25.573 0.7142857313
148171  -27.550  -7.539  -25.621 0.7142857313
137929  -28.385  -7.211  -25.481 0.7142857313
86118  -25.662  -7.276  -26.317 0.4285714328
86955  -26.298  -6.639  -26.098 0.5714285970
86954  -25.251  -6.514  -26.314 0.4285714328
86974  -24.291  -6.436  -26.431 0.2857142985
87860  -30.347  -5.671  -25.841 0.8571428657
90396  -29.310  -3.042  -29.932 0.7142857313
83486  -25.277  -10.454  -26.045 0.5714285970
130252  -24.465  -10.615  -26.332 0.5714285970
87886  -30.562  -6.595  -32.634 0.4285714328
88763  -31.242  -4.955  -33.504 0.2857142985
86166  -32.481  -7.525  -33.189 0.4285714328
79841  -28.265  -14.623  -24.671 0.2857142985
128527  -28.846  -14.284  -24.759 0.2857142985
82598  -32.343  -11.134  -27.138 0.2857142985
81660  -31.064  -11.928  -25.928 0.2857142985
84414  -33.591  -9.762  -30.834 0.4285714328
76196  -26.368  -18.128  -22.709 0.1428571492
78028  -27.339  -16.723  -23.458 0.1428571492
79843  -30.306  -14.843  -24.123 0.2857142985
71395  -23.929  -23.757  -20.376 0.1428571492
86999  -31.907  -6.452  -33.556 0.2857142985
73361  -25.104  -21.595  -20.914 0.1428571492
102590  -23.265  12.827  -25.245 0.1428571492
150871  -27.459  4.816  -23.466 0.5714285970
133828  -27.731  2.678  -23.519 0.4285714328
95595  -27.369  3.396  -23.602 0.4285714328
96402  -28.051  4.137  -23.496 0.5714285970
94676  -28.620  2.260  -23.385 0.4285714328
138519  -29.116  5.196  -23.487 0.4285714328
92056  -28.294  -0.206  -23.759 0.4285714328
93768  -28.454  1.255  -23.560 0.4285714328
93767  -27.576  1.114  -23.752 0.4285714328
95596  -28.380  3.214  -23.415 0.5714285970
91196  -28.659  -1.783  -23.795 0.5714285970
134942  -35.914  -11.518  -29.664 0.1428571492
83531  -35.354  -10.571  -29.784 0.1428571492
77141  -23.252  -17.977  -25.994 0.2857142985
83519  -34.237  -11.029  -28.906 0.1428571492
83508  -36.128  -11.150  -28.202 0.1428571492
83491  -35.632  -10.731  -26.743 0.1428571492
83520  -35.962  -10.757  -29.193 0.1428571492
81662  -33.586  -12.564  -27.293 0.1428571492
82599  -35.651  -12.284  -29.441 0.1428571492
82607  -36.054  -12.215  -29.527 0.1428571492
141213  -35.628  -12.102  -26.099 0.1428571492
129376  -36.370  -12.367  -29.139 0.1428571492
135062  -35.322  -11.094  -23.128 0.1428571492
137514  -35.407  -10.958  -24.903 0.1428571492
83469  -35.293  -10.385  -23.575 0.1428571492
76220  -22.524  -19.182  -24.970 0.2857142985
76219  -21.649  -19.097  -25.453 0.2857142985
80740  -31.720  -14.175  -24.742 0.1428571492
80752  -32.330  -13.852  -25.223 0.1428571492
134794  -31.089  -13.856  -24.724 0.1428571492
80768  -33.152  -13.160  -26.396 0.1428571492
80784  -35.861  -13.018  -29.327 0.1428571492
80769  -34.046  -13.375  -27.526 0.1428571492
81675  -36.471  -12.835  -28.576 0.1428571492
132588  -35.822  -12.904  -26.388 0.1428571492
81628  -35.511  -12.377  -24.295 0.1428571492
81622  -35.450  -12.615  -23.478 0.1428571492
82555  -35.498  -11.722  -24.828 0.1428571492
75301  -21.697  -19.723  -24.818 0.2857142985
74349  -21.678  -20.341  -24.223 0.2857142985
78929  -30.332  -15.635  -23.705 0.1428571492
79844  -31.753  -14.931  -24.420 0.1428571492
79845  -32.383  -14.577  -24.933 0.1428571492
144953  -32.888  -14.281  -25.574 0.1428571492
129636  -35.747  -14.313  -28.909 0.1428571492
80753  -33.417  -13.995  -26.536 0.1428571492
80770  -36.330  -13.298  -27.583 0.1428571492
81639  -35.640  -12.612  -25.214 0.1428571492
148988  -35.982  -13.579  -26.613 0.1428571492
137024  -35.422  -11.065  -22.229 0.1428571492
82537  -35.381  -11.910  -22.632 0.1428571492
78042  -29.573  -16.149  -23.327 0.1428571492
78939  -31.039  -15.256  -24.020 0.1428571492
78043  -30.475  -16.407  -23.360 0.1428571492
78941  -32.436  -15.372  -24.719 0.1428571492
78940  -31.740  -15.854  -24.113 0.1428571492
79884  -34.781  -15.010  -28.306 0.1428571492
79885  -35.891  -14.978  -28.827 0.1428571492
79873  -33.734  -14.747  -27.056 0.1428571492
80792  -36.199  -14.268  -29.024 0.1428571492
80741  -35.635  -13.180  -24.410 0.1428571492
79858  -35.847  -14.160  -26.142 0.1428571492
81615  -35.468  -12.891  -22.548 0.1428571492
151246  -28.461  -16.679  -23.050 0.1428571492
77134  -32.572  -17.092  -24.829 0.1428571492
78055  -32.018  -16.779  -24.063 0.1428571492
78930  -30.979  -15.935  -23.731 0.1428571492
78952  -32.980  -15.757  -25.337 0.1428571492
78056  -32.517  -16.223  -24.653 0.1428571492
78976  -35.361  -15.575  -28.590 0.1428571492
78975  -34.383  -15.786  -28.126 0.1428571492
79886  -36.399  -14.792  -28.298 0.1428571492
79874  -36.125  -14.897  -26.913 0.1428571492
79893  -36.152  -15.036  -28.687 0.1428571492
149592  -31.500  -17.231  -23.662 0.1428571492
78044  -31.256  -16.572  -23.655 0.1428571492
145771  -33.096  -16.508  -26.389 0.1428571492
77142  -32.765  -17.191  -26.117 0.1428571492
78076  -33.480  -16.014  -27.097 0.1428571492
78977  -36.270  -15.530  -28.302 0.1428571492
78066  -32.910  -16.492  -25.498 0.1428571492
78953  -33.351  -15.368  -26.262 0.1428571492
132001  -34.443  -14.161  -27.903 0.1428571492
80751  -31.611  -13.471  -25.079 0.1428571492
83440  -35.863  -11.046  -21.523 0.1428571492
82550  -35.394  -11.784  -23.709 0.1428571492
81663  -36.157  -12.437  -27.390 0.1428571492
131998  -35.737  -13.962  -24.925 0.1428571492
80731  -35.577  -13.555  -23.437 0.1428571492
81593  -35.582  -12.338  -21.792 0.1428571492
83441  -36.324  -10.332  -21.384 0.1428571492
92073  -27.435  -0.638  -24.237 0.4285714328
129820  -35.619  -10.347  -21.909 0.1428571492
83460  -35.327  -10.390  -22.696 0.1428571492
139595  -35.396  -10.468  -25.501 0.1428571492
129506  -35.189  -9.734  -23.140 0.1428571492
84409  -35.488  -9.994  -29.609 0.1428571492
85282  -35.160  -9.448  -30.035 0.1428571492
97172  -27.586  5.533  -23.470 0.4285714328
97965  -27.331  6.787  -23.877 0.4285714328
102638  -29.865  12.436  -30.622 0.1428571492
97173  -28.481  5.796  -23.413 0.4285714328
75302  -22.380  -19.860  -24.284 0.2857142985
102626  -29.085  13.292  -29.223 0.1428571492
82605  -35.444  -11.271  -29.691 0.1428571492
129165  -31.043  -14.479  -24.380 0.1428571492
78041  -28.789  -16.293  -23.261 0.1428571492
86160  -34.376  -8.161  -31.053 0.1428571492
136403  -35.204  -11.693  -29.447 0.1428571492
82600  -36.249  -11.714  -29.209 0.1428571492
82587  -35.885  -11.596  -27.114 0.1428571492
136878  -36.360  -12.010  -28.401 0.1428571492
82606  -35.815  -11.811  -29.726 0.1428571492
84399  -35.583  -9.635  -28.434 0.1428571492
84373  -35.379  -9.848  -26.194 0.1428571492
81674  -34.774  -12.811  -28.559 0.1428571492
148131  -36.009  -12.670  -29.538 0.1428571492
82567  -35.502  -11.252  -25.830 0.1428571492
81682  -36.133  -13.072  -29.263 0.1428571492
83475  -35.340  -10.367  -24.490 0.1428571492
149641  -32.845  -13.655  -25.777 0.1428571492
80783  -35.255  -13.594  -28.764 0.1428571492
149161  -35.959  -13.649  -29.231 0.1428571492
80785  -36.477  -13.745  -28.570 0.1428571492
80754  -35.727  -13.398  -25.578 0.1428571492
79857  -33.271  -14.668  -26.063 0.1428571492
134795  -32.966  -14.987  -25.375 0.1428571492
126348  -36.320  -14.104  -27.474 0.1428571492
139112  -33.854  -15.375  -27.352 0.1428571492
78067  -33.184  -16.043  -26.061 0.1428571492
78989  -35.814  -15.578  -28.579 0.1428571492
78954  -35.845  -15.599  -26.231 0.1428571492
69375  -20.051  -25.632  -21.632 0.1428571492
70375  -20.541  -24.869  -21.881 0.1428571492
70392  -18.944  -24.476  -22.229 0.1428571492
70393  -19.883  -24.193  -22.130 0.1428571492
71414  -20.766  -24.063  -21.996 0.1428571492
72440  -20.470  -22.591  -22.588 0.1428571492
73413  -21.009  -21.288  -23.364 0.1428571492
73395  -21.026  -21.867  -22.733 0.1428571492
127801  -21.681  -20.817  -23.529 0.1428571492
72439  -19.879  -22.294  -22.726 0.1428571492
73394  -20.314  -21.725  -22.971 0.1428571492
74338  -21.031  -20.741  -23.983 0.1428571492
74337  -20.388  -20.228  -23.872 0.1428571492
75291  -20.338  -19.508  -24.273 0.1428571492
75300  -20.951  -19.360  -24.924 0.1428571492
76232  -22.438  -18.629  -25.827 0.1428571492
76231  -21.560  -18.365  -25.910 0.2857142985
151125  -23.443  -16.718  -26.496 0.2857142985
80782  -23.075  -12.877  -27.130 0.4285714328
82580  -24.351  -11.669  -26.333 0.4285714328
129546  -26.674  -0.927  -24.716 0.2857142985
130201  -28.185  -0.991  -23.970 0.2857142985
94688  -25.888  2.794  -24.263 0.2857142985
95594  -26.348  3.501  -23.865 0.2857142985
96401  -26.923  4.225  -23.628 0.2857142985
76230  -20.697  -17.831  -25.626 0.1428571492
77139  -21.426  -17.608  -26.241 0.2857142985
77150  -23.056  -17.383  -26.568 0.1428571492
71434  -20.162  -23.430  -22.363 0.1428571492
73411  -19.826  -20.448  -23.403 0.1428571492
76218  -20.291  -18.796  -24.650 0.1428571492
127603  -20.869  -18.630  -25.316 0.1428571492
78062  -20.754  -17.075  -26.114 0.2857142985
77149  -22.150  -17.151  -26.499 0.2857142985
78073  -21.860  -16.418  -26.688 0.2857142985
78074  -22.787  -16.592  -26.712 0.2857142985
78961  -23.435  -15.886  -26.539 0.2857142985
79870  -23.448  -14.233  -26.714 0.4285714328
89510  -27.276  -3.268  -24.612 0.2857142985
90366  -26.280  -2.429  -25.104 0.2857142985
91195  -27.449  -1.565  -24.395 0.2857142985
92092  -25.972  -1.144  -25.276 0.2857142985
92866  -27.942  0.560  -23.723 0.2857142985
93777  -25.965  1.310  -24.451 0.2857142985
93776  -25.123  1.399  -24.879 0.2857142985
94674  -26.847  2.688  -23.787 0.2857142985
78960  -22.455  -15.780  -26.881 0.2857142985
90348  -26.927  -2.450  -24.675 0.2857142985
91194  -26.497  -1.739  -24.920 0.2857142985
90365  -25.764  -2.872  -25.476 0.2857142985
92072  -25.948  -0.273  -24.863 0.2857142985
92882  -25.519  0.622  -24.728 0.2857142985
132621  -26.768  -0.256  -24.440 0.2857142985
92883  -26.488  0.477  -24.312 0.2857142985
92902  -24.849  0.808  -25.070 0.2857142985
94675  -27.477  1.873  -23.646 0.2857142985
129454  -24.776  -0.948  -25.730 0.2857142985
92091  -25.249  -0.672  -25.388 0.2857142985
80764  -23.816  -13.394  -26.605 0.4285714328
94689  -26.392  1.991  -24.100 0.2857142985
93778  -26.822  1.229  -23.967 0.2857142985
77140  -22.389  -18.015  -26.408 0.1428571492
74348  -21.007  -20.095  -24.495 0.1428571492
143772  -19.712  -24.904  -21.923 0.1428571492
73412  -20.422  -20.932  -23.433 0.1428571492
80763  -23.078  -13.632  -27.070 0.4285714328
130665  -22.993  -15.023  -26.830 0.4285714328
131006  -24.919  0.043  -24.993 0.2857142985
82597  -23.094  -11.061  -26.874 0.2857142985
82579  -23.525  -11.556  -26.695 0.2857142985
83503  -24.574  -9.706  -26.392 0.2857142985
104155  -25.918  16.190  -30.177 0.1428571492
104868  -26.085  16.596  -30.846 0.1428571492
104152  -26.105  15.076  -30.287 0.1428571492
103387  -27.309  13.868  -29.283 0.1428571492
146340  -28.180  13.752  -29.364 0.1428571492
104862  -26.932  17.048  -29.558 0.1428571492
103386  -26.116  14.429  -29.762 0.1428571492
104148  -24.215  15.470  -31.519 0.1428571492
104849  -23.434  17.200  -29.850 0.1428571492
83502  -23.828  -9.857  -26.584 0.2857142985
103393  -29.229  14.058  -30.348 0.1428571492
104869  -27.193  16.849  -30.593 0.1428571492
127302  -28.475  13.179  -28.611 0.1428571492
150656  -27.287  14.532  -29.930 0.1428571492
103392  -28.217  14.443  -29.993 0.1428571492
103375  -27.822  13.106  -28.343 0.1428571492
104149  -25.824  16.010  -29.996 0.1428571492
104861  -25.034  16.653  -31.158 0.1428571492
104864  -22.827  16.405  -31.286 0.1428571492
104859  -22.392  16.719  -30.386 0.1428571492
104154  -23.332  15.512  -31.807 0.1428571492
103374  -26.971  13.391  -28.622 0.1428571492
81652  -23.703  -12.371  -26.671 0.2857142985
104156  -25.626  16.081  -30.789 0.1428571492
104851  -25.795  16.300  -28.983 0.1428571492
104157  -26.556  15.785  -30.570 0.1428571492
103385  -25.700  15.132  -30.205 0.1428571492
104151  -25.642  15.575  -30.583 0.1428571492
139150  -25.016  15.212  -30.972 0.1428571492
104158  -28.342  15.545  -30.590 0.1428571492
90378  -24.155  -2.487  -25.869 0.1428571492
91215  -25.804  -2.002  -25.355 0.1428571492
91214  -25.223  -1.453  -25.528 0.1428571492
92901  -24.354  0.584  -25.521 0.1428571492
92899  -22.891  0.848  -25.813 0.1428571492
93789  -24.101  1.506  -25.509 0.1428571492
89509  -26.431  -3.129  -25.013 0.1428571492
94694  -23.918  2.410  -25.430 0.1428571492
94686  -24.415  3.094  -25.305 0.1428571492
86133  -23.867  -7.058  -26.559 0.1428571492
88723  -23.726  -4.857  -26.277 0.1428571492
88706  -25.244  -4.340  -25.849 0.1428571492
89525  -24.451  -3.200  -25.828 0.1428571492
90402  -28.098  -2.980  -32.025 0.1428571492
91227  -23.901  -1.655  -26.124 0.1428571492
132949  -25.479  2.105  -24.642 0.1428571492
95605  -25.447  3.631  -24.464 0.1428571492
95604  -24.828  3.744  -25.027 0.2857142985
97180  -25.671  5.281  -24.693 0.2857142985
98824  -24.221  7.041  -25.777 0.2857142985
97962  -23.898  6.474  -24.922 0.2857142985
98823  -23.755  7.364  -25.873 0.2857142985
100270  -24.565  8.830  -23.838 0.1428571492
97171  -26.626  5.162  -23.771 0.2857142985
96410  -25.201  4.449  -24.905 0.2857142985
136466  -26.341  5.809  -24.347 0.2857142985
98819  -26.839  7.296  -24.508 0.2857142985
97179  -25.139  5.866  -25.065 0.2857142985
97178  -24.350  5.838  -24.914 0.2857142985
150572  -25.711  7.676  -25.551 0.2857142985
97970  -24.568  6.421  -25.281 0.2857142985
99572  -24.642  8.374  -26.508 0.2857142985
99562  -22.951  8.489  -26.231 0.1428571492
126432  -23.642  6.872  -24.120 0.2857142985
101785  -24.732  11.401  -24.284 0.1428571492
134214  -23.746  6.058  -24.378 0.1428571492
97170  -23.170  5.629  -23.849 0.1428571492
95603  -24.424  3.809  -25.102 0.2857142985
134614  -23.368  7.961  -25.643 0.1428571492
98817  -23.599  7.209  -25.100 0.2857142985
99552  -23.930  8.319  -24.162 0.1428571492
98810  -23.748  7.657  -24.217 0.1428571492
94693  -23.275  2.416  -25.204 0.2857142985
97948  -23.328  7.007  -23.005 0.1428571492
99546  -24.927  8.137  -23.290 0.1428571492
98811  -23.859  7.542  -23.428 0.1428571492
93765  -21.520  1.131  -24.604 0.1428571492
91261  -27.807  -2.164  -32.412 0.1428571492
139696  -31.263  -3.995  -32.845 0.1428571492
88724  -24.535  -5.008  -26.034 0.1428571492
129446  -23.481  -4.145  -26.315 0.1428571492
90409  -28.597  -2.947  -32.539 0.1428571492
89543  -23.796  -3.348  -26.055 0.1428571492
91226  -23.304  -1.724  -26.396 0.1428571492
135440  -22.916  -0.983  -26.446 0.1428571492
133434  -24.578  -0.318  -25.672 0.1428571492
93790  -24.545  1.321  -25.256 0.1428571492
136045  -24.582  2.151  -25.143 0.1428571492
94685  -23.875  3.196  -25.283 0.2857142985
96409  -24.770  4.459  -25.131 0.1428571492
134253  -25.041  5.109  -25.227 0.1428571492
150488  -24.807  5.679  -25.133 0.1428571492
97947  -22.723  6.329  -22.993 0.2857142985
100280  -22.929  8.667  -25.273 0.1428571492
98804  -24.411  7.741  -22.960 0.1428571492
134965  -29.344  -3.561  -32.752 0.1428571492
90410  -29.643  -2.794  -32.760 0.1428571492
98818  -26.138  7.564  -25.128 0.2857142985
99563  -25.205  7.758  -25.982 0.2857142985
134105  -22.921  9.562  -24.918 0.1428571492
147119  -23.670  9.855  -24.508 0.1428571492
98830  -24.238  7.628  -26.255 0.2857142985
101796  -23.930  11.302  -24.630 0.1428571492
97956  -27.032  6.022  -23.789 0.2857142985
87859  -24.841  -5.790  -26.141 0.1428571492
87858  -23.877  -5.683  -26.387 0.1428571492
89527  -25.908  -3.717  -25.549 0.1428571492
88756  -32.284  -4.641  -32.672 0.1428571492
96411  -25.937  4.375  -24.045 0.1428571492
92090  -24.281  -0.864  -26.062 0.1428571492
92089  -24.015  -0.089  -26.063 0.1428571492
137277  -22.666  -1.895  -26.516 0.1428571492
90377  -23.542  -2.536  -26.225 0.1428571492
92900  -23.710  0.746  -25.811 0.1428571492
93788  -23.452  1.585  -25.509 0.1428571492
89526  -25.124  -3.465  -25.771 0.1428571492
94687  -25.078  2.943  -24.948 0.1428571492
89544  -24.301  -4.091  -25.960 0.1428571492
97969  -23.914  6.815  -25.504 0.2857142985
98825  -24.772  7.076  -25.748 0.2857142985
97963  -25.793  6.149  -24.807 0.2857142985
97964  -26.561  6.483  -24.400 0.2857142985
97972  -25.933  6.913  -24.894 0.2857142985
97971  -25.229  6.607  -25.236 0.2857142985
98826  -25.450  7.254  -25.470 0.2857142985
99556  -23.377  8.043  -24.793 0.1428571492
102579  -24.375  12.287  -24.333 0.1428571492
138959  -24.634  5.128  -25.149 0.2857142985
99553  -24.264  8.069  -23.649 0.1428571492
77138  -20.210  -17.122  -25.346 0.1428571492
78072  -21.007  -16.357  -26.525 0.1428571492
78060  -19.905  -16.269  -25.190 0.1428571492
79852  -20.145  -14.747  -25.723 0.1428571492
80745  -19.857  -13.861  -25.447 0.1428571492
78958  -20.756  -15.471  -26.339 0.1428571492
80746  -20.401  -13.844  -26.014 0.1428571492
125747  -21.369  -14.952  -26.869 0.1428571492
132512  -20.391  -13.112  -26.022 0.1428571492
80780  -21.792  -13.201  -27.229 0.1428571492
79869  -22.626  -14.255  -27.158 0.1428571492
80781  -22.442  -13.428  -27.295 0.1428571492
81632  -19.843  -13.118  -25.481 0.1428571492
81650  -20.837  -12.486  -26.452 0.1428571492
81672  -22.338  -12.458  -27.253 0.1428571492
82596  -22.546  -11.452  -27.042 0.1428571492
84384  -23.400  -9.215  -26.648 0.1428571492
134040  -23.499  3.214  -24.932 0.1428571492
78959  -21.544  -15.682  -26.851 0.1428571492
77129  -19.934  -17.582  -24.732 0.1428571492
78948  -20.175  -15.666  -25.647 0.1428571492
97955  -23.319  6.396  -23.678 0.1428571492
85263  -24.076  -8.214  -26.625 0.1428571492
81673  -23.023  -11.958  -26.991 0.1428571492
78061  -20.442  -16.349  -25.884 0.1428571492
127528  -22.078  -14.996  -27.144 0.1428571492
79838  -19.476  -14.465  -24.914 0.1428571492
79867  -20.877  -14.429  -26.494 0.1428571492
80762  -21.056  -13.398  -26.685 0.1428571492
79868  -21.726  -14.113  -27.121 0.1428571492
81633  -20.120  -12.291  -25.788 0.1428571492
81651  -21.527  -12.529  -27.005 0.1428571492
77118  -19.394  -17.432  -24.113 0.1428571492
75278  -24.610  -19.443  -22.748 0.4285714328
77148  -21.363  -16.933  -26.460 0.1428571492
82514  -35.550  -11.632  -21.841 0.1428571492
85245  -27.161  -8.120  -25.677 0.7142857313
85248  -29.452  -8.732  -25.964 0.8571428657
85274  -30.539  -9.090  -27.725 0.7142857313
87840  -26.478  -5.331  -25.636 0.2857142985
87893  -30.941  -6.213  -33.427 0.4285714328
87898  -30.682  -5.417  -33.482 0.2857142985
88762  -30.528  -4.987  -33.509 0.2857142985
89512  -29.324  -3.441  -24.405 0.8571428657
89528  -26.691  -3.937  -25.015 0.1428571492
89542  -23.143  -3.379  -26.466 0.1428571492
90350  -28.939  -2.744  -24.027 0.5714285970
90364  -24.992  -2.449  -25.634 0.1428571492
90376  -23.069  -2.503  -26.489 0.1428571492
90390  -29.702  -2.569  -29.025 0.7142857313
91197  -29.586  -1.515  -23.893 0.8571428657
91213  -24.525  -1.625  -25.774 0.1428571492
92075  -29.755  -0.242  -24.002 0.8571428657
92103  -23.652  -0.855  -26.328 0.1428571492
92884  -27.220  0.688  -23.935 0.4285714328
93779  -29.893  0.978  -23.952 1.0000000000
94678  -30.423  3.092  -24.166 0.8571428657
94691  -30.549  2.406  -24.558 0.8571428657
95598  -30.015  3.710  -23.761 1.0000000000
95634  -29.526  3.593  -29.556 0.1428571492
96404  -29.589  4.535  -23.633 0.7142857313
97184  -30.849  5.422  -25.145 0.7142857313
97187  -30.891  5.566  -25.966 0.7142857313
97197  -30.233  5.702  -29.110 0.1428571492
97966  -30.201  6.779  -24.552 0.8571428657
97978  -30.597  6.959  -27.796 0.2857142985
98820  -29.733  7.495  -24.336 0.7142857313
98841  -30.400  7.231  -28.621 0.2857142985
99557  -27.727  8.348  -24.262 0.4285714328
99558  -28.539  8.662  -24.169 0.8571428657
99559  -29.254  8.292  -24.244 0.7142857313
99585  -30.584  8.696  -28.000 0.2857142985
100289  -22.614  9.432  -27.168 0.2857142985
100290  -22.927  9.050  -27.474 0.4285714328
100301  -23.090  9.363  -27.796 0.7142857313
101069  -29.626  10.602  -26.355 0.4285714328
101090  -23.074  10.850  -28.484 0.4285714328
101807  -22.629  11.026  -25.951 0.2857142985
101833  -28.705  11.832  -27.132 0.2857142985
101844  -30.134  11.629  -28.531 0.1428571492
102613  -27.529  12.680  -27.836 0.2857142985
102614  -28.520  12.494  -27.771 0.2857142985
102633  -29.609  12.964  -29.682 0.1428571492
103390  -22.868  14.602  -31.500 0.2857142985
104153  -22.506  15.989  -31.098 0.1428571492
104865  -23.226  16.334  -31.664 0.1428571492
104866  -23.304  16.060  -31.820 0.1428571492
104867  -26.371  16.376  -30.707 0.1428571492
128406  -26.102  15.876  -28.333 0.1428571492
129080  -29.305  7.998  -30.982 0.1428571492
131693  -30.452  7.932  -28.439 0.2857142985
132298  -27.351  0.101  -24.045 0.2857142985
133473  -35.367  -11.041  -24.077 0.1428571492
137058  -27.947  6.996  -23.521 0.5714285970
137095  -30.547  6.068  -24.801 0.8571428657
139169  -28.259  5.004  -23.382 0.5714285970
140036  -30.602  -7.042  -26.735 0.8571428657
144344  -29.409  2.967  -23.431 1.0000000000
144397  -22.889  15.727  -31.747 0.1428571492
149026  -20.119  -13.490  -25.736 0.1428571492
149467  -29.403  2.312  -23.453 0.5714285970
150333  -24.944  7.800  -22.850 0.1428571492
