#!ascii label  , from subject sub-v1s13x0050041_ses-1 vox2ras=TkReg
1566
141975  -42.204  -12.109  14.874 0.0000000000
68764  -52.658  0.246  8.014 0.0000000000
62643  -47.866  -6.847  11.158 0.0000000000
129515  -18.194  -31.486  38.921 0.0000000000
60481  -37.950  -10.114  20.223 0.0000000000
141254  -33.269  -25.243  35.539 0.0000000000
48754  -39.307  -21.352  32.576 0.0000000000
54749  -41.641  -15.739  26.448 0.0000000000
58359  -40.888  -11.034  25.429 0.0000000000
41691  -25.677  -28.741  32.273 0.0000000000
43414  -29.864  -26.457  37.818 0.0000000000
124638  -28.745  -26.608  30.314 0.0000000000
48790  -35.222  -21.803  27.601 0.0000000000
51678  -39.068  -19.637  27.243 0.0000000000
138212  -44.663  -10.260  20.410 0.0000000000
59411  -49.379  -10.407  18.350 0.0000000000
66227  -50.057  -3.376  9.677 0.0000000000
58546  -45.501  -11.371  11.554 0.0000000000
71727  -48.863  2.224  3.080 0.0000000000
36046  -15.231  -34.743  40.587 0.0000000000
124400  -42.152  -8.634  23.426 0.0000000000
58428  -39.179  -11.022  17.224 0.0000000000
45686  -32.449  -24.853  27.846 0.0000000000
45611  -36.854  -24.874  32.487 0.0000000000
59471  -52.564  -10.703  15.585 0.0000000000
73635  -56.126  4.027  0.375 0.0000000000
53762  -39.498  -16.560  24.240 0.0000000000
55650  -39.614  -14.771  23.220 0.0000000000
42627  -26.780  -27.812  30.912 0.0000000000
50760  -36.556  -19.945  24.744 0.0000000000
51702  -38.359  -18.421  24.396 0.0000000000
52702  -40.490  -17.855  26.987 0.0000000000
139573  -43.721  -11.272  17.321 0.0000000000
59390  -47.406  -10.175  19.324 0.0000000000
58451  -45.857  -11.519  16.597 0.0000000000
67912  -51.506  -1.399  8.475 0.0000000000
67025  -52.754  -2.161  12.528 0.0000000000
71693  -53.355  2.283  7.924 0.0000000000
39006  -16.190  -32.056  36.999 0.0000000000
38030  -16.837  -33.295  39.839 0.0000000000
59342  -39.859  -10.628  22.966 0.0000000000
60444  -41.175  -9.752  24.513 0.0000000000
60466  -39.731  -9.798  21.484 0.0000000000
60502  -40.767  -9.696  20.193 0.0000000000
60519  -38.649  -9.871  18.888 0.0000000000
44486  -31.403  -25.404  36.125 0.0000000000
41620  -31.969  -28.234  39.025 0.0000000000
130828  -33.685  -27.697  37.541 0.0000000000
43417  -34.974  -26.589  36.641 0.0000000000
45706  -30.092  -24.983  26.356 0.0000000000
46718  -31.630  -23.534  25.171 0.0000000000
140647  -37.646  -21.724  29.957 0.0000000000
45673  -36.886  -24.105  29.424 0.0000000000
46643  -38.980  -24.077  32.400 0.0000000000
45559  -38.553  -25.165  35.549 0.0000000000
142044  -21.795  -30.602  35.787 0.0000000000
40643  -24.757  -29.751  40.229 0.0000000000
38019  -26.074  -32.235  42.125 0.0000000000
60590  -46.771  -8.903  11.459 0.0000000000
59494  -49.540  -10.807  13.322 0.0000000000
136378  -50.029  -8.713  12.989 0.0000000000
73646  -58.108  4.817  -1.361 0.0000000000
38960  -18.340  -31.917  43.611 0.0000000000
55607  -43.384  -15.080  29.903 0.0000000000
57477  -42.564  -12.664  28.584 0.0000000000
56610  -41.483  -13.668  25.583 0.0000000000
146312  -40.012  -12.790  23.552 0.0000000000
41647  -25.992  -29.167  35.430 0.0000000000
125498  -28.757  -27.146  39.676 0.0000000000
42596  -27.832  -27.920  35.159 0.0000000000
43476  -29.152  -26.950  33.841 0.0000000000
44537  -30.767  -25.828  32.854 0.0000000000
48818  -32.844  -21.410  25.073 0.0000000000
50748  -34.693  -21.090  24.952 0.0000000000
50726  -36.795  -21.231  27.305 0.0000000000
50710  -38.965  -20.716  29.840 0.0000000000
51656  -40.973  -18.971  30.008 0.0000000000
129224  -42.128  -17.424  29.731 0.0000000000
40761  -23.644  -29.698  32.537 0.0000000000
61505  -46.137  -8.834  23.679 0.0000000000
63434  -49.584  -6.497  24.532 0.0000000000
61534  -48.525  -8.592  21.676 0.0000000000
61544  -50.457  -8.434  20.455 0.0000000000
64447  -49.027  -5.183  10.585 0.0000000000
63557  -50.794  -6.570  13.246 0.0000000000
65263  -51.765  -4.512  13.039 0.0000000000
31240  -11.890  -39.344  42.913 0.0000000000
58508  -43.859  -12.152  12.913 0.0000000000
60607  -43.338  -9.127  9.795 0.0000000000
125052  -45.704  -5.247  8.342 0.0000000000
66249  -47.303  -3.768  7.294 0.0000000000
122364  -48.876  -2.354  6.636 0.0000000000
68796  -49.861  -0.253  5.845 0.0000000000
70744  -50.112  1.843  5.425 0.0000000000
69763  -47.975  1.518  3.920 0.0000000000
36008  -16.882  -34.461  43.841 0.0000000000
142468  -15.595  -37.300  43.667 0.0000000000
32281  -14.721  -38.917  44.075 0.0000000000
62430  -44.962  -7.609  28.539 0.0000000000
60414  -42.274  -10.116  27.672 0.0000000000
61460  -42.642  -8.821  25.928 0.0000000000
62484  -44.386  -7.971  24.920 0.0000000000
136002  -43.903  -9.568  21.771 0.0000000000
59405  -42.111  -10.673  18.614 0.0000000000
58466  -40.235  -11.874  15.840 0.0000000000
40668  -29.801  -29.643  39.181 0.0000000000
44588  -30.328  -25.573  29.450 0.0000000000
45627  -32.608  -24.839  31.256 0.0000000000
46697  -33.979  -23.511  26.922 0.0000000000
45649  -34.856  -24.876  30.124 0.0000000000
45571  -34.712  -25.264  34.443 0.0000000000
136117  -36.770  -26.248  36.153 0.0000000000
39017  -18.100  -30.991  36.546 0.0000000000
39847  -19.692  -30.616  36.186 0.0000000000
39811  -20.302  -30.455  39.220 0.0000000000
58472  -47.584  -11.759  14.955 0.0000000000
129064  -51.108  -10.879  16.700 0.0000000000
59416  -54.600  -10.113  17.822 0.0000000000
61631  -53.568  -8.791  14.669 0.0000000000
72653  -51.454  3.587  5.173 0.0000000000
72662  -53.762  3.709  4.795 0.0000000000
73599  -55.626  5.395  3.529 0.0000000000
127336  -55.212  3.843  1.364 0.0000000000
75453  -56.897  6.533  2.601 0.0000000000
53773  -38.605  -16.776  23.045 0.0000000000
53795  -38.829  -16.019  22.779 0.0000000000
53813  -37.944  -16.346  21.442 0.0000000000
51708  -37.537  -18.620  23.420 0.0000000000
52750  -38.360  -17.484  23.351 0.0000000000
52739  -39.245  -17.263  24.523 0.0000000000
124585  -43.043  -11.720  15.936 0.0000000000
58433  -44.606  -11.315  17.204 0.0000000000
123031  -43.706  -11.807  15.323 0.0000000000
67913  -52.165  -0.762  8.683 0.0000000000
68729  -52.713  -0.887  11.142 0.0000000000
135868  -53.438  0.381  10.440 0.0000000000
69695  -53.971  1.378  9.856 0.0000000000
70712  -53.389  1.434  8.199 0.0000000000
38998  -17.608  -32.032  38.363 0.0000000000
38043  -16.267  -32.980  38.252 0.0000000000
142548  -17.142  -32.826  39.386 0.0000000000
59360  -38.657  -10.553  21.282 0.0000000000
60456  -39.946  -9.980  22.168 0.0000000000
124360  -39.211  -10.005  21.068 0.0000000000
60501  -39.325  -9.622  20.070 0.0000000000
131015  -38.157  -9.854  19.970 0.0000000000
40634  -27.348  -29.096  42.381 0.0000000000
134711  -32.093  -25.076  35.783 0.0000000000
44457  -32.513  -26.265  37.897 0.0000000000
138199  -33.251  -25.830  37.038 0.0000000000
43416  -34.234  -26.736  37.122 0.0000000000
143090  -33.795  -25.426  35.752 0.0000000000
136134  -38.550  -21.988  31.422 0.0000000000
47703  -38.358  -22.818  30.903 0.0000000000
47681  -39.194  -23.081  32.506 0.0000000000
46644  -39.368  -23.849  33.197 0.0000000000
141802  -25.449  -29.646  37.866 0.0000000000
41608  -25.875  -29.177  39.689 0.0000000000
41589  -26.432  -29.012  42.485 0.0000000000
126913  -47.362  -6.376  28.509 0.0000000000
61693  -46.919  -7.968  11.228 0.0000000000
124900  -48.751  -9.061  12.468 0.0000000000
62621  -49.131  -7.642  12.593 0.0000000000
54743  -42.580  -15.784  27.941 0.0000000000
56599  -42.539  -13.998  27.709 0.0000000000
55623  -41.816  -14.972  26.363 0.0000000000
128602  -39.709  -14.008  23.134 0.0000000000
57554  -38.935  -12.874  22.003 0.0000000000
57553  -38.695  -11.852  21.706 0.0000000000
136965  -26.082  -28.905  34.012 0.0000000000
41648  -26.694  -28.734  35.239 0.0000000000
41676  -26.610  -28.521  33.397 0.0000000000
42640  -28.122  -27.054  30.771 0.0000000000
42621  -28.365  -27.312  32.383 0.0000000000
43500  -28.966  -26.832  31.879 0.0000000000
43478  -30.213  -26.229  33.269 0.0000000000
135183  -29.672  -26.395  31.732 0.0000000000
123925  -32.861  -20.258  23.769 0.0000000000
128628  -37.788  -19.949  26.190 0.0000000000
122739  -36.495  -20.681  25.946 0.0000000000
50727  -37.976  -20.634  27.323 0.0000000000
49794  -37.746  -21.299  28.591 0.0000000000
125786  -38.802  -20.406  28.324 0.0000000000
50711  -39.555  -20.222  29.543 0.0000000000
51672  -39.828  -19.551  28.290 0.0000000000
53728  -40.890  -17.065  26.853 0.0000000000
52691  -41.451  -17.558  28.076 0.0000000000
53720  -42.062  -16.945  28.248 0.0000000000
53711  -42.896  -16.212  29.128 0.0000000000
40762  -24.431  -29.367  32.476 0.0000000000
60460  -46.039  -9.503  22.351 0.0000000000
61522  -47.427  -8.836  22.851 0.0000000000
60473  -46.399  -9.592  21.538 0.0000000000
137243  -47.758  -10.471  18.763 0.0000000000
60505  -48.677  -9.565  19.678 0.0000000000
60506  -49.480  -9.431  19.497 0.0000000000
61561  -51.729  -8.572  19.483 0.0000000000
60521  -50.725  -9.722  18.640 0.0000000000
65306  -49.084  -4.258  9.507 0.0000000000
140711  -50.434  -4.915  11.853 0.0000000000
65287  -51.130  -3.909  11.748 0.0000000000
67012  -53.830  -2.190  14.143 0.0000000000
65334  -45.747  -4.446  7.432 0.0000000000
66263  -44.995  -3.705  6.375 0.0000000000
125879  -46.699  -2.307  5.564 0.0000000000
67944  -47.260  -1.578  5.289 0.0000000000
126506  -48.817  -1.474  5.902 0.0000000000
67958  -48.375  -0.590  5.211 0.0000000000
68807  -48.685  0.200  4.927 0.0000000000
37053  -14.386  -33.716  39.168 0.0000000000
35029  -13.996  -35.163  40.853 0.0000000000
36017  -19.171  -34.084  43.568 0.0000000000
37012  -17.428  -33.329  43.988 0.0000000000
36024  -18.745  -34.866  43.280 0.0000000000
33116  -17.050  -37.392  43.074 0.0000000000
32283  -16.090  -38.392  43.500 0.0000000000
131802  -15.026  -38.396  44.119 0.0000000000
32286  -15.678  -38.941  43.069 0.0000000000
133066  -14.386  -39.045  41.991 0.0000000000
57483  -41.899  -12.129  27.221 0.0000000000
145763  -42.085  -11.082  28.017 0.0000000000
58346  -41.460  -10.782  26.610 0.0000000000
61486  -41.365  -9.313  24.024 0.0000000000
61459  -41.969  -9.365  25.565 0.0000000000
61469  -42.408  -8.860  25.026 0.0000000000
61470  -43.144  -8.408  25.327 0.0000000000
61502  -42.778  -8.485  23.745 0.0000000000
122978  -43.640  -8.703  23.217 0.0000000000
126306  -42.692  -8.661  22.922 0.0000000000
59403  -40.266  -10.310  18.745 0.0000000000
124662  -41.745  -10.370  19.278 0.0000000000
59428  -40.758  -10.774  17.890 0.0000000000
58430  -41.174  -11.201  17.195 0.0000000000
58445  -39.775  -11.527  16.500 0.0000000000
143015  -29.168  -26.919  39.054 0.0000000000
41602  -29.868  -27.656  41.362 0.0000000000
41604  -30.967  -27.270  40.627 0.0000000000
122122  -30.855  -24.928  26.732 0.0000000000
44621  -30.093  -25.201  27.191 0.0000000000
44599  -31.144  -25.101  29.105 0.0000000000
45668  -31.710  -24.978  30.291 0.0000000000
45669  -32.418  -24.853  29.694 0.0000000000
48798  -34.120  -21.764  26.538 0.0000000000
47744  -33.425  -22.406  26.234 0.0000000000
47732  -34.432  -22.924  27.161 0.0000000000
141713  -36.500  -24.778  30.660 0.0000000000
45650  -35.828  -24.811  30.187 0.0000000000
123860  -35.910  -24.893  31.148 0.0000000000
45629  -34.379  -24.855  31.810 0.0000000000
45610  -35.669  -24.881  32.701 0.0000000000
45556  -35.920  -25.334  35.256 0.0000000000
45573  -36.410  -24.961  34.538 0.0000000000
51621  -41.017  -19.004  33.272 0.0000000000
39848  -20.573  -30.606  36.336 0.0000000000
122851  -21.214  -30.516  37.825 0.0000000000
39832  -19.532  -30.671  37.704 0.0000000000
133951  -26.166  -34.117  41.545 0.0000000000
58528  -45.182  -11.813  12.133 0.0000000000
58490  -46.185  -11.851  13.995 0.0000000000
136280  -46.811  -11.725  13.208 0.0000000000
124754  -51.159  -10.794  14.496 0.0000000000
59469  -50.818  -11.135  14.962 0.0000000000
59456  -51.883  -10.924  16.067 0.0000000000
59440  -52.977  -10.680  17.183 0.0000000000
136397  -53.469  -10.668  16.666 0.0000000000
63547  -52.834  -6.198  14.660 0.0000000000
62613  -52.008  -7.466  13.998 0.0000000000
62598  -54.143  -7.954  14.965 0.0000000000
70752  -49.857  2.349  4.677 0.0000000000
71714  -50.916  3.153  5.493 0.0000000000
71720  -50.339  2.768  4.290 0.0000000000
71731  -52.801  2.502  3.798 0.0000000000
72667  -53.764  2.932  3.902 0.0000000000
72663  -54.637  4.037  4.419 0.0000000000
73606  -54.928  3.769  2.840 0.0000000000
72701  -54.354  3.215  0.003 0.0000000000
72700  -53.454  3.515  0.020 0.0000000000
72696  -55.226  3.586  0.725 0.0000000000
73614  -55.744  4.834  1.821 0.0000000000
73615  -56.314  5.397  1.325 0.0000000000
73627  -57.378  5.536  0.103 0.0000000000
73639  -59.032  4.913  -0.919 0.0000000000
53749  -40.435  -16.258  25.275 0.0000000000
55629  -40.919  -14.959  25.144 0.0000000000
54763  -39.741  -15.863  24.074 0.0000000000
54792  -39.030  -15.171  22.454 0.0000000000
41711  -26.233  -28.288  31.656 0.0000000000
131822  -36.349  -19.696  23.819 0.0000000000
51701  -37.871  -19.071  24.715 0.0000000000
51696  -38.738  -18.915  25.808 0.0000000000
145362  -39.368  -19.028  26.941 0.0000000000
51697  -39.247  -18.242  25.605 0.0000000000
52728  -40.082  -17.029  25.688 0.0000000000
140308  -44.675  -10.550  19.567 0.0000000000
59371  -46.231  -10.060  20.148 0.0000000000
59408  -45.599  -10.813  18.457 0.0000000000
59434  -46.718  -10.991  17.904 0.0000000000
58436  -47.179  -11.391  17.226 0.0000000000
67059  -50.615  -2.598  9.318 0.0000000000
66217  -51.294  -2.846  10.997 0.0000000000
67046  -51.854  -2.096  10.985 0.0000000000
67868  -53.227  -1.360  12.607 0.0000000000
72627  -53.786  4.017  8.207 0.0000000000
37062  -15.793  -33.503  38.721 0.0000000000
132504  -15.720  -34.277  40.039 0.0000000000
58391  -40.135  -10.965  23.685 0.0000000000
59318  -40.882  -10.428  25.170 0.0000000000
59343  -40.377  -10.296  23.636 0.0000000000
60457  -40.517  -9.715  22.709 0.0000000000
61516  -40.730  -9.368  22.511 0.0000000000
123108  -41.509  -8.895  22.068 0.0000000000
60484  -39.987  -9.505  20.577 0.0000000000
59383  -39.381  -9.852  19.272 0.0000000000
123495  -38.902  -10.399  18.096 0.0000000000
134295  -30.578  -25.968  37.437 0.0000000000
42564  -31.422  -26.930  40.126 0.0000000000
43398  -32.145  -26.565  38.603 0.0000000000
41621  -32.623  -27.924  38.488 0.0000000000
42586  -34.991  -27.841  36.779 0.0000000000
140967  -30.631  -24.405  25.237 0.0000000000
123077  -32.549  -24.492  26.509 0.0000000000
47725  -36.172  -22.227  28.536 0.0000000000
46684  -35.764  -23.023  28.167 0.0000000000
46670  -37.373  -23.397  29.706 0.0000000000
45652  -37.827  -24.190  30.599 0.0000000000
45612  -37.875  -24.805  32.227 0.0000000000
131820  -38.007  -24.897  33.986 0.0000000000
45595  -38.631  -24.697  33.423 0.0000000000
39886  -22.982  -30.265  33.961 0.0000000000
39864  -23.187  -30.451  35.708 0.0000000000
40653  -23.640  -30.144  39.474 0.0000000000
137098  -23.948  -29.739  42.073 0.0000000000
40622  -25.313  -29.726  42.628 0.0000000000
59523  -46.528  -10.427  11.576 0.0000000000
58531  -48.139  -11.176  12.820 0.0000000000
59511  -48.519  -10.487  12.578 0.0000000000
124326  -49.874  -10.175  13.080 0.0000000000
60551  -52.201  -9.742  14.168 0.0000000000
71753  -48.869  2.309  1.654 0.0000000000
71742  -50.120  1.985  2.370 0.0000000000
124270  -49.817  2.329  1.413 0.0000000000
72711  -55.781  2.864  -0.987 0.0000000000
72704  -57.272  4.145  -0.892 0.0000000000
72712  -56.735  2.986  -1.188 0.0000000000
71770  -57.115  2.785  -2.016 0.0000000000
39789  -18.955  -30.918  41.204 0.0000000000
38982  -17.870  -31.945  40.987 0.0000000000
56578  -43.295  -13.135  30.544 0.0000000000
56587  -42.880  -13.530  29.132 0.0000000000
57484  -42.298  -12.951  27.677 0.0000000000
57499  -41.428  -12.668  25.661 0.0000000000
56609  -40.994  -14.140  25.023 0.0000000000
133367  -40.994  -13.154  24.961 0.0000000000
57516  -40.487  -12.665  24.198 0.0000000000
58390  -39.695  -11.484  23.040 0.0000000000
144551  -38.778  -10.982  21.737 0.0000000000
41618  -26.548  -28.869  38.425 0.0000000000
41610  -27.527  -27.945  40.046 0.0000000000
139407  -26.987  -28.604  37.544 0.0000000000
141464  -27.858  -27.925  36.586 0.0000000000
42578  -29.129  -26.934  37.085 0.0000000000
42620  -27.713  -27.766  32.793 0.0000000000
42604  -28.275  -27.621  34.467 0.0000000000
43447  -29.381  -26.844  35.212 0.0000000000
43448  -30.174  -26.278  35.119 0.0000000000
44508  -30.826  -25.768  34.631 0.0000000000
45588  -32.104  -25.104  33.561 0.0000000000
49823  -33.804  -21.363  25.356 0.0000000000
49815  -34.371  -21.376  25.750 0.0000000000
137381  -35.264  -20.799  24.933 0.0000000000
50737  -35.940  -21.025  26.088 0.0000000000
49801  -36.158  -21.406  27.548 0.0000000000
48782  -37.179  -21.529  28.743 0.0000000000
140461  -38.041  -21.389  29.965 0.0000000000
49779  -39.038  -21.022  30.998 0.0000000000
49770  -39.677  -20.781  32.553 0.0000000000
129118  -39.447  -20.678  31.417 0.0000000000
51638  -40.412  -19.587  31.821 0.0000000000
52651  -41.390  -18.435  31.412 0.0000000000
51673  -40.405  -18.851  28.295 0.0000000000
52661  -41.384  -18.206  29.685 0.0000000000
52652  -41.920  -17.835  31.630 0.0000000000
130282  -42.725  -16.772  31.132 0.0000000000
40722  -23.703  -30.098  34.356 0.0000000000
62486  -46.162  -7.820  24.926 0.0000000000
61492  -47.596  -7.994  24.375 0.0000000000
62499  -49.148  -7.665  23.056 0.0000000000
62507  -49.632  -7.586  22.518 0.0000000000
60491  -47.559  -9.487  20.572 0.0000000000
61535  -49.322  -8.336  21.424 0.0000000000
138825  -47.889  -5.846  10.264 0.0000000000
63568  -49.588  -6.941  12.675 0.0000000000
64440  -49.927  -5.514  11.952 0.0000000000
64429  -51.268  -5.248  13.014 0.0000000000
64410  -52.623  -5.288  14.293 0.0000000000
66188  -52.558  -3.581  13.328 0.0000000000
65257  -53.166  -4.615  14.571 0.0000000000
132783  -40.761  -12.432  13.065 0.0000000000
58487  -42.726  -12.184  14.121 0.0000000000
57644  -42.338  -12.225  12.397 0.0000000000
58543  -42.413  -11.950  11.504 0.0000000000
58561  -43.375  -11.351  10.719 0.0000000000
59532  -44.501  -10.408  10.633 0.0000000000
134893  -44.748  -9.624  10.574 0.0000000000
61691  -45.389  -8.375  10.467 0.0000000000
62649  -45.438  -7.080  9.749 0.0000000000
63592  -46.689  -6.035  9.759 0.0000000000
64471  -47.074  -5.231  9.091 0.0000000000
65318  -48.100  -4.218  8.415 0.0000000000
141063  -48.615  -3.670  8.172 0.0000000000
66280  -46.298  -3.048  6.048 0.0000000000
66265  -47.674  -3.262  6.841 0.0000000000
67068  -49.584  -2.813  7.976 0.0000000000
127817  -49.973  -2.215  7.512 0.0000000000
67935  -50.902  -1.108  7.214 0.0000000000
69716  -51.666  0.137  7.095 0.0000000000
69733  -51.803  0.951  6.870 0.0000000000
69739  -50.027  0.748  5.628 0.0000000000
69749  -49.000  1.078  4.611 0.0000000000
141408  -48.162  2.098  3.353 0.0000000000
136452  -47.756  2.211  2.454 0.0000000000
38025  -17.414  -32.526  41.279 0.0000000000
131781  -16.664  -33.649  41.420 0.0000000000
36034  -15.967  -34.663  42.053 0.0000000000
35007  -17.565  -35.713  43.577 0.0000000000
35006  -16.305  -35.634  43.431 0.0000000000
35022  -15.150  -35.703  41.878 0.0000000000
35013  -14.732  -36.392  42.407 0.0000000000
33118  -13.954  -37.698  43.733 0.0000000000
33112  -13.678  -38.439  44.222 0.0000000000
31235  -13.430  -39.311  44.013 0.0000000000
63397  -45.759  -6.921  27.407 0.0000000000
60396  -43.017  -10.019  29.112 0.0000000000
60421  -41.250  -10.108  25.566 0.0000000000
60415  -42.422  -9.576  27.272 0.0000000000
61452  -43.961  -7.949  27.033 0.0000000000
62450  -44.723  -7.511  26.816 0.0000000000
62465  -45.607  -7.431  25.716 0.0000000000
61489  -44.811  -8.234  24.379 0.0000000000
61519  -44.701  -8.986  23.140 0.0000000000
60487  -44.128  -9.909  20.958 0.0000000000
60469  -42.046  -9.338  21.392 0.0000000000
59367  -42.799  -10.212  19.951 0.0000000000
59387  -43.470  -10.492  19.559 0.0000000000
59430  -42.496  -10.948  17.937 0.0000000000
58447  -41.603  -11.549  16.511 0.0000000000
57590  -40.626  -12.166  15.159 0.0000000000
147122  -36.985  -9.960  19.189 0.0000000000
143523  -37.110  -9.958  18.667 0.0000000000
59400  -37.374  -10.284  17.950 0.0000000000
59453  -38.211  -11.089  16.923 0.0000000000
58444  -38.831  -11.544  16.419 0.0000000000
57588  -38.924  -12.153  15.142 0.0000000000
57602  -39.292  -12.352  14.478 0.0000000000
57622  -40.479  -12.435  13.714 0.0000000000
40669  -30.624  -29.296  38.817 0.0000000000
43527  -28.844  -26.135  28.944 0.0000000000
44597  -29.373  -25.757  28.443 0.0000000000
43508  -29.591  -26.055  30.164 0.0000000000
44561  -30.618  -25.746  31.247 0.0000000000
44562  -31.267  -25.397  31.590 0.0000000000
45607  -32.534  -24.973  32.880 0.0000000000
47754  -31.793  -22.597  24.990 0.0000000000
46709  -32.824  -23.683  26.089 0.0000000000
139173  -33.334  -24.713  27.830 0.0000000000
140137  -35.738  -24.277  28.666 0.0000000000
45671  -34.463  -24.809  29.291 0.0000000000
45670  -33.479  -24.837  29.438 0.0000000000
45628  -33.557  -24.811  31.272 0.0000000000
45608  -33.664  -24.858  32.181 0.0000000000
45570  -33.973  -25.269  34.523 0.0000000000
144308  -34.793  -25.541  35.548 0.0000000000
143883  -35.946  -26.078  36.123 0.0000000000
39007  -17.083  -31.847  36.985 0.0000000000
38999  -18.139  -31.381  38.041 0.0000000000
124828  -19.231  -30.616  35.181 0.0000000000
136542  -18.177  -30.649  35.211 0.0000000000
39846  -18.722  -30.733  36.155 0.0000000000
39821  -18.771  -30.918  37.986 0.0000000000
39809  -18.758  -30.945  39.349 0.0000000000
122937  -20.259  -30.361  41.062 0.0000000000
38964  -24.713  -31.656  43.049 0.0000000000
58489  -44.435  -11.878  14.678 0.0000000000
125431  -47.053  -11.761  15.691 0.0000000000
58438  -48.911  -11.386  16.719 0.0000000000
58493  -49.206  -11.522  14.534 0.0000000000
58455  -49.697  -11.334  16.263 0.0000000000
59437  -49.811  -10.740  17.658 0.0000000000
59413  -51.140  -10.171  17.991 0.0000000000
62612  -50.742  -7.414  13.309 0.0000000000
61655  -52.085  -8.406  13.922 0.0000000000
127196  -52.959  -9.551  14.541 0.0000000000
71707  -51.976  2.295  6.831 0.0000000000
128234  -51.859  3.223  6.567 0.0000000000
73581  -52.565  4.652  6.484 0.0000000000
72659  -51.026  2.708  3.993 0.0000000000
72661  -52.115  3.768  5.196 0.0000000000
129775  -52.940  5.091  6.078 0.0000000000
74513  -54.305  5.931  6.075 0.0000000000
74514  -55.236  6.187  5.523 0.0000000000
72683  -53.655  3.209  1.385 0.0000000000
73607  -55.454  4.634  2.678 0.0000000000
74527  -56.169  6.286  3.009 0.0000000000
74560  -58.148  5.692  -0.148 0.0000000000
53794  -38.290  -16.541  22.251 0.0000000000
52749  -37.771  -17.958  23.003 0.0000000000
52764  -37.959  -17.294  22.523 0.0000000000
58468  -42.889  -11.927  15.083 0.0000000000
68765  -52.781  -0.078  8.787 0.0000000000
68745  -53.037  -0.013  9.782 0.0000000000
125092  -53.310  0.482  9.128 0.0000000000
69694  -53.597  0.735  9.783 0.0000000000
70703  -53.699  1.217  9.036 0.0000000000
69706  -53.179  0.681  8.455 0.0000000000
38044  -17.050  -32.668  38.642 0.0000000000
38036  -17.685  -32.137  39.352 0.0000000000
59359  -38.256  -10.369  20.648 0.0000000000
60465  -38.850  -10.251  21.008 0.0000000000
60482  -38.696  -10.051  20.518 0.0000000000
135769  -27.739  -28.428  42.211 0.0000000000
41594  -27.667  -28.062  41.952 0.0000000000
45553  -32.673  -25.078  35.280 0.0000000000
44488  -32.981  -25.489  36.726 0.0000000000
45543  -33.319  -25.369  36.147 0.0000000000
44489  -33.716  -25.639  36.422 0.0000000000
48761  -38.908  -21.969  32.171 0.0000000000
48762  -39.342  -21.994  33.110 0.0000000000
41590  -27.000  -28.605  42.363 0.0000000000
62631  -47.616  -7.587  11.476 0.0000000000
133080  -48.055  -7.948  12.026 0.0000000000
62632  -48.253  -7.227  11.761 0.0000000000
54742  -42.211  -15.525  27.205 0.0000000000
56664  -38.706  -13.715  21.502 0.0000000000
56654  -39.238  -13.680  22.399 0.0000000000
130120  -25.885  -28.850  33.146 0.0000000000
126710  -28.676  -26.843  31.106 0.0000000000
122451  -29.287  -26.506  31.028 0.0000000000
50740  -38.306  -19.976  26.853 0.0000000000
50739  -37.553  -20.481  26.670 0.0000000000
50728  -38.610  -20.213  27.627 0.0000000000
123772  -38.299  -20.710  27.907 0.0000000000
50719  -39.409  -20.110  28.707 0.0000000000
50729  -39.257  -19.879  27.962 0.0000000000
53739  -41.329  -16.427  26.599 0.0000000000
53729  -41.617  -16.886  27.417 0.0000000000
53730  -42.242  -16.313  27.697 0.0000000000
53721  -42.577  -16.327  28.412 0.0000000000
41690  -24.893  -28.955  32.026 0.0000000000
40763  -25.075  -29.209  32.915 0.0000000000
60472  -45.546  -9.751  21.675 0.0000000000
60489  -45.905  -9.907  20.899 0.0000000000
59410  -48.493  -10.497  18.530 0.0000000000
59392  -49.009  -9.976  19.019 0.0000000000
60520  -49.848  -9.840  18.828 0.0000000000
60507  -50.324  -9.290  19.286 0.0000000000
142315  -49.618  -3.934  9.850 0.0000000000
126100  -50.146  -3.937  10.571 0.0000000000
66203  -50.880  -3.569  11.136 0.0000000000
67013  -54.585  -2.474  15.386 0.0000000000
65350  -45.371  -4.109  6.894 0.0000000000
67957  -47.592  -0.810  4.999 0.0000000000
68806  -46.938  -0.184  4.436 0.0000000000
126556  -47.889  0.022  4.665 0.0000000000
36054  -14.648  -34.333  39.818 0.0000000000
36045  -14.438  -34.785  40.448 0.0000000000
36016  -18.479  -34.302  43.995 0.0000000000
144901  -18.973  -35.030  42.651 0.0000000000
32287  -16.396  -38.600  42.579 0.0000000000
32294  -15.149  -38.717  41.523 0.0000000000
58360  -41.257  -11.540  25.993 0.0000000000
126879  -41.624  -11.576  26.738 0.0000000000
61501  -41.524  -8.941  23.435 0.0000000000
61487  -42.071  -8.785  24.155 0.0000000000
61488  -42.901  -8.494  24.524 0.0000000000
61518  -41.864  -8.740  22.787 0.0000000000
59427  -39.827  -10.638  17.913 0.0000000000
59404  -41.258  -10.564  18.625 0.0000000000
58429  -40.256  -11.129  17.187 0.0000000000
43395  -29.849  -26.560  38.919 0.0000000000
42562  -29.908  -26.845  40.674 0.0000000000
43379  -30.509  -26.500  39.721 0.0000000000
45697  -31.758  -24.899  27.155 0.0000000000
45684  -31.434  -25.009  28.203 0.0000000000
45685  -31.970  -24.892  28.862 0.0000000000
139733  -31.636  -24.967  29.586 0.0000000000
48799  -34.586  -21.995  27.117 0.0000000000
47731  -33.942  -22.501  26.679 0.0000000000
47723  -35.075  -22.768  27.644 0.0000000000
45631  -36.695  -24.849  31.387 0.0000000000
139065  -36.069  -24.882  31.904 0.0000000000
45593  -36.071  -24.876  33.598 0.0000000000
45594  -37.074  -24.854  33.696 0.0000000000
51640  -41.453  -18.358  32.901 0.0000000000
40641  -22.425  -30.091  40.681 0.0000000000
58511  -45.802  -11.840  12.915 0.0000000000
58529  -46.535  -11.505  12.381 0.0000000000
59481  -52.436  -10.382  14.765 0.0000000000
59470  -51.692  -10.868  15.104 0.0000000000
59457  -52.733  -10.796  16.389 0.0000000000
129015  -53.390  -10.625  16.008 0.0000000000
63548  -53.424  -7.027  14.944 0.0000000000
70760  -49.040  2.123  3.653 0.0000000000
71719  -49.723  2.405  3.950 0.0000000000
71745  -53.622  2.741  2.575 0.0000000000
72674  -54.338  3.181  3.029 0.0000000000
72702  -55.414  3.199  -0.128 0.0000000000
73625  -55.903  4.498  1.082 0.0000000000
73626  -56.585  5.067  0.566 0.0000000000
74551  -57.077  5.834  0.917 0.0000000000
53763  -39.964  -16.183  24.631 0.0000000000
54764  -40.389  -15.532  24.664 0.0000000000
54791  -38.476  -15.819  21.920 0.0000000000
54775  -39.424  -15.543  23.340 0.0000000000
50772  -36.809  -19.011  23.207 0.0000000000
141356  -37.846  -18.714  24.042 0.0000000000
51695  -38.033  -19.453  25.510 0.0000000000
128062  -38.477  -18.762  25.106 0.0000000000
51687  -39.363  -18.677  26.315 0.0000000000
52726  -38.921  -18.035  24.899 0.0000000000
52727  -39.550  -17.538  25.268 0.0000000000
53748  -39.786  -16.784  24.929 0.0000000000
53738  -40.695  -16.660  26.092 0.0000000000
59406  -43.919  -10.760  18.726 0.0000000000
59407  -44.822  -10.803  18.609 0.0000000000
59431  -44.251  -11.000  17.950 0.0000000000
146872  -45.154  -11.469  16.717 0.0000000000
58434  -45.490  -11.277  17.262 0.0000000000
58435  -46.309  -11.319  17.246 0.0000000000
67893  -51.314  -1.884  9.324 0.0000000000
67045  -51.245  -2.369  10.165 0.0000000000
67880  -51.774  -1.680  10.065 0.0000000000
127976  -53.381  -0.663  12.288 0.0000000000
126681  -53.800  -1.309  13.518 0.0000000000
68716  -53.843  -0.549  13.034 0.0000000000
71684  -53.804  2.931  8.364 0.0000000000
72628  -54.290  3.518  8.965 0.0000000000
72634  -53.155  3.389  7.704 0.0000000000
38035  -16.588  -33.266  38.998 0.0000000000
37055  -16.163  -33.762  39.486 0.0000000000
61515  -40.309  -9.504  22.002 0.0000000000
135931  -40.707  -9.085  21.897 0.0000000000
60467  -40.107  -9.421  21.318 0.0000000000
60500  -38.619  -9.721  19.670 0.0000000000
59402  -39.422  -10.223  18.566 0.0000000000
127505  -31.312  -25.569  37.106 0.0000000000
44455  -31.438  -26.052  38.427 0.0000000000
44470  -31.833  -25.705  37.720 0.0000000000
147437  -32.882  -26.406  37.757 0.0000000000
43399  -32.874  -26.733  38.163 0.0000000000
41622  -33.227  -27.973  37.884 0.0000000000
44474  -34.406  -26.238  36.728 0.0000000000
42581  -35.209  -27.205  36.750 0.0000000000
45717  -31.325  -24.289  25.455 0.0000000000
45707  -31.635  -24.656  26.162 0.0000000000
46708  -32.133  -24.088  25.721 0.0000000000
126530  -36.740  -21.798  28.941 0.0000000000
47713  -36.603  -22.521  28.953 0.0000000000
47714  -37.140  -22.301  29.492 0.0000000000
46651  -38.776  -23.626  31.729 0.0000000000
45653  -38.338  -23.824  31.042 0.0000000000
45633  -38.383  -24.403  31.729 0.0000000000
45632  -37.944  -24.427  31.070 0.0000000000
45614  -39.008  -24.374  33.027 0.0000000000
45576  -39.571  -24.351  34.760 0.0000000000
128931  -23.823  -30.219  35.177 0.0000000000
39877  -23.066  -30.412  34.825 0.0000000000
40704  -23.982  -30.225  36.011 0.0000000000
40666  -24.859  -29.881  38.475 0.0000000000
126983  -24.064  -29.934  40.059 0.0000000000
126918  -24.160  -29.818  41.026 0.0000000000
130065  -25.070  -29.486  41.206 0.0000000000
39792  -26.989  -30.909  42.003 0.0000000000
132563  -46.802  -9.712  11.575 0.0000000000
59524  -47.201  -10.209  11.844 0.0000000000
60591  -47.421  -9.378  11.880 0.0000000000
60565  -49.547  -9.459  12.792 0.0000000000
60566  -50.593  -9.545  13.245 0.0000000000
60567  -51.519  -9.694  13.737 0.0000000000
72710  -54.687  3.009  -1.036 0.0000000000
138291  -55.421  2.857  -1.606 0.0000000000
39778  -19.087  -30.904  42.239 0.0000000000
37038  -20.766  -33.563  41.988 0.0000000000
55597  -43.572  -14.741  30.654 0.0000000000
56588  -43.264  -14.022  30.042 0.0000000000
55606  -43.074  -14.580  29.236 0.0000000000
137499  -41.839  -14.125  26.278 0.0000000000
136524  -42.158  -13.644  26.966 0.0000000000
56604  -41.787  -13.259  26.269 0.0000000000
55637  -40.557  -14.660  24.454 0.0000000000
56637  -39.695  -13.238  23.092 0.0000000000
56638  -40.142  -13.488  23.674 0.0000000000
57536  -40.058  -11.979  23.657 0.0000000000
57535  -39.682  -12.436  23.084 0.0000000000
41626  -26.888  -28.696  36.614 0.0000000000
41649  -27.249  -28.316  34.996 0.0000000000
41637  -27.308  -28.367  35.900 0.0000000000
141986  -28.030  -27.827  35.872 0.0000000000
42584  -28.561  -27.474  36.391 0.0000000000
143577  -27.025  -28.143  32.855 0.0000000000
42619  -27.093  -27.940  31.994 0.0000000000
43490  -29.019  -26.935  32.987 0.0000000000
134996  -28.353  -27.441  33.116 0.0000000000
42605  -28.922  -27.139  34.499 0.0000000000
124155  -29.814  -26.497  35.870 0.0000000000
43461  -29.597  -26.718  34.389 0.0000000000
43492  -30.094  -26.188  32.416 0.0000000000
44524  -30.823  -25.810  33.724 0.0000000000
44525  -31.567  -25.344  34.247 0.0000000000
44538  -31.427  -25.456  33.266 0.0000000000
139466  -33.504  -21.080  24.407 0.0000000000
50747  -34.047  -21.259  25.005 0.0000000000
50736  -34.723  -21.266  25.479 0.0000000000
50759  -35.601  -20.115  24.425 0.0000000000
50749  -35.988  -20.636  25.324 0.0000000000
50738  -36.747  -20.945  26.566 0.0000000000
49809  -36.001  -21.241  26.831 0.0000000000
49802  -36.962  -21.403  28.026 0.0000000000
50709  -38.403  -21.050  29.215 0.0000000000
49795  -37.873  -21.378  29.321 0.0000000000
49787  -38.491  -21.117  29.923 0.0000000000
135470  -38.649  -21.213  30.588 0.0000000000
49788  -39.031  -20.859  30.554 0.0000000000
51655  -40.331  -19.612  29.997 0.0000000000
51647  -40.309  -19.657  30.951 0.0000000000
142675  -40.753  -19.209  30.566 0.0000000000
51648  -40.872  -19.096  31.256 0.0000000000
51688  -39.880  -18.524  26.902 0.0000000000
51680  -40.304  -18.506  27.504 0.0000000000
52690  -40.795  -18.062  27.839 0.0000000000
52677  -41.797  -17.579  28.888 0.0000000000
52662  -41.844  -17.878  30.659 0.0000000000
53702  -42.416  -17.104  30.471 0.0000000000
53698  -42.251  -17.327  31.171 0.0000000000
54733  -43.095  -15.448  29.222 0.0000000000
54722  -43.212  -15.984  29.947 0.0000000000
54723  -43.430  -15.460  30.504 0.0000000000
40740  -23.649  -29.940  33.507 0.0000000000
41635  -25.786  -29.368  36.232 0.0000000000
61491  -46.763  -8.402  24.234 0.0000000000
123475  -46.973  -7.835  24.861 0.0000000000
61523  -48.216  -8.491  22.463 0.0000000000
61507  -48.047  -8.400  23.141 0.0000000000
61508  -48.567  -8.117  22.932 0.0000000000
61524  -49.012  -8.059  22.254 0.0000000000
59389  -46.577  -10.297  19.448 0.0000000000
59372  -47.063  -9.869  19.995 0.0000000000
60493  -49.138  -9.054  20.167 0.0000000000
60476  -48.842  -8.815  20.908 0.0000000000
61543  -49.625  -8.593  20.676 0.0000000000
61536  -50.130  -8.144  21.180 0.0000000000
61537  -50.969  -7.937  20.936 0.0000000000
61546  -52.247  -7.932  19.926 0.0000000000
132898  -48.437  -5.395  10.187 0.0000000000
64439  -49.202  -5.660  11.342 0.0000000000
65272  -51.123  -4.529  12.288 0.0000000000
64428  -50.630  -5.373  12.466 0.0000000000
64417  -51.924  -5.231  13.637 0.0000000000
140670  -51.784  -2.683  11.598 0.0000000000
67032  -51.465  -3.305  11.689 0.0000000000
66196  -52.149  -3.031  12.401 0.0000000000
65265  -53.134  -3.830  14.167 0.0000000000
137365  -12.452  -39.344  43.857 0.0000000000
32278  -12.044  -39.071  44.226 0.0000000000
31234  -11.320  -39.267  43.776 0.0000000000
58560  -42.401  -11.483  10.667 0.0000000000
58544  -43.098  -11.790  11.200 0.0000000000
59531  -43.677  -10.627  10.411 0.0000000000
60596  -43.994  -9.635  10.245 0.0000000000
61700  -44.299  -8.101  9.800 0.0000000000
127027  -44.674  -7.331  9.488 0.0000000000
139220  -45.769  -7.655  10.324 0.0000000000
63591  -45.869  -6.302  9.475 0.0000000000
142934  -46.277  -5.683  9.189 0.0000000000
64470  -46.254  -5.233  8.625 0.0000000000
65335  -46.595  -4.207  7.498 0.0000000000
65317  -47.447  -4.620  8.520 0.0000000000
65336  -47.401  -4.195  7.912 0.0000000000
66250  -48.077  -3.616  7.600 0.0000000000
67109  -47.677  -2.170  5.822 0.0000000000
67092  -47.210  -2.854  6.214 0.0000000000
125028  -48.090  -2.623  6.420 0.0000000000
66266  -48.491  -2.954  7.048 0.0000000000
67079  -49.252  -2.607  7.256 0.0000000000
140097  -49.594  -2.027  6.848 0.0000000000
67945  -49.380  -1.055  5.983 0.0000000000
125262  -49.819  -1.413  6.520 0.0000000000
67934  -50.399  -1.003  6.684 0.0000000000
68777  -51.506  -0.593  7.387 0.0000000000
68788  -50.354  -0.482  6.351 0.0000000000
69731  -50.533  0.178  6.173 0.0000000000
69748  -48.284  0.864  4.344 0.0000000000
70750  -48.598  1.772  4.047 0.0000000000
36031  -13.304  -34.882  40.945 0.0000000000
38966  -17.988  -31.853  42.658 0.0000000000
38974  -17.772  -32.007  41.808 0.0000000000
142629  -17.743  -32.332  43.263 0.0000000000
37004  -17.192  -33.957  43.997 0.0000000000
38015  -16.868  -33.292  42.468 0.0000000000
37025  -16.823  -33.924  43.446 0.0000000000
37037  -16.413  -34.076  42.296 0.0000000000
36023  -16.245  -34.668  42.959 0.0000000000
34027  -18.066  -35.871  43.312 0.0000000000
34025  -16.084  -36.980  43.459 0.0000000000
145560  -16.529  -36.396  43.261 0.0000000000
34024  -15.954  -36.540  43.430 0.0000000000
35014  -15.645  -36.083  42.921 0.0000000000
34031  -15.237  -36.926  43.395 0.0000000000
34023  -14.908  -37.720  43.974 0.0000000000
33113  -14.431  -38.448  44.198 0.0000000000
34022  -13.149  -37.500  43.585 0.0000000000
32280  -14.016  -38.972  44.201 0.0000000000
133260  -13.397  -38.931  44.391 0.0000000000
31236  -14.262  -39.268  43.769 0.0000000000
127228  -14.283  -38.491  40.940 0.0000000000
62431  -45.741  -7.135  28.702 0.0000000000
63380  -45.949  -6.870  28.080 0.0000000000
62441  -45.331  -7.203  27.926 0.0000000000
57470  -42.820  -12.505  29.379 0.0000000000
57462  -43.011  -12.282  30.189 0.0000000000
59289  -42.152  -10.614  27.850 0.0000000000
58330  -42.359  -10.961  28.500 0.0000000000
59290  -42.469  -10.400  28.264 0.0000000000
60405  -42.652  -10.098  28.408 0.0000000000
60430  -40.984  -10.091  24.864 0.0000000000
60431  -41.430  -9.803  25.210 0.0000000000
60423  -42.212  -9.434  26.412 0.0000000000
61444  -42.925  -9.180  27.826 0.0000000000
61451  -42.863  -8.802  26.931 0.0000000000
130817  -43.517  -8.456  27.620 0.0000000000
145539  -43.436  -8.344  26.965 0.0000000000
62463  -43.904  -8.002  25.523 0.0000000000
62449  -44.265  -7.782  26.229 0.0000000000
62464  -44.712  -7.725  25.582 0.0000000000
142909  -44.939  -7.468  26.181 0.0000000000
62485  -45.227  -7.866  24.950 0.0000000000
60470  -43.332  -9.120  22.310 0.0000000000
60458  -44.236  -9.310  22.456 0.0000000000
60471  -44.676  -9.729  21.735 0.0000000000
60468  -41.230  -9.149  21.452 0.0000000000
60485  -41.531  -9.642  20.639 0.0000000000
60503  -42.108  -10.097  19.918 0.0000000000
59386  -42.537  -10.466  19.330 0.0000000000
59368  -43.345  -10.095  20.432 0.0000000000
125574  -42.974  -10.739  18.690 0.0000000000
58446  -40.703  -11.532  16.504 0.0000000000
58431  -42.039  -11.253  17.237 0.0000000000
58467  -41.129  -11.874  15.818 0.0000000000
60530  -35.760  -10.267  18.070 0.0000000000
59426  -36.898  -10.622  17.436 0.0000000000
141639  -37.616  -10.740  17.348 0.0000000000
59452  -37.356  -11.058  16.800 0.0000000000
58443  -37.892  -11.554  16.260 0.0000000000
58463  -37.464  -11.902  15.437 0.0000000000
58464  -38.456  -11.870  15.700 0.0000000000
57587  -38.167  -12.141  15.089 0.0000000000
57603  -40.138  -12.346  14.462 0.0000000000
42561  -28.260  -27.433  40.157 0.0000000000
42549  -28.308  -27.575  41.540 0.0000000000
42550  -28.852  -27.442  41.590 0.0000000000
40647  -30.283  -28.399  40.895 0.0000000000
42565  -31.867  -27.192  39.611 0.0000000000
41612  -31.592  -27.665  39.921 0.0000000000
40670  -31.454  -28.918  38.468 0.0000000000
44598  -30.602  -25.309  28.536 0.0000000000
44607  -30.016  -25.433  28.024 0.0000000000
146174  -29.956  -25.584  28.748 0.0000000000
44576  -30.449  -25.701  30.427 0.0000000000
45646  -31.817  -24.993  31.093 0.0000000000
44577  -31.144  -25.357  30.762 0.0000000000
45626  -32.016  -24.965  32.029 0.0000000000
47755  -32.508  -22.187  25.362 0.0000000000
46710  -33.432  -23.196  26.398 0.0000000000
45708  -33.379  -24.084  26.661 0.0000000000
45699  -33.935  -24.322  27.373 0.0000000000
45689  -36.374  -23.971  28.847 0.0000000000
147126  -35.916  -23.744  28.434 0.0000000000
123020  -35.372  -24.700  29.298 0.0000000000
45687  -34.008  -24.699  28.373 0.0000000000
45648  -33.956  -24.832  30.227 0.0000000000
45609  -34.770  -24.944  32.726 0.0000000000
141522  -34.078  -24.961  32.691 0.0000000000
45591  -34.231  -25.127  33.592 0.0000000000
132621  -33.428  -25.009  33.034 0.0000000000
45555  -34.356  -25.410  35.222 0.0000000000
44510  -36.347  -25.724  35.826 0.0000000000
137253  -38.052  -24.904  34.906 0.0000000000
45558  -37.604  -25.245  35.491 0.0000000000
44512  -37.968  -25.685  35.844 0.0000000000
126721  -40.203  -20.190  33.117 0.0000000000
134654  -17.523  -31.853  37.619 0.0000000000
39008  -17.905  -31.362  37.157 0.0000000000
39862  -21.613  -30.614  35.106 0.0000000000
141847  -21.378  -30.577  34.431 0.0000000000
124580  -20.235  -30.613  35.500 0.0000000000
141277  -19.345  -30.679  36.851 0.0000000000
145748  -20.075  -30.539  38.384 0.0000000000
39822  -19.355  -30.700  38.726 0.0000000000
39810  -19.487  -30.615  39.735 0.0000000000
39801  -20.214  -30.380  40.191 0.0000000000
39784  -25.124  -30.371  42.895 0.0000000000
39783  -24.593  -30.048  43.073 0.0000000000
38969  -25.399  -31.945  42.623 0.0000000000
63433  -49.123  -6.489  25.203 0.0000000000
137935  -43.482  -12.142  13.666 0.0000000000
58488  -43.575  -11.974  14.446 0.0000000000
58509  -44.234  -12.018  13.754 0.0000000000
58471  -46.610  -11.822  14.910 0.0000000000
125942  -47.809  -11.708  15.697 0.0000000000
58453  -47.527  -11.636  16.410 0.0000000000
58454  -48.319  -11.609  16.190 0.0000000000
59493  -48.851  -10.997  13.054 0.0000000000
58513  -48.416  -11.397  13.409 0.0000000000
58514  -49.040  -11.344  13.710 0.0000000000
124345  -51.048  -11.056  15.755 0.0000000000
58456  -50.276  -11.302  15.536 0.0000000000
59455  -50.467  -11.124  16.229 0.0000000000
59454  -50.202  -10.957  16.909 0.0000000000
59438  -50.663  -10.633  17.519 0.0000000000
59439  -51.440  -10.589  17.416 0.0000000000
59415  -53.383  -10.232  17.838 0.0000000000
60524  -53.825  -9.381  18.476 0.0000000000
62622  -50.222  -6.964  13.059 0.0000000000
62597  -53.189  -7.885  14.547 0.0000000000
62596  -52.551  -7.879  14.216 0.0000000000
61630  -52.824  -8.598  14.278 0.0000000000
139128  -52.444  -9.096  14.080 0.0000000000
70735  -51.228  1.498  6.410 0.0000000000
70736  -51.752  1.726  6.746 0.0000000000
72645  -51.433  3.565  5.874 0.0000000000
72633  -52.381  3.890  6.978 0.0000000000
72646  -51.937  4.080  6.220 0.0000000000
71729  -50.369  2.234  3.438 0.0000000000
141942  -51.197  2.145  3.224 0.0000000000
124137  -52.799  3.274  4.713 0.0000000000
142417  -52.777  3.974  5.264 0.0000000000
73587  -52.458  4.312  5.760 0.0000000000
73592  -53.202  4.526  5.530 0.0000000000
73588  -53.753  5.201  5.772 0.0000000000
134796  -55.052  4.800  4.472 0.0000000000
74519  -54.702  5.350  5.298 0.0000000000
74520  -55.469  5.849  4.603 0.0000000000
75438  -56.040  6.627  4.874 0.0000000000
75444  -56.114  6.425  3.938 0.0000000000
72695  -54.263  3.365  0.789 0.0000000000
72694  -53.415  3.386  0.616 0.0000000000
129638  -54.385  3.456  1.289 0.0000000000
73613  -55.116  3.978  1.949 0.0000000000
74542  -56.114  5.674  1.916 0.0000000000
74535  -55.864  5.543  2.496 0.0000000000
75445  -57.003  6.730  3.536 0.0000000000
75454  -57.725  6.732  2.937 0.0000000000
73637  -57.714  5.206  -0.666 0.0000000000
73638  -58.462  5.305  -0.881 0.0000000000
53774  -39.197  -16.297  23.546 0.0000000000
51715  -37.208  -18.421  22.661 0.0000000000
51709  -38.109  -18.147  23.700 0.0000000000
52738  -38.666  -17.712  24.101 0.0000000000
52751  -38.920  -16.997  23.808 0.0000000000
58449  -43.311  -11.500  16.683 0.0000000000
144813  -43.997  -11.470  16.765 0.0000000000
58450  -44.559  -11.551  16.422 0.0000000000
58469  -44.535  -11.723  15.603 0.0000000000
68744  -52.465  -0.678  9.441 0.0000000000
68737  -53.067  -0.218  10.765 0.0000000000
69689  -53.939  1.079  10.709 0.0000000000
70697  -54.431  1.882  10.460 0.0000000000
70713  -53.837  2.026  8.621 0.0000000000
38997  -16.827  -32.392  37.715 0.0000000000
38049  -15.810  -32.609  37.553 0.0000000000
141525  -39.075  -10.546  21.884 0.0000000000
59351  -39.589  -10.413  22.307 0.0000000000
60455  -39.288  -10.233  21.614 0.0000000000
60483  -39.432  -9.738  20.736 0.0000000000
142010  -38.831  -9.786  20.199 0.0000000000
123544  -37.760  -9.795  19.294 0.0000000000
123512  -27.415  -30.919  41.478 0.0000000000
44487  -32.181  -25.338  36.803 0.0000000000
44471  -32.527  -25.805  37.449 0.0000000000
44472  -32.981  -26.124  37.484 0.0000000000
43415  -33.326  -26.538  37.560 0.0000000000
42579  -33.610  -27.085  37.672 0.0000000000
44473  -33.649  -26.204  37.112 0.0000000000
146103  -33.883  -25.932  36.761 0.0000000000
44490  -34.479  -25.892  36.351 0.0000000000
48776  -38.215  -21.707  30.674 0.0000000000
47702  -37.773  -22.550  30.169 0.0000000000
47690  -38.770  -22.791  31.645 0.0000000000
47673  -39.603  -22.941  33.620 0.0000000000
40644  -25.520  -29.341  40.411 0.0000000000
133068  -25.873  -28.946  41.422 0.0000000000
40624  -26.770  -29.194  42.503 0.0000000000
139004  -47.457  -8.418  11.723 0.0000000000
61683  -48.043  -8.767  12.169 0.0000000000
61670  -48.626  -8.221  12.401 0.0000000000
61671  -49.333  -8.464  12.716 0.0000000000
55614  -42.957  -15.015  28.656 0.0000000000
129630  -42.718  -14.996  27.897 0.0000000000
55619  -42.248  -14.553  27.062 0.0000000000
55668  -39.308  -14.429  22.608 0.0000000000
55651  -40.138  -14.319  23.790 0.0000000000
123681  -39.387  -12.889  22.607 0.0000000000
41662  -26.232  -28.949  34.741 0.0000000000
41636  -26.478  -28.907  36.045 0.0000000000
41663  -26.826  -28.519  34.329 0.0000000000
41664  -27.560  -28.008  34.367 0.0000000000
42628  -27.607  -27.528  31.247 0.0000000000
127692  -27.828  -27.586  31.986 0.0000000000
42629  -28.261  -27.197  31.560 0.0000000000
43477  -29.664  -26.635  33.588 0.0000000000
43491  -29.501  -26.610  32.381 0.0000000000
43502  -30.180  -26.003  31.696 0.0000000000
137153  -37.437  -19.932  25.696 0.0000000000
50750  -36.810  -20.195  25.525 0.0000000000
123273  -37.136  -20.358  26.112 0.0000000000
144743  -37.344  -20.976  27.114 0.0000000000
50717  -37.665  -21.127  27.786 0.0000000000
50718  -38.324  -20.920  28.483 0.0000000000
127598  -38.908  -20.583  29.046 0.0000000000
50702  -39.633  -20.278  30.558 0.0000000000
51664  -40.114  -19.615  29.002 0.0000000000
52703  -41.042  -17.478  27.451 0.0000000000
53710  -42.417  -16.900  29.015 0.0000000000
139459  -42.724  -16.729  29.765 0.0000000000
54738  -42.837  -15.651  28.536 0.0000000000
123491  -24.339  -29.636  33.152 0.0000000000
40741  -24.822  -29.545  33.606 0.0000000000
40742  -25.403  -29.277  33.771 0.0000000000
61520  -45.636  -9.225  23.101 0.0000000000
135159  -46.903  -8.831  23.512 0.0000000000
60461  -46.885  -9.216  22.161 0.0000000000
61533  -47.708  -8.884  21.926 0.0000000000
60504  -47.883  -9.706  19.844 0.0000000000
59391  -48.204  -10.062  19.188 0.0000000000
60494  -49.944  -8.888  19.955 0.0000000000
61545  -51.332  -8.233  20.191 0.0000000000
61560  -50.820  -8.761  19.732 0.0000000000
60508  -51.214  -9.145  19.062 0.0000000000
60509  -52.113  -8.988  18.885 0.0000000000
65298  -49.409  -4.506  10.252 0.0000000000
65285  -49.825  -4.849  11.153 0.0000000000
65286  -50.593  -4.288  11.457 0.0000000000
147545  -51.614  -4.176  12.569 0.0000000000
67026  -53.295  -1.957  13.164 0.0000000000
67019  -52.962  -2.685  13.207 0.0000000000
75416  -55.408  6.384  7.532 0.0000000000
140920  -42.865  -8.592  9.374 0.0000000000
65333  -44.989  -4.672  7.379 0.0000000000
64489  -46.077  -4.783  8.016 0.0000000000
65351  -46.055  -3.984  6.981 0.0000000000
125995  -45.819  -3.602  6.477 0.0000000000
67110  -48.485  -1.988  6.100 0.0000000000
67933  -49.182  -1.747  6.320 0.0000000000
125853  -48.159  -1.406  5.551 0.0000000000
124446  -48.783  -1.016  5.615 0.0000000000
68795  -49.108  -0.420  5.450 0.0000000000
35020  -13.588  -35.618  41.440 0.0000000000
37006  -18.507  -33.096  44.307 0.0000000000
132967  -18.259  -33.812  44.281 0.0000000000
37005  -17.739  -33.706  44.197 0.0000000000
36009  -17.266  -34.453  43.970 0.0000000000
34032  -17.562  -37.180  42.641 0.0000000000
33119  -16.814  -38.112  42.985 0.0000000000
33115  -16.344  -37.625  43.469 0.0000000000
32282  -15.384  -38.701  43.871 0.0000000000
31237  -14.972  -39.182  43.479 0.0000000000
31243  -14.402  -39.322  42.936 0.0000000000
31250  -15.095  -39.103  42.521 0.0000000000
58329  -42.139  -11.796  28.095 0.0000000000
58337  -41.860  -11.145  27.398 0.0000000000
59301  -41.871  -10.401  27.074 0.0000000000
61468  -41.708  -9.312  24.756 0.0000000000
61461  -43.452  -8.266  26.273 0.0000000000
62483  -43.626  -8.205  24.795 0.0000000000
135971  -44.095  -8.199  24.411 0.0000000000
62497  -43.508  -8.324  24.101 0.0000000000
59385  -40.949  -10.152  19.381 0.0000000000
137971  -41.447  -9.977  19.842 0.0000000000
59429  -41.644  -10.903  17.901 0.0000000000
42556  -29.457  -27.197  41.330 0.0000000000
41603  -30.502  -27.625  40.960 0.0000000000
40658  -30.548  -28.989  39.954 0.0000000000
40682  -31.638  -29.097  37.502 0.0000000000
45696  -30.788  -25.133  27.651 0.0000000000
44589  -31.058  -25.261  29.937 0.0000000000
45647  -32.309  -24.862  30.563 0.0000000000
48806  -33.206  -21.799  25.812 0.0000000000
134526  -33.697  -21.927  26.270 0.0000000000
46698  -34.612  -23.702  27.430 0.0000000000
45651  -36.722  -24.556  30.012 0.0000000000
45672  -36.198  -24.466  29.341 0.0000000000
123861  -35.092  -24.892  30.997 0.0000000000
139727  -34.358  -24.858  30.884 0.0000000000
45630  -35.293  -24.883  31.876 0.0000000000
45592  -35.129  -25.056  33.615 0.0000000000
45572  -35.525  -25.128  34.457 0.0000000000
45557  -36.776  -25.253  35.364 0.0000000000
145057  -22.038  -30.586  36.803 0.0000000000
122849  -21.083  -30.617  35.696 0.0000000000
39849  -21.494  -30.606  36.469 0.0000000000
122850  -20.908  -30.603  37.109 0.0000000000
125434  -20.076  -30.606  37.000 0.0000000000
39833  -20.429  -30.556  37.755 0.0000000000
39823  -20.793  -30.475  38.460 0.0000000000
137255  -20.799  -30.289  40.615 0.0000000000
37043  -26.706  -33.369  41.200 0.0000000000
37042  -26.099  -33.193  41.874 0.0000000000
129711  -44.776  -12.015  12.913 0.0000000000
58510  -45.161  -11.911  13.876 0.0000000000
58491  -47.206  -11.781  14.081 0.0000000000
59479  -50.539  -10.970  14.254 0.0000000000
59478  -49.817  -11.217  13.972 0.0000000000
135662  -52.066  -10.785  16.946 0.0000000000
59441  -53.979  -10.541  17.234 0.0000000000
63559  -52.066  -6.605  14.076 0.0000000000
131527  -51.386  -6.989  13.674 0.0000000000
129571  -52.653  -7.154  14.420 0.0000000000
70745  -50.667  2.235  5.852 0.0000000000
71713  -50.331  2.824  5.090 0.0000000000
71721  -50.938  3.165  4.727 0.0000000000
73593  -54.210  4.539  5.090 0.0000000000
72668  -54.531  3.527  3.817 0.0000000000
73598  -55.128  4.271  3.644 0.0000000000
72709  -53.722  3.572  -0.835 0.0000000000
74543  -56.768  6.167  1.762 0.0000000000
74544  -57.732  6.336  1.449 0.0000000000
72714  -58.577  4.360  -1.960 0.0000000000
73647  -58.808  4.889  -1.553 0.0000000000
54748  -41.022  -15.965  25.915 0.0000000000
54755  -41.295  -15.287  25.781 0.0000000000
54754  -40.828  -15.595  25.335 0.0000000000
54776  -39.976  -15.111  23.944 0.0000000000
41710  -25.428  -28.568  31.439 0.0000000000
145746  -26.850  -27.588  30.263 0.0000000000
43507  -28.051  -26.882  30.063 0.0000000000
43517  -28.412  -26.571  29.495 0.0000000000
50770  -35.279  -19.740  22.911 0.0000000000
50771  -35.660  -19.832  23.575 0.0000000000
50773  -37.219  -19.325  24.128 0.0000000000
50761  -37.377  -19.740  25.027 0.0000000000
50751  -38.370  -19.570  26.167 0.0000000000
51686  -38.886  -19.318  26.547 0.0000000000
52715  -39.870  -17.871  26.134 0.0000000000
128109  -40.415  -17.298  26.328 0.0000000000
59370  -45.381  -10.242  20.279 0.0000000000
59388  -45.725  -10.424  19.578 0.0000000000
145247  -45.386  -10.662  19.041 0.0000000000
129113  -46.087  -10.617  18.945 0.0000000000
59432  -45.115  -11.000  17.885 0.0000000000
59409  -46.257  -10.807  18.379 0.0000000000
139933  -46.940  -10.630  18.697 0.0000000000
59435  -47.714  -10.876  17.978 0.0000000000
59436  -48.837  -10.899  17.638 0.0000000000
66216  -50.692  -3.114  10.331 0.0000000000
67033  -52.266  -2.200  11.840 0.0000000000
123220  -52.263  -1.360  10.670 0.0000000000
128973  -52.439  -1.556  11.443 0.0000000000
67854  -54.389  -1.222  14.366 0.0000000000
143464  -54.637  2.604  10.304 0.0000000000
73568  -54.462  4.599  8.923 0.0000000000
73567  -53.857  4.985  8.015 0.0000000000
37061  -14.914  -33.473  38.622 0.0000000000
37054  -15.283  -33.906  39.257 0.0000000000
133712  -40.646  -10.954  24.912 0.0000000000
59335  -40.557  -10.465  24.450 0.0000000000
60443  -40.759  -10.024  24.196 0.0000000000
60449  -40.197  -10.176  22.877 0.0000000000
60450  -40.643  -9.894  23.484 0.0000000000
61485  -40.971  -9.694  23.928 0.0000000000
61500  -40.972  -9.441  23.274 0.0000000000
61517  -41.129  -9.030  22.704 0.0000000000
135771  -40.636  -9.279  21.058 0.0000000000
59384  -40.099  -9.803  19.703 0.0000000000
43396  -30.721  -26.150  38.557 0.0000000000
43380  -31.175  -26.563  39.710 0.0000000000
132925  -31.113  -26.323  39.129 0.0000000000
43381  -31.746  -26.804  39.428 0.0000000000
41613  -32.122  -27.589  39.243 0.0000000000
44456  -31.980  -26.111  38.157 0.0000000000
42572  -32.372  -27.141  38.899 0.0000000000
40671  -32.239  -28.574  38.087 0.0000000000
40683  -32.505  -28.730  37.250 0.0000000000
41630  -34.236  -27.945  37.018 0.0000000000
123818  -30.775  -24.720  25.862 0.0000000000
144787  -32.504  -24.760  27.136 0.0000000000
47724  -35.632  -22.034  28.070 0.0000000000
46669  -36.804  -23.318  29.128 0.0000000000
46658  -37.894  -23.547  30.368 0.0000000000
45674  -37.402  -24.181  30.058 0.0000000000
124723  -37.270  -24.611  30.719 0.0000000000
129747  -37.544  -24.745  31.558 0.0000000000
129748  -37.861  -24.881  33.017 0.0000000000
45575  -38.855  -24.761  34.512 0.0000000000
45596  -39.249  -24.363  33.785 0.0000000000
147111  -39.308  -24.792  35.343 0.0000000000
146078  -39.264  -25.141  35.573 0.0000000000
143641  -22.194  -30.514  34.405 0.0000000000
39863  -22.389  -30.558  35.353 0.0000000000
39851  -23.329  -30.432  36.599 0.0000000000
39850  -22.407  -30.561  36.278 0.0000000000
40652  -22.780  -30.223  39.646 0.0000000000
40642  -23.378  -30.033  40.355 0.0000000000
40632  -24.628  -29.597  41.860 0.0000000000
41588  -25.904  -29.206  42.424 0.0000000000
124609  -25.797  -30.320  42.670 0.0000000000
38026  -26.639  -32.444  41.529 0.0000000000
59522  -45.784  -10.657  11.292 0.0000000000
58547  -46.241  -11.148  11.734 0.0000000000
59509  -46.985  -10.959  11.977 0.0000000000
59510  -47.741  -10.606  12.249 0.0000000000
60582  -49.233  -10.331  12.831 0.0000000000
60581  -48.139  -9.725  12.253 0.0000000000
59495  -50.285  -10.580  13.529 0.0000000000
59496  -51.010  -10.387  13.849 0.0000000000
59480  -51.707  -10.390  14.292 0.0000000000
71740  -48.502  2.226  2.440 0.0000000000
71728  -49.513  2.169  3.216 0.0000000000
71741  -49.260  2.111  2.349 0.0000000000
71754  -50.754  2.246  1.595 0.0000000000
72703  -56.369  3.512  -0.439 0.0000000000
73636  -56.895  4.699  -0.203 0.0000000000
72713  -57.653  3.673  -1.625 0.0000000000
71769  -56.201  2.734  -1.781 0.0000000000
38990  -18.281  -31.405  39.794 0.0000000000
38989  -17.898  -31.842  40.205 0.0000000000
38983  -18.375  -31.386  40.693 0.0000000000
38967  -18.667  -31.383  42.886 0.0000000000
37015  -19.669  -33.336  43.814 0.0000000000
56577  -43.016  -13.103  29.876 0.0000000000
56595  -42.822  -14.285  28.480 0.0000000000
137414  -42.641  -13.495  28.306 0.0000000000
128006  -41.974  -12.891  26.915 0.0000000000
57489  -41.703  -12.356  26.439 0.0000000000
57498  -40.915  -11.910  25.039 0.0000000000
55630  -41.430  -14.535  25.656 0.0000000000
56621  -40.607  -13.762  24.323 0.0000000000
58378  -40.441  -11.446  24.328 0.0000000000
57546  -39.224  -12.107  22.505 0.0000000000
58399  -39.212  -11.070  22.349 0.0000000000
41601  -27.581  -27.865  41.217 0.0000000000
41619  -27.255  -28.329  38.772 0.0000000000
133188  -27.783  -27.923  38.098 0.0000000000
41627  -27.347  -28.357  36.768 0.0000000000
42576  -27.658  -28.063  37.266 0.0000000000
42571  -28.543  -27.379  38.570 0.0000000000
42577  -28.394  -27.553  37.425 0.0000000000
43394  -29.123  -26.915  38.133 0.0000000000
41692  -26.440  -28.444  32.539 0.0000000000
41677  -27.276  -28.092  33.570 0.0000000000
42612  -27.974  -27.720  33.677 0.0000000000
42597  -28.619  -27.427  35.376 0.0000000000
42585  -29.195  -26.917  36.098 0.0000000000
43431  -29.834  -26.439  36.750 0.0000000000
43432  -30.539  -25.936  36.264 0.0000000000
127292  -30.858  -25.715  35.459 0.0000000000
43462  -30.226  -26.272  34.113 0.0000000000
44509  -31.465  -25.346  35.204 0.0000000000
45552  -32.015  -25.021  34.992 0.0000000000
45568  -32.406  -25.074  34.421 0.0000000000
50757  -32.991  -20.717  24.156 0.0000000000
49822  -33.328  -21.165  24.749 0.0000000000
48819  -33.437  -21.399  25.383 0.0000000000
48807  -33.877  -21.520  25.963 0.0000000000
48808  -34.594  -21.522  26.444 0.0000000000
123252  -34.752  -20.570  24.422 0.0000000000
122195  -35.318  -21.106  25.502 0.0000000000
49816  -35.182  -21.295  26.194 0.0000000000
49808  -35.340  -21.465  27.096 0.0000000000
48791  -35.733  -21.574  27.705 0.0000000000
48792  -36.334  -21.600  28.231 0.0000000000
48783  -37.402  -21.551  29.421 0.0000000000
48769  -39.017  -21.299  31.516 0.0000000000
50687  -40.021  -20.180  32.214 0.0000000000
50696  -39.960  -20.091  31.404 0.0000000000
51639  -41.029  -18.919  32.222 0.0000000000
52638  -41.521  -18.276  32.136 0.0000000000
51679  -39.722  -19.103  27.598 0.0000000000
51665  -40.767  -18.926  29.265 0.0000000000
52676  -41.064  -18.156  28.685 0.0000000000
129725  -41.223  -18.629  30.591 0.0000000000
53686  -42.422  -17.142  32.011 0.0000000000
146543  -42.908  -16.547  30.425 0.0000000000
54715  -43.241  -16.072  30.940 0.0000000000
126037  -24.308  -29.813  33.935 0.0000000000
134091  -24.382  -29.934  34.693 0.0000000000
40667  -26.104  -29.238  37.721 0.0000000000
62467  -47.595  -7.455  25.083 0.0000000000
61506  -47.555  -8.465  23.659 0.0000000000
62498  -48.408  -7.856  23.749 0.0000000000
62488  -49.280  -7.126  23.780 0.0000000000
60490  -46.737  -9.711  20.749 0.0000000000
60474  -47.223  -9.322  21.346 0.0000000000
60475  -48.046  -9.053  21.130 0.0000000000
60492  -48.358  -9.254  20.372 0.0000000000
61525  -49.817  -7.831  21.879 0.0000000000
62508  -50.277  -7.246  22.314 0.0000000000
139885  -47.533  -6.466  10.610 0.0000000000
62633  -48.867  -6.974  12.200 0.0000000000
63576  -48.575  -6.421  11.459 0.0000000000
63577  -49.359  -6.251  12.088 0.0000000000
63578  -50.184  -6.193  12.671 0.0000000000
63569  -50.849  -5.869  13.010 0.0000000000
64418  -52.143  -5.868  14.083 0.0000000000
63535  -53.869  -6.088  15.442 0.0000000000
66195  -51.580  -3.804  12.234 0.0000000000
65273  -51.971  -3.870  12.780 0.0000000000
66189  -53.245  -3.112  13.862 0.0000000000
65264  -52.457  -4.453  13.738 0.0000000000
33110  -12.838  -38.314  44.284 0.0000000000
57623  -41.256  -12.407  13.580 0.0000000000
57624  -42.099  -12.342  13.353 0.0000000000
58507  -42.982  -12.257  13.081 0.0000000000
132402  -43.287  -12.093  12.053 0.0000000000
58527  -44.307  -12.002  12.097 0.0000000000
58545  -43.860  -11.741  11.346 0.0000000000
132051  -44.718  -11.605  11.437 0.0000000000
59530  -42.791  -10.830  10.248 0.0000000000
58562  -44.231  -11.197  10.839 0.0000000000
58563  -45.043  -10.981  10.996 0.0000000000
59533  -45.243  -10.088  10.914 0.0000000000
60598  -45.345  -9.144  10.784 0.0000000000
60608  -43.965  -8.789  9.959 0.0000000000
60597  -44.674  -8.790  10.287 0.0000000000
61692  -46.096  -8.433  10.912 0.0000000000
126553  -46.510  -7.432  10.638 0.0000000000
62642  -47.217  -7.142  10.910 0.0000000000
62663  -45.091  -6.532  9.190 0.0000000000
63586  -46.889  -6.635  10.380 0.0000000000
63593  -47.272  -6.110  10.172 0.0000000000
64454  -47.381  -5.675  9.781 0.0000000000
64455  -47.971  -5.202  9.596 0.0000000000
65316  -46.806  -4.701  8.277 0.0000000000
64472  -47.809  -4.766  8.948 0.0000000000
65305  -48.420  -4.552  9.171 0.0000000000
65319  -48.816  -3.965  8.792 0.0000000000
66236  -49.207  -3.395  8.416 0.0000000000
66279  -45.429  -3.163  5.954 0.0000000000
66264  -46.720  -3.552  6.732 0.0000000000
66235  -48.880  -3.181  7.719 0.0000000000
66237  -49.863  -3.043  8.794 0.0000000000
67069  -50.293  -2.417  8.313 0.0000000000
67080  -50.772  -1.735  7.814 0.0000000000
67093  -50.272  -1.618  7.060 0.0000000000
68763  -51.872  -0.759  8.000 0.0000000000
68778  -52.111  -0.156  7.654 0.0000000000
69717  -52.306  0.570  7.399 0.0000000000
69732  -51.174  0.550  6.536 0.0000000000
69740  -50.608  1.147  6.048 0.0000000000
69738  -49.389  0.427  5.249 0.0000000000
70743  -49.578  1.429  5.013 0.0000000000
70751  -49.312  1.959  4.293 0.0000000000
146260  -48.201  2.300  1.879 0.0000000000
38031  -17.434  -32.566  40.237 0.0000000000
38024  -16.964  -33.144  40.775 0.0000000000
38005  -17.292  -32.947  43.368 0.0000000000
138073  -16.989  -32.967  41.648 0.0000000000
37047  -16.469  -33.826  40.398 0.0000000000
37046  -16.050  -34.372  41.128 0.0000000000
36033  -15.512  -35.011  41.464 0.0000000000
35015  -18.602  -35.597  42.722 0.0000000000
144559  -18.389  -35.394  43.330 0.0000000000
35000  -17.377  -35.136  43.852 0.0000000000
34026  -17.419  -36.509  43.197 0.0000000000
34018  -17.008  -35.972  43.544 0.0000000000
36015  -16.520  -34.858  43.585 0.0000000000
36014  -16.078  -35.257  43.223 0.0000000000
36022  -15.751  -35.290  42.388 0.0000000000
36032  -14.758  -35.187  41.081 0.0000000000
35021  -14.334  -35.759  41.550 0.0000000000
34030  -14.281  -37.021  43.032 0.0000000000
32279  -12.780  -39.059  44.358 0.0000000000
31241  -12.981  -39.360  42.967 0.0000000000
31242  -13.797  -39.381  43.268 0.0000000000
31249  -13.714  -39.250  42.447 0.0000000000
63364  -46.541  -6.754  28.668 0.0000000000
63381  -46.577  -6.573  27.745 0.0000000000
142644  -43.350  -12.458  30.857 0.0000000000
126284  -42.564  -11.750  28.906 0.0000000000
58345  -41.154  -10.578  25.878 0.0000000000
59313  -41.514  -10.224  26.330 0.0000000000
128343  -41.953  -9.972  26.783 0.0000000000
60422  -41.678  -9.869  25.977 0.0000000000
136805  -42.617  -9.776  27.957 0.0000000000
60406  -42.982  -9.595  28.545 0.0000000000
61453  -44.128  -8.135  28.358 0.0000000000
62440  -44.597  -7.659  27.649 0.0000000000
122078  -45.149  -7.233  27.269 0.0000000000
62451  -45.480  -7.126  26.626 0.0000000000
61490  -45.723  -8.324  24.338 0.0000000000
61504  -45.216  -8.704  23.767 0.0000000000
61503  -44.308  -8.487  23.854 0.0000000000
60459  -45.146  -9.525  22.452 0.0000000000
60488  -45.061  -9.983  20.989 0.0000000000
61532  -42.428  -8.962  22.122 0.0000000000
122640  -43.098  -9.609  21.384 0.0000000000
60486  -42.497  -9.861  20.610 0.0000000000
59369  -44.055  -10.322  20.195 0.0000000000
58425  -43.363  -10.960  17.972 0.0000000000
58432  -42.885  -11.263  17.294 0.0000000000
58448  -42.483  -11.533  16.573 0.0000000000
122645  -42.111  -11.850  15.716 0.0000000000
57591  -41.477  -12.148  15.068 0.0000000000
59366  -37.426  -10.442  20.215 0.0000000000
59401  -37.974  -10.008  18.423 0.0000000000
140082  -38.231  -10.608  17.653 0.0000000000
58442  -36.959  -11.493  16.162 0.0000000000
58465  -39.349  -11.862  15.804 0.0000000000
57601  -38.425  -12.339  14.499 0.0000000000
57589  -39.771  -12.159  15.171 0.0000000000
57604  -40.967  -12.348  14.402 0.0000000000
41595  -28.408  -27.912  42.041 0.0000000000
40645  -28.829  -29.062  41.727 0.0000000000
40646  -29.486  -28.595  41.473 0.0000000000
41611  -30.959  -28.096  40.438 0.0000000000
43526  -28.141  -26.477  28.692 0.0000000000
43518  -29.019  -26.250  29.628 0.0000000000
43501  -29.938  -26.035  31.050 0.0000000000
44548  -30.702  -25.776  32.030 0.0000000000
44549  -31.348  -25.445  32.424 0.0000000000
45606  -31.875  -25.132  32.825 0.0000000000
45589  -32.905  -25.060  33.761 0.0000000000
47743  -32.912  -22.722  25.945 0.0000000000
46719  -32.328  -23.182  25.507 0.0000000000
45698  -33.085  -24.582  27.168 0.0000000000
46683  -35.321  -23.872  27.991 0.0000000000
45700  -34.638  -24.293  27.847 0.0000000000
45688  -34.984  -24.537  28.494 0.0000000000
123019  -32.948  -24.849  28.662 0.0000000000
140341  -33.046  -24.800  30.416 0.0000000000
136317  -32.955  -24.832  32.109 0.0000000000
45590  -33.569  -25.168  33.937 0.0000000000
45569  -33.236  -25.158  34.683 0.0000000000
45554  -33.724  -25.308  35.157 0.0000000000
45544  -34.406  -25.600  35.888 0.0000000000
44491  -35.175  -26.189  36.339 0.0000000000
123792  -35.105  -25.385  35.156 0.0000000000
45545  -35.305  -25.734  35.846 0.0000000000
43433  -35.870  -26.624  36.388 0.0000000000
45574  -37.293  -24.917  34.689 0.0000000000
44511  -37.178  -25.741  35.867 0.0000000000
39845  -17.760  -30.870  35.859 0.0000000000
143355  -18.679  -30.881  37.150 0.0000000000
146774  -18.365  -31.104  37.593 0.0000000000
143903  -18.614  -31.025  38.619 0.0000000000
39799  -18.855  -30.896  40.240 0.0000000000
39800  -19.561  -30.606  40.666 0.0000000000
37033  -25.429  -32.920  42.417 0.0000000000
124154  -45.280  -11.637  16.029 0.0000000000
122825  -45.485  -11.822  14.983 0.0000000000
58470  -46.169  -11.717  15.789 0.0000000000
58452  -46.687  -11.611  16.501 0.0000000000
58437  -48.087  -11.396  17.070 0.0000000000
58512  -47.712  -11.570  13.365 0.0000000000
58492  -48.255  -11.644  14.173 0.0000000000
58494  -50.040  -11.348  14.767 0.0000000000
58474  -49.470  -11.521  15.388 0.0000000000
58473  -48.528  -11.666  15.266 0.0000000000
131992  -48.994  -11.565  15.971 0.0000000000
143952  -49.490  -11.065  17.052 0.0000000000
59412  -50.258  -10.271  18.192 0.0000000000
60522  -51.657  -9.649  18.454 0.0000000000
59414  -52.189  -10.283  17.753 0.0000000000
60523  -52.665  -9.612  18.386 0.0000000000
61672  -49.940  -7.770  13.011 0.0000000000
129082  -50.704  -8.358  13.241 0.0000000000
124524  -51.394  -7.901  13.596 0.0000000000
139133  -51.415  -8.843  13.506 0.0000000000
60568  -51.963  -9.155  13.823 0.0000000000
59482  -53.197  -10.286  15.255 0.0000000000
59472  -53.998  -10.230  15.697 0.0000000000
59458  -54.301  -10.430  16.552 0.0000000000
69718  -52.908  0.970  7.763 0.0000000000
70720  -52.973  1.706  7.650 0.0000000000
71692  -52.569  2.588  7.291 0.0000000000
71706  -51.323  2.576  6.289 0.0000000000
73573  -53.078  4.675  7.397 0.0000000000
71730  -51.880  2.299  3.530 0.0000000000
72660  -51.799  3.067  4.538 0.0000000000
72654  -51.853  3.903  5.615 0.0000000000
73582  -53.071  5.217  6.715 0.0000000000
74493  -53.648  5.594  7.290 0.0000000000
74507  -53.622  5.541  6.474 0.0000000000
128098  -54.275  6.186  6.925 0.0000000000
74508  -55.086  6.408  6.334 0.0000000000
123981  -55.783  6.652  6.556 0.0000000000
75432  -55.934  6.662  5.777 0.0000000000
72684  -54.397  3.393  2.057 0.0000000000
33114  -15.613  -37.910  43.898 0.0000000000
33121  -17.846  -37.371  41.984 0.0000000000
34017  -16.373  -36.004  43.344 0.0000000000
34999  -16.784  -35.172  43.669 0.0000000000
35001  -18.061  -35.117  43.758 0.0000000000
36010  -17.838  -34.423  44.152 0.0000000000
37014  -18.881  -33.579  44.200 0.0000000000
37027  -20.568  -33.372  42.912 0.0000000000
37998  -18.443  -32.435  44.131 0.0000000000
38016  -17.412  -32.526  42.366 0.0000000000
38970  -26.164  -31.179  42.437 0.0000000000
38975  -18.370  -31.443  41.780 0.0000000000
39775  -24.649  -30.807  43.173 0.0000000000
39785  -26.734  -30.019  42.445 0.0000000000
39790  -19.652  -30.580  41.618 0.0000000000
39793  -27.600  -30.016  41.988 0.0000000000
39834  -21.696  -30.576  37.230 0.0000000000
40621  -24.501  -29.732  42.535 0.0000000000
40623  -26.172  -29.560  42.559 0.0000000000
40633  -25.369  -29.301  42.084 0.0000000000
40635  -28.809  -28.325  41.936 0.0000000000
40654  -24.424  -29.951  39.373 0.0000000000
40655  -25.223  -29.645  39.457 0.0000000000
40659  -31.268  -28.568  39.499 0.0000000000
41593  -26.243  -28.834  42.151 0.0000000000
42554  -28.115  -27.480  40.883 0.0000000000
42555  -28.898  -27.076  40.902 0.0000000000
42557  -30.252  -27.083  41.025 0.0000000000
42563  -30.719  -26.768  40.405 0.0000000000
42570  -28.007  -27.686  39.191 0.0000000000
42573  -33.085  -27.420  38.159 0.0000000000
42580  -34.341  -27.432  37.138 0.0000000000
42613  -28.625  -27.328  33.759 0.0000000000
43378  -29.555  -26.748  39.936 0.0000000000
43397  -31.554  -26.442  38.915 0.0000000000
44469  -31.227  -25.794  37.916 0.0000000000
44513  -38.713  -25.550  35.686 0.0000000000
45542  -32.795  -25.200  36.092 0.0000000000
45613  -38.508  -24.606  32.585 0.0000000000
46685  -36.293  -23.192  28.638 0.0000000000
57605  -41.800  -12.323  14.261 0.0000000000
58530  -47.357  -11.354  12.617 0.0000000000
59283  -42.740  -10.473  28.843 0.0000000000
59433  -45.914  -10.994  17.852 0.0000000000
59534  -46.068  -9.620  11.232 0.0000000000
61521  -46.525  -9.175  22.979 0.0000000000
62650  -46.176  -6.825  10.071 0.0000000000
63558  -51.454  -6.040  13.575 0.0000000000
63608  -45.586  -5.760  8.847 0.0000000000
64446  -48.536  -5.799  10.768 0.0000000000
64456  -48.731  -4.870  9.858 0.0000000000
64488  -45.394  -4.997  7.899 0.0000000000
66226  -49.444  -3.663  9.172 0.0000000000
67070  -50.902  -2.010  8.640 0.0000000000
67867  -52.698  -1.676  12.055 0.0000000000
67923  -51.364  -1.163  7.745 0.0000000000
67946  -49.968  -0.860  6.286 0.0000000000
68736  -52.606  -0.714  10.279 0.0000000000
68789  -50.955  -0.358  6.762 0.0000000000
70719  -52.373  1.499  7.206 0.0000000000
74536  -56.264  6.113  2.319 0.0000000000
75426  -55.195  6.548  7.064 0.0000000000
123202  -16.705  -36.813  43.299 0.0000000000
128989  -45.866  -11.582  12.116 0.0000000000
129733  -25.299  -31.053  42.841 0.0000000000
135957  -29.702  -26.546  32.925 0.0000000000
139506  -43.845  -11.627  16.131 0.0000000000
139960  -48.862  -9.827  12.527 0.0000000000
140361  -45.027  -7.863  10.039 0.0000000000
141130  -48.567  -7.586  12.236 0.0000000000
141948  -52.357  -0.326  8.199 0.0000000000
142158  -41.874  -16.204  27.061 0.0000000000
144388  -47.637  -9.983  12.030 0.0000000000
144597  -23.898  -29.743  42.708 0.0000000000
144855  -43.988  -7.981  27.683 0.0000000000
146836  -20.113  -33.382  43.375 0.0000000000
146846  -38.585  -23.286  31.308 0.0000000000
147268  -38.882  -18.475  25.338 0.0000000000
147452  -52.174  -4.110  13.209 0.0000000000
147494  -48.081  -6.287  10.819 0.0000000000
