#!ascii label  , from subject sub-v1s13x0050041_ses-1 vox2ras=TkReg
1311
56451  15.771  -15.563  41.494 0.0000000000
120898  7.720  -23.469  32.364 0.0000000000
119916  10.239  -19.909  46.556 0.0000000000
53820  6.321  -17.026  43.071 0.0000000000
58410  7.521  -12.407  36.591 0.0000000000
54763  13.734  -16.728  46.671 0.0000000000
130127  11.923  -13.128  46.469 0.0000000000
52860  18.438  -19.003  41.148 0.0000000000
49936  15.986  -21.258  45.370 0.0000000000
47895  10.899  -22.386  46.517 0.0000000000
60452  3.318  -10.172  43.846 0.0000000000
56456  4.164  -14.744  40.519 0.0000000000
62449  2.208  -9.033  39.174 0.0000000000
51852  6.193  -21.212  44.737 0.0000000000
50920  9.296  -20.447  40.562 0.0000000000
53813  10.667  -17.504  44.587 0.0000000000
59372  6.794  -11.787  45.572 0.0000000000
127753  8.050  -19.341  37.043 0.0000000000
52937  3.359  -18.211  34.853 0.0000000000
54889  6.661  -16.624  31.548 0.0000000000
58482  5.585  -12.658  31.751 0.0000000000
56441  15.525  -15.094  44.732 0.0000000000
58360  13.668  -13.058  44.609 0.0000000000
54800  17.399  -17.557  41.150 0.0000000000
51836  18.043  -20.125  43.962 0.0000000000
54774  16.759  -17.348  44.275 0.0000000000
52834  14.896  -18.618  46.415 0.0000000000
61444  2.262  -9.464  41.610 0.0000000000
51832  7.951  -20.607  46.514 0.0000000000
51849  9.040  -19.820  44.786 0.0000000000
52840  10.973  -18.450  45.756 0.0000000000
60446  9.740  -10.810  44.575 0.0000000000
134904  9.100  -12.423  45.620 0.0000000000
49918  10.191  -20.907  47.852 0.0000000000
47890  8.258  -22.377  47.019 0.0000000000
50873  7.639  -20.992  47.288 0.0000000000
50885  5.639  -21.518  46.085 0.0000000000
53842  9.744  -17.881  41.093 0.0000000000
51892  10.216  -19.653  38.282 0.0000000000
53845  7.039  -18.365  40.818 0.0000000000
57441  5.802  -13.511  38.529 0.0000000000
53862  3.582  -16.782  37.399 0.0000000000
56516  5.004  -15.193  35.900 0.0000000000
137916  4.093  -17.122  33.406 0.0000000000
56530  7.852  -14.364  34.464 0.0000000000
52829  12.164  -18.650  46.640 0.0000000000
54770  12.146  -16.348  46.249 0.0000000000
56427  12.914  -14.136  46.777 0.0000000000
59382  12.466  -12.334  45.150 0.0000000000
51867  20.584  -21.040  39.508 0.0000000000
45724  18.913  -24.227  40.652 0.0000000000
49951  19.050  -21.486  42.290 0.0000000000
47923  16.657  -22.110  44.416 0.0000000000
48933  13.838  -21.743  46.071 0.0000000000
51820  12.846  -19.548  46.798 0.0000000000
122749  4.487  -13.293  44.284 0.0000000000
54798  4.446  -15.762  42.094 0.0000000000
58368  4.801  -12.297  43.043 0.0000000000
60483  4.801  -10.581  40.254 0.0000000000
122766  4.522  -10.262  38.328 0.0000000000
55630  15.996  -16.267  39.080 0.0000000000
48972  22.894  -21.643  37.774 0.0000000000
52927  24.339  -19.628  36.154 0.0000000000
52918  20.104  -19.855  38.054 0.0000000000
54808  17.748  -17.968  39.027 0.0000000000
50905  4.107  -22.334  42.679 0.0000000000
50923  5.719  -21.504  41.107 0.0000000000
50894  6.657  -20.594  42.956 0.0000000000
51856  10.453  -19.164  42.801 0.0000000000
54790  9.031  -16.902  43.603 0.0000000000
55595  10.830  -15.157  46.001 0.0000000000
55597  8.525  -14.591  45.455 0.0000000000
124797  5.885  -14.709  45.126 0.0000000000
132302  4.721  -10.891  45.288 0.0000000000
49989  6.845  -21.735  38.669 0.0000000000
50016  8.558  -21.556  36.044 0.0000000000
138313  8.309  -20.950  34.443 0.0000000000
137032  4.398  -17.819  39.371 0.0000000000
51923  4.457  -19.370  36.640 0.0000000000
50029  5.309  -20.613  32.754 0.0000000000
50046  3.150  -20.194  31.420 0.0000000000
52973  3.511  -19.422  29.930 0.0000000000
63362  2.558  -8.107  36.521 0.0000000000
60546  3.782  -10.139  35.074 0.0000000000
60562  3.647  -9.629  33.193 0.0000000000
59459  7.318  -11.849  34.041 0.0000000000
57511  9.248  -13.872  31.925 0.0000000000
135940  15.518  -14.911  43.316 0.0000000000
57401  14.923  -14.261  43.562 0.0000000000
57410  14.756  -14.397  41.910 0.0000000000
55619  16.632  -16.539  41.645 0.0000000000
54789  17.199  -17.308  42.558 0.0000000000
55612  16.406  -16.065  43.054 0.0000000000
55600  16.052  -15.930  44.516 0.0000000000
46944  7.291  -25.100  31.794 0.0000000000
48010  7.319  -23.190  30.878 0.0000000000
52843  8.506  -20.474  46.715 0.0000000000
51831  8.716  -20.306  46.278 0.0000000000
140055  10.427  -19.586  46.420 0.0000000000
44767  19.788  -24.520  39.059 0.0000000000
51817  9.428  -20.418  47.284 0.0000000000
125472  9.060  -21.112  47.848 0.0000000000
126455  8.733  -20.458  47.070 0.0000000000
51828  7.474  -20.972  46.942 0.0000000000
53826  8.105  -17.492  42.315 0.0000000000
53844  8.130  -18.162  40.976 0.0000000000
53836  6.393  -17.940  41.640 0.0000000000
58401  6.932  -12.349  37.805 0.0000000000
128265  5.428  -14.244  37.322 0.0000000000
57460  6.949  -13.723  36.273 0.0000000000
56531  6.352  -14.711  35.106 0.0000000000
57469  7.561  -13.695  35.707 0.0000000000
53795  13.353  -17.186  46.654 0.0000000000
54765  12.792  -16.356  46.622 0.0000000000
55585  13.284  -15.764  46.665 0.0000000000
59381  12.934  -12.558  44.929 0.0000000000
60455  10.940  -11.342  42.549 0.0000000000
52858  19.398  -20.101  40.031 0.0000000000
49950  19.591  -21.452  41.558 0.0000000000
50900  19.097  -20.297  41.855 0.0000000000
130630  17.179  -20.221  44.687 0.0000000000
48948  17.441  -21.478  44.411 0.0000000000
48950  16.260  -21.699  45.001 0.0000000000
48932  14.642  -21.572  45.879 0.0000000000
140626  14.429  -17.503  46.552 0.0000000000
135367  13.558  -19.146  46.696 0.0000000000
51819  13.055  -18.779  46.742 0.0000000000
51814  11.843  -19.566  47.102 0.0000000000
124692  4.232  -11.482  44.140 0.0000000000
58364  4.409  -12.608  43.962 0.0000000000
59388  3.751  -10.846  43.587 0.0000000000
61447  2.308  -9.314  40.931 0.0000000000
60469  2.968  -10.461  41.092 0.0000000000
130655  2.697  -10.310  40.098 0.0000000000
60498  4.078  -10.195  39.282 0.0000000000
60500  2.783  -10.203  38.466 0.0000000000
52897  21.643  -20.275  37.914 0.0000000000
120663  4.884  -22.023  43.124 0.0000000000
50904  5.430  -21.502  42.427 0.0000000000
50895  6.035  -20.965  43.464 0.0000000000
52851  10.439  -18.666  44.558 0.0000000000
51857  9.848  -19.503  43.302 0.0000000000
53815  10.533  -17.765  43.584 0.0000000000
53816  10.189  -17.460  43.179 0.0000000000
54783  9.606  -16.721  44.149 0.0000000000
126262  12.169  -14.659  46.566 0.0000000000
54773  11.617  -15.920  46.014 0.0000000000
56429  11.233  -14.047  46.352 0.0000000000
59363  8.287  -12.284  45.605 0.0000000000
56431  8.589  -13.682  45.615 0.0000000000
57389  7.632  -13.192  45.635 0.0000000000
55598  7.477  -14.451  45.467 0.0000000000
57395  6.589  -13.048  45.570 0.0000000000
58355  5.434  -12.331  45.336 0.0000000000
59373  5.919  -11.830  45.504 0.0000000000
46820  17.794  -23.730  40.432 0.0000000000
46835  17.820  -23.587  38.973 0.0000000000
47908  11.379  -22.637  45.848 0.0000000000
46762  10.784  -23.203  44.878 0.0000000000
46740  9.779  -22.695  46.058 0.0000000000
47891  7.545  -22.315  47.072 0.0000000000
46743  7.367  -22.735  46.116 0.0000000000
51843  5.379  -21.449  45.166 0.0000000000
51853  4.693  -21.592  44.530 0.0000000000
50922  6.849  -20.953  41.124 0.0000000000
49976  6.951  -21.447  39.522 0.0000000000
50931  8.738  -20.802  40.022 0.0000000000
141662  9.260  -19.317  37.490 0.0000000000
134973  9.974  -20.192  37.553 0.0000000000
51919  9.427  -19.871  36.495 0.0000000000
50020  8.669  -20.958  34.924 0.0000000000
51932  8.334  -20.033  35.590 0.0000000000
119971  4.152  -14.887  41.069 0.0000000000
53846  4.589  -17.334  40.679 0.0000000000
54805  4.025  -16.124  39.968 0.0000000000
53884  3.448  -17.294  35.974 0.0000000000
51910  3.831  -18.450  36.815 0.0000000000
51936  3.821  -19.285  35.415 0.0000000000
50974  5.311  -20.170  34.378 0.0000000000
50976  3.958  -19.717  34.023 0.0000000000
50037  3.962  -20.420  32.364 0.0000000000
51946  3.162  -19.124  33.140 0.0000000000
54890  5.357  -16.754  32.102 0.0000000000
53949  3.862  -18.102  31.416 0.0000000000
53957  4.685  -17.886  30.665 0.0000000000
64187  3.213  -6.963  35.508 0.0000000000
61501  2.834  -9.408  35.810 0.0000000000
62492  3.005  -8.548  34.616 0.0000000000
59510  3.802  -10.986  31.383 0.0000000000
59496  4.330  -10.998  32.696 0.0000000000
59480  4.801  -11.304  33.541 0.0000000000
58446  6.047  -12.020  32.933 0.0000000000
58459  8.631  -12.820  33.161 0.0000000000
130936  8.199  -12.892  31.659 0.0000000000
55587  14.936  -15.395  45.965 0.0000000000
57381  13.983  -14.117  46.223 0.0000000000
57398  14.489  -13.831  44.972 0.0000000000
53831  18.026  -18.440  41.441 0.0000000000
52852  18.377  -19.203  42.190 0.0000000000
53821  17.777  -18.323  42.554 0.0000000000
53812  17.603  -18.611  43.540 0.0000000000
52839  16.570  -18.889  45.133 0.0000000000
50876  15.489  -20.058  45.961 0.0000000000
53799  15.965  -17.754  45.458 0.0000000000
54767  15.279  -16.815  46.070 0.0000000000
131672  2.530  -8.525  42.892 0.0000000000
61438  2.428  -9.310  42.790 0.0000000000
62432  2.268  -8.154  42.004 0.0000000000
125582  2.307  -8.387  41.056 0.0000000000
64155  2.326  -6.893  39.971 0.0000000000
123029  6.761  -20.975  45.340 0.0000000000
51851  6.775  -20.715  44.560 0.0000000000
51840  8.003  -20.349  45.744 0.0000000000
52847  10.373  -18.915  45.457 0.0000000000
52846  10.820  -18.125  45.001 0.0000000000
59368  10.986  -12.133  45.864 0.0000000000
58346  10.509  -12.612  45.894 0.0000000000
133501  9.472  -11.526  45.429 0.0000000000
60431  8.648  -11.395  45.431 0.0000000000
61416  7.370  -10.435  45.298 0.0000000000
61417  6.493  -10.031  45.342 0.0000000000
48925  10.559  -21.517  47.547 0.0000000000
47888  9.474  -22.146  47.270 0.0000000000
48927  8.913  -21.516  47.679 0.0000000000
141240  8.081  -21.446  47.639 0.0000000000
48930  6.584  -21.943  47.288 0.0000000000
137073  5.336  -22.071  46.735 0.0000000000
50880  6.681  -21.410  46.794 0.0000000000
51834  6.744  -21.152  46.069 0.0000000000
51869  10.852  -18.792  41.196 0.0000000000
50918  10.523  -19.761  39.833 0.0000000000
133672  10.419  -18.544  39.938 0.0000000000
52883  9.330  -18.653  39.033 0.0000000000
52884  7.515  -18.973  39.062 0.0000000000
57429  4.964  -13.861  39.747 0.0000000000
56468  4.203  -15.129  39.184 0.0000000000
56492  4.477  -15.008  37.859 0.0000000000
55658  4.713  -15.647  36.217 0.0000000000
54840  3.906  -16.685  35.212 0.0000000000
54862  3.526  -17.691  33.928 0.0000000000
143278  4.550  -16.093  34.787 0.0000000000
55693  5.850  -15.820  33.525 0.0000000000
55704  6.505  -15.912  32.846 0.0000000000
57530  4.654  -12.639  30.630 0.0000000000
57542  6.679  -13.448  30.545 0.0000000000
56587  6.144  -13.803  29.957 0.0000000000
52830  11.074  -19.434  46.691 0.0000000000
121287  10.990  -19.177  46.359 0.0000000000
53802  12.211  -17.305  46.348 0.0000000000
55590  12.544  -15.484  46.572 0.0000000000
121931  12.388  -14.009  46.710 0.0000000000
132376  13.369  -13.540  46.359 0.0000000000
58351  12.877  -12.644  46.085 0.0000000000
59366  12.267  -12.424  45.963 0.0000000000
60444  11.106  -11.534  44.368 0.0000000000
49958  21.498  -21.723  39.465 0.0000000000
45721  20.421  -24.237  40.086 0.0000000000
48962  20.174  -22.617  40.908 0.0000000000
50890  18.236  -20.427  43.632 0.0000000000
46771  17.875  -22.166  43.699 0.0000000000
46799  16.589  -22.686  41.843 0.0000000000
46745  12.443  -22.644  45.216 0.0000000000
48935  12.143  -21.967  46.629 0.0000000000
50878  14.107  -20.420  46.478 0.0000000000
49920  13.334  -20.689  46.610 0.0000000000
134203  12.036  -20.990  47.108 0.0000000000
50863  11.310  -20.216  47.461 0.0000000000
51815  11.154  -19.877  47.310 0.0000000000
55610  4.767  -14.894  44.240 0.0000000000
54793  5.336  -16.667  42.882 0.0000000000
56447  4.282  -14.534  43.380 0.0000000000
57408  4.202  -14.165  42.338 0.0000000000
125741  4.484  -13.820  41.465 0.0000000000
60457  3.786  -10.828  42.756 0.0000000000
59393  5.218  -11.549  41.658 0.0000000000
58374  5.456  -12.152  41.031 0.0000000000
59409  5.748  -11.267  39.784 0.0000000000
59422  6.024  -11.167  38.847 0.0000000000
132841  5.920  -10.738  37.478 0.0000000000
56453  16.072  -16.086  40.770 0.0000000000
47940  22.059  -22.813  38.787 0.0000000000
51918  26.098  -19.956  35.447 0.0000000000
52926  25.029  -19.675  35.740 0.0000000000
51904  24.688  -20.026  36.543 0.0000000000
51889  24.144  -20.197  37.034 0.0000000000
51878  22.738  -20.682  37.631 0.0000000000
50916  21.724  -21.512  39.007 0.0000000000
52879  20.231  -20.411  38.898 0.0000000000
52880  19.429  -19.789  39.185 0.0000000000
53860  18.835  -19.217  38.958 0.0000000000
53853  18.213  -18.467  39.419 0.0000000000
54803  17.681  -17.871  39.851 0.0000000000
55628  16.767  -16.899  40.260 0.0000000000
50912  5.904  -21.173  41.868 0.0000000000
50910  8.235  -20.355  41.774 0.0000000000
51859  7.523  -20.250  44.126 0.0000000000
122622  9.098  -19.824  42.992 0.0000000000
51864  9.905  -19.644  42.318 0.0000000000
52857  10.677  -18.373  41.989 0.0000000000
53825  9.204  -17.414  42.324 0.0000000000
54792  6.892  -16.569  43.753 0.0000000000
53806  11.539  -17.800  46.007 0.0000000000
53809  11.479  -16.806  45.761 0.0000000000
54776  10.771  -16.092  45.674 0.0000000000
56430  9.663  -13.836  45.695 0.0000000000
55596  9.751  -14.736  45.652 0.0000000000
142993  9.285  -15.705  45.176 0.0000000000
54778  8.715  -15.668  44.965 0.0000000000
54779  7.145  -15.461  44.833 0.0000000000
143048  5.771  -15.601  44.369 0.0000000000
56443  4.997  -14.081  45.091 0.0000000000
59379  4.590  -11.429  44.984 0.0000000000
60448  3.684  -9.882  44.327 0.0000000000
61422  4.932  -9.317  45.048 0.0000000000
61427  4.372  -8.925  44.426 0.0000000000
61429  3.212  -8.752  43.682 0.0000000000
45694  9.804  -23.929  43.709 0.0000000000
46741  8.955  -22.722  46.046 0.0000000000
49974  8.825  -21.140  38.582 0.0000000000
50003  8.411  -21.560  37.058 0.0000000000
49023  7.858  -22.452  32.764 0.0000000000
53837  5.362  -17.633  41.533 0.0000000000
52871  5.220  -18.310  40.205 0.0000000000
52904  5.920  -19.228  38.806 0.0000000000
52888  3.894  -17.284  38.608 0.0000000000
51897  4.558  -18.943  38.133 0.0000000000
51921  6.389  -19.727  36.620 0.0000000000
50965  6.230  -20.149  35.142 0.0000000000
50980  7.147  -20.833  33.570 0.0000000000
49026  7.360  -22.228  31.849 0.0000000000
50043  5.797  -21.550  31.361 0.0000000000
53939  3.254  -18.777  32.207 0.0000000000
51958  2.862  -19.887  30.782 0.0000000000
64165  2.524  -6.658  38.772 0.0000000000
64173  2.894  -6.086  37.444 0.0000000000
132893  2.303  -8.196  38.117 0.0000000000
60517  2.702  -9.805  37.219 0.0000000000
120318  3.492  -10.372  36.627 0.0000000000
60534  5.448  -10.823  35.775 0.0000000000
60547  3.911  -10.112  34.352 0.0000000000
59450  4.909  -10.840  35.084 0.0000000000
59448  7.334  -11.575  34.971 0.0000000000
57479  8.657  -13.401  34.320 0.0000000000
56548  8.654  -14.454  33.289 0.0000000000
54873  7.907  -15.869  32.038 0.0000000000
54886  9.432  -15.766  30.904 0.0000000000
56449  15.679  -15.234  42.404 0.0000000000
129942  15.088  -14.480  42.755 0.0000000000
57409  15.329  -14.896  41.967 0.0000000000
126313  16.216  -15.899  42.029 0.0000000000
55616  16.547  -16.311  42.441 0.0000000000
56448  16.090  -15.673  42.813 0.0000000000
56445  15.997  -15.531  43.555 0.0000000000
126669  7.481  -24.381  32.117 0.0000000000
132110  7.478  -24.488  31.344 0.0000000000
48009  7.632  -23.767  31.562 0.0000000000
52837  8.909  -20.370  46.878 0.0000000000
52836  9.676  -20.135  46.592 0.0000000000
46828  21.151  -23.809  39.501 0.0000000000
44765  20.722  -24.372  38.736 0.0000000000
45741  20.585  -24.331  39.255 0.0000000000
52831  9.349  -20.284  46.857 0.0000000000
53819  7.452  -17.160  43.068 0.0000000000
53827  6.940  -17.532  42.345 0.0000000000
58400  7.270  -11.953  37.048 0.0000000000
142596  6.995  -13.365  36.816 0.0000000000
57459  7.541  -13.090  36.344 0.0000000000
129239  7.835  -12.380  36.037 0.0000000000
54764  13.216  -16.454  46.663 0.0000000000
138930  13.602  -16.126  46.652 0.0000000000
52859  18.873  -19.586  40.848 0.0000000000
137424  19.306  -20.081  40.626 0.0000000000
139680  18.891  -19.757  41.465 0.0000000000
49935  16.557  -21.092  45.069 0.0000000000
49942  16.975  -21.294  44.711 0.0000000000
48942  16.421  -21.454  45.018 0.0000000000
47903  15.607  -21.878  45.279 0.0000000000
48943  15.839  -21.619  45.309 0.0000000000
48944  15.172  -21.795  45.538 0.0000000000
49937  15.357  -21.404  45.660 0.0000000000
54762  14.285  -16.917  46.590 0.0000000000
52826  13.673  -18.359  46.670 0.0000000000
53794  13.838  -17.520  46.671 0.0000000000
122098  13.131  -17.970  46.655 0.0000000000
59384  3.878  -10.637  44.199 0.0000000000
130883  3.181  -10.327  43.467 0.0000000000
62440  2.271  -9.101  40.105 0.0000000000
60470  2.434  -10.082  40.054 0.0000000000
61459  2.302  -9.558  39.466 0.0000000000
60486  2.599  -10.184  39.338 0.0000000000
61474  2.321  -9.553  38.688 0.0000000000
50896  5.416  -21.418  43.994 0.0000000000
51861  6.241  -21.086  44.168 0.0000000000
133592  10.721  -18.104  44.048 0.0000000000
54782  10.252  -17.201  43.926 0.0000000000
56428  11.834  -14.011  46.572 0.0000000000
55592  11.459  -14.664  46.323 0.0000000000
57385  11.441  -13.409  46.380 0.0000000000
59364  7.427  -12.351  45.612 0.0000000000
58348  7.893  -12.795  45.638 0.0000000000
58349  7.241  -12.889  45.630 0.0000000000
57394  7.130  -13.417  45.654 0.0000000000
139762  6.694  -12.431  45.564 0.0000000000
121492  6.170  -11.182  45.548 0.0000000000
47909  10.586  -22.661  46.010 0.0000000000
48938  6.832  -22.293  47.053 0.0000000000
124876  7.067  -22.568  46.584 0.0000000000
122278  5.590  -21.396  44.770 0.0000000000
137267  4.500  -21.847  43.853 0.0000000000
50921  8.190  -20.633  40.958 0.0000000000
49965  7.597  -21.043  40.042 0.0000000000
51905  8.503  -19.178  37.746 0.0000000000
124748  9.048  -19.436  36.986 0.0000000000
51920  8.710  -19.646  36.312 0.0000000000
51931  9.112  -19.979  35.886 0.0000000000
54802  4.144  -15.496  40.676 0.0000000000
56457  4.184  -15.018  40.155 0.0000000000
52929  3.366  -17.818  35.375 0.0000000000
51925  3.528  -18.456  35.997 0.0000000000
51937  3.503  -18.741  35.258 0.0000000000
50967  3.886  -19.599  34.695 0.0000000000
51942  3.328  -18.897  34.411 0.0000000000
136209  3.554  -19.537  33.389 0.0000000000
51943  3.270  -18.816  34.064 0.0000000000
134614  5.920  -16.825  31.608 0.0000000000
53947  5.208  -17.285  31.324 0.0000000000
53956  5.612  -17.655  30.484 0.0000000000
64990  3.720  -5.443  35.545 0.0000000000
128907  3.276  -7.384  34.695 0.0000000000
63371  3.021  -7.836  35.042 0.0000000000
63380  3.197  -8.029  34.206 0.0000000000
58483  4.860  -12.300  31.611 0.0000000000
58465  4.182  -11.408  31.753 0.0000000000
58464  4.608  -11.679  32.048 0.0000000000
58463  4.825  -11.862  32.324 0.0000000000
143028  6.039  -12.455  32.314 0.0000000000
58461  6.926  -12.345  32.525 0.0000000000
58481  6.587  -12.700  31.847 0.0000000000
56433  15.205  -15.141  45.428 0.0000000000
57390  14.895  -14.455  45.191 0.0000000000
57397  15.057  -14.423  44.525 0.0000000000
57406  14.585  -14.049  42.705 0.0000000000
54795  17.657  -17.979  41.652 0.0000000000
133245  17.801  -18.281  42.009 0.0000000000
53822  17.536  -17.884  42.296 0.0000000000
54781  16.964  -17.224  43.610 0.0000000000
120322  17.342  -17.969  43.590 0.0000000000
133701  17.292  -18.408  44.001 0.0000000000
52838  16.996  -18.691  44.550 0.0000000000
53807  16.796  -18.006  44.599 0.0000000000
53804  16.430  -18.186  45.069 0.0000000000
53808  16.337  -17.519  45.046 0.0000000000
55601  15.624  -15.611  45.104 0.0000000000
55593  15.872  -16.179  45.128 0.0000000000
55594  15.406  -15.802  45.591 0.0000000000
123392  15.143  -16.097  46.078 0.0000000000
62431  2.488  -7.987  42.513 0.0000000000
63321  2.301  -7.444  41.652 0.0000000000
64145  2.266  -6.707  41.179 0.0000000000
63325  2.281  -7.503  40.803 0.0000000000
64954  2.330  -5.877  40.574 0.0000000000
51841  7.318  -20.712  45.949 0.0000000000
52841  10.188  -19.480  45.894 0.0000000000
52848  9.662  -19.774  45.697 0.0000000000
60438  10.436  -11.474  45.077 0.0000000000
60430  10.339  -11.725  45.484 0.0000000000
60439  9.660  -11.173  45.094 0.0000000000
135845  8.471  -10.396  44.931 0.0000000000
61415  8.196  -10.743  45.260 0.0000000000
125267  7.802  -9.986  44.958 0.0000000000
61420  6.921  -9.676  44.959 0.0000000000
49923  10.083  -21.239  47.825 0.0000000000
48926  9.849  -21.565  47.653 0.0000000000
128442  9.548  -21.229  47.836 0.0000000000
49924  8.313  -21.154  47.651 0.0000000000
49925  7.717  -21.286  47.487 0.0000000000
48929  7.396  -21.829  47.451 0.0000000000
49926  7.168  -21.453  47.270 0.0000000000
48931  6.569  -21.637  47.064 0.0000000000
50874  7.114  -21.242  47.050 0.0000000000
51827  7.896  -20.758  47.002 0.0000000000
51833  7.362  -20.968  46.650 0.0000000000
52861  10.490  -18.169  41.281 0.0000000000
129399  10.690  -18.654  40.470 0.0000000000
52867  10.148  -18.177  40.478 0.0000000000
139155  8.088  -18.375  40.235 0.0000000000
52868  8.879  -18.337  39.783 0.0000000000
133658  8.229  -18.618  39.420 0.0000000000
52869  7.256  -18.713  39.866 0.0000000000
57428  5.657  -13.308  39.362 0.0000000000
57442  5.049  -13.989  38.842 0.0000000000
56491  5.180  -14.069  37.983 0.0000000000
56503  5.278  -14.700  36.649 0.0000000000
56517  4.801  -15.283  36.547 0.0000000000
134761  4.271  -16.176  35.724 0.0000000000
142909  4.509  -16.056  35.410 0.0000000000
55683  4.357  -16.275  34.877 0.0000000000
55666  4.754  -15.800  35.321 0.0000000000
55680  6.999  -14.765  34.354 0.0000000000
55681  5.942  -15.350  34.377 0.0000000000
55692  6.771  -15.362  33.603 0.0000000000
58500  4.034  -12.246  30.464 0.0000000000
126715  4.378  -13.042  29.890 0.0000000000
56588  5.382  -13.543  29.859 0.0000000000
56589  4.767  -13.473  29.491 0.0000000000
142877  11.550  -19.133  46.658 0.0000000000
53798  11.728  -18.559  46.414 0.0000000000
53797  12.362  -17.835  46.456 0.0000000000
55586  12.934  -15.644  46.686 0.0000000000
56424  12.677  -14.774  46.706 0.0000000000
57383  12.556  -13.422  46.600 0.0000000000
57399  13.856  -13.301  45.426 0.0000000000
58357  13.492  -12.906  45.263 0.0000000000
59376  12.813  -12.500  45.500 0.0000000000
59365  12.674  -12.478  45.893 0.0000000000
58352  12.497  -12.607  46.183 0.0000000000
59377  12.393  -12.358  45.645 0.0000000000
59378  11.849  -12.178  45.634 0.0000000000
60436  11.905  -12.056  45.109 0.0000000000
128722  20.860  -21.420  39.843 0.0000000000
48961  20.785  -22.252  40.368 0.0000000000
49954  20.547  -21.692  40.380 0.0000000000
48957  19.601  -22.041  41.598 0.0000000000
48958  19.012  -22.147  42.262 0.0000000000
51855  18.258  -19.382  42.896 0.0000000000
51846  18.132  -19.742  43.522 0.0000000000
47915  17.400  -21.805  44.327 0.0000000000
48955  17.924  -21.784  44.058 0.0000000000
47922  17.321  -22.153  44.106 0.0000000000
136271  17.749  -22.423  43.139 0.0000000000
120657  16.588  -22.475  42.768 0.0000000000
46788  15.412  -22.422  43.249 0.0000000000
46789  14.350  -22.516  43.367 0.0000000000
47892  13.516  -22.187  45.822 0.0000000000
47893  12.631  -22.346  46.043 0.0000000000
48934  13.011  -21.894  46.365 0.0000000000
51825  15.494  -19.214  46.069 0.0000000000
50877  14.833  -20.226  46.301 0.0000000000
51826  14.867  -19.410  46.389 0.0000000000
50867  13.415  -19.943  46.683 0.0000000000
122371  12.611  -20.354  46.915 0.0000000000
49921  12.723  -20.978  46.788 0.0000000000
141999  12.034  -20.487  47.245 0.0000000000
50869  11.454  -20.698  47.481 0.0000000000
50868  12.090  -19.974  47.237 0.0000000000
52822  12.200  -18.920  46.716 0.0000000000
52823  11.815  -19.337  46.943 0.0000000000
52824  11.017  -19.635  46.984 0.0000000000
56446  4.445  -14.434  44.083 0.0000000000
55613  4.389  -14.878  43.512 0.0000000000
132829  4.280  -13.999  43.970 0.0000000000
57407  4.442  -13.397  43.255 0.0000000000
57413  4.768  -13.111  42.285 0.0000000000
61443  2.300  -9.571  42.159 0.0000000000
60459  2.551  -10.012  42.514 0.0000000000
60463  2.954  -10.482  42.172 0.0000000000
140864  4.051  -10.506  40.985 0.0000000000
60462  3.957  -10.611  41.851 0.0000000000
60468  4.774  -10.877  41.323 0.0000000000
59399  5.439  -11.356  40.741 0.0000000000
58384  5.892  -12.029  40.159 0.0000000000
60497  5.216  -10.547  39.155 0.0000000000
133521  5.538  -10.609  38.244 0.0000000000
59431  6.228  -11.058  38.120 0.0000000000
60513  4.948  -10.406  37.453 0.0000000000
56463  15.884  -16.147  39.947 0.0000000000
56464  15.444  -15.819  39.335 0.0000000000
56476  15.542  -15.896  38.546 0.0000000000
47944  22.735  -22.319  37.784 0.0000000000
46834  22.096  -23.149  37.776 0.0000000000
47939  22.350  -22.600  38.312 0.0000000000
48973  22.371  -22.211  38.457 0.0000000000
53877  24.634  -19.476  35.167 0.0000000000
52912  25.254  -19.902  35.961 0.0000000000
52913  24.576  -19.845  36.464 0.0000000000
52894  24.095  -19.932  36.987 0.0000000000
51891  22.666  -20.429  37.596 0.0000000000
50928  22.049  -21.111  38.359 0.0000000000
51879  22.103  -20.873  38.133 0.0000000000
52898  20.446  -20.187  38.400 0.0000000000
52864  19.603  -20.118  39.477 0.0000000000
52899  19.599  -19.730  38.578 0.0000000000
136034  18.559  -18.854  37.888 0.0000000000
53861  18.360  -18.681  38.594 0.0000000000
130346  18.072  -18.283  40.220 0.0000000000
55637  16.414  -16.667  38.753 0.0000000000
55636  16.795  -17.052  38.961 0.0000000000
55629  16.486  -16.680  39.538 0.0000000000
129517  16.345  -16.467  40.276 0.0000000000
50914  4.133  -22.314  41.962 0.0000000000
122500  4.822  -22.123  42.226 0.0000000000
50903  5.950  -20.933  42.635 0.0000000000
50911  6.691  -20.740  42.122 0.0000000000
119322  7.515  -20.585  41.673 0.0000000000
50902  7.615  -20.371  42.457 0.0000000000
51850  8.178  -20.068  44.886 0.0000000000
51858  8.815  -19.911  43.914 0.0000000000
51863  10.717  -19.036  42.056 0.0000000000
52854  10.729  -18.583  42.737 0.0000000000
53817  9.502  -17.242  42.998 0.0000000000
53824  10.068  -17.493  42.474 0.0000000000
53818  8.559  -17.176  43.001 0.0000000000
54791  8.007  -16.753  43.694 0.0000000000
53803  11.698  -18.170  46.257 0.0000000000
53805  11.942  -17.027  46.131 0.0000000000
133775  9.676  -12.810  45.726 0.0000000000
134659  9.947  -13.341  45.761 0.0000000000
56436  8.035  -14.073  45.608 0.0000000000
56435  9.039  -14.182  45.579 0.0000000000
55603  9.180  -15.251  45.341 0.0000000000
55604  7.949  -15.090  45.177 0.0000000000
55599  6.543  -14.374  45.432 0.0000000000
123368  6.920  -14.868  45.195 0.0000000000
136556  6.375  -14.763  45.186 0.0000000000
54786  6.502  -15.882  44.369 0.0000000000
55609  5.443  -15.105  44.643 0.0000000000
56442  5.701  -14.208  45.338 0.0000000000
59374  5.060  -11.600  45.392 0.0000000000
58359  4.904  -12.271  45.046 0.0000000000
60447  4.244  -10.513  44.798 0.0000000000
61418  5.702  -9.607  45.249 0.0000000000
45723  19.441  -24.319  40.447 0.0000000000
45743  19.637  -24.444  39.848 0.0000000000
45734  18.907  -24.346  40.080 0.0000000000
46763  9.847  -23.314  44.873 0.0000000000
46779  10.180  -23.578  44.176 0.0000000000
139555  8.873  -22.401  46.973 0.0000000000
47897  9.299  -22.537  46.588 0.0000000000
47898  8.543  -22.574  46.509 0.0000000000
50906  3.521  -22.389  43.027 0.0000000000
50915  3.535  -22.420  42.313 0.0000000000
49977  6.105  -21.771  39.512 0.0000000000
50005  6.227  -22.238  38.060 0.0000000000
50939  10.444  -19.726  39.101 0.0000000000
50930  9.427  -20.746  39.155 0.0000000000
50940  10.183  -20.210  38.551 0.0000000000
50002  9.190  -20.952  36.427 0.0000000000
49987  9.247  -20.997  37.499 0.0000000000
48994  7.645  -22.088  36.721 0.0000000000
49007  7.839  -22.208  35.850 0.0000000000
134092  8.281  -21.390  34.392 0.0000000000
120328  8.043  -21.876  33.669 0.0000000000
50972  7.965  -21.176  33.879 0.0000000000
54797  4.727  -16.190  42.507 0.0000000000
53829  4.967  -16.971  42.088 0.0000000000
53830  4.571  -16.439  41.726 0.0000000000
52872  4.586  -17.721  40.085 0.0000000000
52887  4.775  -18.385  39.488 0.0000000000
52886  5.542  -18.884  39.535 0.0000000000
52905  4.963  -18.992  38.886 0.0000000000
55639  4.334  -15.326  38.233 0.0000000000
142757  3.786  -16.796  38.610 0.0000000000
138229  3.649  -17.070  38.176 0.0000000000
52906  4.173  -18.294  37.871 0.0000000000
51908  4.895  -19.336  37.434 0.0000000000
51907  5.849  -19.525  37.408 0.0000000000
51922  5.338  -19.662  36.751 0.0000000000
51933  7.004  -19.980  35.779 0.0000000000
51934  5.792  -19.956  36.002 0.0000000000
50981  5.949  -20.523  33.494 0.0000000000
50028  6.523  -21.075  32.713 0.0000000000
50042  6.554  -21.968  31.416 0.0000000000
50035  5.624  -20.987  31.980 0.0000000000
50038  3.488  -20.388  31.715 0.0000000000
123018  3.266  -20.647  30.838 0.0000000000
54861  3.812  -17.404  33.667 0.0000000000
53926  3.456  -18.203  33.521 0.0000000000
54878  3.914  -17.652  32.846 0.0000000000
52959  3.521  -18.974  30.731 0.0000000000
52954  3.193  -19.245  31.232 0.0000000000
52960  3.094  -19.667  30.421 0.0000000000
125866  2.645  -20.578  29.374 0.0000000000
64980  3.239  -5.572  36.982 0.0000000000
63353  2.716  -7.114  37.096 0.0000000000
63346  2.450  -7.314  38.030 0.0000000000
63354  2.441  -7.896  37.400 0.0000000000
142389  2.310  -9.211  37.499 0.0000000000
61492  2.526  -9.388  36.830 0.0000000000
60538  3.161  -9.690  35.640 0.0000000000
142626  3.165  -9.899  36.151 0.0000000000
60536  3.563  -10.242  35.848 0.0000000000
142810  3.865  -10.508  35.996 0.0000000000
60535  4.600  -10.660  35.870 0.0000000000
60576  3.652  -9.762  32.605 0.0000000000
62521  3.386  -8.968  32.875 0.0000000000
61527  3.477  -9.260  33.258 0.0000000000
62505  3.333  -9.034  33.647 0.0000000000
127858  3.809  -9.906  33.795 0.0000000000
59479  5.560  -11.612  33.602 0.0000000000
59462  4.551  -10.839  34.317 0.0000000000
59460  6.373  -11.460  34.287 0.0000000000
137892  6.123  -11.073  35.183 0.0000000000
58420  8.048  -12.257  35.313 0.0000000000
58429  8.101  -12.185  34.477 0.0000000000
57512  8.982  -13.373  32.578 0.0000000000
57496  8.911  -13.528  33.481 0.0000000000
56563  9.151  -14.098  32.652 0.0000000000
55703  8.257  -15.422  32.498 0.0000000000
54872  8.733  -15.546  31.916 0.0000000000
134658  7.728  -13.532  30.573 0.0000000000
56444  15.564  -14.944  44.064 0.0000000000
140849  15.142  -14.465  43.940 0.0000000000
55618  17.029  -17.086  41.582 0.0000000000
54796  17.293  -17.468  41.914 0.0000000000
55615  16.937  -16.887  42.177 0.0000000000
55611  16.838  -16.719  42.805 0.0000000000
143597  16.806  -17.162  44.044 0.0000000000
54775  16.604  -16.664  44.033 0.0000000000
55608  16.347  -16.042  43.811 0.0000000000
56440  15.916  -15.496  44.154 0.0000000000
137345  7.489  -23.868  30.871 0.0000000000
49044  6.502  -22.813  30.438 0.0000000000
52842  9.272  -20.199  46.553 0.0000000000
50865  9.896  -20.643  47.685 0.0000000000
50870  9.347  -20.770  47.704 0.0000000000
50871  8.853  -20.789  47.597 0.0000000000
50872  8.227  -20.720  47.270 0.0000000000
51823  7.812  -20.835  47.128 0.0000000000
51822  8.334  -20.584  47.047 0.0000000000
53834  8.852  -17.743  41.506 0.0000000000
53835  7.573  -17.933  41.627 0.0000000000
57440  6.464  -13.041  38.199 0.0000000000
56490  5.985  -13.682  37.724 0.0000000000
57451  6.731  -13.235  37.449 0.0000000000
56502  6.215  -13.957  36.800 0.0000000000
56515  5.865  -14.543  35.930 0.0000000000
56532  5.408  -15.194  35.229 0.0000000000
56514  6.737  -14.171  35.725 0.0000000000
56513  7.336  -14.293  35.090 0.0000000000
52828  12.562  -18.210  46.571 0.0000000000
53796  12.863  -17.289  46.609 0.0000000000
56423  13.106  -15.055  46.709 0.0000000000
59375  13.215  -12.694  45.134 0.0000000000
59385  12.914  -12.610  44.134 0.0000000000
59386  12.290  -12.286  43.813 0.0000000000
60449  11.884  -12.031  44.404 0.0000000000
60454  11.518  -11.762  43.387 0.0000000000
51868  19.841  -20.578  40.004 0.0000000000
50907  20.134  -21.176  40.541 0.0000000000
51862  19.601  -20.543  40.861 0.0000000000
50899  19.638  -20.940  41.353 0.0000000000
50893  19.102  -20.851  42.187 0.0000000000
51837  17.686  -19.949  44.228 0.0000000000
50887  17.609  -20.580  44.364 0.0000000000
48949  16.867  -21.568  44.690 0.0000000000
47916  16.761  -21.820  44.620 0.0000000000
48945  14.384  -21.978  45.675 0.0000000000
122468  14.919  -17.886  46.404 0.0000000000
51818  14.239  -18.846  46.606 0.0000000000
52825  14.321  -18.095  46.591 0.0000000000
51813  12.434  -19.223  46.818 0.0000000000
52827  12.665  -18.604  46.659 0.0000000000
135663  4.302  -13.552  43.832 0.0000000000
59387  4.335  -11.737  43.687 0.0000000000
59390  4.481  -11.445  43.029 0.0000000000
60464  2.438  -10.074  41.586 0.0000000000
135904  2.515  -10.165  40.721 0.0000000000
60484  3.522  -10.377  40.188 0.0000000000
60485  2.966  -10.413  39.269 0.0000000000
60499  3.382  -10.296  38.351 0.0000000000
49986  23.683  -21.234  37.202 0.0000000000
52917  21.110  -19.945  37.688 0.0000000000
132444  17.253  -17.506  38.642 0.0000000000
119027  5.527  -21.325  43.127 0.0000000000
51848  9.784  -19.422  44.222 0.0000000000
51847  10.509  -18.818  43.545 0.0000000000
143455  10.693  -18.186  43.281 0.0000000000
53823  10.544  -17.913  42.735 0.0000000000
139724  9.759  -17.107  43.540 0.0000000000
55591  12.023  -15.438  46.306 0.0000000000
142795  11.482  -15.214  46.179 0.0000000000
58347  8.672  -12.793  45.635 0.0000000000
57387  9.096  -13.268  45.652 0.0000000000
57388  8.226  -13.217  45.639 0.0000000000
56432  7.763  -13.594  45.644 0.0000000000
56437  7.188  -13.956  45.666 0.0000000000
56438  6.357  -13.715  45.582 0.0000000000
56439  5.490  -13.664  45.307 0.0000000000
137172  5.911  -13.138  45.421 0.0000000000
60435  5.350  -10.840  45.520 0.0000000000
45725  18.382  -24.076  40.532 0.0000000000
45745  18.250  -24.107  39.968 0.0000000000
46829  17.749  -23.683  39.824 0.0000000000
127410  11.531  -22.887  45.117 0.0000000000
46747  11.091  -22.828  45.497 0.0000000000
46748  10.264  -22.919  45.498 0.0000000000
46749  9.400  -23.010  45.507 0.0000000000
47899  7.793  -22.572  46.551 0.0000000000
51835  6.013  -21.371  45.753 0.0000000000
50886  4.742  -21.816  46.123 0.0000000000
50888  5.068  -21.565  45.595 0.0000000000
50897  3.919  -21.972  44.118 0.0000000000
126532  4.005  -22.240  43.433 0.0000000000
49966  6.439  -21.433  40.267 0.0000000000
49975  7.773  -21.342  39.069 0.0000000000
142547  10.017  -19.396  38.030 0.0000000000
51893  9.797  -19.717  37.395 0.0000000000
50958  9.731  -20.081  36.802 0.0000000000
50959  9.346  -20.304  36.152 0.0000000000
50015  8.991  -20.922  35.585 0.0000000000
50962  8.887  -20.472  35.508 0.0000000000
50963  8.353  -20.591  34.921 0.0000000000
55620  4.182  -14.997  41.675 0.0000000000
53839  4.414  -16.750  40.988 0.0000000000
54801  4.172  -16.370  40.531 0.0000000000
142959  4.340  -17.466  39.744 0.0000000000
54824  3.498  -16.849  36.591 0.0000000000
53871  3.521  -17.322  37.393 0.0000000000
124318  3.456  -18.056  36.353 0.0000000000
51924  3.875  -18.969  36.194 0.0000000000
138589  4.225  -19.445  35.985 0.0000000000
50966  5.074  -20.009  35.329 0.0000000000
137394  4.327  -19.710  35.438 0.0000000000
50975  4.331  -19.916  34.099 0.0000000000
50982  4.814  -20.242  33.457 0.0000000000
50030  4.496  -20.371  32.789 0.0000000000
50983  4.064  -20.000  33.223 0.0000000000
50986  3.801  -20.184  32.547 0.0000000000
50987  3.405  -19.974  32.194 0.0000000000
54876  4.721  -16.718  32.782 0.0000000000
54892  4.115  -17.573  32.067 0.0000000000
54891  4.479  -17.132  32.054 0.0000000000
53958  3.988  -18.217  30.791 0.0000000000
52972  4.230  -18.463  30.182 0.0000000000
64991  3.376  -5.995  36.008 0.0000000000
63361  2.870  -7.481  35.991 0.0000000000
62485  2.566  -8.907  36.106 0.0000000000
62484  2.754  -8.375  35.493 0.0000000000
62493  2.860  -8.989  34.990 0.0000000000
134416  3.131  -9.430  35.126 0.0000000000
60575  3.736  -10.212  32.086 0.0000000000
60561  3.919  -10.235  32.888 0.0000000000
59482  4.163  -10.423  33.626 0.0000000000
59495  4.681  -11.417  32.818 0.0000000000
58447  5.040  -11.766  32.911 0.0000000000
59478  6.506  -11.787  33.628 0.0000000000
58444  8.069  -12.282  33.628 0.0000000000
58460  7.909  -12.397  32.805 0.0000000000
58479  8.474  -12.809  32.328 0.0000000000
57526  8.858  -13.262  31.806 0.0000000000
55583  14.127  -16.131  46.579 0.0000000000
55589  14.153  -15.419  46.470 0.0000000000
126768  14.397  -14.996  46.245 0.0000000000
57391  14.263  -13.886  45.622 0.0000000000
58356  14.064  -13.366  44.759 0.0000000000
122430  14.624  -13.960  44.215 0.0000000000
131685  13.763  -13.229  43.833 0.0000000000
53841  18.313  -18.681  40.658 0.0000000000
52855  18.514  -19.218  41.557 0.0000000000
52856  18.132  -18.715  41.988 0.0000000000
52853  18.052  -18.812  42.746 0.0000000000
52849  17.924  -19.064  43.376 0.0000000000
53814  17.414  -17.752  42.992 0.0000000000
53811  17.712  -18.440  43.153 0.0000000000
52850  17.661  -18.992  43.699 0.0000000000
52845  17.484  -19.192  44.081 0.0000000000
139424  17.144  -19.457  44.606 0.0000000000
51830  16.641  -19.673  45.149 0.0000000000
50883  16.060  -20.676  45.472 0.0000000000
50875  16.065  -19.871  45.560 0.0000000000
51824  16.054  -19.053  45.625 0.0000000000
52833  15.480  -18.429  46.079 0.0000000000
54771  16.168  -16.829  45.107 0.0000000000
54766  15.785  -17.154  45.590 0.0000000000
53800  15.472  -17.631  46.001 0.0000000000
122364  14.855  -17.188  46.382 0.0000000000
54768  14.726  -16.476  46.381 0.0000000000
61434  2.720  -9.003  43.418 0.0000000000
60453  2.808  -9.850  43.327 0.0000000000
61439  2.241  -8.852  42.279 0.0000000000
63318  2.491  -7.365  42.242 0.0000000000
134212  2.207  -8.883  41.662 0.0000000000
128589  2.287  -8.158  39.864 0.0000000000
124143  7.345  -20.398  45.119 0.0000000000
51839  8.886  -20.054  45.485 0.0000000000
51838  9.696  -19.400  45.113 0.0000000000
59360  11.591  -12.463  46.081 0.0000000000
58345  11.345  -12.770  46.188 0.0000000000
59361  10.841  -12.334  45.913 0.0000000000
59369  10.122  -11.957  45.724 0.0000000000
59370  9.106  -11.956  45.578 0.0000000000
61419  9.036  -10.540  44.703 0.0000000000
134787  8.300  -11.766  45.542 0.0000000000
60432  7.848  -11.228  45.460 0.0000000000
60433  6.892  -10.998  45.488 0.0000000000
48937  10.394  -22.160  47.064 0.0000000000
47889  8.735  -22.081  47.352 0.0000000000
48928  8.137  -21.926  47.443 0.0000000000
48939  5.885  -22.017  47.062 0.0000000000
49931  5.869  -21.832  46.867 0.0000000000
50881  5.759  -21.654  46.527 0.0000000000
50879  7.328  -21.055  46.959 0.0000000000
51829  7.052  -21.180  46.663 0.0000000000
50884  6.430  -21.360  46.340 0.0000000000
51842  6.166  -21.302  45.339 0.0000000000
50908  9.998  -20.129  40.802 0.0000000000
50919  10.072  -20.246  40.177 0.0000000000
137210  10.450  -19.773  40.460 0.0000000000
51882  10.647  -19.324  39.612 0.0000000000
52881  10.439  -19.252  39.107 0.0000000000
53843  9.095  -18.045  40.521 0.0000000000
121721  9.734  -18.312  39.800 0.0000000000
52900  10.109  -19.126  38.569 0.0000000000
140207  9.481  -19.128  38.052 0.0000000000
52901  8.465  -18.893  38.596 0.0000000000
52902  7.748  -19.121  38.381 0.0000000000
56466  4.365  -14.402  40.084 0.0000000000
56467  4.227  -14.836  39.635 0.0000000000
56478  4.471  -14.511  39.196 0.0000000000
56479  4.332  -14.936  38.591 0.0000000000
56493  4.549  -15.162  37.763 0.0000000000
120982  4.833  -14.794  37.419 0.0000000000
129863  4.762  -15.217  37.166 0.0000000000
55649  3.927  -16.330  36.917 0.0000000000
54831  3.757  -16.629  36.002 0.0000000000
54841  3.580  -17.301  35.283 0.0000000000
53897  3.383  -17.854  34.732 0.0000000000
52944  3.329  -18.378  34.241 0.0000000000
54851  3.671  -17.350  34.585 0.0000000000
127982  3.844  -17.197  34.216 0.0000000000
120584  4.420  -16.753  33.494 0.0000000000
55682  5.021  -15.777  34.723 0.0000000000
120360  5.243  -15.861  34.063 0.0000000000
54860  5.028  -16.246  33.487 0.0000000000
54859  5.612  -16.282  32.814 0.0000000000
54875  6.202  -16.427  32.182 0.0000000000
54874  7.069  -16.152  32.165 0.0000000000
58484  4.412  -12.105  31.109 0.0000000000
57529  5.241  -12.810  30.934 0.0000000000
57528  6.156  -12.945  31.098 0.0000000000
57543  5.708  -13.292  30.411 0.0000000000
56600  5.557  -13.940  29.196 0.0000000000
53801  12.568  -17.006  46.509 0.0000000000
54769  12.445  -16.289  46.444 0.0000000000
57384  12.103  -13.407  46.571 0.0000000000
56426  13.850  -14.755  46.483 0.0000000000
122009  13.393  -14.042  46.580 0.0000000000
57382  12.962  -13.446  46.574 0.0000000000
58350  13.306  -12.887  45.815 0.0000000000
57393  13.110  -13.046  46.261 0.0000000000
58343  12.274  -12.899  46.413 0.0000000000
58344  11.928  -12.719  46.301 0.0000000000
59367  11.720  -12.242  45.824 0.0000000000
60437  11.178  -11.750  45.113 0.0000000000
60445  10.436  -11.171  44.502 0.0000000000
141161  11.307  -11.608  43.907 0.0000000000
47933  21.639  -22.689  39.585 0.0000000000
143317  20.769  -24.090  39.900 0.0000000000
46805  20.892  -23.661  40.075 0.0000000000
123197  20.069  -24.207  40.409 0.0000000000
46807  19.578  -24.040  40.815 0.0000000000
49955  20.100  -21.920  40.920 0.0000000000
47931  19.843  -23.195  41.173 0.0000000000
46808  19.170  -24.118  40.890 0.0000000000
46809  18.469  -23.946  40.992 0.0000000000
121588  17.103  -23.040  41.209 0.0000000000
51854  18.591  -19.694  42.267 0.0000000000
51845  18.517  -20.145  42.817 0.0000000000
49945  18.507  -20.907  42.967 0.0000000000
49947  17.929  -21.308  44.130 0.0000000000
48954  18.219  -21.650  43.636 0.0000000000
47921  18.205  -22.139  43.296 0.0000000000
46786  18.137  -22.854  42.268 0.0000000000
46798  17.385  -22.917  41.825 0.0000000000
47907  12.171  -22.599  45.612 0.0000000000
47894  11.752  -22.379  46.310 0.0000000000
49927  15.458  -20.835  45.822 0.0000000000
49928  14.766  -20.975  46.119 0.0000000000
49929  13.996  -21.140  46.273 0.0000000000
50866  14.169  -19.640  46.588 0.0000000000
49930  13.239  -21.354  46.504 0.0000000000
48923  12.459  -21.491  46.730 0.0000000000
48924  11.788  -21.556  46.987 0.0000000000
48936  11.231  -21.891  46.996 0.0000000000
130687  11.275  -21.330  47.405 0.0000000000
49922  10.707  -21.150  47.730 0.0000000000
139067  10.883  -20.839  47.709 0.0000000000
50864  10.579  -20.463  47.610 0.0000000000
51816  10.328  -20.188  47.293 0.0000000000
51821  10.131  -20.085  46.828 0.0000000000
138392  5.766  -16.216  43.740 0.0000000000
128820  4.873  -15.914  43.332 0.0000000000
54794  4.407  -15.336  42.819 0.0000000000
57405  4.228  -14.140  43.281 0.0000000000
56450  4.188  -14.632  42.589 0.0000000000
140680  4.200  -14.714  42.108 0.0000000000
56452  4.126  -14.746  41.885 0.0000000000
139958  4.141  -14.573  41.350 0.0000000000
142630  4.304  -14.324  40.798 0.0000000000
60458  3.056  -10.440  43.018 0.0000000000
59394  4.674  -11.132  42.235 0.0000000000
58367  4.993  -11.729  42.418 0.0000000000
58371  5.160  -12.249  41.988 0.0000000000
57412  5.102  -12.948  41.311 0.0000000000
57419  4.783  -13.738  40.633 0.0000000000
57418  5.509  -12.938  40.299 0.0000000000
141563  5.996  -12.573  39.608 0.0000000000
58393  6.240  -12.813  38.951 0.0000000000
58383  6.281  -11.980  39.223 0.0000000000
136558  6.550  -12.376  38.529 0.0000000000
59421  6.563  -11.676  38.381 0.0000000000
59430  6.681  -11.372  37.509 0.0000000000
60512  6.308  -10.913  36.878 0.0000000000
56454  15.548  -15.624  40.655 0.0000000000
56465  14.828  -15.306  39.641 0.0000000000
47936  21.805  -22.774  39.268 0.0000000000
52925  25.803  -19.706  35.301 0.0000000000
50937  24.225  -20.579  36.904 0.0000000000
50926  23.609  -20.951  37.318 0.0000000000
51890  23.186  -19.924  37.357 0.0000000000
50927  23.122  -21.022  37.525 0.0000000000
49973  22.174  -21.256  38.370 0.0000000000
48968  22.102  -21.898  38.887 0.0000000000
48969  21.875  -22.302  39.300 0.0000000000
52878  20.979  -20.497  38.472 0.0000000000
51881  20.804  -20.763  38.823 0.0000000000
51873  20.188  -20.629  39.319 0.0000000000
52865  18.881  -19.502  40.161 0.0000000000
122237  20.157  -19.659  37.308 0.0000000000
53870  19.133  -19.210  37.438 0.0000000000
53869  19.193  -19.371  38.130 0.0000000000
53840  18.582  -19.000  39.785 0.0000000000
54799  17.864  -18.114  40.965 0.0000000000
54809  17.135  -17.337  39.521 0.0000000000
54804  17.258  -17.430  40.374 0.0000000000
55621  16.908  -17.008  40.982 0.0000000000
55622  16.508  -16.508  40.886 0.0000000000
124960  16.266  -16.122  41.368 0.0000000000
50909  9.279  -20.158  41.449 0.0000000000
51860  6.699  -20.629  43.796 0.0000000000
51866  7.269  -20.327  43.309 0.0000000000
51865  8.156  -20.073  43.159 0.0000000000
50901  8.701  -20.040  42.340 0.0000000000
51870  10.478  -19.560  41.229 0.0000000000
53833  9.922  -17.620  41.757 0.0000000000
52835  10.954  -18.899  46.163 0.0000000000
53810  11.142  -17.554  45.438 0.0000000000
130553  10.943  -16.897  45.274 0.0000000000
122114  10.268  -16.669  44.864 0.0000000000
126812  10.628  -13.701  46.031 0.0000000000
56434  10.549  -14.372  45.969 0.0000000000
142568  9.769  -14.279  45.691 0.0000000000
55602  10.109  -15.383  45.624 0.0000000000
138629  9.855  -15.866  45.348 0.0000000000
54777  9.404  -16.136  44.811 0.0000000000
54784  8.624  -16.249  44.295 0.0000000000
139766  7.967  -15.702  44.766 0.0000000000
54785  7.501  -16.098  44.303 0.0000000000
54787  5.131  -15.504  44.021 0.0000000000
55606  4.742  -14.374  44.627 0.0000000000
57403  4.591  -13.875  44.607 0.0000000000
57396  5.297  -12.990  45.134 0.0000000000
121605  4.824  -13.094  44.709 0.0000000000
58361  4.572  -12.205  44.525 0.0000000000
59383  4.308  -11.207  44.544 0.0000000000
60434  5.952  -10.411  45.496 0.0000000000
60441  5.279  -9.991  45.460 0.0000000000
60442  4.728  -10.133  45.303 0.0000000000
60443  4.249  -9.589  44.720 0.0000000000
61428  3.744  -9.129  44.166 0.0000000000
61433  3.199  -9.423  43.856 0.0000000000
62425  2.874  -8.387  43.261 0.0000000000
57415  15.183  -15.004  41.243 0.0000000000
45742  19.979  -24.464  39.552 0.0000000000
45752  18.844  -24.308  38.638 0.0000000000
45761  18.713  -24.235  37.798 0.0000000000
124273  18.178  -23.962  39.372 0.0000000000
47896  10.085  -22.467  46.646 0.0000000000
46764  8.934  -23.510  44.853 0.0000000000
138717  5.240  -22.030  39.463 0.0000000000
123845  9.556  -20.561  39.884 0.0000000000
138847  8.457  -21.050  39.391 0.0000000000
50941  9.657  -20.688  38.227 0.0000000000
49988  8.073  -21.499  38.097 0.0000000000
50004  7.276  -21.910  37.633 0.0000000000
48995  6.680  -22.529  37.260 0.0000000000
50021  8.454  -21.606  35.081 0.0000000000
53828  5.845  -17.345  42.272 0.0000000000
52862  5.778  -18.200  40.927 0.0000000000
53838  4.730  -17.165  41.316 0.0000000000
52870  6.204  -18.675  40.163 0.0000000000
52885  6.553  -19.054  39.381 0.0000000000
52903  6.908  -19.229  38.611 0.0000000000
51894  7.400  -19.281  37.850 0.0000000000
55623  4.101  -15.570  39.645 0.0000000000
53855  3.841  -16.992  38.913 0.0000000000
126070  4.164  -17.760  38.679 0.0000000000
52907  3.854  -17.557  38.016 0.0000000000
119055  4.479  -18.410  38.770 0.0000000000
51896  5.370  -19.289  38.154 0.0000000000
51895  6.376  -19.371  38.033 0.0000000000
51906  6.921  -19.464  37.232 0.0000000000
129146  7.606  -19.646  36.389 0.0000000000
50964  7.470  -20.292  34.962 0.0000000000
50973  6.674  -20.414  34.275 0.0000000000
128807  7.743  -20.684  34.295 0.0000000000
50027  7.611  -21.494  33.107 0.0000000000
50033  7.317  -21.713  32.390 0.0000000000
142850  7.775  -22.781  32.136 0.0000000000
49030  6.954  -22.488  31.109 0.0000000000
49031  6.082  -22.154  30.866 0.0000000000
52947  3.344  -18.426  33.701 0.0000000000
51950  2.850  -19.236  32.642 0.0000000000
50988  3.219  -19.783  32.002 0.0000000000
53950  3.520  -18.573  31.549 0.0000000000
133458  3.058  -19.631  31.412 0.0000000000
50991  2.941  -20.036  31.221 0.0000000000
50053  3.008  -21.048  30.128 0.0000000000
64154  2.488  -5.859  39.434 0.0000000000
137886  2.381  -7.618  38.941 0.0000000000
63345  2.617  -6.562  37.926 0.0000000000
135447  2.248  -8.449  38.854 0.0000000000
62463  2.165  -9.023  38.180 0.0000000000
134073  2.405  -9.524  37.776 0.0000000000
60515  3.102  -10.277  37.489 0.0000000000
60528  2.903  -9.735  36.349 0.0000000000
60527  3.096  -10.055  36.598 0.0000000000
60514  3.853  -10.348  37.449 0.0000000000
60526  4.278  -10.527  36.634 0.0000000000
60525  5.420  -10.659  36.603 0.0000000000
60524  6.250  -10.951  36.143 0.0000000000
61511  3.253  -9.272  34.444 0.0000000000
59463  4.208  -10.446  34.379 0.0000000000
59451  4.103  -10.519  35.210 0.0000000000
59449  7.019  -11.329  35.826 0.0000000000
138797  7.621  -11.791  35.705 0.0000000000
57480  8.195  -13.756  34.956 0.0000000000
58443  8.593  -12.802  34.003 0.0000000000
56529  8.470  -14.101  34.099 0.0000000000
56549  7.846  -14.827  33.684 0.0000000000
139233  7.528  -15.539  32.843 0.0000000000
54888  7.512  -16.416  31.484 0.0000000000
57527  7.358  -12.967  31.213 0.0000000000
57541  8.387  -13.287  31.145 0.0000000000
55702  9.307  -14.707  31.882 0.0000000000
144057  8.976  -15.955  31.316 0.0000000000
53945  7.071  -16.884  30.892 0.0000000000
44766  20.212  -24.506  38.829 0.0000000000
44774  20.421  -24.524  38.337 0.0000000000
44775  19.866  -24.581  38.220 0.0000000000
45722  19.808  -24.257  40.489 0.0000000000
45733  20.060  -24.357  40.145 0.0000000000
45744  19.213  -24.443  39.239 0.0000000000
45751  21.100  -24.147  38.936 0.0000000000
46746  11.831  -22.714  45.373 0.0000000000
46772  17.024  -22.337  43.594 0.0000000000
46787  17.576  -22.647  42.520 0.0000000000
46794  20.120  -23.849  40.643 0.0000000000
46795  19.435  -23.548  41.282 0.0000000000
46806  20.505  -24.123  40.143 0.0000000000
46810  17.829  -23.698  40.885 0.0000000000
46818  21.076  -23.711  39.795 0.0000000000
46819  20.831  -23.984  39.962 0.0000000000
46833  22.349  -22.854  37.951 0.0000000000
47929  20.894  -22.920  40.279 0.0000000000
47930  20.414  -23.309  40.606 0.0000000000
47934  21.100  -23.024  40.211 0.0000000000
47937  21.392  -23.224  39.686 0.0000000000
48022  6.992  -23.548  30.256 0.0000000000
48953  18.478  -21.532  42.976 0.0000000000
48959  18.442  -21.979  42.944 0.0000000000
48963  19.576  -22.592  41.553 0.0000000000
48965  21.524  -21.820  39.788 0.0000000000
48966  21.201  -22.362  40.181 0.0000000000
48974  22.044  -22.449  39.004 0.0000000000
48980  22.731  -22.220  37.909 0.0000000000
49029  7.648  -22.965  31.590 0.0000000000
49919  9.720  -21.079  47.889 0.0000000000
49934  17.100  -20.861  44.725 0.0000000000
49940  17.980  -20.720  44.096 0.0000000000
49941  17.518  -21.073  44.413 0.0000000000
49946  18.226  -21.082  43.691 0.0000000000
49959  21.256  -21.908  39.966 0.0000000000
49963  21.961  -21.563  38.856 0.0000000000
49964  21.817  -21.853  39.239 0.0000000000
49972  22.905  -21.250  37.744 0.0000000000
50034  6.537  -21.571  31.931 0.0000000000
50052  3.474  -21.174  30.351 0.0000000000
50054  2.976  -20.520  30.594 0.0000000000
50882  16.637  -20.474  45.122 0.0000000000
50929  10.154  -20.271  39.432 0.0000000000
50938  23.513  -20.537  37.331 0.0000000000
50949  9.589  -20.454  36.820 0.0000000000
50968  3.497  -19.115  34.766 0.0000000000
50977  3.442  -19.286  34.140 0.0000000000
50984  3.326  -19.488  32.562 0.0000000000
50998  2.807  -20.391  30.351 0.0000000000
51874  10.830  -19.190  40.315 0.0000000000
51909  4.212  -18.918  37.214 0.0000000000
51935  4.848  -19.734  36.085 0.0000000000
51938  3.403  -18.537  34.756 0.0000000000
51945  3.274  -19.157  33.671 0.0000000000
51954  3.142  -19.610  31.838 0.0000000000
51968  2.750  -20.217  30.070 0.0000000000
52832  15.968  -18.316  45.563 0.0000000000
52844  17.868  -19.527  43.808 0.0000000000
52863  4.924  -17.788  40.849 0.0000000000
52866  10.698  -18.926  39.758 0.0000000000
52882  10.258  -18.754  39.315 0.0000000000
52919  3.728  -17.891  37.216 0.0000000000
52928  3.361  -18.196  35.486 0.0000000000
52950  3.158  -18.866  33.091 0.0000000000
52974  3.043  -19.790  29.651 0.0000000000
53832  10.439  -17.854  42.032 0.0000000000
53847  4.276  -17.143  40.174 0.0000000000
53848  4.020  -16.769  39.693 0.0000000000
53854  4.124  -17.305  39.320 0.0000000000
53872  3.416  -17.255  36.686 0.0000000000
53883  3.486  -17.615  36.724 0.0000000000
53911  3.355  -17.949  34.121 0.0000000000
53925  3.631  -17.985  33.294 0.0000000000
53937  3.909  -17.957  31.911 0.0000000000
53938  3.779  -18.071  32.475 0.0000000000
53946  6.174  -17.107  30.994 0.0000000000
53948  4.302  -17.714  31.423 0.0000000000
53959  3.758  -18.482  30.924 0.0000000000
54772  15.605  -16.462  45.627 0.0000000000
54780  6.248  -15.203  44.885 0.0000000000
54788  4.633  -15.283  43.612 0.0000000000
54810  3.925  -16.365  39.115 0.0000000000
54817  4.112  -16.069  37.791 0.0000000000
54849  4.205  -16.793  34.115 0.0000000000
54850  4.064  -16.688  34.727 0.0000000000
54877  4.209  -17.135  32.760 0.0000000000
55584  13.642  -15.429  46.601 0.0000000000
55588  14.607  -15.752  46.325 0.0000000000
55605  5.198  -14.569  44.900 0.0000000000
55607  16.728  -16.639  43.402 0.0000000000
55614  4.247  -14.846  42.920 0.0000000000
55617  4.233  -14.862  42.358 0.0000000000
55648  4.446  -15.672  37.355 0.0000000000
55659  4.368  -15.984  36.469 0.0000000000
55667  4.693  -15.741  35.842 0.0000000000
55668  4.269  -16.253  35.251 0.0000000000
55691  8.236  -15.060  32.997 0.0000000000
55694  4.566  -16.275  34.229 0.0000000000
55713  9.261  -15.435  31.467 0.0000000000
56422  13.363  -14.655  46.645 0.0000000000
56425  14.633  -14.642  45.799 0.0000000000
56504  4.726  -15.450  36.984 0.0000000000
57386  10.617  -13.076  46.010 0.0000000000
57392  13.632  -13.390  45.985 0.0000000000
57400  4.951  -13.601  45.025 0.0000000000
57411  14.265  -14.140  41.430 0.0000000000
57450  7.234  -12.755  37.048 0.0000000000
57468  8.452  -12.874  34.835 0.0000000000
57531  4.297  -12.604  30.317 0.0000000000
57544  4.947  -13.134  30.180 0.0000000000
58342  12.689  -12.937  46.393 0.0000000000
58353  12.100  -12.568  46.175 0.0000000000
58354  6.047  -12.592  45.464 0.0000000000
58358  13.036  -12.607  45.659 0.0000000000
58445  7.176  -12.071  33.250 0.0000000000
58462  5.285  -12.218  32.324 0.0000000000
58480  7.605  -12.613  32.032 0.0000000000
58485  4.042  -11.723  31.065 0.0000000000
59362  9.890  -12.313  45.730 0.0000000000
59371  7.601  -11.774  45.564 0.0000000000
59439  7.439  -11.810  36.329 0.0000000000
59440  6.887  -11.347  36.635 0.0000000000
59461  5.260  -11.193  34.305 0.0000000000
59481  4.539  -10.894  33.550 0.0000000000
59497  3.966  -10.791  32.169 0.0000000000
60429  11.162  -11.940  45.585 0.0000000000
60440  8.931  -10.947  45.201 0.0000000000
60465  2.373  -9.868  40.841 0.0000000000
60487  2.413  -9.946  39.261 0.0000000000
60501  2.567  -9.908  38.275 0.0000000000
60516  2.826  -10.043  37.605 0.0000000000
60537  3.369  -9.951  35.676 0.0000000000
60548  3.520  -9.718  34.763 0.0000000000
62474  2.328  -8.733  37.229 0.0000000000
62520  3.319  -8.607  33.064 0.0000000000
119243  4.615  -14.606  38.296 0.0000000000
120087  18.601  -24.222  39.340 0.0000000000
122998  20.222  -20.956  40.099 0.0000000000
123230  4.302  -15.267  42.066 0.0000000000
124235  22.434  -21.647  38.265 0.0000000000
124267  4.267  -15.855  41.419 0.0000000000
125818  3.533  -9.443  33.857 0.0000000000
126194  3.498  -9.330  32.712 0.0000000000
126439  20.560  -24.229  39.886 0.0000000000
127338  3.438  -19.486  33.020 0.0000000000
127847  20.001  -21.433  40.938 0.0000000000
128098  4.077  -15.764  38.695 0.0000000000
128238  3.497  -6.521  34.908 0.0000000000
130511  3.114  -19.110  31.968 0.0000000000
130831  8.776  -14.920  32.579 0.0000000000
132501  3.858  -16.497  38.279 0.0000000000
132601  3.222  -18.872  33.509 0.0000000000
133379  20.931  -24.056  39.603 0.0000000000
133412  3.376  -17.725  36.058 0.0000000000
134119  18.754  -23.746  41.345 0.0000000000
134136  8.107  -13.060  35.621 0.0000000000
134309  17.051  -17.114  43.079 0.0000000000
134683  17.668  -17.851  40.518 0.0000000000
135377  6.411  -14.051  36.157 0.0000000000
135554  3.912  -18.667  30.399 0.0000000000
135589  2.340  -9.750  40.107 0.0000000000
136753  17.902  -20.375  44.143 0.0000000000
137490  4.510  -16.018  35.642 0.0000000000
139633  3.385  -18.488  34.503 0.0000000000
140157  16.306  -16.565  44.636 0.0000000000
140262  22.075  -22.965  38.979 0.0000000000
141510  3.468  -18.442  32.934 0.0000000000
142038  14.581  -13.929  43.769 0.0000000000
142236  24.101  -21.088  37.112 0.0000000000
142891  2.557  -10.085  38.854 0.0000000000
143297  15.332  -15.669  40.014 0.0000000000
143481  5.668  -12.758  45.342 0.0000000000
143920  4.518  -19.912  34.835 0.0000000000
