#!ascii label  , from subject sub-v1s13x0050041_ses-1 vox2ras=TkReg
1546
41677  10.152  -29.431  40.765 0.0000000000
59772  43.677  -11.730  10.223 0.0000000000
44921  29.577  -27.143  26.872 0.0000000000
137399  39.451  -24.209  28.399 0.0000000000
42839  21.206  -28.237  29.536 0.0000000000
39813  18.951  -31.379  38.887 0.0000000000
66052  51.837  -4.618  2.620 0.0000000000
62751  52.399  -8.680  12.357 0.0000000000
141949  39.283  -17.466  18.892 0.0000000000
69829  52.697  -0.610  -3.267 0.0000000000
132490  28.580  -28.223  32.986 0.0000000000
42685  15.266  -28.632  39.493 0.0000000000
64422  52.785  -6.696  8.249 0.0000000000
63667  47.903  -7.809  7.113 0.0000000000
59713  43.464  -11.711  14.581 0.0000000000
60774  48.006  -10.719  15.557 0.0000000000
138227  39.174  -11.618  14.286 0.0000000000
50112  34.276  -21.943  22.954 0.0000000000
45892  34.226  -26.191  26.910 0.0000000000
139545  24.618  -28.630  34.333 0.0000000000
40769  23.156  -31.145  39.408 0.0000000000
120692  20.240  -31.130  34.020 0.0000000000
41757  15.370  -29.578  34.537 0.0000000000
44906  25.410  -26.684  28.434 0.0000000000
68797  55.292  -0.890  4.245 0.0000000000
120685  57.373  -5.225  9.710 0.0000000000
60819  48.144  -10.402  11.597 0.0000000000
57636  41.996  -13.428  19.331 0.0000000000
52015  39.661  -19.934  24.172 0.0000000000
69813  50.156  -1.363  -0.055 0.0000000000
68836  55.781  -1.524  -0.575 0.0000000000
66080  57.821  -5.489  -2.409 0.0000000000
119713  28.273  -27.963  36.310 0.0000000000
119507  13.039  -28.655  40.193 0.0000000000
43758  15.697  -28.106  43.159 0.0000000000
42640  13.096  -28.461  43.162 0.0000000000
64458  47.934  -6.863  4.692 0.0000000000
61724  43.413  -9.802  17.124 0.0000000000
61722  45.345  -9.724  16.871 0.0000000000
125565  6.948  -27.920  46.844 0.0000000000
57708  38.932  -13.163  12.124 0.0000000000
121837  29.959  -25.487  24.080 0.0000000000
45941  32.013  -25.254  24.263 0.0000000000
119210  31.976  -26.797  26.973 0.0000000000
42810  22.845  -28.292  31.428 0.0000000000
41754  22.555  -30.153  34.082 0.0000000000
41787  20.799  -29.768  31.492 0.0000000000
140607  23.250  -26.794  29.066 0.0000000000
43876  24.418  -27.605  31.509 0.0000000000
39810  21.118  -31.497  38.975 0.0000000000
67812  53.639  -2.733  3.037 0.0000000000
66861  56.622  -2.551  7.181 0.0000000000
66018  54.504  -4.436  6.455 0.0000000000
63631  52.804  -7.663  10.355 0.0000000000
63629  54.526  -7.174  10.858 0.0000000000
60854  43.684  -10.744  8.508 0.0000000000
139180  45.328  -9.907  8.452 0.0000000000
59753  46.408  -11.037  11.374 0.0000000000
55840  37.764  -15.786  16.175 0.0000000000
57669  39.319  -13.947  16.538 0.0000000000
55811  40.394  -15.517  18.426 0.0000000000
48094  36.479  -23.260  25.206 0.0000000000
51050  36.049  -20.805  23.686 0.0000000000
51021  38.857  -20.965  27.007 0.0000000000
140926  48.660  -2.450  1.472 0.0000000000
69801  48.977  -1.265  -0.224 0.0000000000
68810  50.663  -1.741  1.927 0.0000000000
69779  52.821  -0.267  1.811 0.0000000000
66957  55.849  -3.190  -4.213 0.0000000000
66937  54.406  -4.052  -2.131 0.0000000000
67851  57.062  -3.079  -1.379 0.0000000000
66934  53.063  -3.405  -1.375 0.0000000000
43897  28.551  -27.881  30.063 0.0000000000
121789  31.254  -28.326  29.890 0.0000000000
42791  30.787  -28.689  32.691 0.0000000000
41694  16.886  -29.484  39.506 0.0000000000
39770  19.154  -31.749  41.953 0.0000000000
41671  17.972  -29.187  42.695 0.0000000000
65263  49.433  -5.449  2.631 0.0000000000
127303  52.553  -5.489  5.046 0.0000000000
64467  50.258  -6.484  4.542 0.0000000000
63664  50.265  -7.380  7.495 0.0000000000
62803  50.296  -8.157  9.738 0.0000000000
58659  43.672  -12.394  12.646 0.0000000000
59730  46.182  -11.622  12.975 0.0000000000
60776  45.923  -10.623  15.511 0.0000000000
52101  36.908  -18.940  18.613 0.0000000000
50060  40.969  -21.869  29.234 0.0000000000
41672  8.628  -29.211  42.241 0.0000000000
42632  10.908  -28.679  44.668 0.0000000000
42634  8.443  -28.694  44.813 0.0000000000
58720  41.482  -12.452  9.601 0.0000000000
57705  41.638  -13.116  12.134 0.0000000000
59715  41.664  -11.807  14.702 0.0000000000
61727  40.631  -9.969  16.882 0.0000000000
48154  32.370  -23.409  22.064 0.0000000000
47042  34.456  -24.736  24.277 0.0000000000
122197  37.546  -25.640  27.277 0.0000000000
43913  34.046  -27.417  29.754 0.0000000000
44873  36.637  -26.468  30.322 0.0000000000
43786  26.028  -28.530  37.086 0.0000000000
41691  25.378  -30.116  39.159 0.0000000000
41730  23.915  -30.042  36.709 0.0000000000
126513  21.867  -31.140  36.818 0.0000000000
40807  19.353  -31.230  36.872 0.0000000000
120363  18.385  -30.464  32.422 0.0000000000
40832  17.587  -30.474  34.488 0.0000000000
130315  17.178  -30.120  36.867 0.0000000000
42717  15.054  -28.952  37.209 0.0000000000
42720  12.486  -29.015  37.405 0.0000000000
41708  10.122  -29.531  38.118 0.0000000000
44977  27.779  -26.063  24.870 0.0000000000
44966  25.857  -25.829  25.825 0.0000000000
44905  27.242  -27.012  27.909 0.0000000000
43899  26.521  -27.513  30.446 0.0000000000
43818  26.364  -27.957  33.973 0.0000000000
65189  58.454  -5.738  8.898 0.0000000000
65197  54.812  -5.578  8.669 0.0000000000
62845  45.510  -8.204  6.729 0.0000000000
61823  48.199  -9.011  9.730 0.0000000000
61760  50.955  -9.426  12.502 0.0000000000
122390  48.082  -11.573  13.594 0.0000000000
59726  51.006  -11.132  13.950 0.0000000000
59720  37.380  -12.023  14.415 0.0000000000
59660  39.472  -10.951  17.049 0.0000000000
60720  41.680  -10.294  19.599 0.0000000000
52057  36.422  -19.785  21.107 0.0000000000
53072  39.989  -19.366  20.803 0.0000000000
51984  41.843  -20.023  27.347 0.0000000000
52012  42.904  -19.427  24.222 0.0000000000
54070  41.988  -17.629  21.328 0.0000000000
55769  43.249  -15.200  22.139 0.0000000000
58555  43.946  -12.758  22.834 0.0000000000
68849  50.606  -1.588  -1.695 0.0000000000
69810  52.998  -1.298  0.062 0.0000000000
70683  55.441  0.253  1.869 0.0000000000
42712  28.990  -28.538  38.042 0.0000000000
42679  11.655  -28.956  40.715 0.0000000000
42666  12.558  -28.740  41.830 0.0000000000
42654  11.912  -28.842  42.422 0.0000000000
140911  42.728  -8.993  18.362 0.0000000000
62707  44.082  -8.919  18.257 0.0000000000
43735  5.083  -27.087  45.041 0.0000000000
44962  29.651  -26.479  25.548 0.0000000000
44961  30.422  -26.260  25.465 0.0000000000
44920  30.459  -27.192  27.109 0.0000000000
42825  22.270  -28.272  30.727 0.0000000000
42796  21.941  -29.378  32.136 0.0000000000
42812  20.917  -29.208  30.806 0.0000000000
44928  22.506  -26.443  27.532 0.0000000000
43923  22.499  -27.443  29.511 0.0000000000
43903  22.726  -27.631  30.179 0.0000000000
39800  19.651  -31.582  39.119 0.0000000000
39784  19.738  -31.990  40.565 0.0000000000
66896  53.121  -3.480  2.798 0.0000000000
66043  54.263  -3.763  3.912 0.0000000000
65244  53.393  -4.965  4.118 0.0000000000
62773  52.608  -8.271  11.621 0.0000000000
62772  53.448  -8.186  12.135 0.0000000000
59796  43.806  -11.175  9.187 0.0000000000
127357  44.855  -10.939  9.753 0.0000000000
59785  44.885  -11.209  10.388 0.0000000000
54134  37.829  -17.220  17.431 0.0000000000
55016  38.387  -16.485  17.252 0.0000000000
55812  39.751  -15.844  18.039 0.0000000000
54996  39.990  -16.188  18.713 0.0000000000
48060  38.425  -23.690  27.127 0.0000000000
50083  37.596  -21.470  26.092 0.0000000000
50070  39.185  -22.277  27.841 0.0000000000
66899  50.448  -3.203  2.400 0.0000000000
67821  50.149  -2.424  2.086 0.0000000000
66898  51.396  -3.100  2.550 0.0000000000
67819  51.850  -2.301  2.568 0.0000000000
67865  53.922  -2.356  -3.323 0.0000000000
67858  53.337  -2.295  -2.896 0.0000000000
66938  53.640  -3.658  -1.746 0.0000000000
68847  52.684  -2.160  -2.559 0.0000000000
120790  28.864  -28.171  31.014 0.0000000000
43871  29.903  -28.501  30.823 0.0000000000
42776  29.789  -28.543  33.132 0.0000000000
135968  16.318  -29.097  39.473 0.0000000000
41675  17.621  -29.499  41.593 0.0000000000
42674  16.285  -28.750  40.713 0.0000000000
43727  15.835  -28.325  45.037 0.0000000000
43739  16.855  -28.156  44.329 0.0000000000
65264  48.609  -5.416  2.610 0.0000000000
64492  49.766  -6.116  3.004 0.0000000000
64483  48.459  -6.456  3.412 0.0000000000
63689  47.358  -7.177  5.539 0.0000000000
63687  49.063  -6.954  5.836 0.0000000000
137497  48.990  -7.435  6.926 0.0000000000
63642  50.876  -7.801  9.123 0.0000000000
62821  49.188  -8.090  8.748 0.0000000000
58637  43.527  -12.112  13.977 0.0000000000
59712  44.883  -11.392  14.533 0.0000000000
59690  44.604  -11.046  15.161 0.0000000000
66901  47.980  -3.895  2.168 0.0000000000
42644  8.226  -28.863  43.738 0.0000000000
42635  7.556  -28.560  44.236 0.0000000000
57752  40.243  -12.913  9.785 0.0000000000
57725  41.910  -12.911  11.296 0.0000000000
57740  40.272  -13.156  10.449 0.0000000000
58663  39.218  -12.782  12.968 0.0000000000
58652  40.795  -12.718  13.511 0.0000000000
58640  40.122  -12.099  14.069 0.0000000000
59693  41.132  -11.189  15.249 0.0000000000
59694  40.085  -10.949  15.225 0.0000000000
47101  30.776  -23.974  21.738 0.0000000000
121546  33.301  -25.640  25.254 0.0000000000
47057  33.481  -24.896  24.031 0.0000000000
45921  34.284  -25.433  25.165 0.0000000000
47022  36.113  -25.081  25.668 0.0000000000
45891  35.795  -25.953  26.923 0.0000000000
42823  32.338  -28.415  30.526 0.0000000000
43893  32.750  -28.017  29.945 0.0000000000
43869  33.652  -28.210  31.079 0.0000000000
44860  36.128  -26.929  31.229 0.0000000000
45856  38.328  -26.268  29.682 0.0000000000
42744  25.261  -28.660  35.545 0.0000000000
42729  24.964  -29.176  36.986 0.0000000000
42746  24.193  -29.349  35.285 0.0000000000
40829  21.201  -31.086  34.474 0.0000000000
40817  22.413  -30.799  35.447 0.0000000000
40818  21.074  -31.313  35.372 0.0000000000
40806  20.941  -31.378  36.353 0.0000000000
127438  20.247  -31.344  35.605 0.0000000000
41798  19.329  -29.871  30.449 0.0000000000
128373  15.959  -29.863  34.019 0.0000000000
41767  17.326  -30.339  33.518 0.0000000000
121502  16.748  -30.100  34.289 0.0000000000
40822  17.511  -30.380  35.972 0.0000000000
41743  16.196  -29.724  35.802 0.0000000000
41731  16.332  -29.681  36.675 0.0000000000
131193  15.494  -29.317  36.407 0.0000000000
42721  11.634  -29.279  37.769 0.0000000000
45961  27.644  -25.629  23.463 0.0000000000
45962  26.807  -25.577  23.520 0.0000000000
44926  24.159  -26.052  27.651 0.0000000000
44947  25.672  -26.059  26.605 0.0000000000
44946  26.528  -26.259  26.288 0.0000000000
122539  26.323  -26.824  28.103 0.0000000000
43919  26.866  -27.170  28.752 0.0000000000
43920  26.017  -26.946  29.063 0.0000000000
43839  24.834  -27.959  33.110 0.0000000000
134430  25.395  -27.782  32.535 0.0000000000
43819  25.717  -28.084  34.328 0.0000000000
43803  26.528  -28.123  35.625 0.0000000000
41692  24.573  -30.401  39.152 0.0000000000
43720  10.573  -28.514  46.355 0.0000000000
43744  12.177  -28.319  45.729 0.0000000000
68770  57.678  -1.091  6.502 0.0000000000
66001  56.643  -3.646  8.155 0.0000000000
65993  57.862  -4.103  8.860 0.0000000000
64408  58.139  -5.802  9.790 0.0000000000
64398  57.809  -6.371  10.430 0.0000000000
65225  52.769  -5.800  6.513 0.0000000000
65209  53.778  -5.603  7.458 0.0000000000
64421  53.534  -6.409  8.636 0.0000000000
63613  55.997  -7.385  11.714 0.0000000000
60832  47.088  -9.821  10.058 0.0000000000
61840  46.924  -9.212  8.738 0.0000000000
61803  48.370  -9.347  10.462 0.0000000000
61802  49.155  -9.175  10.895 0.0000000000
60808  49.421  -10.284  12.285 0.0000000000
59687  47.438  -11.062  15.010 0.0000000000
59729  47.027  -11.586  13.516 0.0000000000
59686  48.333  -11.269  14.948 0.0000000000
57686  37.037  -12.851  14.901 0.0000000000
57658  40.613  -13.875  17.563 0.0000000000
58620  39.219  -12.872  16.593 0.0000000000
127354  40.709  -11.836  18.157 0.0000000000
59649  40.448  -10.964  18.061 0.0000000000
58580  41.906  -11.828  19.494 0.0000000000
50132  32.650  -21.686  21.820 0.0000000000
122438  34.001  -20.676  22.222 0.0000000000
51047  37.998  -20.228  23.970 0.0000000000
51068  36.540  -20.016  22.448 0.0000000000
52042  38.041  -20.007  22.608 0.0000000000
119625  38.422  -19.789  20.958 0.0000000000
52041  39.799  -19.907  22.349 0.0000000000
51012  41.473  -20.550  28.352 0.0000000000
53030  44.404  -18.716  24.624 0.0000000000
142090  42.831  -18.968  22.879 0.0000000000
54038  43.984  -17.612  22.940 0.0000000000
55761  42.812  -16.052  21.779 0.0000000000
130631  44.038  -16.430  23.043 0.0000000000
139889  49.789  -1.314  0.111 0.0000000000
68844  50.339  -1.665  -0.796 0.0000000000
68840  51.274  -2.058  -0.650 0.0000000000
69812  51.002  -1.362  0.233 0.0000000000
69768  54.122  -0.607  3.078 0.0000000000
70675  54.084  0.024  1.910 0.0000000000
70665  55.420  0.454  2.836 0.0000000000
70663  56.824  0.698  3.467 0.0000000000
66093  56.900  -5.103  -3.277 0.0000000000
67843  56.372  -2.276  -1.041 0.0000000000
68834  57.831  -1.303  -0.482 0.0000000000
69806  57.302  -0.739  -0.029 0.0000000000
43816  28.519  -28.097  34.846 0.0000000000
43815  29.359  -28.268  34.580 0.0000000000
43792  29.183  -28.055  36.361 0.0000000000
42687  13.722  -28.570  39.678 0.0000000000
42664  15.079  -28.299  41.412 0.0000000000
42665  14.233  -28.375  41.338 0.0000000000
143098  14.405  -28.196  43.495 0.0000000000
140788  14.412  -28.159  45.010 0.0000000000
63701  46.110  -6.931  4.833 0.0000000000
63690  46.482  -7.252  5.518 0.0000000000
134699  43.404  -10.772  15.815 0.0000000000
60778  44.258  -10.688  15.768 0.0000000000
61723  44.406  -9.796  16.960 0.0000000000
62693  44.949  -8.612  18.599 0.0000000000
43745  6.771  -28.069  44.540 0.0000000000
120943  5.873  -27.576  44.822 0.0000000000
43714  6.052  -27.954  47.380 0.0000000000
57741  39.537  -13.354  10.811 0.0000000000
139557  38.047  -12.129  13.570 0.0000000000
47076  30.698  -24.840  23.142 0.0000000000
45942  30.679  -25.566  24.495 0.0000000000
44960  31.936  -26.117  25.767 0.0000000000
44939  33.332  -26.261  26.599 0.0000000000
42794  23.566  -28.603  32.758 0.0000000000
41753  23.260  -29.718  34.299 0.0000000000
42779  22.908  -29.275  33.054 0.0000000000
41775  21.694  -30.023  32.798 0.0000000000
40848  20.475  -30.591  32.693 0.0000000000
41745  14.762  -29.232  35.007 0.0000000000
42762  12.857  -28.924  33.862 0.0000000000
44927  23.380  -26.201  27.777 0.0000000000
135931  24.007  -26.342  28.320 0.0000000000
44876  24.720  -26.977  30.102 0.0000000000
44877  23.925  -26.917  29.958 0.0000000000
43877  23.582  -27.782  31.295 0.0000000000
40770  22.150  -31.357  39.292 0.0000000000
67811  55.058  -1.802  4.071 0.0000000000
67792  55.855  -1.583  5.520 0.0000000000
66877  55.390  -2.691  5.579 0.0000000000
66017  55.287  -3.947  6.848 0.0000000000
66002  55.767  -4.200  7.761 0.0000000000
63640  52.508  -7.424  9.571 0.0000000000
64412  53.774  -6.670  9.387 0.0000000000
63630  53.627  -7.413  10.621 0.0000000000
62750  54.510  -7.879  12.277 0.0000000000
61851  44.410  -9.511  7.589 0.0000000000
61842  44.558  -10.211  8.337 0.0000000000
60843  46.301  -10.248  9.997 0.0000000000
60820  47.330  -10.707  11.466 0.0000000000
60752  49.414  -10.528  16.225 0.0000000000
55849  37.692  -15.107  15.706 0.0000000000
56788  37.678  -14.155  15.480 0.0000000000
55838  39.063  -15.158  16.765 0.0000000000
56757  40.114  -14.645  17.421 0.0000000000
56746  41.382  -14.435  18.742 0.0000000000
49106  35.789  -22.696  24.383 0.0000000000
51059  35.259  -20.908  23.292 0.0000000000
50093  36.653  -21.585  25.006 0.0000000000
51039  37.494  -20.715  25.138 0.0000000000
51038  38.370  -20.363  25.368 0.0000000000
67836  48.052  -1.824  0.552 0.0000000000
143637  47.590  -0.683  -0.453 0.0000000000
68818  48.814  -1.923  0.964 0.0000000000
68827  49.360  -1.474  0.474 0.0000000000
69790  50.924  -1.017  1.064 0.0000000000
69800  51.565  -0.762  0.893 0.0000000000
69789  51.570  -0.786  1.490 0.0000000000
68807  53.244  -0.985  2.870 0.0000000000
67869  54.498  -2.014  -4.045 0.0000000000
66942  55.449  -3.885  -3.299 0.0000000000
66074  56.101  -4.773  -2.000 0.0000000000
66073  57.214  -4.994  -1.977 0.0000000000
66931  55.340  -4.268  -1.479 0.0000000000
66922  54.660  -3.710  -0.943 0.0000000000
67845  54.128  -3.024  -0.514 0.0000000000
142864  29.254  -27.530  27.932 0.0000000000
43949  30.326  -27.516  27.873 0.0000000000
127393  30.104  -28.318  30.001 0.0000000000
42807  30.738  -28.634  31.141 0.0000000000
42773  32.172  -28.696  33.066 0.0000000000
40772  17.847  -30.457  39.082 0.0000000000
142700  18.778  -31.298  40.074 0.0000000000
41682  18.088  -30.201  41.009 0.0000000000
41674  18.367  -30.103  42.380 0.0000000000
42650  16.933  -28.382  42.758 0.0000000000
41668  17.721  -28.956  44.472 0.0000000000
66053  50.863  -4.720  2.556 0.0000000000
65245  52.532  -5.528  3.963 0.0000000000
65252  50.998  -5.886  3.045 0.0000000000
64466  51.068  -6.205  4.742 0.0000000000
64445  51.175  -6.480  6.212 0.0000000000
64469  48.670  -6.749  4.092 0.0000000000
64446  50.441  -6.760  6.288 0.0000000000
63663  51.118  -7.190  7.690 0.0000000000
63641  51.713  -7.637  9.333 0.0000000000
62802  51.161  -8.000  9.935 0.0000000000
62774  51.839  -8.486  11.512 0.0000000000
58685  43.589  -12.334  11.839 0.0000000000
59742  44.887  -11.726  11.939 0.0000000000
58658  44.816  -11.878  12.656 0.0000000000
59711  45.698  -11.348  14.407 0.0000000000
140284  47.278  -10.584  15.592 0.0000000000
60756  45.682  -10.202  16.204 0.0000000000
61720  47.229  -9.672  16.659 0.0000000000
61719  48.137  -9.683  16.659 0.0000000000
139437  38.222  -18.327  18.717 0.0000000000
49053  39.982  -23.048  29.035 0.0000000000
67837  47.223  -1.886  0.564 0.0000000000
66911  48.554  -3.036  1.904 0.0000000000
127126  48.995  -3.979  2.332 0.0000000000
71549  53.222  1.010  -3.810 0.0000000000
70709  52.480  0.305  -3.500 0.0000000000
143289  9.217  -29.387  41.812 0.0000000000
42655  10.409  -29.198  42.785 0.0000000000
42643  9.753  -29.109  43.414 0.0000000000
42633  9.447  -28.772  44.952 0.0000000000
42618  9.427  -28.550  46.544 0.0000000000
43722  7.612  -28.128  46.253 0.0000000000
59798  42.329  -11.504  8.718 0.0000000000
58733  41.284  -12.201  8.998 0.0000000000
58719  42.251  -12.264  9.865 0.0000000000
58686  42.820  -12.612  11.502 0.0000000000
58660  42.973  -12.680  12.335 0.0000000000
134862  42.566  -12.561  13.584 0.0000000000
57706  40.797  -13.236  12.158 0.0000000000
58651  41.722  -12.726  13.547 0.0000000000
59714  42.551  -11.802  14.690 0.0000000000
60779  42.521  -10.801  15.825 0.0000000000
60759  41.965  -10.273  16.432 0.0000000000
61692  41.647  -9.478  18.549 0.0000000000
48153  33.275  -23.216  22.508 0.0000000000
47074  32.398  -24.612  23.135 0.0000000000
48134  33.682  -23.804  22.999 0.0000000000
48133  34.352  -23.530  23.305 0.0000000000
48095  36.109  -23.776  24.944 0.0000000000
136444  37.217  -24.173  25.958 0.0000000000
47003  38.648  -24.450  27.423 0.0000000000
130672  31.687  -27.572  28.380 0.0000000000
44904  32.556  -27.229  28.167 0.0000000000
44903  34.021  -26.879  28.560 0.0000000000
43890  35.163  -27.344  30.832 0.0000000000
44891  35.342  -26.701  29.361 0.0000000000
136635  35.820  -26.394  28.780 0.0000000000
45869  37.420  -26.186  28.496 0.0000000000
45879  38.683  -25.683  28.281 0.0000000000
46987  39.622  -24.832  28.815 0.0000000000
42714  26.938  -28.709  38.670 0.0000000000
42699  25.797  -29.320  38.753 0.0000000000
41703  25.143  -29.791  38.748 0.0000000000
40791  23.372  -30.523  38.038 0.0000000000
40816  23.280  -30.363  35.880 0.0000000000
40803  23.278  -30.509  36.955 0.0000000000
40778  22.650  -30.931  38.556 0.0000000000
40779  21.644  -31.257  38.362 0.0000000000
129284  20.052  -31.401  37.925 0.0000000000
40781  18.994  -31.237  37.640 0.0000000000
41797  20.224  -29.814  30.967 0.0000000000
41777  19.841  -30.446  32.101 0.0000000000
40840  19.742  -30.843  33.077 0.0000000000
119247  16.959  -30.050  31.886 0.0000000000
40842  18.050  -30.529  33.102 0.0000000000
40830  19.187  -30.982  33.939 0.0000000000
141211  18.969  -30.993  35.320 0.0000000000
40795  18.517  -30.967  37.125 0.0000000000
40782  18.363  -30.942  37.866 0.0000000000
41717  17.214  -30.041  37.817 0.0000000000
41707  16.115  -29.273  38.140 0.0000000000
142736  14.907  -28.662  38.801 0.0000000000
42731  14.212  -28.988  36.125 0.0000000000
129922  14.186  -28.862  37.020 0.0000000000
126511  13.855  -28.660  38.740 0.0000000000
119745  12.850  -28.842  38.722 0.0000000000
136437  11.615  -29.167  39.230 0.0000000000
41695  10.182  -29.490  39.879 0.0000000000
41685  9.368  -29.482  40.215 0.0000000000
41686  8.547  -29.290  40.455 0.0000000000
45970  28.860  -25.065  22.663 0.0000000000
44976  28.539  -26.145  24.893 0.0000000000
142060  28.646  -26.801  26.244 0.0000000000
126646  26.535  -25.739  24.975 0.0000000000
44945  27.421  -26.622  26.475 0.0000000000
128511  28.342  -27.096  27.138 0.0000000000
129381  27.729  -27.402  28.540 0.0000000000
43898  27.735  -27.696  30.002 0.0000000000
119629  27.316  -27.841  31.890 0.0000000000
120091  25.899  -27.524  31.136 0.0000000000
121075  26.581  -27.767  32.030 0.0000000000
43836  27.823  -28.024  33.356 0.0000000000
43817  27.140  -28.005  35.090 0.0000000000
123369  27.322  -28.060  37.365 0.0000000000
42630  12.185  -28.516  44.188 0.0000000000
43731  13.140  -28.299  45.686 0.0000000000
67774  57.588  -2.301  7.589 0.0000000000
66019  53.825  -4.869  6.099 0.0000000000
65208  54.515  -5.300  7.828 0.0000000000
141206  55.427  -5.390  8.953 0.0000000000
139149  54.484  -6.452  9.678 0.0000000000
64400  55.999  -6.375  10.500 0.0000000000
64399  57.029  -6.286  10.652 0.0000000000
63691  45.633  -7.280  5.549 0.0000000000
62843  47.107  -7.968  6.939 0.0000000000
61850  45.421  -9.315  7.830 0.0000000000
62824  46.793  -8.863  8.108 0.0000000000
62822  48.418  -8.325  8.585 0.0000000000
62804  49.461  -8.327  9.526 0.0000000000
61801  50.069  -8.875  11.119 0.0000000000
61759  51.758  -9.206  12.755 0.0000000000
59740  46.272  -11.424  12.227 0.0000000000
120083  47.062  -11.248  12.128 0.0000000000
141342  48.124  -11.232  12.558 0.0000000000
59685  49.273  -11.413  14.953 0.0000000000
59727  49.740  -11.362  13.607 0.0000000000
59737  49.385  -11.059  12.949 0.0000000000
60807  50.660  -10.107  12.893 0.0000000000
61745  52.140  -9.818  13.382 0.0000000000
58666  36.324  -12.616  12.941 0.0000000000
59732  37.749  -11.842  14.275 0.0000000000
131735  37.759  -12.587  15.588 0.0000000000
59672  38.270  -11.478  15.868 0.0000000000
60791  38.586  -11.131  15.436 0.0000000000
60762  39.737  -10.579  16.631 0.0000000000
61685  41.149  -9.908  18.658 0.0000000000
61677  41.912  -9.772  19.903 0.0000000000
124856  34.896  -20.575  22.588 0.0000000000
119624  37.355  -19.464  19.744 0.0000000000
53081  38.880  -19.107  19.859 0.0000000000
54087  39.935  -18.122  19.865 0.0000000000
50069  39.822  -21.821  28.210 0.0000000000
51027  40.078  -20.307  26.798 0.0000000000
52002  40.712  -19.921  25.452 0.0000000000
52001  42.100  -19.789  25.829 0.0000000000
52014  40.536  -19.935  24.083 0.0000000000
52039  41.256  -19.640  22.452 0.0000000000
53070  41.505  -18.495  21.253 0.0000000000
54086  40.703  -17.698  20.181 0.0000000000
54982  41.002  -16.138  19.792 0.0000000000
55778  42.027  -15.259  20.698 0.0000000000
56695  42.575  -14.494  20.820 0.0000000000
55750  44.772  -15.400  24.076 0.0000000000
56682  43.555  -14.281  22.260 0.0000000000
58568  42.782  -12.752  20.558 0.0000000000
131615  42.801  -11.808  20.998 0.0000000000
70710  51.653  0.523  -3.293 0.0000000000
124514  52.095  -1.502  -2.642 0.0000000000
67854  51.692  -2.441  -1.213 0.0000000000
142460  52.745  -2.980  -0.623 0.0000000000
69809  54.102  -0.969  0.009 0.0000000000
69799  52.441  -0.385  0.926 0.0000000000
70691  54.014  -0.147  0.945 0.0000000000
69796  55.630  -0.372  0.530 0.0000000000
69787  56.930  0.025  1.354 0.0000000000
42696  27.848  -28.984  38.958 0.0000000000
43777  28.357  -28.744  38.597 0.0000000000
118910  10.949  -29.175  41.230 0.0000000000
42667  11.759  -28.915  41.555 0.0000000000
61691  42.325  -8.985  18.720 0.0000000000
62695  43.142  -8.769  18.760 0.0000000000
44943  29.295  -26.843  26.202 0.0000000000
44942  30.209  -26.792  26.234 0.0000000000
43904  21.979  -27.918  29.899 0.0000000000
139618  21.660  -28.836  30.961 0.0000000000
42826  21.462  -28.568  30.312 0.0000000000
43936  21.828  -27.596  28.993 0.0000000000
139848  19.887  -31.796  39.856 0.0000000000
39801  19.195  -31.544  39.777 0.0000000000
133226  52.540  -4.072  2.667 0.0000000000
66050  53.216  -4.256  2.958 0.0000000000
66051  52.639  -4.782  2.879 0.0000000000
61757  53.425  -8.690  13.082 0.0000000000
59787  43.431  -11.559  9.609 0.0000000000
59786  44.208  -11.309  9.843 0.0000000000
59771  44.230  -11.631  10.663 0.0000000000
54117  39.019  -17.254  18.510 0.0000000000
54133  38.649  -16.891  17.890 0.0000000000
54997  39.356  -16.551  18.286 0.0000000000
54116  39.662  -16.996  18.929 0.0000000000
48045  38.989  -23.798  27.868 0.0000000000
49070  38.713  -22.894  27.512 0.0000000000
49062  39.141  -22.988  28.069 0.0000000000
129775  51.087  -3.893  2.514 0.0000000000
139265  51.842  -3.796  2.555 0.0000000000
66897  52.263  -3.230  2.642 0.0000000000
68853  53.003  -1.458  -3.083 0.0000000000
43853  28.696  -28.242  32.062 0.0000000000
43852  29.301  -28.448  32.638 0.0000000000
42684  15.875  -28.734  39.950 0.0000000000
136286  15.222  -28.512  40.106 0.0000000000
133302  47.805  -5.323  2.593 0.0000000000
64493  48.941  -6.072  2.923 0.0000000000
64494  48.127  -5.986  2.920 0.0000000000
63677  47.666  -7.506  6.334 0.0000000000
63676  48.551  -7.374  6.535 0.0000000000
63666  48.653  -7.679  7.290 0.0000000000
63654  48.924  -7.916  7.976 0.0000000000
141790  44.206  -11.437  14.714 0.0000000000
140268  7.510  -28.683  43.449 0.0000000000
58722  39.870  -12.773  9.218 0.0000000000
57753  39.464  -13.155  9.912 0.0000000000
58641  39.136  -12.118  13.751 0.0000000000
127011  39.665  -11.354  14.686 0.0000000000
140988  33.960  -25.998  26.398 0.0000000000
120914  33.700  -25.863  25.902 0.0000000000
45905  34.578  -25.819  26.084 0.0000000000
45904  35.551  -25.677  26.157 0.0000000000
119172  35.030  -25.986  26.699 0.0000000000
42805  32.767  -28.517  31.169 0.0000000000
43870  33.008  -28.248  30.562 0.0000000000
42804  33.240  -28.545  31.908 0.0000000000
124623  24.649  -28.899  35.042 0.0000000000
42745  24.707  -29.182  35.949 0.0000000000
137019  21.721  -31.050  35.149 0.0000000000
40819  20.472  -31.281  34.861 0.0000000000
41756  16.121  -29.801  34.892 0.0000000000
41755  16.978  -30.107  35.260 0.0000000000
41744  15.463  -29.465  35.423 0.0000000000
119779  24.765  -26.341  27.928 0.0000000000
44948  24.770  -25.937  27.040 0.0000000000
44925  25.679  -26.437  27.424 0.0000000000
42777  24.251  -28.534  33.563 0.0000000000
43820  25.004  -28.134  33.937 0.0000000000
42759  25.174  -28.440  34.716 0.0000000000
40768  24.042  -30.887  39.401 0.0000000000
43709  10.821  -28.676  46.748 0.0000000000
43719  11.423  -28.555  46.502 0.0000000000
69766  55.849  -0.002  4.435 0.0000000000
68779  57.314  -0.481  5.937 0.0000000000
68780  56.476  -0.721  5.698 0.0000000000
65995  56.419  -4.383  8.577 0.0000000000
65988  57.290  -4.518  9.146 0.0000000000
65186  57.468  -5.823  10.210 0.0000000000
64434  52.547  -6.369  7.312 0.0000000000
64433  53.324  -6.155  7.838 0.0000000000
60831  47.707  -9.970  10.808 0.0000000000
61784  48.532  -9.741  11.154 0.0000000000
143978  49.025  -9.612  11.365 0.0000000000
60818  48.875  -10.060  11.726 0.0000000000
59709  47.708  -11.479  14.309 0.0000000000
57687  36.570  -13.392  14.430 0.0000000000
57647  41.191  -13.766  18.175 0.0000000000
58601  40.799  -12.935  17.828 0.0000000000
58600  41.340  -12.744  18.427 0.0000000000
59648  41.369  -11.808  18.833 0.0000000000
58590  41.823  -12.681  19.075 0.0000000000
50123  33.219  -21.747  22.186 0.0000000000
51070  33.210  -21.084  22.082 0.0000000000
50122  33.787  -21.388  22.471 0.0000000000
132817  38.199  -20.097  23.277 0.0000000000
52028  38.844  -19.986  23.671 0.0000000000
132408  39.014  -19.961  22.814 0.0000000000
52027  39.848  -19.949  23.234 0.0000000000
134790  44.812  -18.506  25.161 0.0000000000
53041  44.010  -18.432  23.367 0.0000000000
54037  44.515  -17.889  23.469 0.0000000000
54939  44.631  -17.131  23.478 0.0000000000
69814  49.433  -1.294  -0.730 0.0000000000
69777  54.563  0.054  2.548 0.0000000000
69767  55.060  -0.108  3.528 0.0000000000
130470  55.936  0.507  3.640 0.0000000000
66081  56.929  -5.186  -2.545 0.0000000000
65287  57.545  -5.634  -3.046 0.0000000000
67842  57.491  -1.945  -1.039 0.0000000000
68835  56.884  -1.318  -0.635 0.0000000000
69807  56.268  -0.758  -0.098 0.0000000000
43802  27.919  -27.990  35.368 0.0000000000
123100  29.083  -28.082  35.391 0.0000000000
120057  13.944  -28.450  40.442 0.0000000000
42677  13.324  -28.566  41.234 0.0000000000
42652  13.322  -28.542  42.220 0.0000000000
43752  13.800  -28.221  43.947 0.0000000000
43751  14.592  -28.144  44.198 0.0000000000
60758  42.947  -10.346  16.465 0.0000000000
130717  43.871  -10.302  16.409 0.0000000000
43746  6.029  -27.779  43.639 0.0000000000
43724  5.353  -27.623  46.760 0.0000000000
43715  5.208  -27.885  47.196 0.0000000000
45959  29.397  -25.332  23.483 0.0000000000
129437  30.084  -25.143  23.499 0.0000000000
120479  31.047  -26.435  25.959 0.0000000000
45923  31.132  -25.877  25.209 0.0000000000
44940  32.399  -26.447  26.492 0.0000000000
42778  23.489  -29.157  33.631 0.0000000000
122217  22.732  -28.867  32.223 0.0000000000
42811  21.472  -29.322  31.482 0.0000000000
41786  21.270  -29.838  32.083 0.0000000000
40838  21.077  -30.588  33.121 0.0000000000
40847  21.030  -30.265  32.550 0.0000000000
119207  22.798  -26.636  28.177 0.0000000000
44907  23.331  -26.592  28.561 0.0000000000
44894  23.806  -26.689  29.119 0.0000000000
43922  23.178  -27.011  29.642 0.0000000000
43878  22.959  -27.822  30.838 0.0000000000
42809  23.332  -28.274  31.971 0.0000000000
43858  23.935  -27.954  32.128 0.0000000000
39798  21.570  -31.858  39.866 0.0000000000
128544  54.504  -2.639  3.673 0.0000000000
137208  55.173  -2.279  4.656 0.0000000000
66038  54.256  -4.030  4.888 0.0000000000
66863  54.798  -3.669  5.815 0.0000000000
66003  54.931  -4.682  7.343 0.0000000000
63639  53.293  -7.175  9.839 0.0000000000
60861  43.850  -10.160  7.920 0.0000000000
60834  45.517  -10.722  10.033 0.0000000000
60833  46.123  -10.727  10.599 0.0000000000
130462  46.818  -10.425  10.720 0.0000000000
55850  36.968  -15.293  15.224 0.0000000000
55839  38.414  -15.303  16.352 0.0000000000
55827  40.130  -15.248  17.850 0.0000000000
56747  40.739  -14.710  18.109 0.0000000000
55810  40.957  -15.144  18.869 0.0000000000
49093  36.276  -22.473  24.897 0.0000000000
50094  36.073  -21.803  24.338 0.0000000000
49092  36.856  -22.481  25.440 0.0000000000
50082  38.191  -21.227  26.561 0.0000000000
50092  37.177  -21.078  25.491 0.0000000000
51030  37.816  -20.841  25.917 0.0000000000
51029  38.582  -20.647  26.257 0.0000000000
67827  50.038  -1.863  1.671 0.0000000000
68817  49.690  -1.650  1.170 0.0000000000
68816  50.418  -1.404  1.359 0.0000000000
68826  50.187  -1.301  0.728 0.0000000000
68815  50.998  -1.211  1.610 0.0000000000
132462  52.761  -2.541  2.778 0.0000000000
68808  52.450  -1.415  2.612 0.0000000000
67818  53.176  -1.848  2.980 0.0000000000
132780  53.939  -1.695  3.200 0.0000000000
67864  54.389  -2.831  -3.344 0.0000000000
66943  54.686  -3.583  -2.940 0.0000000000
66936  55.115  -4.218  -2.529 0.0000000000
66075  55.158  -4.430  -1.961 0.0000000000
66933  53.490  -3.659  -1.169 0.0000000000
66932  54.299  -3.984  -1.433 0.0000000000
66923  53.715  -3.604  -0.852 0.0000000000
43917  29.075  -27.844  29.224 0.0000000000
129409  29.933  -27.996  29.300 0.0000000000
43896  29.396  -28.138  30.071 0.0000000000
42808  30.183  -28.632  31.614 0.0000000000
135625  30.770  -28.694  31.967 0.0000000000
42806  31.459  -28.680  31.540 0.0000000000
42790  31.448  -28.714  32.432 0.0000000000
41693  17.414  -29.965  39.525 0.0000000000
40762  17.919  -30.375  39.968 0.0000000000
40747  18.622  -30.429  43.710 0.0000000000
41670  18.333  -29.595  43.387 0.0000000000
43765  15.346  -28.237  42.219 0.0000000000
42663  15.725  -28.324  41.693 0.0000000000
42651  16.145  -28.228  42.476 0.0000000000
66054  49.845  -4.627  2.463 0.0000000000
65261  51.367  -5.361  2.808 0.0000000000
65262  50.400  -5.502  2.718 0.0000000000
126503  50.029  -6.463  3.698 0.0000000000
64480  50.906  -6.216  3.793 0.0000000000
64454  51.253  -6.210  5.453 0.0000000000
64455  50.504  -6.497  5.511 0.0000000000
64470  47.391  -6.723  4.011 0.0000000000
138873  48.050  -6.690  3.889 0.0000000000
63675  49.315  -7.207  6.563 0.0000000000
64447  49.820  -6.834  6.035 0.0000000000
63674  50.012  -7.140  6.748 0.0000000000
64436  50.773  -6.957  6.909 0.0000000000
63651  51.430  -7.416  8.518 0.0000000000
63652  50.557  -7.582  8.302 0.0000000000
62820  49.998  -7.912  8.934 0.0000000000
62787  51.480  -8.251  10.718 0.0000000000
62788  50.608  -8.399  10.537 0.0000000000
58684  44.245  -12.067  12.237 0.0000000000
143105  44.253  -12.151  12.856 0.0000000000
59689  45.379  -10.995  15.028 0.0000000000
58648  45.143  -11.661  13.873 0.0000000000
59688  46.064  -11.010  14.912 0.0000000000
60775  46.667  -10.805  15.247 0.0000000000
60757  44.771  -10.236  16.320 0.0000000000
61704  46.893  -9.223  17.284 0.0000000000
61703  47.779  -9.163  17.198 0.0000000000
61702  48.665  -9.238  17.238 0.0000000000
53103  36.766  -18.452  17.711 0.0000000000
53102  37.577  -18.364  18.306 0.0000000000
53089  37.789  -18.795  18.968 0.0000000000
67830  46.909  -2.565  1.137 0.0000000000
67829  47.966  -2.441  1.200 0.0000000000
66912  47.506  -3.191  1.712 0.0000000000
66055  49.034  -4.838  2.474 0.0000000000
133561  9.495  -29.301  42.544 0.0000000000
122300  9.120  -28.957  44.049 0.0000000000
42624  9.924  -28.550  45.760 0.0000000000
42625  9.002  -28.546  45.766 0.0000000000
43734  6.653  -27.835  45.814 0.0000000000
42626  7.544  -28.305  45.233 0.0000000000
58721  40.689  -12.558  9.273 0.0000000000
58734  40.762  -12.112  8.597 0.0000000000
58732  41.934  -12.012  9.157 0.0000000000
58705  42.554  -12.474  10.656 0.0000000000
58706  41.712  -12.710  10.374 0.0000000000
136739  42.336  -12.913  12.026 0.0000000000
126038  42.252  -12.900  12.811 0.0000000000
57728  39.514  -13.341  11.543 0.0000000000
57707  39.872  -13.236  12.182 0.0000000000
58639  41.210  -12.304  14.151 0.0000000000
58638  42.121  -12.315  14.184 0.0000000000
59692  42.098  -11.332  15.280 0.0000000000
60760  41.007  -10.208  16.391 0.0000000000
60780  41.567  -10.719  15.813 0.0000000000
61726  41.282  -9.796  17.019 0.0000000000
61709  41.504  -9.618  17.730 0.0000000000
48166  31.754  -23.158  21.550 0.0000000000
49156  32.163  -22.510  21.637 0.0000000000
45957  31.268  -25.112  23.884 0.0000000000
47075  31.614  -24.711  23.097 0.0000000000
47059  31.980  -24.919  23.652 0.0000000000
47073  33.252  -24.493  23.289 0.0000000000
47072  34.085  -24.330  23.548 0.0000000000
48113  34.905  -23.792  23.830 0.0000000000
48112  35.627  -23.655  24.408 0.0000000000
47056  35.228  -24.326  24.382 0.0000000000
120506  36.410  -25.534  26.370 0.0000000000
47021  36.882  -24.870  26.032 0.0000000000
45903  37.205  -25.345  26.622 0.0000000000
47004  38.124  -24.489  26.917 0.0000000000
135579  37.804  -25.116  26.890 0.0000000000
43933  30.692  -27.784  28.616 0.0000000000
43948  31.068  -27.397  27.742 0.0000000000
43916  31.450  -27.961  29.223 0.0000000000
43914  33.312  -27.625  29.459 0.0000000000
43915  32.429  -27.732  29.089 0.0000000000
43932  33.255  -27.271  28.726 0.0000000000
124752  33.381  -26.871  27.968 0.0000000000
44892  33.826  -27.226  29.148 0.0000000000
44874  35.712  -26.825  30.198 0.0000000000
121415  36.217  -26.437  29.466 0.0000000000
44890  36.623  -26.271  28.642 0.0000000000
138492  39.270  -25.448  28.704 0.0000000000
43785  26.714  -28.348  37.777 0.0000000000
42698  26.408  -29.255  38.991 0.0000000000
42715  26.094  -28.812  38.219 0.0000000000
41729  24.450  -29.603  36.594 0.0000000000
42716  25.342  -29.224  38.006 0.0000000000
41715  24.563  -29.742  37.588 0.0000000000
41704  24.194  -30.180  38.479 0.0000000000
41716  23.860  -30.190  37.551 0.0000000000
41740  23.615  -29.782  35.111 0.0000000000
41741  22.873  -30.269  34.899 0.0000000000
40804  22.565  -30.861  36.364 0.0000000000
40792  22.626  -30.848  37.379 0.0000000000
143224  21.999  -31.086  37.691 0.0000000000
140114  20.037  -31.362  36.364 0.0000000000
40794  20.281  -31.375  37.202 0.0000000000
39823  19.617  -31.343  37.565 0.0000000000
40855  18.927  -30.320  31.578 0.0000000000
41788  19.717  -30.145  31.319 0.0000000000
140748  19.141  -30.586  32.459 0.0000000000
123060  16.695  -30.061  32.783 0.0000000000
130574  18.237  -30.695  33.824 0.0000000000
40831  18.530  -30.847  34.776 0.0000000000
40809  17.994  -30.666  36.590 0.0000000000
40796  17.811  -30.573  37.412 0.0000000000
40783  17.781  -30.498  38.242 0.0000000000
41719  15.820  -29.272  37.331 0.0000000000
42701  15.377  -28.938  38.059 0.0000000000
135412  14.283  -29.090  35.441 0.0000000000
42719  13.300  -28.885  37.189 0.0000000000
136619  13.822  -28.783  37.781 0.0000000000
42702  13.138  -28.819  37.995 0.0000000000
136943  12.431  -28.961  38.110 0.0000000000
42704  11.057  -29.416  38.584 0.0000000000
42703  11.996  -29.065  38.652 0.0000000000
42690  10.952  -29.364  39.504 0.0000000000
139380  10.188  -29.517  38.992 0.0000000000
41696  9.370  -29.484  39.358 0.0000000000
41697  8.690  -29.335  39.706 0.0000000000
45944  28.162  -25.872  24.189 0.0000000000
143117  28.124  -26.351  25.395 0.0000000000
45947  25.594  -25.403  24.425 0.0000000000
45946  26.472  -25.633  24.394 0.0000000000
45924  26.051  -25.653  25.077 0.0000000000
44924  26.708  -26.665  27.158 0.0000000000
44944  28.168  -26.861  26.627 0.0000000000
44923  27.666  -26.923  27.167 0.0000000000
43952  28.099  -27.260  27.738 0.0000000000
138295  27.064  -27.549  29.998 0.0000000000
135786  27.338  -27.494  29.349 0.0000000000
120785  27.257  -27.687  30.609 0.0000000000
43874  27.483  -27.803  31.223 0.0000000000
43900  25.013  -27.321  30.891 0.0000000000
43921  25.697  -27.183  30.087 0.0000000000
43838  25.675  -27.919  33.419 0.0000000000
43856  26.180  -27.820  32.676 0.0000000000
43837  26.463  -27.901  33.291 0.0000000000
43855  27.063  -27.880  32.765 0.0000000000
121074  27.071  -27.950  33.684 0.0000000000
121078  27.711  -28.035  34.363 0.0000000000
141606  26.942  -27.984  34.362 0.0000000000
43795  25.910  -28.395  36.065 0.0000000000
43794  26.616  -28.178  36.670 0.0000000000
41690  26.014  -29.756  39.136 0.0000000000
40755  18.625  -30.983  41.509 0.0000000000
39785  19.037  -31.606  40.759 0.0000000000
42642  10.649  -28.930  43.686 0.0000000000
119635  11.300  -28.947  43.055 0.0000000000
120800  11.504  -28.714  43.942 0.0000000000
134085  12.758  -28.443  46.242 0.0000000000
43718  13.658  -28.462  46.085 0.0000000000
41650  13.710  -29.207  46.557 0.0000000000
67783  56.236  -2.136  6.369 0.0000000000
67782  57.251  -1.699  6.982 0.0000000000
65196  58.092  -4.882  9.127 0.0000000000
128029  53.036  -5.196  4.781 0.0000000000
65233  53.070  -5.286  5.712 0.0000000000
65198  54.032  -5.858  8.249 0.0000000000
65223  54.172  -5.067  6.968 0.0000000000
128406  55.428  -4.977  8.319 0.0000000000
64402  54.098  -6.919  10.106 0.0000000000
64401  54.977  -6.626  10.301 0.0000000000
64388  56.516  -6.902  11.110 0.0000000000
63627  57.398  -6.934  10.993 0.0000000000
63680  45.160  -7.730  6.173 0.0000000000
127221  44.797  -7.297  5.603 0.0000000000
63679  45.988  -7.683  6.180 0.0000000000
62844  46.315  -8.105  6.808 0.0000000000
142680  44.944  -9.765  8.031 0.0000000000
61841  46.152  -9.473  8.484 0.0000000000
61824  47.457  -9.244  9.350 0.0000000000
62823  47.579  -8.678  8.491 0.0000000000
62806  48.057  -8.749  9.095 0.0000000000
62805  48.694  -8.531  9.298 0.0000000000
61783  49.577  -9.522  11.675 0.0000000000
61782  50.494  -9.127  11.874 0.0000000000
61781  51.373  -8.885  12.092 0.0000000000
59741  45.518  -11.627  12.443 0.0000000000
59754  45.603  -11.408  11.665 0.0000000000
119615  46.846  -11.526  12.740 0.0000000000
59739  47.639  -11.464  12.809 0.0000000000
59728  48.466  -11.374  12.970 0.0000000000
59706  50.564  -11.421  14.483 0.0000000000
120372  50.273  -11.374  13.906 0.0000000000
60801  50.337  -10.924  13.349 0.0000000000
127284  49.996  -10.447  12.745 0.0000000000
58642  36.990  -12.359  14.477 0.0000000000
58653  36.983  -12.268  13.746 0.0000000000
59719  37.698  -11.817  14.690 0.0000000000
57670  38.691  -13.656  16.186 0.0000000000
57680  37.482  -13.192  15.324 0.0000000000
124324  39.543  -11.911  17.105 0.0000000000
59671  38.866  -11.620  16.499 0.0000000000
60763  38.939  -10.913  16.262 0.0000000000
59640  41.447  -10.968  19.267 0.0000000000
60727  40.719  -10.330  18.207 0.0000000000
60721  41.210  -10.302  18.947 0.0000000000
61684  41.640  -9.727  19.260 0.0000000000
51069  35.872  -20.364  22.845 0.0000000000
139266  36.910  -19.888  21.799 0.0000000000
51080  36.080  -19.936  21.975 0.0000000000
52072  35.882  -19.703  20.378 0.0000000000
52071  36.800  -19.644  20.181 0.0000000000
52055  39.283  -19.738  21.088 0.0000000000
52069  38.480  -19.503  20.208 0.0000000000
52068  39.153  -19.484  20.468 0.0000000000
53080  39.633  -18.930  20.122 0.0000000000
49052  40.677  -22.675  29.428 0.0000000000
49060  40.236  -22.232  28.836 0.0000000000
50068  40.530  -21.456  28.581 0.0000000000
51018  41.251  -20.308  27.731 0.0000000000
51019  40.461  -20.547  27.483 0.0000000000
51985  40.961  -20.062  26.915 0.0000000000
51028  39.756  -20.118  26.257 0.0000000000
52000  42.860  -19.494  25.240 0.0000000000
126663  42.878  -19.476  26.029 0.0000000000
120923  42.068  -19.788  24.862 0.0000000000
123992  41.164  -19.915  24.618 0.0000000000
52013  41.936  -19.777  24.002 0.0000000000
52026  40.758  -19.898  23.298 0.0000000000
52025  41.666  -19.728  23.241 0.0000000000
53056  42.673  -18.521  22.254 0.0000000000
53057  41.836  -18.980  21.976 0.0000000000
53069  42.157  -18.286  21.700 0.0000000000
53078  40.963  -18.308  20.709 0.0000000000
54085  41.369  -17.642  20.786 0.0000000000
54970  41.211  -16.878  20.327 0.0000000000
54959  41.781  -16.826  20.957 0.0000000000
54969  42.190  -16.022  21.157 0.0000000000
55770  42.628  -15.233  21.379 0.0000000000
56709  42.025  -14.546  20.051 0.0000000000
56694  43.043  -14.417  21.578 0.0000000000
139928  45.072  -16.067  24.292 0.0000000000
55749  45.264  -15.466  24.704 0.0000000000
56670  43.976  -14.139  23.020 0.0000000000
57595  43.794  -13.492  22.497 0.0000000000
57606  43.396  -13.573  21.789 0.0000000000
58567  43.174  -12.723  21.381 0.0000000000
58560  43.628  -12.712  22.110 0.0000000000
71551  51.420  1.444  -3.359 0.0000000000
68841  48.204  -1.037  -0.373 0.0000000000
69816  47.956  -0.460  -0.867 0.0000000000
69823  51.170  -1.149  -2.439 0.0000000000
67860  52.142  -2.440  -1.937 0.0000000000
68848  51.374  -1.974  -1.832 0.0000000000
134363  51.910  -1.716  -0.008 0.0000000000
67847  52.228  -2.656  -0.729 0.0000000000
68839  52.698  -2.442  -0.358 0.0000000000
68838  53.592  -2.170  -0.253 0.0000000000
69788  52.287  -0.417  1.357 0.0000000000
70676  52.959  -0.177  1.306 0.0000000000
70684  54.485  -0.016  1.673 0.0000000000
70685  53.649  -0.138  1.413 0.0000000000
69797  54.561  -0.395  0.477 0.0000000000
70690  55.018  -0.138  1.159 0.0000000000
70689  56.036  -0.002  1.286 0.0000000000
70682  56.336  0.426  1.941 0.0000000000
69764  57.798  0.326  3.482 0.0000000000
67867  55.918  -2.312  -4.857 0.0000000000
66930  56.461  -4.304  -1.615 0.0000000000
120411  12.239  -28.833  40.252 0.0000000000
42678  12.432  -28.759  40.960 0.0000000000
42653  12.611  -28.668  42.591 0.0000000000
143641  42.850  -9.478  17.601 0.0000000000
61707  43.240  -9.171  17.933 0.0000000000
44975  29.934  -25.940  24.856 0.0000000000
124462  30.935  -26.818  26.569 0.0000000000
44919  31.317  -26.993  27.066 0.0000000000
121973  22.163  -28.824  31.492 0.0000000000
44908  22.013  -26.986  28.147 0.0000000000
44895  22.700  -26.978  28.886 0.0000000000
39811  20.222  -31.515  38.617 0.0000000000
39799  20.484  -31.728  39.480 0.0000000000
38772  20.285  -32.672  41.254 0.0000000000
66891  53.809  -3.608  3.249 0.0000000000
129353  53.889  -4.414  4.265 0.0000000000
66029  54.184  -4.347  5.673 0.0000000000
62786  52.308  -8.097  10.902 0.0000000000
63616  53.126  -7.895  11.171 0.0000000000
127889  54.158  -8.249  12.841 0.0000000000
60845  44.495  -10.799  9.115 0.0000000000
59770  45.582  -11.121  10.865 0.0000000000
55017  37.801  -16.686  16.903 0.0000000000
55030  38.117  -16.103  16.658 0.0000000000
55829  38.777  -15.773  16.996 0.0000000000
55015  39.075  -16.159  17.638 0.0000000000
55793  40.631  -15.831  19.095 0.0000000000
48077  37.046  -23.387  25.781 0.0000000000
49080  37.479  -22.490  26.143 0.0000000000
49071  38.078  -22.748  26.904 0.0000000000
50077  37.954  -21.932  26.610 0.0000000000
50076  38.603  -21.909  27.166 0.0000000000
66910  49.537  -3.118  2.177 0.0000000000
67828  49.336  -2.358  1.683 0.0000000000
67820  50.970  -2.331  2.342 0.0000000000
67857  53.881  -3.183  -2.631 0.0000000000
67859  52.956  -2.985  -2.088 0.0000000000
43872  29.489  -28.495  31.751 0.0000000000
42792  30.089  -28.636  32.426 0.0000000000
41683  17.310  -29.660  40.395 0.0000000000
41684  16.612  -29.061  40.159 0.0000000000
41676  16.938  -28.978  41.057 0.0000000000
42661  17.238  -28.854  42.110 0.0000000000
43740  16.078  -28.155  44.286 0.0000000000
43750  16.594  -28.109  43.507 0.0000000000
64482  49.230  -6.511  3.536 0.0000000000
63688  48.234  -7.091  5.651 0.0000000000
63665  49.417  -7.509  7.297 0.0000000000
63653  49.721  -7.743  8.114 0.0000000000
58649  43.801  -12.234  13.387 0.0000000000
138469  44.611  -11.930  13.330 0.0000000000
58636  44.247  -11.836  14.070 0.0000000000
61705  45.990  -9.236  17.428 0.0000000000
134447  48.312  -4.691  2.401 0.0000000000
42669  7.818  -28.920  41.736 0.0000000000
119800  8.846  -29.128  43.134 0.0000000000
42656  7.861  -28.914  42.755 0.0000000000
58707  40.918  -12.841  10.052 0.0000000000
57726  41.069  -13.077  10.838 0.0000000000
137228  41.166  -13.194  11.557 0.0000000000
127532  39.957  -12.601  13.429 0.0000000000
59716  40.683  -11.632  14.659 0.0000000000
60781  40.511  -10.566  15.838 0.0000000000
48155  31.565  -23.781  21.891 0.0000000000
45922  32.566  -25.748  25.315 0.0000000000
45940  32.799  -25.374  24.617 0.0000000000
47041  35.039  -24.877  24.817 0.0000000000
45920  35.245  -25.297  25.441 0.0000000000
45890  36.702  -25.854  27.116 0.0000000000
43894  31.957  -28.232  29.851 0.0000000000
43892  33.510  -27.876  30.207 0.0000000000
127770  37.095  -26.519  31.195 0.0000000000
44889  37.274  -26.299  29.388 0.0000000000
42728  25.378  -28.779  36.468 0.0000000000
134262  25.538  -28.867  37.354 0.0000000000
40828  22.106  -30.714  34.611 0.0000000000
40805  21.779  -31.151  35.893 0.0000000000
40793  21.244  -31.307  37.396 0.0000000000
41778  17.868  -30.234  31.692 0.0000000000
41769  15.763  -29.826  33.058 0.0000000000
41768  16.505  -30.025  33.540 0.0000000000
132348  17.787  -30.543  35.250 0.0000000000
41742  16.846  -29.965  36.116 0.0000000000
41720  10.848  -29.464  37.034 0.0000000000
124022  27.080  -25.473  22.727 0.0000000000
45945  27.334  -25.777  24.212 0.0000000000
45907  25.030  -25.703  26.119 0.0000000000
142587  26.140  -26.376  26.859 0.0000000000
127267  26.567  -27.323  29.618 0.0000000000
43857  24.652  -27.798  32.301 0.0000000000
124032  25.205  -27.588  31.717 0.0000000000
133973  26.413  -28.069  34.741 0.0000000000
43804  25.821  -28.279  35.154 0.0000000000
42623  10.752  -28.526  45.585 0.0000000000
143135  11.414  -28.459  45.392 0.0000000000
43732  11.415  -28.389  46.059 0.0000000000
142984  12.020  -28.415  46.292 0.0000000000
66846  57.381  -3.306  8.359 0.0000000000
65994  57.303  -3.853  8.685 0.0000000000
64397  58.311  -6.575  10.004 0.0000000000
65234  52.317  -5.744  5.753 0.0000000000
65210  53.195  -5.883  7.155 0.0000000000
63614  55.008  -7.451  11.645 0.0000000000
63628  55.514  -7.009  11.022 0.0000000000
62846  44.713  -8.286  6.661 0.0000000000
61825  46.616  -9.714  9.295 0.0000000000
61804  47.754  -9.461  10.093 0.0000000000
61822  48.911  -8.790  10.059 0.0000000000
61761  50.172  -9.778  12.341 0.0000000000
125691  46.019  -11.581  13.725 0.0000000000
59708  48.673  -11.558  14.295 0.0000000000
58643  36.308  -12.684  13.809 0.0000000000
57659  39.900  -13.764  17.020 0.0000000000
58613  39.866  -12.804  17.102 0.0000000000
59659  40.226  -12.304  17.524 0.0000000000
121399  40.050  -11.362  17.594 0.0000000000
59641  40.906  -10.978  18.625 0.0000000000
51058  36.688  -20.559  23.639 0.0000000000
142985  36.317  -20.508  23.306 0.0000000000
51057  37.398  -20.244  23.337 0.0000000000
51067  37.215  -20.004  22.512 0.0000000000
119859  37.812  -19.907  21.763 0.0000000000
52056  37.373  -19.797  21.004 0.0000000000
120555  38.879  -19.917  21.848 0.0000000000
119015  39.869  -19.766  21.576 0.0000000000
50067  41.349  -21.039  28.959 0.0000000000
51005  42.210  -20.914  29.377 0.0000000000
51011  42.003  -20.483  28.773 0.0000000000
51974  41.949  -20.167  28.119 0.0000000000
52011  43.653  -19.145  24.843 0.0000000000
52024  42.495  -19.437  23.371 0.0000000000
53042  43.292  -18.979  23.407 0.0000000000
53055  43.422  -18.436  22.788 0.0000000000
54054  43.296  -17.720  22.322 0.0000000000
54958  42.439  -16.847  21.483 0.0000000000
54947  43.601  -16.980  22.498 0.0000000000
129354  43.408  -16.167  22.386 0.0000000000
135755  43.769  -15.490  22.804 0.0000000000
69815  48.619  -0.912  -0.877 0.0000000000
69819  49.817  -1.240  -1.532 0.0000000000
68843  50.995  -2.035  -1.189 0.0000000000
69778  53.536  -0.272  2.286 0.0000000000
140350  53.393  -0.126  1.692 0.0000000000
70674  54.978  0.300  2.189 0.0000000000
70673  55.810  0.537  2.412 0.0000000000
70664  56.084  0.717  2.977 0.0000000000
66941  56.308  -4.240  -3.684 0.0000000000
66092  57.677  -5.354  -3.830 0.0000000000
67852  55.767  -3.551  -1.165 0.0000000000
68833  58.480  -1.556  -0.276 0.0000000000
43835  28.528  -28.209  33.932 0.0000000000
43834  29.241  -28.387  33.518 0.0000000000
43800  29.824  -28.172  35.686 0.0000000000
43782  29.569  -28.401  37.403 0.0000000000
42686  14.537  -28.505  39.686 0.0000000000
42676  14.784  -28.378  40.616 0.0000000000
43766  14.687  -28.311  41.956 0.0000000000
142239  13.735  -28.466  41.719 0.0000000000
43767  14.084  -28.357  42.138 0.0000000000
43759  14.733  -28.210  42.781 0.0000000000
125814  15.124  -28.148  43.772 0.0000000000
43741  15.243  -28.116  44.776 0.0000000000
43728  14.993  -28.298  45.410 0.0000000000
64471  46.597  -6.671  4.078 0.0000000000
63700  46.976  -6.928  4.775 0.0000000000
59691  42.986  -11.327  15.271 0.0000000000
139125  43.821  -11.173  15.226 0.0000000000
61706  44.952  -9.183  17.698 0.0000000000
126214  44.041  -9.451  17.552 0.0000000000
62692  45.797  -8.691  18.172 0.0000000000
42636  6.889  -28.334  43.618 0.0000000000
119242  5.615  -27.435  45.945 0.0000000000
43723  6.179  -27.748  46.772 0.0000000000
58664  38.230  -12.751  12.722 0.0000000000
137462  31.419  -25.494  24.569 0.0000000000
141116  30.534  -25.881  25.027 0.0000000000
119831  31.972  -25.623  24.981 0.0000000000
45906  32.853  -25.985  25.910 0.0000000000
42760  23.980  -29.118  34.473 0.0000000000
41764  22.928  -29.655  33.674 0.0000000000
42795  22.350  -29.508  32.695 0.0000000000
41765  22.375  -29.883  33.329 0.0000000000
41766  21.731  -30.542  33.717 0.0000000000
121296  20.961  -30.935  33.712 0.0000000000
40839  20.503  -30.866  33.319 0.0000000000
138518  15.280  -29.651  33.755 0.0000000000
41758  14.638  -29.362  34.088 0.0000000000
121601  13.864  -29.113  34.628 0.0000000000
45893  23.826  -25.843  27.066 0.0000000000
139691  24.589  -26.609  28.753 0.0000000000
44893  25.148  -26.843  29.322 0.0000000000
141132  24.424  -26.796  29.453 0.0000000000
43901  24.176  -27.283  30.717 0.0000000000
43902  23.428  -27.382  30.446 0.0000000000
42793  24.229  -28.105  32.785 0.0000000000
66862  55.715  -3.106  6.502 0.0000000000
66886  54.754  -3.211  4.687 0.0000000000
66854  56.143  -3.415  7.384 0.0000000000
65190  56.236  -5.125  9.235 0.0000000000
64413  53.011  -6.921  9.075 0.0000000000
63615  54.021  -7.648  11.459 0.0000000000
60844  45.144  -10.614  9.395 0.0000000000
60853  45.071  -10.368  8.890 0.0000000000
61826  45.752  -10.186  9.201 0.0000000000
60753  48.504  -10.294  16.133 0.0000000000
60773  48.904  -10.936  15.574 0.0000000000
56802  36.746  -14.528  14.788 0.0000000000
56801  37.106  -13.801  15.043 0.0000000000
56789  37.258  -14.619  15.244 0.0000000000
56787  38.266  -14.425  15.968 0.0000000000
56774  38.909  -14.566  16.422 0.0000000000
56773  39.510  -14.620  16.877 0.0000000000
56728  41.838  -14.170  19.324 0.0000000000
49122  34.770  -22.683  23.447 0.0000000000
50111  34.983  -21.600  23.382 0.0000000000
50102  35.435  -22.108  23.878 0.0000000000
50110  35.711  -21.268  23.791 0.0000000000
136244  36.321  -21.137  24.296 0.0000000000
50084  37.171  -21.748  25.625 0.0000000000
51040  36.821  -20.921  24.819 0.0000000000
51049  36.567  -20.848  24.195 0.0000000000
51048  37.241  -20.552  24.271 0.0000000000
119984  37.922  -20.372  24.649 0.0000000000
52016  38.606  -20.059  24.512 0.0000000000
68829  47.588  -1.243  0.021 0.0000000000
68828  48.534  -1.451  0.195 0.0000000000
133236  50.638  -1.274  0.556 0.0000000000
69780  52.172  -0.677  2.012 0.0000000000
68809  51.482  -1.430  2.152 0.0000000000
133227  52.795  -0.635  2.363 0.0000000000
68798  54.666  -1.328  3.650 0.0000000000
67868  55.295  -2.417  -4.360 0.0000000000
67863  55.021  -2.957  -3.703 0.0000000000
66094  55.967  -4.670  -2.660 0.0000000000
67844  55.183  -2.780  -0.700 0.0000000000
68837  54.666  -1.824  -0.384 0.0000000000
43951  28.928  -27.357  27.448 0.0000000000
43950  29.706  -27.439  27.583 0.0000000000
43934  29.672  -27.696  28.394 0.0000000000
123789  30.683  -28.165  29.543 0.0000000000
43895  30.688  -28.464  30.325 0.0000000000
126244  32.066  -28.624  31.152 0.0000000000
42789  32.297  -28.693  31.987 0.0000000000
43833  29.977  -28.476  33.883 0.0000000000
42775  30.417  -28.616  33.244 0.0000000000
42757  31.369  -28.509  34.540 0.0000000000
42774  31.277  -28.648  33.425 0.0000000000
42840  20.381  -28.561  29.225 0.0000000000
40771  18.488  -31.014  39.512 0.0000000000
40761  18.466  -30.932  40.435 0.0000000000
122695  18.909  -31.076  42.752 0.0000000000
42675  15.628  -28.462  40.852 0.0000000000
42662  16.404  -28.562  41.649 0.0000000000
42649  17.575  -28.690  43.022 0.0000000000
42639  17.373  -28.400  43.857 0.0000000000
42638  18.038  -28.953  43.674 0.0000000000
144062  52.659  -5.207  3.252 0.0000000000
65251  51.652  -5.780  3.419 0.0000000000
130958  51.641  -5.963  4.156 0.0000000000
64481  50.461  -6.125  3.186 0.0000000000
65235  51.868  -5.872  4.985 0.0000000000
64453  51.711  -6.085  5.780 0.0000000000
64444  52.035  -6.214  6.439 0.0000000000
64435  51.622  -6.727  7.068 0.0000000000
64484  47.719  -6.400  3.408 0.0000000000
64468  49.445  -6.673  4.317 0.0000000000
64457  48.828  -6.796  4.967 0.0000000000
64456  49.644  -6.670  5.212 0.0000000000
64423  51.983  -6.973  7.921 0.0000000000
63650  52.246  -7.200  8.768 0.0000000000
63632  52.003  -7.883  10.117 0.0000000000
58704  43.458  -12.113  10.913 0.0000000000
58703  44.217  -11.884  11.463 0.0000000000
58647  45.378  -11.736  13.164 0.0000000000
59710  46.662  -11.325  14.444 0.0000000000
60777  45.097  -10.624  15.673 0.0000000000
61721  46.299  -9.712  16.739 0.0000000000
60755  46.672  -10.233  16.013 0.0000000000
60754  47.633  -10.152  16.088 0.0000000000
61718  49.005  -9.853  16.715 0.0000000000
53113  37.476  -17.897  17.762 0.0000000000
53101  38.230  -17.700  18.219 0.0000000000
54102  38.857  -17.935  18.934 0.0000000000
48029  39.839  -23.950  28.999 0.0000000000
48044  39.524  -23.431  28.446 0.0000000000
66900  49.832  -3.778  2.354 0.0000000000
128624  50.394  -4.033  2.444 0.0000000000
70708  53.239  0.057  -3.731 0.0000000000
42668  10.101  -29.380  41.781 0.0000000000
119392  11.074  -29.089  42.149 0.0000000000
120056  10.012  -28.895  44.296 0.0000000000
136408  10.210  -28.703  45.051 0.0000000000
43733  8.215  -28.416  45.745 0.0000000000
43721  8.435  -28.415  46.483 0.0000000000
43711  9.222  -28.794  47.004 0.0000000000
60855  42.768  -10.994  8.280 0.0000000000
59797  43.141  -11.336  8.921 0.0000000000
59788  42.692  -11.786  9.390 0.0000000000
58718  43.023  -12.001  10.103 0.0000000000
58650  43.092  -12.592  13.094 0.0000000000
143371  43.184  -12.360  13.640 0.0000000000
139323  42.911  -12.185  14.132 0.0000000000
57727  40.343  -13.311  11.346 0.0000000000
58662  40.345  -12.997  12.849 0.0000000000
58661  41.281  -13.051  12.849 0.0000000000
61725  42.341  -9.767  17.154 0.0000000000
61708  42.339  -9.262  18.010 0.0000000000
50133  31.901  -21.528  21.339 0.0000000000
49142  32.858  -22.483  22.109 0.0000000000
49141  33.591  -22.265  22.486 0.0000000000
47087  31.209  -24.392  22.411 0.0000000000
47086  32.023  -24.245  22.485 0.0000000000
47058  32.644  -24.944  23.837 0.0000000000
48135  32.839  -24.079  22.659 0.0000000000
49123  33.978  -22.889  22.951 0.0000000000
49107  35.265  -22.971  24.021 0.0000000000
140072  35.999  -23.170  24.829 0.0000000000
47040  35.745  -24.483  24.970 0.0000000000
47039  36.593  -24.200  25.410 0.0000000000
48061  37.765  -23.672  26.409 0.0000000000
43947  31.881  -27.122  27.595 0.0000000000
44918  32.721  -26.763  27.292 0.0000000000
44917  33.565  -26.534  27.306 0.0000000000
44916  34.195  -26.536  27.777 0.0000000000
43891  34.304  -27.671  30.521 0.0000000000
44875  34.832  -27.127  29.990 0.0000000000
128174  34.498  -26.950  29.226 0.0000000000
44902  34.973  -26.510  28.454 0.0000000000
135545  35.026  -26.215  27.448 0.0000000000
45882  35.997  -26.190  27.886 0.0000000000
45881  37.060  -26.057  27.864 0.0000000000
128759  38.150  -26.162  28.761 0.0000000000
45880  37.925  -25.930  27.951 0.0000000000
46988  39.100  -24.890  28.049 0.0000000000
42697  27.185  -29.058  39.011 0.0000000000
41702  25.840  -29.644  39.065 0.0000000000
40777  23.682  -30.653  39.020 0.0000000000
41739  24.039  -29.751  35.897 0.0000000000
40780  20.743  -31.388  38.069 0.0000000000
39812  19.449  -31.401  38.264 0.0000000000
140115  18.808  -31.222  38.238 0.0000000000
42827  20.658  -28.838  30.013 0.0000000000
128078  20.245  -30.097  31.584 0.0000000000
41790  17.220  -30.049  30.965 0.0000000000
40849  17.539  -30.295  32.574 0.0000000000
40841  18.792  -30.727  33.130 0.0000000000
40820  19.577  -31.172  34.898 0.0000000000
129451  19.336  -31.142  35.881 0.0000000000
40821  18.395  -30.809  35.744 0.0000000000
40808  18.716  -30.962  36.435 0.0000000000
121363  18.364  -30.939  38.619 0.0000000000
41705  17.209  -29.887  38.728 0.0000000000
41718  16.543  -29.680  37.504 0.0000000000
135523  16.704  -29.652  38.200 0.0000000000
41706  16.489  -29.379  38.828 0.0000000000
42700  15.763  -28.925  38.958 0.0000000000
42730  14.842  -29.156  35.834 0.0000000000
136084  14.774  -28.999  36.524 0.0000000000
42732  13.456  -28.977  36.351 0.0000000000
42718  14.551  -28.785  37.936 0.0000000000
138329  13.184  -28.714  39.357 0.0000000000
42688  12.375  -28.883  39.472 0.0000000000
42689  11.634  -29.027  39.925 0.0000000000
42680  10.935  -29.271  40.347 0.0000000000
41678  9.308  -29.446  41.070 0.0000000000
41679  8.514  -29.258  41.341 0.0000000000
42681  7.761  -28.828  40.741 0.0000000000
42670  7.231  -28.521  41.305 0.0000000000
123506  27.914  -25.386  22.703 0.0000000000
45960  28.518  -25.543  23.462 0.0000000000
45943  29.104  -25.787  24.279 0.0000000000
138047  29.209  -26.190  25.033 0.0000000000
124313  28.804  -26.541  25.605 0.0000000000
44978  27.036  -25.867  24.922 0.0000000000
44965  26.571  -25.906  25.465 0.0000000000
44964  27.370  -26.255  25.629 0.0000000000
44963  28.096  -26.593  26.009 0.0000000000
44922  28.829  -27.029  26.754 0.0000000000
43935  28.703  -27.578  28.343 0.0000000000
43918  28.189  -27.678  29.256 0.0000000000
120786  28.002  -27.844  30.750 0.0000000000
43873  28.061  -27.929  31.572 0.0000000000
43854  27.936  -27.965  32.441 0.0000000000
138869  25.913  -27.686  31.953 0.0000000000
141003  26.279  -27.671  31.596 0.0000000000
43875  26.755  -27.694  31.279 0.0000000000
124406  27.368  -27.979  36.188 0.0000000000
43793  27.940  -27.947  37.065 0.0000000000
123850  19.616  -32.290  41.487 0.0000000000
42641  12.202  -28.660  43.333 0.0000000000
42631  11.796  -28.489  44.800 0.0000000000
43743  12.606  -28.335  44.905 0.0000000000
43753  12.873  -28.372  44.050 0.0000000000
43730  13.987  -28.313  45.603 0.0000000000
43729  14.385  -28.430  45.765 0.0000000000
67791  56.799  -1.143  6.338 0.0000000000
65250  53.084  -4.930  3.375 0.0000000000
66039  53.640  -4.713  5.081 0.0000000000
65224  53.474  -5.415  6.659 0.0000000000
64411  54.305  -6.131  9.039 0.0000000000
64410  55.330  -5.901  9.576 0.0000000000
64409  56.578  -5.710  10.071 0.0000000000
63678  46.825  -7.614  6.223 0.0000000000
62837  45.040  -8.803  7.190 0.0000000000
62836  45.844  -8.654  7.306 0.0000000000
137563  46.167  -8.973  7.827 0.0000000000
135806  46.598  -8.490  7.440 0.0000000000
62835  47.350  -8.324  7.656 0.0000000000
62834  48.125  -8.096  7.864 0.0000000000
62789  49.735  -8.595  10.323 0.0000000000
62775  50.960  -8.644  11.329 0.0000000000
61758  52.538  -9.084  13.057 0.0000000000
121581  44.902  -11.492  11.165 0.0000000000
59752  47.823  -11.041  12.135 0.0000000000
59738  48.602  -10.815  12.305 0.0000000000
120877  50.177  -11.475  15.018 0.0000000000
59707  49.665  -11.527  14.284 0.0000000000
121346  48.995  -11.511  13.623 0.0000000000
60800  51.254  -10.463  13.443 0.0000000000
60806  51.328  -9.738  12.998 0.0000000000
58665  37.261  -12.544  12.929 0.0000000000
59731  38.427  -11.651  14.260 0.0000000000
58630  37.399  -12.270  15.141 0.0000000000
58621  38.282  -12.449  16.056 0.0000000000
58629  37.822  -11.966  15.579 0.0000000000
59697  37.424  -11.991  14.808 0.0000000000
59718  38.098  -11.485  14.778 0.0000000000
59717  38.763  -11.258  14.783 0.0000000000
59695  39.205  -10.939  15.218 0.0000000000
60782  39.512  -10.675  15.881 0.0000000000
61711  40.271  -10.150  16.995 0.0000000000
59650  40.164  -10.639  17.578 0.0000000000
60739  40.452  -10.173  17.532 0.0000000000
61710  40.776  -9.892  17.395 0.0000000000
61693  40.924  -9.821  18.068 0.0000000000
50121  34.465  -21.076  22.900 0.0000000000
120484  35.349  -20.095  22.183 0.0000000000
52082  37.365  -19.195  19.263 0.0000000000
52070  37.756  -19.616  20.277 0.0000000000
52081  38.046  -19.242  19.641 0.0000000000
53088  38.542  -18.692  19.251 0.0000000000
53087  39.267  -18.475  19.517 0.0000000000
54101  39.542  -17.725  19.269 0.0000000000
49061  39.653  -22.620  28.393 0.0000000000
50075  39.340  -21.435  27.600 0.0000000000
51020  39.661  -20.778  27.259 0.0000000000
124977  39.340  -20.503  26.576 0.0000000000
51037  39.177  -20.145  25.903 0.0000000000
52003  39.903  -19.944  25.696 0.0000000000
127170  40.219  -19.915  24.855 0.0000000000
51983  42.652  -19.880  27.812 0.0000000000
51991  43.412  -19.311  26.555 0.0000000000
51992  42.578  -19.739  26.805 0.0000000000
51993  41.732  -19.927  26.575 0.0000000000
124547  41.214  -19.919  26.049 0.0000000000
140878  40.210  -19.937  23.703 0.0000000000
138752  40.455  -19.872  22.649 0.0000000000
52040  40.525  -19.716  21.989 0.0000000000
52038  42.164  -19.294  22.661 0.0000000000
52053  41.112  -19.304  21.628 0.0000000000
53071  40.790  -18.999  20.981 0.0000000000
53079  40.393  -18.636  20.384 0.0000000000
54100  40.150  -17.326  19.565 0.0000000000
54971  40.687  -16.900  19.827 0.0000000000
54983  40.343  -16.544  19.324 0.0000000000
121057  41.606  -16.067  20.499 0.0000000000
55779  41.533  -15.386  19.986 0.0000000000
127735  41.484  -14.871  19.398 0.0000000000
57635  42.225  -13.804  19.718 0.0000000000
54933  45.123  -16.830  24.107 0.0000000000
55755  44.286  -15.490  23.424 0.0000000000
56669  44.474  -14.557  23.715 0.0000000000
55756  44.007  -14.890  23.144 0.0000000000
135703  43.714  -14.800  22.665 0.0000000000
57607  42.920  -13.629  21.063 0.0000000000
58579  42.348  -12.850  19.744 0.0000000000
132628  42.378  -11.848  20.213 0.0000000000
59628  42.291  -10.972  20.696 0.0000000000
59617  42.741  -10.920  21.434 0.0000000000
60712  42.001  -10.259  20.306 0.0000000000
71550  52.267  1.242  -3.572 0.0000000000
69830  51.848  -0.439  -3.039 0.0000000000
67853  52.453  -2.982  -1.312 0.0000000000
66924  52.943  -3.314  -0.886 0.0000000000
67846  53.226  -3.083  -0.546 0.0000000000
69808  55.190  -0.803  -0.082 0.0000000000
69811  51.889  -0.824  0.618 0.0000000000
127850  52.626  -0.604  0.543 0.0000000000
70692  53.186  -0.205  0.888 0.0000000000
69798  53.561  -0.435  0.506 0.0000000000
69795  56.655  -0.356  0.622 0.0000000000
70671  57.296  0.543  2.788 0.0000000000
69776  57.783  0.086  2.462 0.0000000000
41776  20.614  -30.188  32.078 0.0000000000
42824  31.496  -28.539  30.615 0.0000000000
43742  13.475  -28.242  44.895 0.0000000000
43760  13.884  -28.314  42.933 0.0000000000
43801  28.580  -28.000  35.614 0.0000000000
44941  31.599  -26.620  26.467 0.0000000000
45889  38.337  -25.256  27.457 0.0000000000
45939  33.659  -25.272  24.654 0.0000000000
45958  30.534  -25.216  23.829 0.0000000000
47020  37.563  -24.638  26.413 0.0000000000
51013  40.016  -21.033  27.998 0.0000000000
51994  40.403  -19.978  26.234 0.0000000000
52004  39.303  -19.949  25.103 0.0000000000
52054  40.491  -19.481  21.371 0.0000000000
53031  43.868  -18.916  24.018 0.0000000000
54024  44.940  -17.667  23.993 0.0000000000
54069  42.640  -17.673  21.813 0.0000000000
54948  43.017  -16.901  22.059 0.0000000000
55792  41.119  -15.474  19.427 0.0000000000
55828  39.517  -15.375  17.348 0.0000000000
57622  42.585  -13.735  20.271 0.0000000000
57646  41.675  -13.597  18.798 0.0000000000
57679  38.029  -13.446  15.765 0.0000000000
58612  40.342  -13.185  17.352 0.0000000000
59629  41.913  -10.994  19.948 0.0000000000
59696  37.828  -11.669  15.188 0.0000000000
60740  39.987  -10.457  17.152 0.0000000000
60761  40.232  -10.319  16.465 0.0000000000
65260  52.196  -5.335  3.016 0.0000000000
66044  53.656  -4.371  3.571 0.0000000000
66845  57.899  -3.504  8.541 0.0000000000
66853  57.039  -2.932  7.909 0.0000000000
68787  55.866  -0.732  5.038 0.0000000000
70672  56.573  0.683  2.586 0.0000000000
70681  57.152  0.383  2.067 0.0000000000
120952  40.835  -20.805  28.197 0.0000000000
123890  44.672  -16.223  23.722 0.0000000000
124595  28.438  -29.015  38.787 0.0000000000
126192  41.219  -19.891  23.834 0.0000000000
127372  10.563  -28.876  47.017 0.0000000000
133983  17.121  -28.501  44.659 0.0000000000
136089  41.967  -9.151  19.180 0.0000000000
137429  41.449  -19.897  25.349 0.0000000000
140949  14.504  -28.327  45.550 0.0000000000
142151  36.657  -20.274  23.023 0.0000000000
142618  55.414  -1.474  4.704 0.0000000000
