#!ascii label  , from subject sub-v1s13x0050011_ses-1 vox2ras=TkReg
1416
111222  46.667  19.402  22.788 0.0000000000
112886  55.346  21.432  25.117 0.0000000000
110305  50.456  18.754  31.352 0.0000000000
110338  42.362  18.211  28.529 0.0000000000
106342  42.804  13.899  25.495 0.0000000000
117162  48.918  26.281  23.747 0.0000000000
112832  50.524  21.480  29.433 0.0000000000
119471  47.003  28.845  28.972 0.0000000000
102940  47.495  9.277  34.309 0.0000000000
148209  49.849  13.197  31.030 0.0000000000
141086  52.805  19.411  20.272 0.0000000000
148182  50.610  19.329  24.322 0.0000000000
136786  56.678  19.605  27.348 0.0000000000
108653  54.279  16.112  35.546 0.0000000000
122274  48.267  34.619  33.301 0.0000000000
117934  53.154  27.991  25.756 0.0000000000
107861  44.639  15.386  29.654 0.0000000000
111182  44.355  19.377  25.524 0.0000000000
108716  42.746  15.580  26.538 0.0000000000
109587  45.435  16.243  23.489 0.0000000000
113793  47.323  22.508  22.076 0.0000000000
135708  43.602  21.808  23.400 0.0000000000
116255  44.963  24.968  29.710 0.0000000000
101054  51.548  7.819  36.676 0.0000000000
102935  52.438  9.117  34.059 0.0000000000
102920  55.289  9.537  35.353 0.0000000000
124406  50.379  38.068  32.638 0.0000000000
112055  55.744  20.507  21.380 0.0000000000
138129  56.915  18.828  22.828 0.0000000000
137212  59.136  20.612  25.189 0.0000000000
111060  54.424  19.232  34.819 0.0000000000
110266  57.417  17.737  35.370 0.0000000000
108625  53.003  16.015  37.940 0.0000000000
105485  48.298  12.278  37.082 0.0000000000
162051  49.911  23.677  25.885 0.0000000000
117924  50.300  28.010  27.160 0.0000000000
161446  51.472  23.343  23.574 0.0000000000
114675  52.889  23.583  20.974 0.0000000000
111159  50.972  19.478  27.786 0.0000000000
110354  47.538  18.614  26.600 0.0000000000
110319  46.847  18.392  30.091 0.0000000000
106321  40.747  13.580  27.779 0.0000000000
105549  43.026  12.269  29.160 0.0000000000
121013  52.870  31.611  25.365 0.0000000000
120299  48.236  30.094  24.906 0.0000000000
112863  52.690  21.612  27.719 0.0000000000
112843  57.144  21.554  28.422 0.0000000000
120938  41.517  32.355  34.896 0.0000000000
120955  44.512  31.862  33.148 0.0000000000
114629  47.542  24.522  28.088 0.0000000000
157685  46.613  15.421  34.692 0.0000000000
107848  45.502  15.367  33.139 0.0000000000
104712  48.246  11.190  32.833 0.0000000000
144566  53.112  10.786  31.313 0.0000000000
111256  49.295  19.967  20.965 0.0000000000
108750  48.601  15.657  20.754 0.0000000000
154874  52.570  17.867  21.551 0.0000000000
143560  53.421  19.699  25.796 0.0000000000
136690  53.446  19.472  29.695 0.0000000000
111104  59.406  19.304  30.569 0.0000000000
110290  55.469  18.729  32.162 0.0000000000
109509  51.749  17.412  33.396 0.0000000000
107026  48.804  14.047  36.033 0.0000000000
102004  46.984  7.783  36.014 0.0000000000
124409  47.511  36.985  31.337 0.0000000000
148325  51.204  35.130  32.464 0.0000000000
120968  50.593  31.998  29.064 0.0000000000
120983  54.362  31.420  27.496 0.0000000000
117964  52.761  27.313  23.432 0.0000000000
114678  49.711  23.279  21.176 0.0000000000
108735  47.415  15.667  23.775 0.0000000000
107877  44.808  14.470  26.711 0.0000000000
105535  44.943  11.876  29.897 0.0000000000
106306  47.146  13.854  30.724 0.0000000000
112037  45.138  20.153  23.884 0.0000000000
110373  44.920  17.440  24.919 0.0000000000
154494  46.208  17.392  23.288 0.0000000000
152345  46.128  20.942  21.776 0.0000000000
113795  45.381  21.828  22.415 0.0000000000
112059  44.554  20.932  22.677 0.0000000000
136124  43.358  20.776  24.004 0.0000000000
101042  53.525  8.386  37.761 0.0000000000
102001  54.122  8.797  36.445 0.0000000000
102000  55.653  9.404  36.647 0.0000000000
144392  42.818  10.074  31.296 0.0000000000
112908  56.116  20.866  23.063 0.0000000000
112907  57.629  20.840  23.115 0.0000000000
112885  57.239  21.431  25.102 0.0000000000
110247  51.815  18.007  36.447 0.0000000000
110245  53.947  17.087  37.011 0.0000000000
112889  52.435  21.672  25.235 0.0000000000
114653  50.657  23.745  24.829 0.0000000000
112899  53.245  21.335  23.919 0.0000000000
139239  53.126  21.149  22.078 0.0000000000
111111  50.316  19.247  29.943 0.0000000000
110325  49.365  19.266  28.845 0.0000000000
110317  48.963  18.838  30.495 0.0000000000
110320  41.324  17.993  30.119 0.0000000000
108698  41.926  16.670  29.280 0.0000000000
107891  42.782  14.417  25.534 0.0000000000
107078  41.300  14.043  26.911 0.0000000000
106337  41.698  13.819  26.565 0.0000000000
105550  42.089  12.436  29.310 0.0000000000
105568  42.593  12.985  27.460 0.0000000000
118725  50.695  29.126  24.244 0.0000000000
149451  50.247  30.943  24.846 0.0000000000
154495  49.106  28.425  24.382 0.0000000000
111165  41.765  19.867  27.747 0.0000000000
111129  41.200  19.132  29.225 0.0000000000
112848  51.826  21.471  28.855 0.0000000000
135556  54.067  21.494  28.942 0.0000000000
112812  52.938  21.596  30.676 0.0000000000
154601  46.907  23.183  29.171 0.0000000000
115448  46.204  24.760  29.025 0.0000000000
113742  48.554  22.434  28.467 0.0000000000
113750  49.645  22.544  27.439 0.0000000000
105501  45.544  11.995  34.579 0.0000000000
104714  46.232  11.618  33.379 0.0000000000
102958  48.067  9.805  33.734 0.0000000000
102952  53.689  9.734  33.096 0.0000000000
155061  52.832  9.987  32.596 0.0000000000
103854  54.145  10.523  31.505 0.0000000000
111254  50.884  19.306  20.403 0.0000000000
110418  50.966  17.886  20.348 0.0000000000
109601  53.188  18.068  20.767 0.0000000000
111188  57.822  18.913  24.671 0.0000000000
111204  54.941  19.226  23.787 0.0000000000
111174  56.019  19.602  26.479 0.0000000000
136784  54.226  19.768  27.381 0.0000000000
111141  55.755  19.704  28.211 0.0000000000
147218  58.656  22.020  30.839 0.0000000000
112824  59.397  20.765  29.249 0.0000000000
111980  59.330  19.652  31.969 0.0000000000
108651  56.344  16.683  36.070 0.0000000000
110277  57.751  17.945  34.407 0.0000000000
157787  55.562  17.440  33.995 0.0000000000
110292  53.844  18.322  32.662 0.0000000000
108669  52.433  16.714  34.252 0.0000000000
108656  50.951  16.253  34.686 0.0000000000
139375  51.140  15.042  36.031 0.0000000000
103814  46.039  10.571  37.134 0.0000000000
104697  46.078  10.635  36.750 0.0000000000
123388  47.489  35.667  33.553 0.0000000000
123387  49.256  36.106  33.675 0.0000000000
122877  50.019  34.853  32.493 0.0000000000
120227  45.470  30.422  30.671 0.0000000000
120958  46.065  32.165  31.363 0.0000000000
120236  47.474  30.462  29.453 0.0000000000
118700  51.306  27.967  26.787 0.0000000000
120263  50.071  30.151  28.106 0.0000000000
119486  52.522  29.504  27.137 0.0000000000
120977  52.714  31.573  28.516 0.0000000000
119485  53.656  30.019  26.941 0.0000000000
119515  54.050  29.894  25.597 0.0000000000
117963  53.302  27.555  24.142 0.0000000000
112948  52.681  21.495  20.030 0.0000000000
114684  51.788  23.103  20.341 0.0000000000
112950  51.460  21.645  19.741 0.0000000000
156076  49.415  21.108  20.346 0.0000000000
110395  50.189  17.241  22.203 0.0000000000
108742  48.329  15.365  21.543 0.0000000000
110383  49.006  17.678  23.452 0.0000000000
109552  45.341  17.380  28.110 0.0000000000
108713  46.031  16.554  26.096 0.0000000000
107871  44.483  14.670  27.819 0.0000000000
106320  44.400  13.017  28.483 0.0000000000
105547  45.113  12.844  29.870 0.0000000000
105514  47.481  13.181  31.937 0.0000000000
107049  45.748  14.565  31.917 0.0000000000
106295  48.319  13.936  30.541 0.0000000000
110345  43.238  18.834  27.220 0.0000000000
109553  42.742  17.266  27.956 0.0000000000
109566  44.069  17.542  26.108 0.0000000000
108723  43.984  16.004  24.905 0.0000000000
107896  44.275  14.840  24.080 0.0000000000
115491  48.396  24.596  23.363 0.0000000000
112021  43.095  20.303  25.835 0.0000000000
158567  49.978  7.979  35.409 0.0000000000
102938  49.485  9.078  34.135 0.0000000000
102015  51.579  8.363  35.328 0.0000000000
102934  54.177  9.324  34.644 0.0000000000
112077  54.822  20.134  20.554 0.0000000000
110403  54.978  18.616  21.231 0.0000000000
111237  57.227  19.913  21.826 0.0000000000
111214  58.856  19.191  23.540 0.0000000000
151157  58.981  19.011  25.774 0.0000000000
135238  56.940  20.348  33.619 0.0000000000
111071  58.575  18.921  34.242 0.0000000000
111059  56.013  18.598  35.331 0.0000000000
155570  55.939  16.714  36.752 0.0000000000
107817  54.272  15.610  37.247 0.0000000000
107023  51.581  14.701  36.820 0.0000000000
107002  50.906  14.633  37.985 0.0000000000
106257  47.438  12.529  37.591 0.0000000000
102898  45.272  9.756  38.431 0.0000000000
122840  46.214  34.659  34.283 0.0000000000
117116  48.536  26.543  27.524 0.0000000000
118687  48.888  28.176  27.821 0.0000000000
117126  49.938  26.363  26.666 0.0000000000
117135  51.426  26.190  25.644 0.0000000000
116294  52.572  25.655  23.992 0.0000000000
116293  53.001  26.272  23.416 0.0000000000
161369  52.503  23.505  22.277 0.0000000000
112921  53.611  20.942  21.112 0.0000000000
142130  51.368  19.638  26.281 0.0000000000
110362  49.142  19.090  24.963 0.0000000000
111181  48.998  19.301  26.850 0.0000000000
110336  47.495  18.702  28.593 0.0000000000
108696  45.055  16.768  29.663 0.0000000000
105529  51.581  12.909  29.685 0.0000000000
106314  50.030  13.795  29.369 0.0000000000
154001  39.467  13.645  29.276 0.0000000000
107872  42.075  15.408  27.909 0.0000000000
107074  40.253  14.042  28.149 0.0000000000
105551  40.487  12.954  29.098 0.0000000000
163127  41.297  12.552  29.459 0.0000000000
104756  42.463  11.335  30.490 0.0000000000
159768  43.564  10.684  30.595 0.0000000000
121699  51.709  32.721  26.041 0.0000000000
121714  49.898  32.152  25.525 0.0000000000
135547  54.260  21.576  26.392 0.0000000000
135551  56.536  21.526  26.925 0.0000000000
112861  55.097  21.505  27.853 0.0000000000
143003  56.977  21.784  29.763 0.0000000000
113707  57.523  23.438  31.686 0.0000000000
113678  57.174  23.242  32.759 0.0000000000
111960  54.698  20.682  33.586 0.0000000000
120952  42.859  31.942  34.470 0.0000000000
120220  44.333  30.492  31.658 0.0000000000
119459  45.911  28.957  29.715 0.0000000000
117110  47.257  26.716  28.324 0.0000000000
114638  48.974  24.280  26.914 0.0000000000
112877  51.825  21.843  26.414 0.0000000000
109512  48.503  17.373  33.352 0.0000000000
158428  47.178  17.514  32.688 0.0000000000
107839  45.571  15.091  33.773 0.0000000000
104724  46.817  12.341  32.717 0.0000000000
104721  49.721  11.691  32.167 0.0000000000
103839  50.575  10.177  32.961 0.0000000000
140653  50.799  10.810  32.374 0.0000000000
104732  50.987  12.036  31.278 0.0000000000
111241  48.359  19.313  21.425 0.0000000000
110396  47.746  17.962  21.757 0.0000000000
110420  49.342  17.481  20.754 0.0000000000
108748  50.641  16.541  20.776 0.0000000000
110380  51.416  18.466  22.672 0.0000000000
110379  54.275  18.431  22.113 0.0000000000
111205  53.807  19.333  23.722 0.0000000000
155544  52.106  19.512  24.287 0.0000000000
111178  52.098  19.655  26.889 0.0000000000
111143  52.148  19.478  28.817 0.0000000000
111110  51.521  19.240  30.589 0.0000000000
138624  58.771  21.275  26.763 0.0000000000
112010  59.625  20.104  27.436 0.0000000000
111139  58.716  19.310  28.434 0.0000000000
110288  58.923  18.547  33.652 0.0000000000
138917  58.470  18.923  31.358 0.0000000000
135560  56.715  19.551  29.944 0.0000000000
111107  55.001  19.450  30.608 0.0000000000
110303  52.391  18.723  31.750 0.0000000000
152605  51.128  18.411  32.024 0.0000000000
108671  50.272  16.997  33.933 0.0000000000
107826  47.961  14.868  35.488 0.0000000000
104701  45.600  11.426  35.085 0.0000000000
107021  49.321  13.670  36.695 0.0000000000
104700  45.884  11.028  35.914 0.0000000000
102019  47.422  8.147  35.341 0.0000000000
158333  49.966  7.480  36.605 0.0000000000
124407  49.319  37.607  32.390 0.0000000000
123385  51.713  36.406  33.244 0.0000000000
122897  54.041  34.636  31.237 0.0000000000
120247  48.762  30.272  28.714 0.0000000000
122304  49.082  33.444  30.918 0.0000000000
121668  50.688  33.080  30.167 0.0000000000
122313  53.577  33.360  30.226 0.0000000000
121675  54.559  33.231  29.228 0.0000000000
120998  54.288  31.334  26.354 0.0000000000
119527  52.736  29.529  24.327 0.0000000000
117160  51.175  26.734  23.110 0.0000000000
117171  52.764  26.090  22.658 0.0000000000
116319  51.332  25.566  22.240 0.0000000000
115500  49.708  24.313  22.227 0.0000000000
113801  48.947  22.623  21.080 0.0000000000
112944  48.136  21.446  20.811 0.0000000000
109598  46.715  15.859  22.017 0.0000000000
107913  46.154  14.956  22.375 0.0000000000
107092  45.086  14.110  24.403 0.0000000000
109568  47.298  17.548  25.247 0.0000000000
107889  45.804  14.718  25.281 0.0000000000
106334  44.222  13.487  25.949 0.0000000000
105566  44.105  12.784  28.081 0.0000000000
104754  44.190  11.413  29.870 0.0000000000
109528  45.974  17.211  31.744 0.0000000000
151869  45.107  16.068  30.971 0.0000000000
107061  45.288  14.828  30.674 0.0000000000
105546  48.881  13.637  29.280 0.0000000000
149225  45.514  13.655  30.333 0.0000000000
102918  58.421  10.481  36.176 0.0000000000
102931  59.172  10.728  35.037 0.0000000000
111223  45.990  19.557  23.528 0.0000000000
110385  45.972  18.255  23.837 0.0000000000
110384  46.521  18.332  23.169 0.0000000000
112058  46.657  20.357  22.188 0.0000000000
135008  45.510  20.877  22.262 0.0000000000
112047  46.079  20.271  22.803 0.0000000000
112048  45.302  20.520  23.033 0.0000000000
101995  54.568  8.852  37.334 0.0000000000
112898  55.541  21.181  24.075 0.0000000000
151228  56.769  21.084  23.499 0.0000000000
112897  56.385  21.356  24.570 0.0000000000
112887  54.335  21.491  25.377 0.0000000000
112888  53.312  21.502  24.866 0.0000000000
135546  54.292  21.257  24.202 0.0000000000
110316  49.940  18.985  30.642 0.0000000000
163292  49.631  19.122  30.022 0.0000000000
110306  49.515  18.637  31.367 0.0000000000
110329  41.994  18.083  29.084 0.0000000000
109548  41.781  17.621  29.499 0.0000000000
109547  42.240  17.391  28.835 0.0000000000
107083  42.120  14.100  26.159 0.0000000000
106336  42.421  13.711  26.180 0.0000000000
106328  41.950  13.454  26.784 0.0000000000
145951  50.530  27.839  23.809 0.0000000000
118726  50.078  28.432  24.162 0.0000000000
117967  49.266  27.012  23.988 0.0000000000
111147  42.168  19.084  28.221 0.0000000000
111148  41.458  19.470  28.490 0.0000000000
110339  41.796  18.733  28.857 0.0000000000
110330  41.531  18.405  29.486 0.0000000000
160839  51.157  21.472  28.940 0.0000000000
112830  52.457  21.451  29.632 0.0000000000
112813  51.964  21.546  30.620 0.0000000000
113734  48.225  22.049  29.234 0.0000000000
113743  47.768  22.765  28.774 0.0000000000
112850  49.034  21.826  28.968 0.0000000000
112849  50.688  21.622  28.494 0.0000000000
103843  46.081  10.273  34.297 0.0000000000
148376  45.901  11.005  33.861 0.0000000000
102959  47.019  9.955  33.887 0.0000000000
102968  54.581  10.068  32.457 0.0000000000
110417  52.313  18.218  20.346 0.0000000000
110416  53.038  18.495  20.441 0.0000000000
111173  57.282  19.393  26.341 0.0000000000
143563  56.853  19.323  25.563 0.0000000000
136785  55.284  19.729  27.368 0.0000000000
112791  58.463  22.296  31.672 0.0000000000
112790  59.072  20.937  31.338 0.0000000000
112780  58.865  20.802  32.210 0.0000000000
108652  55.446  16.155  35.961 0.0000000000
109492  55.665  16.649  35.327 0.0000000000
109493  54.660  16.578  34.923 0.0000000000
109507  53.892  17.221  34.021 0.0000000000
108654  53.154  16.131  35.244 0.0000000000
108655  52.064  16.139  34.931 0.0000000000
108644  52.836  15.474  36.046 0.0000000000
148477  45.990  8.499  37.902 0.0000000000
122838  47.510  35.051  34.246 0.0000000000
123376  47.414  35.303  34.141 0.0000000000
162050  48.575  35.409  33.757 0.0000000000
122878  48.918  34.417  32.461 0.0000000000
119458  46.494  29.316  29.482 0.0000000000
120226  46.207  30.680  30.297 0.0000000000
119457  47.228  29.647  29.222 0.0000000000
117935  52.185  27.570  26.211 0.0000000000
118684  51.927  28.820  26.978 0.0000000000
118699  52.588  28.319  26.450 0.0000000000
120261  52.521  30.247  27.544 0.0000000000
118698  53.564  28.735  26.015 0.0000000000
118712  53.695  28.561  25.237 0.0000000000
117944  53.411  27.801  24.902 0.0000000000
112089  52.800  20.683  20.217 0.0000000000
113817  52.243  21.906  19.727 0.0000000000
111263  52.120  20.233  20.216 0.0000000000
112090  51.430  20.901  20.099 0.0000000000
110381  50.511  18.294  22.856 0.0000000000
109583  49.423  16.925  22.445 0.0000000000
110369  49.402  18.633  24.034 0.0000000000
108701  44.854  16.721  28.652 0.0000000000
108708  44.921  16.406  27.503 0.0000000000
107866  44.465  15.205  28.810 0.0000000000
156284  44.449  14.388  28.632 0.0000000000
107067  44.522  14.695  29.278 0.0000000000
106294  48.972  13.587  31.002 0.0000000000
105522  48.161  13.570  31.250 0.0000000000
163366  49.553  13.748  30.487 0.0000000000
146294  43.607  19.052  26.673 0.0000000000
110357  43.675  18.158  26.719 0.0000000000
110356  44.094  18.670  26.235 0.0000000000
109578  45.217  16.792  24.198 0.0000000000
109570  44.368  16.942  25.363 0.0000000000
109579  44.586  16.394  24.534 0.0000000000
108731  43.770  15.200  24.595 0.0000000000
108730  44.347  15.491  24.201 0.0000000000
139425  48.104  23.222  22.377 0.0000000000
115492  47.616  24.129  23.761 0.0000000000
114671  46.798  22.665  22.773 0.0000000000
113787  44.330  22.032  23.165 0.0000000000
113777  44.994  22.563  23.953 0.0000000000
112028  43.996  20.283  24.832 0.0000000000
112029  43.192  20.530  24.933 0.0000000000
111196  43.712  20.087  25.502 0.0000000000
111163  42.983  19.788  26.700 0.0000000000
101068  51.194  7.928  35.971 0.0000000000
102016  50.704  8.162  35.319 0.0000000000
102003  52.025  8.172  36.066 0.0000000000
102012  54.942  9.272  35.997 0.0000000000
102013  53.805  8.891  35.511 0.0000000000
102933  55.778  9.893  34.541 0.0000000000
146558  49.502  38.433  31.936 0.0000000000
125549  49.433  39.331  31.451 0.0000000000
112066  55.336  20.366  20.874 0.0000000000
111248  56.398  20.023  21.020 0.0000000000
112064  56.776  20.139  21.517 0.0000000000
112883  59.135  20.169  24.257 0.0000000000
112044  58.425  19.644  23.138 0.0000000000
161273  59.276  19.592  24.236 0.0000000000
111187  58.855  18.899  24.838 0.0000000000
111170  59.439  19.533  26.053 0.0000000000
111949  55.173  19.689  34.333 0.0000000000
111959  56.663  19.292  34.613 0.0000000000
111047  54.976  18.493  35.558 0.0000000000
109473  53.227  16.747  37.335 0.0000000000
154077  54.650  17.382  36.693 0.0000000000
108638  54.119  16.159  37.531 0.0000000000
108637  54.790  15.903  37.303 0.0000000000
107813  53.811  15.670  37.620 0.0000000000
107015  52.473  14.946  37.831 0.0000000000
107815  52.160  15.049  38.202 0.0000000000
157421  48.799  13.687  38.014 0.0000000000
105487  46.793  11.698  37.403 0.0000000000
105478  45.539  11.936  37.787 0.0000000000
153127  49.371  24.915  26.485 0.0000000000
116276  49.608  25.560  26.529 0.0000000000
116285  49.991  24.975  25.912 0.0000000000
152673  51.011  23.228  24.210 0.0000000000
116284  50.953  25.394  25.387 0.0000000000
115473  51.548  25.073  24.596 0.0000000000
116283  52.021  25.871  24.865 0.0000000000
115479  52.097  24.853  23.755 0.0000000000
115489  52.555  24.597  22.952 0.0000000000
113792  52.039  22.561  22.487 0.0000000000
112920  54.936  20.673  22.068 0.0000000000
146783  54.051  20.744  21.841 0.0000000000
112056  54.775  20.605  21.202 0.0000000000
112067  54.361  20.538  20.728 0.0000000000
111179  50.692  19.506  27.048 0.0000000000
137110  50.355  19.503  26.271 0.0000000000
111160  50.171  19.433  27.687 0.0000000000
110327  47.592  18.678  29.540 0.0000000000
110326  48.439  19.020  28.949 0.0000000000
110328  46.751  18.423  29.154 0.0000000000
109551  46.007  18.005  28.684 0.0000000000
109545  46.094  18.013  29.654 0.0000000000
107070  39.447  14.048  29.315 0.0000000000
107069  39.994  14.250  28.857 0.0000000000
141142  43.089  16.585  27.002 0.0000000000
108703  42.319  16.410  28.430 0.0000000000
106330  40.691  13.941  27.596 0.0000000000
107073  40.810  14.231  27.661 0.0000000000
106322  40.266  13.818  28.183 0.0000000000
106316  39.934  13.514  28.789 0.0000000000
157742  40.835  12.286  30.038 0.0000000000
105561  42.290  12.738  28.400 0.0000000000
104774  42.753  11.847  29.862 0.0000000000
103887  43.018  10.692  30.816 0.0000000000
104755  43.375  11.210  30.238 0.0000000000
140500  53.087  32.537  26.306 0.0000000000
121712  52.369  32.160  25.629 0.0000000000
137792  49.093  30.053  24.704 0.0000000000
121015  50.527  31.590  25.175 0.0000000000
120290  48.750  30.745  24.994 0.0000000000
140605  48.004  30.740  25.170 0.0000000000
156105  53.617  21.623  26.776 0.0000000000
135550  54.250  21.586  27.231 0.0000000000
135553  54.161  21.535  28.069 0.0000000000
112828  54.975  21.494  29.724 0.0000000000
112792  57.214  23.042  31.026 0.0000000000
114563  56.858  24.150  32.503 0.0000000000
152336  55.742  22.377  33.172 0.0000000000
121637  41.801  33.225  35.043 0.0000000000
120221  43.708  30.392  32.228 0.0000000000
119450  44.467  29.694  31.093 0.0000000000
119455  45.082  29.711  30.576 0.0000000000
115455  47.000  25.087  28.351 0.0000000000
116261  47.110  25.895  28.282 0.0000000000
117918  46.694  27.201  28.734 0.0000000000
116269  47.665  25.370  27.896 0.0000000000
116268  48.374  25.694  27.445 0.0000000000
161521  48.473  24.162  27.423 0.0000000000
138466  51.900  21.739  27.215 0.0000000000
113749  50.387  22.273  27.155 0.0000000000
112876  52.782  21.680  26.804 0.0000000000
108659  47.680  16.272  34.465 0.0000000000
108674  47.101  16.731  33.778 0.0000000000
108660  46.593  15.998  34.274 0.0000000000
104713  47.224  11.394  33.035 0.0000000000
105515  45.882  12.707  33.204 0.0000000000
104723  47.863  12.134  32.459 0.0000000000
104722  48.826  11.892  32.296 0.0000000000
102936  51.510  9.182  33.866 0.0000000000
102956  49.981  9.615  33.548 0.0000000000
102955  50.781  9.548  33.490 0.0000000000
103855  52.607  10.464  32.005 0.0000000000
141462  51.933  10.623  32.066 0.0000000000
103870  52.249  11.062  31.439 0.0000000000
103871  51.381  11.155  31.806 0.0000000000
104731  51.784  11.804  30.978 0.0000000000
104749  51.993  12.329  30.300 0.0000000000
104730  52.675  11.616  30.555 0.0000000000
111240  48.983  19.014  21.097 0.0000000000
141162  49.692  18.807  20.746 0.0000000000
109603  51.558  17.052  20.685 0.0000000000
143244  51.082  16.985  20.436 0.0000000000
109593  51.400  16.907  21.165 0.0000000000
110394  51.031  17.478  21.985 0.0000000000
110393  51.853  17.732  21.754 0.0000000000
110390  55.927  18.757  21.706 0.0000000000
110391  55.144  18.466  21.865 0.0000000000
110377  55.961  18.626  22.304 0.0000000000
111191  54.120  19.510  24.758 0.0000000000
111206  52.770  19.321  23.544 0.0000000000
111192  52.905  19.589  24.782 0.0000000000
143559  52.411  19.746  25.970 0.0000000000
111157  53.681  19.714  28.143 0.0000000000
111158  52.795  19.611  28.056 0.0000000000
158424  53.138  19.540  28.848 0.0000000000
136697  51.963  19.406  29.795 0.0000000000
111109  52.729  19.401  30.162 0.0000000000
112859  56.769  21.501  27.617 0.0000000000
135552  57.599  21.526  26.981 0.0000000000
135849  57.660  21.562  27.873 0.0000000000
111995  59.568  19.709  29.969 0.0000000000
112823  59.654  20.253  28.664 0.0000000000
111118  59.423  19.442  28.812 0.0000000000
111138  59.305  19.374  28.290 0.0000000000
111120  59.145  19.279  29.413 0.0000000000
156795  58.423  18.207  34.645 0.0000000000
111069  59.083  18.878  33.600 0.0000000000
110276  58.737  18.526  34.183 0.0000000000
139146  56.588  18.244  33.238 0.0000000000
110289  58.028  18.468  33.290 0.0000000000
111093  57.561  18.832  31.932 0.0000000000
111106  57.030  19.343  30.902 0.0000000000
135019  55.937  19.254  31.352 0.0000000000
135379  55.752  19.534  30.352 0.0000000000
111094  54.710  19.237  31.287 0.0000000000
109521  52.353  17.878  32.936 0.0000000000
110302  53.288  18.761  31.827 0.0000000000
142621  52.811  18.313  32.437 0.0000000000
145171  51.737  18.686  31.697 0.0000000000
109522  51.609  17.983  32.680 0.0000000000
109510  50.219  17.517  33.251 0.0000000000
147709  50.875  17.335  33.487 0.0000000000
107825  49.120  14.922  35.603 0.0000000000
107835  49.481  15.687  35.137 0.0000000000
107027  47.640  13.833  35.756 0.0000000000
106265  46.967  13.112  35.664 0.0000000000
106259  49.540  13.732  37.171 0.0000000000
107020  50.126  14.167  36.891 0.0000000000
106260  48.850  12.999  37.028 0.0000000000
102005  46.331  8.286  36.378 0.0000000000
103822  45.708  10.147  35.872 0.0000000000
102909  45.939  8.921  35.934 0.0000000000
102922  45.796  9.597  35.507 0.0000000000
102020  46.560  8.456  35.588 0.0000000000
101070  48.718  7.602  35.804 0.0000000000
123883  47.016  36.289  31.586 0.0000000000
123899  45.308  37.211  29.875 0.0000000000
150325  46.781  36.829  30.840 0.0000000000
124408  48.419  37.209  31.948 0.0000000000
122856  50.550  35.679  33.244 0.0000000000
123386  50.440  36.284  33.572 0.0000000000
122855  52.046  35.731  32.684 0.0000000000
162867  53.068  35.559  32.188 0.0000000000
122876  52.398  34.912  31.979 0.0000000000
117925  49.524  27.689  27.366 0.0000000000
119469  48.526  29.472  28.505 0.0000000000
119468  49.334  29.809  28.266 0.0000000000
120245  50.560  30.746  28.318 0.0000000000
120979  50.021  31.293  28.730 0.0000000000
120969  49.507  31.799  29.214 0.0000000000
121679  50.045  32.483  29.603 0.0000000000
140422  50.153  33.602  30.839 0.0000000000
121678  51.301  32.569  29.605 0.0000000000
120976  54.142  31.878  28.323 0.0000000000
121685  53.594  32.277  29.031 0.0000000000
121676  54.186  32.974  29.528 0.0000000000
120975  54.502  32.258  28.009 0.0000000000
121688  54.438  32.585  27.607 0.0000000000
120982  54.478  31.811  27.203 0.0000000000
142046  53.439  29.069  24.433 0.0000000000
119526  53.553  29.603  24.679 0.0000000000
118734  52.362  28.108  23.645 0.0000000000
118724  51.926  28.946  23.970 0.0000000000
117965  51.585  27.494  23.425 0.0000000000
115498  52.955  24.549  21.783 0.0000000000
116317  52.865  25.462  22.299 0.0000000000
115506  52.846  24.425  21.500 0.0000000000
114685  50.681  23.281  20.655 0.0000000000
115508  51.414  24.532  21.425 0.0000000000
139835  50.476  24.005  21.431 0.0000000000
116320  50.179  25.250  22.565 0.0000000000
161179  49.679  23.750  21.726 0.0000000000
114670  48.943  23.448  21.949 0.0000000000
112083  49.269  20.749  20.579 0.0000000000
112943  48.967  21.231  20.471 0.0000000000
156674  48.909  20.550  20.854 0.0000000000
112068  48.565  20.192  21.232 0.0000000000
151726  48.584  16.497  20.773 0.0000000000
109597  47.370  16.611  21.644 0.0000000000
109604  47.866  15.880  20.848 0.0000000000
108734  47.912  15.483  22.658 0.0000000000
107911  47.256  14.874  21.770 0.0000000000
107097  46.843  14.742  22.327 0.0000000000
107099  45.466  14.731  23.178 0.0000000000
107895  46.297  14.585  23.932 0.0000000000
110353  48.264  19.000  26.264 0.0000000000
110371  47.906  17.964  24.770 0.0000000000
109564  46.963  18.090  26.067 0.0000000000
107876  45.090  15.485  26.691 0.0000000000
108722  45.644  15.543  26.000 0.0000000000
107883  45.331  14.643  25.962 0.0000000000
107088  45.296  13.966  25.160 0.0000000000
107082  44.673  13.701  26.276 0.0000000000
106327  43.828  13.262  26.594 0.0000000000
106326  44.197  13.215  27.447 0.0000000000
104772  44.442  12.081  29.435 0.0000000000
105559  44.230  12.523  28.807 0.0000000000
103886  44.111  10.763  30.341 0.0000000000
103885  44.931  10.614  30.285 0.0000000000
109514  46.705  17.095  33.005 0.0000000000
109527  46.578  17.475  32.173 0.0000000000
108681  45.985  16.761  32.463 0.0000000000
106296  46.429  14.091  31.320 0.0000000000
107856  45.352  15.923  31.737 0.0000000000
150203  45.292  15.499  31.206 0.0000000000
106297  45.788  14.564  31.116 0.0000000000
105558  50.220  13.124  28.463 0.0000000000
106315  49.278  13.979  29.567 0.0000000000
104770  49.386  12.807  28.774 0.0000000000
111210  44.788  19.759  24.694 0.0000000000
158098  45.071  18.652  25.057 0.0000000000
111209  45.481  19.124  24.337 0.0000000000
110372  45.489  17.890  24.444 0.0000000000
152690  45.707  17.126  23.701 0.0000000000
113803  46.928  21.842  21.595 0.0000000000
113794  46.279  22.022  22.067 0.0000000000
112924  45.692  21.317  21.983 0.0000000000
112925  44.914  21.255  22.398 0.0000000000
112926  44.108  21.323  22.885 0.0000000000
112914  43.042  21.130  23.640 0.0000000000
157467  44.506  20.670  23.205 0.0000000000
112038  44.251  20.524  23.985 0.0000000000
101053  52.362  8.049  36.853 0.0000000000
102002  52.970  8.478  36.225 0.0000000000
101996  53.303  8.384  37.049 0.0000000000
112919  56.003  20.659  22.220 0.0000000000
112046  57.013  20.654  22.514 0.0000000000
137703  57.546  21.205  23.975 0.0000000000
112884  58.418  21.031  24.550 0.0000000000
110258  52.239  18.472  35.949 0.0000000000
110257  53.506  18.106  36.154 0.0000000000
110246  52.767  17.636  36.666 0.0000000000
108610  51.298  15.823  38.123 0.0000000000
113768  50.503  22.827  25.637 0.0000000000
114646  50.243  23.602  25.449 0.0000000000
113775  51.025  22.497  25.012 0.0000000000
152678  51.308  22.407  24.117 0.0000000000
112912  51.775  21.911  23.433 0.0000000000
112923  52.316  21.772  22.318 0.0000000000
112911  52.643  21.385  23.157 0.0000000000
112909  55.115  20.826  23.106 0.0000000000
111144  51.242  19.448  28.536 0.0000000000
111146  49.737  19.370  28.242 0.0000000000
111128  49.842  19.267  29.398 0.0000000000
135157  49.095  19.100  29.595 0.0000000000
110318  47.785  18.588  30.557 0.0000000000
107884  42.917  15.172  25.697 0.0000000000
107878  42.219  15.086  26.973 0.0000000000
107077  41.863  14.436  26.626 0.0000000000
106329  41.234  13.760  27.118 0.0000000000
105562  41.179  12.985  28.513 0.0000000000
105569  41.541  13.245  27.563 0.0000000000
119528  51.438  29.787  24.351 0.0000000000
121014  51.742  31.559  25.152 0.0000000000
119529  50.179  30.080  24.550 0.0000000000
140858  49.481  29.208  24.470 0.0000000000
160743  48.831  28.898  24.534 0.0000000000
112012  41.140  20.474  27.086 0.0000000000
112003  40.980  20.171  28.004 0.0000000000
110331  40.931  18.775  29.937 0.0000000000
112864  51.916  21.599  28.059 0.0000000000
112846  53.360  21.548  28.303 0.0000000000
135555  53.265  21.500  29.178 0.0000000000
138615  53.283  21.480  30.027 0.0000000000
138324  46.207  23.924  29.360 0.0000000000
116254  45.641  25.428  29.273 0.0000000000
114620  47.529  23.634  28.417 0.0000000000
114619  48.207  23.181  28.085 0.0000000000
114628  48.615  23.615  27.481 0.0000000000
113741  49.350  22.165  28.179 0.0000000000
112865  51.064  21.763  27.696 0.0000000000
107035  45.923  14.293  34.806 0.0000000000
106276  45.545  13.613  34.377 0.0000000000
104715  45.567  11.744  33.964 0.0000000000
149032  47.643  10.549  33.365 0.0000000000
103841  48.654  10.416  33.256 0.0000000000
136007  53.306  9.334  33.935 0.0000000000
102953  52.451  9.584  33.303 0.0000000000
102969  53.457  10.230  32.126 0.0000000000
111255  50.025  19.906  20.634 0.0000000000
148403  50.340  18.710  20.513 0.0000000000
109611  51.858  17.431  20.500 0.0000000000
110405  53.016  17.794  21.109 0.0000000000
111202  57.500  18.835  23.726 0.0000000000
111203  56.182  18.995  23.739 0.0000000000
111189  56.524  19.193  24.689 0.0000000000
143562  55.614  19.522  25.642 0.0000000000
143561  54.482  19.622  25.713 0.0000000000
111176  53.840  19.746  26.611 0.0000000000
111175  54.852  19.692  26.555 0.0000000000
111142  54.630  19.752  28.183 0.0000000000
111124  54.095  19.636  29.029 0.0000000000
112826  57.672  21.721  29.238 0.0000000000
137527  58.381  21.559  28.622 0.0000000000
112807  59.124  21.031  30.294 0.0000000000
111987  59.461  19.703  30.928 0.0000000000
109505  56.840  17.317  35.673 0.0000000000
155125  58.113  17.982  34.937 0.0000000000
109506  56.189  17.081  34.924 0.0000000000
110278  56.571  17.590  34.184 0.0000000000
110291  55.192  18.199  33.101 0.0000000000
110279  54.400  17.678  33.528 0.0000000000
109520  53.292  17.812  33.193 0.0000000000
109508  52.829  17.276  33.670 0.0000000000
108670  51.393  16.814  34.087 0.0000000000
107834  50.543  15.649  35.258 0.0000000000
107824  50.146  15.001  35.750 0.0000000000
105486  47.691  11.723  37.055 0.0000000000
161025  47.364  11.458  37.130 0.0000000000
103817  45.785  9.792  36.923 0.0000000000
102903  45.827  8.857  36.861 0.0000000000
123406  46.487  35.824  31.691 0.0000000000
123395  46.983  35.796  32.637 0.0000000000
123882  47.835  36.338  32.601 0.0000000000
123877  49.092  36.696  33.080 0.0000000000
123870  48.210  35.860  33.686 0.0000000000
156863  49.308  35.743  33.688 0.0000000000
120219  45.082  30.920  31.323 0.0000000000
120954  45.142  32.193  32.744 0.0000000000
120965  45.765  31.254  30.948 0.0000000000
120964  46.498  31.575  30.578 0.0000000000
119488  50.152  29.413  27.746 0.0000000000
118685  50.762  28.691  27.266 0.0000000000
120262  51.025  30.159  27.859 0.0000000000
120244  51.841  30.881  28.099 0.0000000000
121686  51.989  32.101  29.051 0.0000000000
120984  53.415  31.089  27.911 0.0000000000
120260  54.314  30.822  27.016 0.0000000000
120276  54.226  30.528  26.363 0.0000000000
118723  53.529  28.386  24.434 0.0000000000
118733  53.126  27.851  23.828 0.0000000000
113808  52.641  22.440  20.418 0.0000000000
114676  52.494  23.886  20.818 0.0000000000
113809  52.338  22.455  20.001 0.0000000000
113810  51.590  22.257  19.795 0.0000000000
112941  50.635  21.972  19.818 0.0000000000
113811  49.870  22.448  20.430 0.0000000000
112091  50.620  21.283  20.032 0.0000000000
112081  50.714  20.442  20.355 0.0000000000
109595  49.859  16.181  21.330 0.0000000000
152594  48.267  15.283  20.962 0.0000000000
109596  49.087  15.963  21.693 0.0000000000
109584  48.593  16.444  22.733 0.0000000000
109585  47.974  16.375  23.498 0.0000000000
110344  46.641  18.250  27.397 0.0000000000
109565  46.348  17.704  26.674 0.0000000000
109558  45.558  17.144  27.077 0.0000000000
155850  44.689  15.413  27.383 0.0000000000
107076  44.518  13.748  27.105 0.0000000000
107072  44.421  13.694  28.084 0.0000000000
152370  44.663  12.947  29.364 0.0000000000
106287  46.015  13.801  32.400 0.0000000000
107050  45.491  14.973  32.450 0.0000000000
106286  46.799  13.752  31.736 0.0000000000
105523  47.502  13.844  31.048 0.0000000000
135785  47.852  13.915  30.436 0.0000000000
110346  42.770  18.466  27.837 0.0000000000
109560  43.243  17.719  27.262 0.0000000000
109559  43.560  17.058  26.519 0.0000000000
110365  44.602  18.100  25.655 0.0000000000
109571  43.756  16.497  25.706 0.0000000000
108715  43.233  16.050  26.092 0.0000000000
108724  43.449  15.595  25.293 0.0000000000
107890  43.279  14.826  25.043 0.0000000000
107897  43.770  14.538  24.531 0.0000000000
116307  48.632  25.481  23.555 0.0000000000
115481  47.146  24.927  24.343 0.0000000000
113785  46.054  22.462  22.971 0.0000000000
112039  42.531  20.919  24.263 0.0000000000
112030  42.274  20.650  25.154 0.0000000000
112011  42.092  20.233  26.950 0.0000000000
111164  42.541  19.438  27.500 0.0000000000
114613  45.071  24.262  29.955 0.0000000000
114611  46.175  23.113  29.840 0.0000000000
112835  47.915  21.760  30.002 0.0000000000
102031  48.918  8.498  34.664 0.0000000000
102939  48.509  9.170  34.209 0.0000000000
102030  49.974  8.442  34.732 0.0000000000
102029  51.029  8.634  34.622 0.0000000000
102028  52.002  8.759  34.630 0.0000000000
102014  52.534  8.579  35.400 0.0000000000
102027  53.011  8.936  34.673 0.0000000000
156891  54.349  9.572  33.930 0.0000000000
102951  55.175  9.864  33.465 0.0000000000
152755  54.123  19.944  20.359 0.0000000000
111251  54.489  19.380  20.515 0.0000000000
111250  55.298  19.725  20.613 0.0000000000
110389  56.571  19.240  21.561 0.0000000000
111216  57.444  19.116  22.426 0.0000000000
112045  57.812  20.282  22.723 0.0000000000
111229  57.667  19.669  22.445 0.0000000000
111215  58.127  19.084  23.060 0.0000000000
111201  58.630  18.877  23.890 0.0000000000
143564  58.082  19.059  25.537 0.0000000000
136787  57.998  19.345  26.944 0.0000000000
152543  57.554  21.099  33.061 0.0000000000
112769  58.184  20.840  32.980 0.0000000000
111958  58.048  19.859  33.660 0.0000000000
111072  57.892  19.046  34.535 0.0000000000
111058  57.422  18.309  35.250 0.0000000000
138009  54.756  17.968  36.106 0.0000000000
110256  55.922  17.747  36.123 0.0000000000
109483  56.578  17.212  36.095 0.0000000000
109484  56.110  16.738  36.541 0.0000000000
108641  55.493  16.054  36.670 0.0000000000
108643  53.925  15.640  36.193 0.0000000000
107823  52.142  15.058  36.471 0.0000000000
107819  52.459  14.843  37.242 0.0000000000
107018  51.802  14.695  37.500 0.0000000000
106255  49.602  13.919  37.568 0.0000000000
106243  49.255  13.754  37.801 0.0000000000
106256  48.731  13.090  37.450 0.0000000000
103815  45.585  10.225  37.706 0.0000000000
101989  45.565  9.102  38.630 0.0000000000
122259  47.302  34.852  34.314 0.0000000000
117916  48.122  27.845  28.115 0.0000000000
117926  48.703  27.362  27.651 0.0000000000
117115  49.345  26.873  27.175 0.0000000000
117936  50.331  27.251  26.825 0.0000000000
115474  50.591  24.466  25.174 0.0000000000
116275  50.454  25.833  26.114 0.0000000000
117125  50.868  26.610  26.307 0.0000000000
145287  51.278  27.240  26.440 0.0000000000
117134  52.449  26.587  25.151 0.0000000000
117945  52.786  27.274  25.464 0.0000000000
117133  53.153  27.093  24.572 0.0000000000
116304  52.883  25.496  23.116 0.0000000000
114659  52.813  24.255  22.236 0.0000000000
114669  52.812  23.591  21.606 0.0000000000
112922  52.789  21.712  21.299 0.0000000000
113800  52.747  22.686  20.895 0.0000000000
112932  53.347  20.837  20.552 0.0000000000
112078  53.907  20.424  20.511 0.0000000000
145828  50.754  19.553  25.261 0.0000000000
111208  49.954  19.258  24.643 0.0000000000
111194  49.799  19.399  25.572 0.0000000000
111195  48.996  19.261  25.895 0.0000000000
110342  48.203  18.999  27.157 0.0000000000
110334  49.004  19.251  28.197 0.0000000000
110335  48.218  18.976  28.017 0.0000000000
110343  47.376  18.630  27.559 0.0000000000
110337  46.687  18.378  28.205 0.0000000000
109546  45.442  17.439  29.169 0.0000000000
108697  44.619  16.052  29.208 0.0000000000
105530  50.839  13.286  30.114 0.0000000000
106303  50.309  13.691  29.818 0.0000000000
106302  50.775  13.461  29.421 0.0000000000
155219  39.142  13.274  29.790 0.0000000000
108704  41.839  15.703  28.825 0.0000000000
154481  41.272  15.145  28.984 0.0000000000
107879  41.572  14.606  27.320 0.0000000000
107873  41.401  14.879  28.203 0.0000000000
107068  40.660  14.515  28.484 0.0000000000
106317  39.843  13.910  28.700 0.0000000000
105552  39.739  12.898  29.574 0.0000000000
142166  40.060  12.243  30.318 0.0000000000
105536  41.872  12.038  30.042 0.0000000000
121713  51.073  32.182  25.543 0.0000000000
121700  50.435  32.725  25.982 0.0000000000
117148  48.316  26.850  24.252 0.0000000000
157850  47.809  27.382  24.517 0.0000000000
135548  55.120  21.543  26.005 0.0000000000
135549  56.084  21.486  25.609 0.0000000000
112874  55.037  21.552  26.884 0.0000000000
112860  55.859  21.526  27.317 0.0000000000
135554  56.130  21.492  28.141 0.0000000000
112845  54.918  21.465  28.771 0.0000000000
112827  55.842  21.516  29.422 0.0000000000
136325  56.532  21.548  28.968 0.0000000000
154914  57.483  22.369  30.423 0.0000000000
113726  58.023  22.744  30.928 0.0000000000
112782  57.751  22.368  32.763 0.0000000000
112770  56.816  22.091  33.088 0.0000000000
149830  55.757  20.219  33.803 0.0000000000
111950  53.908  20.104  34.029 0.0000000000
120951  43.628  32.144  34.361 0.0000000000
120199  43.187  31.308  33.784 0.0000000000
120209  44.065  31.088  32.567 0.0000000000
120228  44.870  30.253  31.021 0.0000000000
119454  45.852  29.747  30.051 0.0000000000
118663  46.334  28.512  29.315 0.0000000000
117103  45.381  26.406  29.414 0.0000000000
117908  46.093  27.670  29.238 0.0000000000
117917  47.401  27.522  28.424 0.0000000000
117927  47.967  27.031  27.998 0.0000000000
116277  48.915  25.218  26.943 0.0000000000
114637  49.587  23.713  26.349 0.0000000000
114627  49.234  23.306  27.078 0.0000000000
113758  49.851  22.894  26.720 0.0000000000
114636  50.054  23.184  26.062 0.0000000000
142643  52.440  21.740  26.024 0.0000000000
112875  53.322  21.624  25.959 0.0000000000
109525  48.834  17.798  32.722 0.0000000000
110295  49.149  18.274  32.101 0.0000000000
109513  47.560  17.273  33.290 0.0000000000
108675  46.249  16.449  33.404 0.0000000000
107847  45.822  15.755  33.727 0.0000000000
107036  45.530  14.454  34.086 0.0000000000
105516  45.586  13.464  33.244 0.0000000000
106288  45.567  14.205  32.852 0.0000000000
147693  46.568  13.184  32.395 0.0000000000
105513  48.461  12.849  31.795 0.0000000000
105512  49.356  12.601  31.671 0.0000000000
102957  49.057  9.713  33.660 0.0000000000
103840  49.597  10.291  33.135 0.0000000000
102954  51.456  9.809  33.096 0.0000000000
103857  50.080  10.894  32.576 0.0000000000
104720  50.550  11.484  31.992 0.0000000000
104733  50.208  12.329  31.530 0.0000000000
105521  50.604  12.901  30.839 0.0000000000
105520  51.326  12.594  30.533 0.0000000000
111232  47.385  19.233  22.211 0.0000000000
111231  47.954  18.977  21.692 0.0000000000
110406  48.475  18.004  21.285 0.0000000000
109614  49.315  16.271  20.551 0.0000000000
110419  50.144  17.698  20.510 0.0000000000
109612  50.059  16.430  20.610 0.0000000000
108749  49.869  16.038  20.779 0.0000000000
109594  50.613  16.608  21.326 0.0000000000
111221  50.933  19.052  23.551 0.0000000000
110415  54.245  18.639  20.802 0.0000000000
110404  53.887  18.283  21.107 0.0000000000
110392  53.288  18.269  21.846 0.0000000000
111217  55.671  18.683  22.970 0.0000000000
111218  54.591  18.834  22.924 0.0000000000
111219  53.545  18.863  22.726 0.0000000000
111220  52.465  18.559  22.487 0.0000000000
139434  51.808  19.211  23.464 0.0000000000
111207  51.324  19.467  24.360 0.0000000000
111193  51.806  19.655  25.198 0.0000000000
163438  51.396  19.550  27.180 0.0000000000
136783  53.331  19.748  27.376 0.0000000000
153987  52.606  19.669  27.364 0.0000000000
135557  51.884  19.520  27.813 0.0000000000
111126  51.414  19.421  29.220 0.0000000000
135806  51.105  19.334  29.862 0.0000000000
112872  56.872  21.512  26.167 0.0000000000
112871  58.242  21.386  25.789 0.0000000000
158299  59.174  20.984  26.029 0.0000000000
112842  59.235  21.049  28.307 0.0000000000
112856  59.558  20.384  27.290 0.0000000000
112019  59.644  20.000  26.756 0.0000000000
111153  59.424  19.526  27.039 0.0000000000
111155  58.782  19.249  27.508 0.0000000000
111156  57.847  19.447  27.714 0.0000000000
111969  59.102  19.585  32.899 0.0000000000
148844  59.175  18.819  32.917 0.0000000000
111091  59.427  19.056  31.559 0.0000000000
111092  59.071  18.708  32.302 0.0000000000
111105  59.286  19.070  31.113 0.0000000000
162645  58.837  19.273  29.860 0.0000000000
111121  57.875  19.465  29.351 0.0000000000
111140  57.127  19.591  28.355 0.0000000000
135559  56.269  19.649  29.066 0.0000000000
111123  54.771  19.579  29.778 0.0000000000
159535  54.091  19.518  29.689 0.0000000000
110301  54.316  18.770  32.018 0.0000000000
111095  53.729  19.205  31.201 0.0000000000
157666  53.333  19.372  30.493 0.0000000000
111097  51.953  19.070  31.184 0.0000000000
110304  51.259  18.914  31.270 0.0000000000
110294  50.119  18.355  32.091 0.0000000000
109524  49.753  17.881  32.712 0.0000000000
108672  49.156  16.957  33.978 0.0000000000
108658  48.768  16.355  34.549 0.0000000000
108657  49.864  16.342  34.579 0.0000000000
107836  48.370  15.674  35.063 0.0000000000
107827  46.755  14.802  35.137 0.0000000000
106275  45.972  13.429  35.143 0.0000000000
104707  45.560  11.397  34.616 0.0000000000
102941  46.537  9.492  34.554 0.0000000000
107025  49.746  14.347  36.248 0.0000000000
106263  48.565  13.170  36.463 0.0000000000
105489  47.676  11.689  36.916 0.0000000000
106261  48.240  12.373  36.760 0.0000000000
105491  47.417  12.215  36.246 0.0000000000
148341  45.604  10.856  35.124 0.0000000000
102942  45.917  9.738  34.903 0.0000000000
102032  47.932  8.598  34.722 0.0000000000
102018  48.350  8.011  35.226 0.0000000000
101069  49.564  7.639  35.886 0.0000000000
101055  50.787  7.646  36.614 0.0000000000
101044  51.762  7.739  37.427 0.0000000000
124402  50.034  37.326  33.090 0.0000000000
123876  50.282  36.768  33.468 0.0000000000
123875  51.435  36.935  33.431 0.0000000000
123384  52.875  36.287  32.540 0.0000000000
122875  53.609  35.043  31.704 0.0000000000
122300  54.332  34.547  30.663 0.0000000000
122275  47.442  34.364  33.645 0.0000000000
122290  47.987  33.916  32.309 0.0000000000
119470  47.754  29.152  28.740 0.0000000000
120248  47.996  29.951  28.995 0.0000000000
120246  49.588  30.559  28.498 0.0000000000
122305  48.202  33.312  31.186 0.0000000000
144818  48.723  33.829  31.641 0.0000000000
122289  49.589  34.106  31.600 0.0000000000
122303  51.421  33.660  30.829 0.0000000000
122314  52.086  33.143  30.233 0.0000000000
122302  52.777  33.769  30.826 0.0000000000
122312  54.475  33.754  29.971 0.0000000000
122316  54.566  33.696  29.244 0.0000000000
121683  54.576  33.066  28.536 0.0000000000
154438  53.587  31.888  25.925 0.0000000000
120286  54.108  30.611  25.657 0.0000000000
120287  53.672  30.629  25.135 0.0000000000
120288  52.776  31.004  24.928 0.0000000000
118735  51.195  28.334  23.822 0.0000000000
117161  49.963  26.490  23.440 0.0000000000
117146  53.148  26.921  23.771 0.0000000000
117158  53.001  26.639  23.226 0.0000000000
117159  52.385  26.770  22.990 0.0000000000
115507  52.266  24.559  21.324 0.0000000000
116318  52.405  25.640  22.165 0.0000000000
117172  51.903  26.248  22.500 0.0000000000
116305  50.669  26.054  22.787 0.0000000000
116306  49.575  25.734  23.211 0.0000000000
115490  49.205  24.908  22.973 0.0000000000
159498  48.528  23.635  22.558 0.0000000000
114679  48.184  22.643  21.616 0.0000000000
113812  48.905  21.898  20.533 0.0000000000
142048  48.274  22.142  20.960 0.0000000000
113802  47.602  22.028  21.271 0.0000000000
112934  47.263  21.349  21.269 0.0000000000
112057  47.715  20.057  21.714 0.0000000000
110397  47.129  18.129  22.441 0.0000000000
152689  46.638  17.074  22.550 0.0000000000
109586  46.010  16.287  22.868 0.0000000000
107910  47.722  15.082  21.257 0.0000000000
108744  46.755  15.127  21.778 0.0000000000
108737  45.534  15.357  23.027 0.0000000000
107904  44.800  15.067  23.559 0.0000000000
107905  44.816  14.665  23.739 0.0000000000
106348  43.898  13.954  24.685 0.0000000000
110370  48.652  18.314  24.386 0.0000000000
109577  47.640  16.934  24.353 0.0000000000
109569  46.666  17.174  25.694 0.0000000000
158669  46.555  16.239  25.319 0.0000000000
108728  46.700  15.411  24.523 0.0000000000
107087  45.719  14.341  24.449 0.0000000000
106346  44.781  13.757  24.947 0.0000000000
106340  44.158  13.660  25.178 0.0000000000
105573  42.946  13.269  26.624 0.0000000000
105567  43.618  12.965  27.389 0.0000000000
105560  43.438  12.586  28.336 0.0000000000
105548  43.796  12.150  29.053 0.0000000000
104773  43.598  11.766  29.592 0.0000000000
110307  48.516  18.495  31.381 0.0000000000
110308  47.577  18.261  31.484 0.0000000000
151045  46.909  18.218  30.971 0.0000000000
152935  45.561  16.207  32.243 0.0000000000
108686  45.534  16.609  31.553 0.0000000000
109539  46.230  17.899  30.564 0.0000000000
108690  45.285  16.715  30.588 0.0000000000
108691  44.858  16.097  30.114 0.0000000000
149048  49.023  14.078  30.166 0.0000000000
106305  48.427  14.065  29.894 0.0000000000
104771  48.456  12.501  29.415 0.0000000000
105531  48.226  13.488  29.694 0.0000000000
106307  46.193  13.992  30.731 0.0000000000
106308  45.550  14.273  30.645 0.0000000000
106309  44.990  13.879  30.084 0.0000000000
105534  45.692  12.785  30.227 0.0000000000
102908  57.899  10.313  36.825 0.0000000000
102919  56.524  9.833  36.061 0.0000000000
152054  58.650  10.638  35.675 0.0000000000
138596  57.122  10.242  35.484 0.0000000000
101057  47.549  7.479  36.600 0.0000000000
101071  47.861  7.629  35.839 0.0000000000
101988  45.903  8.567  38.834 0.0000000000
102017  49.250  7.974  35.242 0.0000000000
102033  46.948  8.752  34.861 0.0000000000
102904  45.656  9.305  37.758 0.0000000000
102910  45.758  9.418  36.196 0.0000000000
102921  46.197  9.138  35.207 0.0000000000
102937  50.450  9.056  34.038 0.0000000000
102970  52.094  10.119  32.580 0.0000000000
103831  45.672  10.254  35.020 0.0000000000
103842  46.617  10.751  33.581 0.0000000000
103844  45.633  10.927  34.468 0.0000000000
103856  51.376  10.439  32.495 0.0000000000
103858  49.191  11.014  32.690 0.0000000000
104689  46.036  11.040  37.404 0.0000000000
104694  46.826  11.138  37.036 0.0000000000
104696  46.854  11.212  36.840 0.0000000000
105492  46.714  11.619  36.211 0.0000000000
105493  45.793  11.870  35.351 0.0000000000
105506  45.404  12.845  33.946 0.0000000000
105532  47.605  13.577  30.140 0.0000000000
105545  49.711  13.718  28.910 0.0000000000
105563  40.407  13.416  28.378 0.0000000000
106244  48.056  13.349  37.950 0.0000000000
106254  50.332  14.314  37.494 0.0000000000
106264  47.856  12.859  36.173 0.0000000000
106266  45.625  12.726  34.788 0.0000000000
106281  45.438  13.839  33.647 0.0000000000
106293  50.174  13.549  30.382 0.0000000000
106304  49.717  13.933  29.921 0.0000000000
106333  44.732  13.683  25.532 0.0000000000
106335  43.374  13.541  25.788 0.0000000000
106341  43.451  13.827  25.146 0.0000000000
106347  44.507  13.891  24.680 0.0000000000
107016  51.736  14.775  37.989 0.0000000000
107019  51.001  14.489  37.158 0.0000000000
107024  50.657  14.590  36.481 0.0000000000
107028  46.555  13.957  35.340 0.0000000000
107043  45.474  14.631  33.340 0.0000000000
107056  45.507  15.017  31.547 0.0000000000
107062  44.760  14.665  29.949 0.0000000000
107081  45.084  13.949  25.939 0.0000000000
107089  43.257  14.188  24.978 0.0000000000
107093  44.492  14.278  24.224 0.0000000000
107098  46.283  14.730  22.651 0.0000000000
107100  45.128  14.427  23.807 0.0000000000
107814  52.907  15.329  37.964 0.0000000000
107816  55.040  15.802  37.004 0.0000000000
107818  53.289  15.251  37.464 0.0000000000
107821  54.452  15.551  36.847 0.0000000000
107822  53.714  15.320  36.882 0.0000000000
107833  51.634  15.555  35.524 0.0000000000
107837  47.296  15.559  34.887 0.0000000000
107838  45.978  15.180  34.438 0.0000000000
107853  45.490  15.654  32.417 0.0000000000
107860  44.941  15.451  30.436 0.0000000000
107885  42.400  14.742  26.177 0.0000000000
107888  46.212  14.803  24.715 0.0000000000
107894  46.859  14.890  23.576 0.0000000000
107901  47.740  14.972  22.077 0.0000000000
107902  47.259  14.814  22.664 0.0000000000
107903  46.548  14.620  23.042 0.0000000000
107912  46.773  14.912  21.925 0.0000000000
107918  47.274  15.023  21.373 0.0000000000
108640  55.877  16.397  36.518 0.0000000000
108642  54.875  15.789  36.456 0.0000000000
108673  48.114  16.881  33.935 0.0000000000
108676  45.673  16.088  32.952 0.0000000000
108702  44.552  15.807  28.226 0.0000000000
108709  42.597  16.029  27.488 0.0000000000
108714  45.408  16.280  26.665 0.0000000000
108720  47.052  16.503  24.837 0.0000000000
108721  46.201  15.520  25.342 0.0000000000
108729  44.918  15.806  23.769 0.0000000000
108736  46.222  15.381  22.348 0.0000000000
108741  49.069  15.601  20.889 0.0000000000
108743  47.292  15.584  21.239 0.0000000000
108751  47.845  15.254  21.047 0.0000000000
109472  55.130  16.534  37.074 0.0000000000
109485  55.646  17.175  36.682 0.0000000000
109494  53.502  16.643  34.536 0.0000000000
109511  49.452  17.438  33.329 0.0000000000
109523  50.778  17.839  32.793 0.0000000000
109526  47.360  17.862  32.152 0.0000000000
109533  46.374  17.700  31.367 0.0000000000
109534  45.769  17.307  31.023 0.0000000000
109540  45.595  17.406  30.128 0.0000000000
109557  46.027  17.902  27.678 0.0000000000
109576  48.287  17.324  23.894 0.0000000000
109592  52.106  17.318  21.085 0.0000000000
109602  52.288  17.525  20.723 0.0000000000
109610  52.473  17.823  20.550 0.0000000000
109613  49.901  16.812  20.478 0.0000000000
110267  56.742  17.704  35.897 0.0000000000
110275  58.941  18.597  33.812 0.0000000000
110293  51.991  18.338  32.258 0.0000000000
110296  48.218  18.113  32.119 0.0000000000
110315  50.778  19.122  30.636 0.0000000000
110355  46.923  18.323  26.841 0.0000000000
110363  48.390  18.774  25.322 0.0000000000
110364  47.658  18.421  25.690 0.0000000000
110368  50.143  18.875  23.733 0.0000000000
110376  56.750  18.924  22.125 0.0000000000
110378  55.160  18.528  22.420 0.0000000000
110382  49.727  18.047  23.110 0.0000000000
110402  55.883  19.151  21.174 0.0000000000
110414  55.203  19.149  20.782 0.0000000000
111048  53.833  18.773  35.382 0.0000000000
111070  58.851  18.621  34.081 0.0000000000
111083  56.659  18.671  32.336 0.0000000000
111096  52.793  19.223  31.051 0.0000000000
111108  54.126  19.419  30.372 0.0000000000
111119  59.393  19.455  29.603 0.0000000000
111122  55.625  19.630  29.602 0.0000000000
111125  52.667  19.456  29.450 0.0000000000
111127  50.615  19.372  29.144 0.0000000000
111137  59.397  19.500  27.999 0.0000000000
111145  50.443  19.423  28.370 0.0000000000
111154  59.244  19.351  27.429 0.0000000000
111161  49.422  19.358  27.600 0.0000000000
111162  48.778  19.217  27.569 0.0000000000
111171  59.261  19.327  26.372 0.0000000000
111172  58.326  19.165  26.223 0.0000000000
111177  52.937  19.764  26.683 0.0000000000
111180  49.854  19.423  26.990 0.0000000000
111183  43.677  19.599  26.125 0.0000000000
111186  59.224  19.243  25.337 0.0000000000
111190  55.283  19.413  24.707 0.0000000000
111200  59.165  19.212  24.265 0.0000000000
111230  57.195  19.423  21.919 0.0000000000
111238  56.822  19.784  21.469 0.0000000000
111239  56.384  19.604  21.153 0.0000000000
111249  55.893  19.663  20.822 0.0000000000
111252  53.654  19.353  20.366 0.0000000000
111253  51.793  18.868  20.277 0.0000000000
111262  53.445  20.123  20.309 0.0000000000
111957  58.726  19.469  33.517 0.0000000000
111970  58.640  20.465  32.789 0.0000000000
111994  59.646  19.634  29.150 0.0000000000
112002  59.594  19.682  28.427 0.0000000000
112020  59.490  20.185  25.915 0.0000000000
112022  42.296  20.430  26.129 0.0000000000
112027  59.393  19.662  24.974 0.0000000000
112036  59.051  19.613  23.725 0.0000000000
112049  43.742  20.926  23.192 0.0000000000
112053  57.256  20.212  22.050 0.0000000000
112054  56.575  20.386  21.724 0.0000000000
112065  56.174  20.273  21.122 0.0000000000
112069  47.819  20.841  21.149 0.0000000000
112070  46.939  20.858  21.535 0.0000000000
112076  55.735  20.100  20.753 0.0000000000
112079  53.131  20.880  20.341 0.0000000000
112080  51.414  19.989  20.343 0.0000000000
112082  49.906  20.886  20.314 0.0000000000
112084  48.561  20.889  20.747 0.0000000000
112771  55.673  21.249  33.259 0.0000000000
112808  58.170  22.066  30.114 0.0000000000
112825  58.592  21.588  29.479 0.0000000000
112829  54.042  21.485  29.903 0.0000000000
112831  51.466  21.432  29.658 0.0000000000
112833  49.574  21.564  29.580 0.0000000000
112834  48.732  21.649  29.786 0.0000000000
112841  59.588  20.373  27.986 0.0000000000
112844  55.658  21.477  28.641 0.0000000000
112847  52.591  21.522  28.600 0.0000000000
112857  59.262  20.995  27.456 0.0000000000
112858  58.535  21.410  27.689 0.0000000000
112862  53.473  21.600  27.464 0.0000000000
112866  50.174  21.958  27.927 0.0000000000
112873  55.867  21.533  26.497 0.0000000000
112878  51.108  22.008  26.787 0.0000000000
112890  51.695  21.921  25.561 0.0000000000
112896  58.427  20.456  23.508 0.0000000000
112900  52.397  21.570  24.212 0.0000000000
112901  51.634  21.925  24.572 0.0000000000
112910  53.846  20.880  22.940 0.0000000000
112913  43.465  21.297  23.340 0.0000000000
112933  52.850  21.654  20.599 0.0000000000
112935  46.458  21.343  21.627 0.0000000000
112940  52.773  21.544  20.213 0.0000000000
112942  49.715  21.521  20.215 0.0000000000
112949  52.177  21.274  19.958 0.0000000000
113735  47.444  22.330  29.534 0.0000000000
113751  48.893  22.834  27.739 0.0000000000
113757  50.466  22.547  26.388 0.0000000000
113767  51.073  22.249  25.968 0.0000000000
113776  50.570  23.152  24.999 0.0000000000
113784  51.484  22.727  23.456 0.0000000000
113791  52.480  22.382  21.629 0.0000000000
113796  44.702  21.712  22.678 0.0000000000
113816  52.643  22.001  19.908 0.0000000000
114612  45.561  23.703  29.915 0.0000000000
114621  46.827  24.279  28.697 0.0000000000
114647  49.909  24.163  25.778 0.0000000000
114660  52.011  23.554  22.903 0.0000000000
114661  48.213  23.774  23.052 0.0000000000
114662  47.498  23.230  22.992 0.0000000000
114677  51.585  23.999  20.850 0.0000000000
114683  52.532  23.085  20.556 0.0000000000
115449  45.596  24.511  29.517 0.0000000000
115461  48.273  24.748  27.493 0.0000000000
115468  49.545  24.423  26.262 0.0000000000
115480  51.214  24.214  24.380 0.0000000000
115488  52.937  25.156  22.328 0.0000000000
115499  50.807  24.807  21.948 0.0000000000
115501  48.844  24.093  22.739 0.0000000000
116303  52.951  25.910  22.786 0.0000000000
116329  52.983  25.004  21.928 0.0000000000
116330  52.712  25.081  21.819 0.0000000000
116331  51.891  25.124  21.716 0.0000000000
117117  47.799  26.216  27.884 0.0000000000
117124  51.840  26.877  25.934 0.0000000000
117127  49.108  26.051  27.034 0.0000000000
117147  52.882  26.416  24.258 0.0000000000
117957  48.571  27.702  24.373 0.0000000000
117958  47.802  27.972  24.622 0.0000000000
117966  49.615  27.751  24.085 0.0000000000
118664  45.670  28.295  29.661 0.0000000000
118674  48.314  28.660  28.295 0.0000000000
118675  47.560  28.337  28.554 0.0000000000
118676  46.838  28.016  28.853 0.0000000000
118686  49.747  28.498  27.549 0.0000000000
118697  53.890  29.214  25.560 0.0000000000
118711  53.878  29.247  24.942 0.0000000000
118727  48.267  28.602  24.610 0.0000000000
119487  51.418  29.480  27.402 0.0000000000
119489  49.123  29.006  28.021 0.0000000000
119503  53.910  29.568  26.181 0.0000000000
119504  53.123  29.115  26.645 0.0000000000
119516  53.920  30.036  25.077 0.0000000000
119530  48.590  29.377  24.676 0.0000000000
120210  43.448  30.795  32.970 0.0000000000
120237  46.694  30.147  29.721 0.0000000000
120259  54.440  31.179  26.921 0.0000000000
120289  49.506  30.668  24.829 0.0000000000
120296  53.222  30.210  24.743 0.0000000000
120297  52.150  30.380  24.569 0.0000000000
120298  51.081  30.580  24.646 0.0000000000
120937  42.405  32.677  34.971 0.0000000000
120956  43.869  31.568  33.511 0.0000000000
120959  45.389  31.761  31.750 0.0000000000
120960  44.717  31.399  32.142 0.0000000000
120972  46.944  31.025  29.908 0.0000000000
120978  51.201  31.439  28.615 0.0000000000
121012  53.685  31.228  25.486 0.0000000000
121016  49.422  31.392  25.171 0.0000000000
121025  51.719  30.968  24.802 0.0000000000
121026  51.020  31.154  24.905 0.0000000000
121669  49.543  32.969  30.212 0.0000000000
121677  52.861  32.678  29.664 0.0000000000
121684  54.437  32.657  28.792 0.0000000000
122288  50.950  34.353  31.626 0.0000000000
122301  53.938  34.074  30.782 0.0000000000
122837  48.220  35.460  33.828 0.0000000000
122839  47.004  34.977  34.470 0.0000000000
122857  49.044  35.188  33.400 0.0000000000
122858  48.019  35.038  34.006 0.0000000000
122898  53.263  34.420  31.371 0.0000000000
122899  52.154  34.201  31.338 0.0000000000
123389  46.849  35.411  33.780 0.0000000000
123407  45.819  35.641  31.153 0.0000000000
124401  51.060  37.489  33.214 0.0000000000
124417  46.116  37.153  30.259 0.0000000000
135321  48.076  23.976  27.806 0.0000000000
135558  55.110  19.708  28.969 0.0000000000
136351  49.877  21.698  28.728 0.0000000000
136421  49.181  14.238  38.224 0.0000000000
136893  52.979  15.027  36.903 0.0000000000
136965  51.212  14.600  37.657 0.0000000000
136983  48.179  12.511  37.344 0.0000000000
137050  48.359  18.846  29.832 0.0000000000
137252  50.005  19.358  28.789 0.0000000000
137793  50.326  27.207  23.639 0.0000000000
138616  58.311  19.273  30.413 0.0000000000
138783  50.892  22.593  20.153 0.0000000000
139012  49.198  13.459  37.400 0.0000000000
139544  46.259  8.202  37.113 0.0000000000
140416  56.354  17.076  36.492 0.0000000000
140481  44.686  11.205  30.076 0.0000000000
141041  59.365  19.354  28.935 0.0000000000
141136  58.869  19.170  26.660 0.0000000000
141456  52.956  28.652  24.015 0.0000000000
142740  49.584  19.399  26.344 0.0000000000
142876  53.874  30.714  27.377 0.0000000000
143498  46.586  26.396  28.667 0.0000000000
145496  44.557  13.834  29.189 0.0000000000
147205  53.747  18.264  21.464 0.0000000000
147741  51.665  17.660  20.363 0.0000000000
148187  54.386  18.399  21.519 0.0000000000
148344  46.330  12.484  35.522 0.0000000000
149421  58.537  18.412  34.428 0.0000000000
149636  59.392  20.676  26.691 0.0000000000
150473  47.934  17.686  32.737 0.0000000000
150633  55.077  17.103  34.449 0.0000000000
150774  53.723  18.741  20.561 0.0000000000
151206  59.314  19.296  30.196 0.0000000000
151763  46.629  34.475  34.278 0.0000000000
152101  45.772  14.511  23.601 0.0000000000
152184  51.665  23.959  23.623 0.0000000000
152580  50.380  7.757  35.944 0.0000000000
152688  47.986  16.862  21.148 0.0000000000
152880  52.965  24.154  21.429 0.0000000000
154571  45.161  22.262  23.082 0.0000000000
155185  46.915  17.943  31.643 0.0000000000
155757  50.500  17.061  20.381 0.0000000000
155778  49.370  15.904  20.674 0.0000000000
156443  44.306  13.488  26.624 0.0000000000
156936  55.572  16.273  36.826 0.0000000000
157231  52.204  19.309  30.565 0.0000000000
158585  51.338  21.564  28.388 0.0000000000
160208  46.595  24.909  28.676 0.0000000000
160664  58.926  19.247  28.060 0.0000000000
161312  57.357  17.570  35.143 0.0000000000
161422  50.220  16.166  20.990 0.0000000000
161963  53.131  27.227  23.639 0.0000000000
162678  45.448  15.409  31.882 0.0000000000
163450  54.848  21.367  24.757 0.0000000000
