#!ascii label  , from subject sub-v1s13x0050011_ses-1 vox2ras=TkReg
932
91899  20.301  -2.960  -13.737 0.2500000000
91898  21.059  -3.290  -13.910 0.7500000000
95001  21.222  0.364  -13.521 0.2500000000
93929  21.146  -0.732  -13.387 0.1250000000
93928  20.374  -1.126  -13.410 0.2500000000
92845  20.077  -2.229  -13.460 0.2500000000
92865  21.164  -2.089  -14.061 0.7500000000
91914  21.882  -3.136  -14.435 0.8750000000
92864  21.452  -2.671  -14.270 0.8750000000
91913  22.692  -2.911  -15.369 0.8750000000
95000  21.285  -0.203  -13.704 0.3750000000
93943  21.380  -0.680  -14.096 0.3750000000
92883  21.615  -1.180  -14.533 0.8750000000
158803  21.147  -1.526  -13.856 0.7500000000
92897  22.729  -1.138  -15.835 1.0000000000
137608  22.043  -1.791  -14.916 1.0000000000
91929  23.409  -2.332  -16.150 1.0000000000
95015  21.532  0.280  -14.315 0.8750000000
93960  21.830  -0.198  -14.794 0.8750000000
93959  22.225  -0.682  -15.299 1.0000000000
92912  24.686  -1.382  -17.548 1.0000000000
92896  23.369  -1.488  -16.358 1.0000000000
92895  24.070  -1.847  -16.835 1.0000000000
95991  20.536  1.166  -12.239 0.1250000000
96006  21.311  0.846  -13.910 0.6250000000
95027  21.832  0.604  -14.926 1.0000000000
93991  23.898  -0.135  -17.165 1.0000000000
93977  23.334  -0.610  -16.530 1.0000000000
93978  22.775  -0.197  -16.039 1.0000000000
95026  22.304  0.390  -15.536 1.0000000000
93990  24.610  -0.505  -17.668 1.0000000000
92913  23.953  -0.997  -17.064 1.0000000000
94000  26.457  -0.670  -18.671 1.0000000000
153317  20.375  5.318  -11.987 0.2500000000
151682  20.613  1.770  -12.769 0.3750000000
96007  21.164  1.340  -13.738 0.5000000000
96020  21.284  1.941  -14.137 1.0000000000
153018  21.100  2.097  -13.864 0.6250000000
96019  21.577  1.187  -14.572 1.0000000000
96030  22.526  1.264  -16.093 1.0000000000
96031  22.002  1.281  -15.311 1.0000000000
95046  24.498  0.442  -17.803 1.0000000000
95038  23.302  0.231  -16.657 1.0000000000
95056  25.266  0.657  -18.429 1.0000000000
94001  25.833  -0.451  -18.632 1.0000000000
95055  25.867  0.834  -18.669 1.0000000000
95054  26.440  0.686  -18.570 1.0000000000
134544  20.296  3.916  -13.139 0.5000000000
153293  19.559  1.022  -11.112 0.3750000000
97774  20.310  4.068  -12.973 0.3750000000
96918  20.525  2.837  -13.203 0.5000000000
97786  20.469  3.802  -13.423 0.5000000000
96932  21.298  2.903  -14.468 0.8750000000
97798  21.264  3.600  -14.696 1.0000000000
96050  22.881  2.128  -16.706 1.0000000000
139815  21.653  2.076  -14.909 1.0000000000
96061  24.376  1.960  -18.069 1.0000000000
163460  23.398  1.640  -17.152 1.0000000000
96964  26.144  2.069  -18.652 1.0000000000
96059  25.715  1.663  -18.662 1.0000000000
96057  27.029  1.432  -17.981 0.8750000000
134663  20.614  5.889  -12.670 0.5000000000
153380  20.247  3.824  -12.895 0.5000000000
159530  20.754  4.383  -14.216 0.6250000000
98717  20.967  4.231  -14.488 1.0000000000
97799  20.821  3.671  -14.087 0.7500000000
97815  22.194  3.864  -16.231 1.0000000000
97835  25.104  4.189  -18.738 1.0000000000
97821  23.521  3.421  -17.679 1.0000000000
96958  23.346  2.680  -17.352 1.0000000000
96959  22.763  3.170  -16.876 1.0000000000
145534  25.342  3.472  -18.671 1.0000000000
96966  24.719  2.589  -18.482 1.0000000000
96967  23.999  2.664  -17.950 1.0000000000
97828  25.896  3.490  -18.516 0.8750000000
96965  25.437  2.543  -18.663 1.0000000000
160338  26.729  2.431  -18.095 0.8750000000
153374  20.464  5.425  -13.542 0.5000000000
98728  21.025  4.624  -14.744 0.8750000000
99679  23.301  5.549  -17.769 1.0000000000
98735  22.207  4.706  -16.423 1.0000000000
98751  24.900  4.582  -18.766 1.0000000000
98743  23.688  4.752  -18.089 1.0000000000
156208  25.063  6.308  -19.181 1.0000000000
98749  25.948  4.269  -18.274 1.0000000000
98750  25.425  4.201  -18.618 1.0000000000
99689  25.072  5.665  -18.940 1.0000000000
148504  25.762  5.734  -18.281 1.0000000000
153346  20.414  6.014  -14.051 0.5000000000
145567  21.384  4.953  -15.375 1.0000000000
100630  23.109  7.088  -17.878 1.0000000000
143170  22.712  6.043  -17.347 1.0000000000
99673  21.826  5.498  -16.258 1.0000000000
102554  25.031  8.332  -19.471 1.0000000000
101574  24.749  7.560  -19.429 1.0000000000
102547  25.357  8.310  -18.956 1.0000000000
101573  25.110  7.505  -19.266 1.0000000000
149986  24.972  6.832  -19.333 1.0000000000
100627  25.680  6.606  -18.270 1.0000000000
150430  25.217  6.754  -19.059 1.0000000000
103437  22.138  9.673  -16.886 1.0000000000
102511  20.970  8.768  -14.458 0.3750000000
146043  21.829  9.110  -16.333 0.8750000000
150369  22.276  7.827  -17.295 1.0000000000
103470  24.747  9.293  -19.660 1.0000000000
102555  24.416  8.382  -19.525 1.0000000000
146678  21.885  10.138  -16.119 0.8750000000
103436  22.264  10.259  -17.037 1.0000000000
103450  22.263  9.061  -17.302 1.0000000000
103449  22.423  9.822  -17.784 1.0000000000
102557  23.152  8.835  -19.281 1.0000000000
104342  24.687  10.230  -20.070 1.0000000000
103483  24.290  9.959  -20.063 1.0000000000
104332  25.160  9.947  -19.499 1.0000000000
104313  21.901  10.877  -15.785 0.7500000000
104324  22.435  10.770  -17.862 1.0000000000
104343  22.754  10.322  -19.491 1.0000000000
105154  23.693  10.833  -21.753 1.0000000000
150703  23.330  10.708  -20.858 1.0000000000
104353  23.702  10.168  -20.315 1.0000000000
141610  22.595  10.866  -19.123 1.0000000000
105155  22.809  11.275  -21.429 1.0000000000
108162  23.306  14.835  -14.207 0.1250000000
108161  23.838  15.205  -13.833 0.1250000000
108181  22.914  15.417  -15.822 0.2500000000
109016  23.370  15.778  -15.387 0.1250000000
156077  22.722  15.906  -16.407 0.3750000000
109055  22.689  16.772  -16.728 0.2500000000
109874  22.254  17.570  -17.331 0.3750000000
109015  24.033  16.329  -14.997 0.2500000000
109036  23.148  16.228  -16.089 0.2500000000
109035  23.580  16.543  -15.641 0.2500000000
150951  23.388  18.196  -16.278 0.2500000000
109873  22.877  17.867  -16.727 0.2500000000
110678  22.469  18.691  -17.172 0.2500000000
110695  21.935  18.287  -17.665 0.3750000000
109855  23.391  17.258  -16.145 0.2500000000
111540  21.795  19.225  -17.720 0.2500000000
91881  20.000  -3.019  -13.615 0.1250000000
91962  26.240  -2.159  -18.392 1.0000000000
99690  24.438  6.122  -18.910 1.0000000000
90957  20.412  -3.509  -13.499 0.1250000000
90972  22.358  -3.549  -14.741 0.6250000000
90047  23.608  -4.324  -15.748 0.7500000000
91869  20.131  -2.498  -13.520 0.1250000000
91003  24.848  -3.253  -17.138 1.0000000000
91945  25.553  -2.661  -17.844 1.0000000000
149015  26.930  -2.126  -18.433 1.0000000000
96893  20.067  1.932  -11.654 0.3750000000
97775  19.767  3.753  -11.915 0.2500000000
96905  20.389  2.551  -12.506 0.2500000000
95053  26.969  0.717  -18.239 0.8750000000
98741  26.878  3.552  -17.139 0.8750000000
96957  26.977  2.162  -17.638 0.8750000000
150954  26.394  5.016  -17.236 0.8750000000
102512  20.833  8.315  -13.748 0.1250000000
153355  20.438  6.474  -13.163 0.3750000000
148860  20.363  6.759  -13.967 0.6250000000
101566  25.442  7.491  -18.665 1.0000000000
137124  26.129  5.865  -17.441 0.8750000000
103423  21.483  9.749  -15.469 0.5000000000
102522  20.653  7.929  -14.148 0.3750000000
102521  21.501  8.165  -15.948 0.8750000000
103469  25.291  9.132  -19.202 1.0000000000
146062  25.089  10.639  -19.968 1.0000000000
104312  22.233  10.881  -16.677 1.0000000000
104352  24.194  10.524  -20.863 1.0000000000
105127  22.246  11.588  -16.143 0.8750000000
105906  22.521  12.537  -19.287 1.0000000000
138134  22.472  12.067  -20.848 1.0000000000
105161  23.183  11.634  -22.190 1.0000000000
107349  23.474  14.409  -12.652 0.1250000000
107359  22.765  14.219  -14.065 0.1250000000
107383  22.488  14.503  -15.947 0.6250000000
108182  22.519  15.262  -16.359 0.6250000000
109070  21.684  16.836  -17.847 0.5000000000
108169  23.617  15.462  -14.615 0.2500000000
109892  21.672  17.610  -17.922 0.5000000000
109842  23.976  17.230  -15.439 0.2500000000
110713  21.491  18.426  -18.180 0.5000000000
110665  23.843  18.120  -15.735 0.1250000000
110677  23.069  18.818  -16.560 0.2500000000
111541  21.347  20.003  -18.114 0.2500000000
146222  20.845  19.884  -18.774 0.3750000000
162291  20.987  20.499  -18.447 0.2500000000
154179  23.562  18.962  -15.976 0.1250000000
90973  21.449  -3.809  -14.033 0.5000000000
92846  20.473  -1.599  -13.541 0.1250000000
149445  22.174  -2.543  -14.908 0.8750000000
90989  23.126  -3.605  -15.465 1.0000000000
155813  23.445  -3.027  -16.022 1.0000000000
92882  22.758  -2.039  -15.601 1.0000000000
91928  24.109  -2.705  -16.629 1.0000000000
91946  24.781  -2.269  -17.361 1.0000000000
94002  25.243  -0.087  -18.258 1.0000000000
95039  22.797  0.565  -16.254 1.0000000000
92927  25.300  -0.917  -18.214 1.0000000000
92925  26.671  -1.436  -18.577 1.0000000000
96933  20.969  2.932  -13.952 0.8750000000
96942  22.147  2.123  -15.728 1.0000000000
155751  25.738  0.206  -18.616 1.0000000000
95047  23.733  0.585  -17.231 1.0000000000
96039  23.197  1.100  -16.826 1.0000000000
96048  24.730  1.247  -18.266 1.0000000000
96963  26.657  2.017  -18.266 1.0000000000
153377  20.497  4.053  -13.604 0.6250000000
96943  21.663  2.950  -15.224 1.0000000000
97808  21.553  3.847  -15.371 1.0000000000
96950  22.116  3.008  -16.080 1.0000000000
96060  25.073  1.884  -18.567 1.0000000000
97827  26.369  2.734  -18.380 0.8750000000
96047  27.252  1.579  -17.252 0.8750000000
98727  21.321  4.570  -15.164 1.0000000000
98757  25.100  4.827  -18.763 1.0000000000
146020  24.350  3.292  -18.379 1.0000000000
98752  24.440  4.663  -18.577 1.0000000000
98742  26.425  4.316  -17.611 0.8750000000
149853  23.802  6.037  -18.402 1.0000000000
98736  21.619  4.876  -15.714 1.0000000000
98744  22.966  4.770  -17.323 1.0000000000
99685  24.810  5.359  -18.853 1.0000000000
97822  22.811  4.008  -17.045 1.0000000000
100634  24.931  6.218  -19.168 1.0000000000
100628  25.328  6.018  -18.843 1.0000000000
100605  20.726  6.114  -14.994 0.7500000000
146192  22.167  6.199  -16.849 1.0000000000
100615  22.068  6.848  -16.938 1.0000000000
100621  23.266  6.383  -17.858 1.0000000000
101561  22.393  7.257  -17.335 1.0000000000
101568  23.379  7.602  -18.581 1.0000000000
101567  24.010  7.638  -19.332 1.0000000000
100629  23.814  6.808  -18.704 1.0000000000
150049  21.566  8.767  -15.852 0.7500000000
102533  21.640  8.222  -16.247 1.0000000000
100604  21.784  6.719  -16.529 1.0000000000
102549  22.980  8.276  -18.494 1.0000000000
101555  21.869  7.520  -16.750 1.0000000000
102541  22.512  8.385  -17.675 1.0000000000
103471  23.913  9.220  -19.696 1.0000000000
156181  22.611  9.675  -18.501 1.0000000000
103472  23.261  9.565  -19.741 1.0000000000
141338  22.676  9.087  -18.335 1.0000000000
105147  22.566  11.550  -19.816 1.0000000000
103484  23.022  10.182  -20.015 1.0000000000
160661  22.614  11.402  -20.686 1.0000000000
105140  22.521  11.660  -18.521 1.0000000000
105134  22.421  11.681  -17.268 1.0000000000
107358  23.356  14.593  -13.480 0.1250000000
108170  22.989  14.916  -14.939 0.1250000000
107369  22.573  14.315  -14.772 0.3750000000
107382  22.656  14.722  -15.497 0.5000000000
109056  22.118  16.719  -17.331 0.5000000000
108191  22.334  16.022  -16.896 0.7500000000
111528  22.363  19.672  -17.167 0.2500000000
90939  20.846  -3.917  -13.579 0.1250000000
90036  22.662  -4.262  -14.732 0.7500000000
90988  24.003  -3.583  -16.343 1.0000000000
134545  20.676  7.799  -13.311 0.5000000000
101544  20.707  7.207  -14.804 0.7500000000
154713  20.457  7.408  -13.804 0.8750000000
101543  21.590  7.624  -16.238 1.0000000000
102542  22.002  8.331  -16.919 1.0000000000
105162  22.584  12.153  -21.947 1.0000000000
106622  22.328  13.777  -14.271 0.3750000000
107391  22.210  14.835  -16.826 0.7500000000
108198  22.180  15.501  -17.008 0.7500000000
112410  20.634  20.587  -19.066 0.2500000000
112423  20.358  20.652  -20.064 0.3750000000
158640  25.147  -8.929  -16.771 0.7500000000
86110  27.307  -8.299  -17.036 0.7500000000
161823  24.659  -8.445  -16.457 0.7500000000
87063  24.491  -7.786  -16.351 0.7500000000
87073  26.932  -7.689  -17.556 0.7500000000
86112  25.843  -8.597  -17.322 0.7500000000
87075  24.904  -7.466  -16.909 0.7500000000
88098  24.291  -6.955  -16.148 0.7500000000
87084  27.174  -6.782  -17.514 0.7500000000
87085  26.552  -7.215  -17.677 0.7500000000
88108  25.333  -7.168  -17.300 0.7500000000
89084  23.410  -5.049  -15.262 0.7500000000
141765  25.504  -6.606  -17.372 0.7500000000
154048  24.661  -5.702  -16.546 0.8750000000
89092  24.139  -5.083  -16.137 0.8750000000
88107  27.788  -6.599  -17.034 0.7500000000
88120  26.568  -6.460  -17.647 0.7500000000
88121  26.010  -6.164  -17.590 0.7500000000
89091  24.903  -5.024  -16.770 0.8750000000
90046  24.395  -4.345  -16.491 0.8750000000
89104  27.309  -5.188  -17.397 0.7500000000
89105  26.637  -5.298  -17.614 0.7500000000
90057  26.049  -4.463  -17.619 0.8750000000
162420  24.616  -3.833  -16.775 0.8750000000
91000  27.444  -3.621  -17.603 0.7500000000
91017  26.481  -3.564  -17.938 0.8750000000
91018  26.179  -2.961  -18.135 0.8750000000
158769  28.092  -2.035  -16.911 0.8750000000
151171  27.319  -2.166  -18.157 0.8750000000
92910  27.512  -1.568  -17.993 0.8750000000
161899  27.344  -1.066  -18.240 0.8750000000
95024  29.060  0.458  -15.375 0.3750000000
146106  28.509  0.016  -15.771 0.6250000000
135470  27.976  -0.034  -16.441 0.7500000000
93989  27.343  -0.465  -18.188 0.7500000000
95025  28.237  0.722  -15.904 0.5000000000
161571  28.301  1.327  -15.773 0.7500000000
95037  27.363  0.812  -17.501 0.7500000000
96929  29.049  2.383  -14.472 0.1250000000
96018  28.862  1.919  -15.041 0.3750000000
96029  28.386  1.816  -15.616 0.6250000000
96038  27.712  1.408  -16.361 0.6250000000
96949  27.388  2.210  -16.767 0.6250000000
97795  29.181  2.919  -13.786 0.1250000000
159327  28.249  3.292  -14.970 0.1250000000
97797  27.873  3.804  -15.219 0.1250000000
97807  27.644  3.656  -15.833 0.6250000000
154161  27.096  4.677  -16.114 0.6250000000
98734  26.773  4.484  -16.785 0.7500000000
98712  28.220  3.944  -14.419 0.1250000000
99638  27.588  5.596  -14.012 0.1250000000
99665  27.192  5.181  -15.463 0.1250000000
144866  26.613  5.370  -16.413 0.6250000000
98694  28.421  4.422  -13.577 0.1250000000
99650  26.628  6.023  -15.605 0.5000000000
148083  26.359  6.774  -15.730 0.5000000000
100614  26.252  6.373  -16.434 0.6250000000
100620  25.926  6.895  -17.216 0.7500000000
105885  22.206  12.233  -15.519 0.5000000000
105894  22.419  12.583  -16.604 0.7500000000
102532  25.919  8.194  -16.640 0.6250000000
103458  25.782  8.961  -17.700 0.6250000000
102546  25.653  8.284  -18.212 0.8750000000
150770  25.836  8.788  -16.993 0.5000000000
103448  25.733  9.727  -17.972 0.6250000000
103459  25.627  9.054  -18.523 0.7500000000
105152  24.926  11.205  -20.568 0.8750000000
105153  24.395  10.987  -21.427 0.8750000000
149939  25.516  9.823  -18.822 0.7500000000
105146  25.338  11.302  -19.628 0.8750000000
105916  24.609  11.763  -21.301 0.8750000000
147525  24.010  12.549  -21.909 0.8750000000
147074  25.894  9.552  -16.959 0.3750000000
104322  25.811  10.442  -17.343 0.5000000000
104323  25.617  10.515  -18.295 0.6250000000
104311  26.115  10.391  -16.403 0.2500000000
106634  22.334  13.010  -15.796 0.6250000000
106642  22.381  13.540  -16.421 0.7500000000
105900  22.465  12.548  -17.861 0.8750000000
105923  22.877  12.299  -22.330 0.8750000000
105924  22.714  12.891  -22.061 0.7500000000
105910  25.193  12.044  -20.143 0.7500000000
105133  25.688  11.281  -17.653 0.3750000000
140910  25.576  12.135  -17.973 0.5000000000
105911  24.700  12.783  -20.633 0.7500000000
106635  22.344  13.712  -15.544 0.6250000000
136536  22.388  13.375  -18.341 0.8750000000
106655  22.452  13.549  -19.462 0.8750000000
142867  22.544  12.999  -20.344 0.8750000000
107408  22.220  14.328  -19.795 0.7500000000
106667  22.705  13.665  -21.703 0.8750000000
106666  23.385  13.467  -21.747 0.7500000000
106659  25.217  13.075  -19.379 0.5000000000
138344  25.489  12.986  -18.310 0.2500000000
105905  25.475  12.154  -19.037 0.5000000000
105898  25.809  12.134  -16.916 0.2500000000
106643  22.378  14.206  -16.350 0.5000000000
107396  21.959  14.716  -17.791 0.7500000000
107403  21.864  14.929  -18.983 0.7500000000
107409  21.842  15.012  -20.258 0.7500000000
107417  21.996  15.014  -21.219 0.7500000000
107416  22.225  14.421  -20.874 0.7500000000
160982  21.429  16.324  -20.301 0.7500000000
108226  22.362  14.991  -21.342 0.7500000000
108225  22.616  14.912  -21.382 0.7500000000
108210  23.859  14.990  -20.126 0.5000000000
108211  23.362  15.730  -20.405 0.3750000000
108218  23.154  14.959  -21.058 0.6250000000
106653  25.196  13.774  -18.409 0.2500000000
107401  24.480  14.598  -19.390 0.3750000000
163485  24.205  15.225  -19.349 0.3750000000
158764  21.944  15.327  -17.451 0.6250000000
108205  21.710  15.525  -18.223 0.7500000000
108212  21.585  15.791  -19.469 0.7500000000
109107  21.499  16.426  -21.201 0.7500000000
109125  21.751  16.761  -21.638 0.7500000000
109124  22.021  16.467  -21.638 0.6250000000
109105  22.900  16.390  -20.647 0.3750000000
109106  22.370  16.327  -21.369 0.3750000000
107400  24.833  14.563  -18.450 0.1250000000
109080  23.786  16.612  -19.010 0.1250000000
109090  23.866  15.823  -19.341 0.2500000000
109081  21.532  16.348  -18.448 0.6250000000
109092  21.293  16.707  -19.411 0.7500000000
109093  20.998  17.019  -20.521 0.6250000000
109108  21.232  17.098  -21.501 0.7500000000
109934  22.171  17.123  -21.561 0.3750000000
108227  21.962  15.823  -21.491 0.7500000000
152361  22.465  17.832  -21.059 0.2500000000
109933  22.561  17.077  -20.834 0.3750000000
147696  22.275  15.641  -21.422 0.6250000000
110712  23.866  17.896  -18.716 0.1250000000
109906  23.561  17.251  -19.190 0.1250000000
109079  24.223  16.382  -18.497 0.1250000000
141594  21.860  16.040  -17.550 0.6250000000
109907  21.367  17.160  -18.548 0.6250000000
109935  20.741  17.663  -21.171 0.3750000000
156044  20.667  17.812  -20.292 0.3750000000
109952  21.085  17.698  -21.842 0.3750000000
111619  21.367  19.164  -22.726 0.2500000000
109950  21.860  17.365  -21.819 0.3750000000
109951  21.519  17.359  -21.780 0.3750000000
111597  22.631  19.424  -20.693 0.1250000000
110711  24.131  18.775  -18.756 0.1250000000
150219  22.764  17.758  -20.262 0.1250000000
141190  20.458  19.230  -20.127 0.3750000000
150694  21.298  17.850  -18.555 0.3750000000
109908  20.962  17.612  -19.381 0.3750000000
111610  20.044  19.354  -22.067 0.3750000000
110741  20.494  18.470  -20.697 0.3750000000
111621  19.510  19.193  -23.127 0.3750000000
139172  20.515  18.731  -22.124 0.3750000000
110756  20.643  18.337  -21.631 0.3750000000
111625  20.525  19.457  -23.487 0.3750000000
110763  21.487  18.606  -22.193 0.3750000000
110764  21.069  18.313  -22.144 0.3750000000
113346  21.989  20.707  -23.353 0.1250000000
111609  22.184  19.113  -21.629 0.1250000000
111618  21.872  19.229  -22.291 0.2500000000
111596  23.084  19.617  -19.931 0.1250000000
141109  18.209  19.708  -21.776 0.2500000000
112456  17.683  19.290  -22.398 0.2500000000
112446  19.224  19.707  -21.925 0.3750000000
111598  20.259  19.241  -21.229 0.3750000000
112468  18.945  20.070  -24.472 0.1250000000
148814  18.412  19.179  -23.076 0.3750000000
112460  20.223  19.722  -24.050 0.1250000000
112461  19.247  19.608  -23.860 0.2500000000
113364  20.127  21.453  -25.485 0.1250000000
112437  20.193  20.180  -21.000 0.3750000000
112445  20.022  19.922  -21.724 0.3750000000
112469  17.762  20.012  -24.080 0.1250000000
112464  16.445  20.420  -23.235 0.1250000000
113361  17.531  20.952  -24.543 0.1250000000
113362  16.820  21.342  -23.886 0.1250000000
150671  20.732  21.573  -25.317 0.1250000000
114198  18.700  22.524  -25.497 0.1250000000
114183  16.504  22.899  -22.661 0.1250000000
145527  17.924  22.816  -25.399 0.1250000000
114195  16.946  22.561  -24.351 0.1250000000
115037  19.143  23.226  -25.625 0.1250000000
114196  20.579  22.177  -25.562 0.1250000000
91002  25.732  -3.524  -17.683 0.8750000000
92894  28.215  -1.414  -16.518 0.6250000000
101554  26.062  7.354  -16.318 0.6250000000
149556  25.402  10.571  -19.178 0.8750000000
155163  22.222  13.986  -17.775 0.8750000000
107402  22.207  14.176  -18.637 0.8750000000
106661  22.471  13.734  -20.609 0.8750000000
107422  22.673  14.266  -21.548 0.7500000000
146193  22.841  13.552  -21.948 0.7500000000
106660  24.660  13.714  -19.946 0.5000000000
137267  24.172  13.542  -21.032 0.7500000000
106654  24.898  13.938  -19.082 0.5000000000
113352  20.776  20.395  -24.637 0.1250000000
112462  17.491  19.360  -23.187 0.2500000000
114194  17.347  21.826  -24.686 0.1250000000
97806  28.002  3.129  -15.623 0.5000000000
96941  27.503  3.090  -16.403 0.6250000000
145978  27.088  2.750  -17.124 0.7500000000
101541  26.352  7.446  -15.454 0.3750000000
102520  26.181  8.165  -15.891 0.3750000000
103435  26.250  9.609  -16.005 0.2500000000
112467  19.948  20.027  -24.794 0.1250000000
85174  26.267  -9.929  -16.361 0.7500000000
85189  25.010  -9.631  -16.403 0.7500000000
86102  24.461  -9.055  -16.108 0.7500000000
86103  24.107  -8.219  -15.792 0.7500000000
85172  27.674  -9.053  -15.660 0.7500000000
87061  28.338  -7.674  -15.779 0.7500000000
153674  23.271  -5.646  -14.839 0.6250000000
87071  28.242  -6.913  -16.370 0.6250000000
89103  27.828  -5.135  -16.949 0.7500000000
141163  28.293  -5.015  -16.441 0.6250000000
90987  27.912  -3.666  -17.079 0.6250000000
91912  28.506  -2.130  -16.175 0.5000000000
92880  29.574  -1.369  -15.088 0.3750000000
92881  28.793  -1.373  -15.726 0.5000000000
95013  29.702  0.172  -14.814 0.1250000000
96017  29.409  1.571  -14.522 0.1250000000
96912  29.576  2.201  -13.806 0.1250000000
96900  29.742  2.827  -13.049 0.1250000000
98693  28.903  4.013  -13.000 0.1250000000
99637  28.126  5.324  -13.361 0.1250000000
105121  21.822  11.370  -15.183 0.3750000000
100585  27.163  6.281  -14.173 0.1250000000
163493  27.313  5.756  -14.408 0.1250000000
149878  26.125  8.879  -16.347 0.2500000000
105886  22.114  12.867  -14.986 0.5000000000
105132  25.970  11.202  -16.750 0.2500000000
106641  25.706  13.732  -16.858 0.1250000000
108197  24.941  15.287  -17.742 0.1250000000
109069  24.718  16.185  -17.820 0.1250000000
107370  22.400  14.101  -15.053 0.3750000000
109891  24.619  17.088  -17.935 0.1250000000
111579  24.156  19.603  -19.029 0.1250000000
110710  24.875  18.946  -18.221 0.1250000000
113345  22.368  21.471  -22.690 0.1250000000
114182  22.589  22.488  -22.968 0.1250000000
108998  24.271  15.878  -14.192 0.1250000000
113340  17.931  20.651  -20.991 0.2500000000
113341  16.902  20.826  -21.396 0.1250000000
114177  16.732  22.674  -21.724 0.1250000000
114200  17.115  23.285  -24.988 0.1250000000
115031  16.677  23.305  -23.594 0.1250000000
115038  18.198  23.438  -25.530 0.1250000000
115034  20.986  22.710  -25.469 0.1250000000
144701  18.495  24.104  -25.578 0.1250000000
138906  26.852  -0.062  -18.485 0.7500000000
101565  25.742  7.537  -17.838 0.7500000000
155199  21.436  10.579  -15.039 0.3750000000
105160  23.988  11.492  -22.186 0.8750000000
91961  26.725  -2.800  -18.214 0.8750000000
93976  27.632  -0.080  -17.463 0.7500000000
105917  22.515  13.042  -21.445 0.8750000000
105922  23.434  12.115  -22.365 0.8750000000
110714  21.006  18.447  -18.868 0.3750000000
111561  20.712  19.188  -19.208 0.3750000000
113331  19.789  21.396  -20.523 0.1250000000
152212  20.144  20.893  -20.724 0.2500000000
86113  25.086  -8.205  -16.974 0.7500000000
85188  25.749  -9.449  -16.792 0.7500000000
86111  26.585  -8.347  -17.437 0.7500000000
148934  27.294  -8.936  -16.457 0.7500000000
86101  27.817  -8.379  -16.134 0.7500000000
87062  27.905  -7.754  -16.541 0.7500000000
87064  23.842  -7.356  -15.550 0.7500000000
86124  26.222  -7.834  -17.625 0.7500000000
88109  24.845  -6.570  -16.798 0.7500000000
88110  24.037  -5.943  -15.834 0.7500000000
160628  22.743  -4.991  -14.507 0.6250000000
88122  25.355  -5.801  -17.172 0.8750000000
88119  27.070  -5.960  -17.560 0.7500000000
89106  25.937  -5.373  -17.522 0.8750000000
90058  25.162  -4.202  -17.130 0.8750000000
90055  27.162  -4.367  -17.661 0.7500000000
90054  27.618  -4.393  -17.275 0.7500000000
151007  27.689  -3.052  -17.438 0.7500000000
91001  27.369  -2.860  -17.880 0.8750000000
91927  28.138  -2.830  -16.780 0.6250000000
93988  27.619  -0.898  -17.780 0.7500000000
93957  29.175  -0.472  -15.371 0.2500000000
93958  28.325  -0.675  -16.046 0.6250000000
95036  27.691  0.557  -16.701 0.7500000000
96028  28.874  1.261  -15.339 0.5000000000
138939  29.453  0.865  -14.878 0.1250000000
96930  28.485  2.571  -15.183 0.2500000000
96940  27.928  2.369  -15.984 0.6250000000
97780  28.757  3.616  -13.724 0.1250000000
97779  29.241  3.403  -13.225 0.1250000000
97796  28.663  3.110  -14.427 0.1250000000
98713  27.673  4.562  -14.901 0.1250000000
98695  27.871  4.838  -14.122 0.1250000000
98725  27.491  4.321  -15.641 0.5000000000
142205  27.463  5.306  -14.626 0.1250000000
154781  27.041  5.859  -14.850 0.1250000000
101559  25.837  7.649  -17.062 0.6250000000
102540  25.767  8.250  -17.400 0.6250000000
105139  25.534  11.314  -18.647 0.5000000000
106648  22.260  14.151  -17.052 0.6250000000
155023  22.531  13.878  -21.305 0.7500000000
107414  23.574  14.223  -21.005 0.6250000000
107415  22.953  14.222  -21.580 0.7500000000
107395  25.221  14.454  -17.701 0.1250000000
106646  25.455  13.708  -17.614 0.1250000000
105899  25.614  12.962  -17.338 0.2500000000
108219  21.678  15.702  -20.820 0.7500000000
109123  22.734  15.632  -21.178 0.6250000000
109920  23.032  17.169  -19.980 0.3750000000
108204  24.444  15.432  -18.611 0.1250000000
109962  21.810  18.047  -22.014 0.3750000000
109963  21.517  17.889  -21.987 0.3750000000
110740  22.409  18.575  -21.126 0.2500000000
110726  23.305  18.101  -19.429 0.1250000000
111580  23.514  19.190  -19.416 0.1250000000
110739  22.777  18.641  -20.214 0.1250000000
110727  20.652  18.465  -19.721 0.3750000000
110762  21.846  18.577  -21.998 0.2500000000
138336  22.244  20.588  -22.593 0.1250000000
112444  22.310  19.940  -22.141 0.1250000000
161078  18.363  19.589  -23.717 0.3750000000
111620  20.451  19.111  -22.733 0.3750000000
112436  22.576  20.167  -21.165 0.1250000000
113351  21.493  20.864  -24.159 0.1250000000
113350  22.166  21.649  -23.709 0.1250000000
112454  21.625  20.118  -23.662 0.1250000000
112459  21.080  19.958  -24.001 0.1250000000
112435  23.051  20.358  -20.281 0.1250000000
113330  22.916  20.996  -20.769 0.1250000000
112447  17.340  19.845  -21.714 0.2500000000
154223  18.743  20.261  -21.363 0.2500000000
112448  16.697  19.732  -22.483 0.2500000000
113360  18.510  20.772  -24.918 0.1250000000
113365  19.163  21.572  -25.347 0.1250000000
113358  20.448  20.857  -25.132 0.1250000000
114197  19.733  22.323  -25.639 0.1250000000
113347  16.379  20.868  -22.401 0.1250000000
113353  16.317  21.262  -23.115 0.1250000000
151649  16.527  22.197  -23.354 0.1250000000
113366  18.060  21.826  -25.184 0.1250000000
114193  21.161  22.136  -25.304 0.1250000000
115015  16.695  23.552  -22.075 0.1250000000
151406  16.411  21.912  -22.504 0.1250000000
85175  25.531  -10.238  -16.249 0.7500000000
85187  26.592  -9.090  -16.951 0.7500000000
85173  26.990  -9.547  -16.150 0.7500000000
159623  24.556  -9.640  -16.048 0.7500000000
135755  24.650  -10.210  -15.918 0.7500000000
88084  23.108  -6.084  -14.470 0.5000000000
88099  23.624  -6.462  -15.262 0.6250000000
90971  28.395  -3.662  -16.315 0.6250000000
150383  28.748  -2.914  -15.836 0.5000000000
100569  26.811  7.176  -14.168 0.1250000000
100568  27.282  6.881  -13.505 0.1250000000
100586  26.673  6.709  -14.950 0.1250000000
114188  21.903  21.850  -24.645 0.1250000000
85176  24.116  -9.601  -15.655 0.7500000000
87051  23.408  -7.885  -14.785 0.5000000000
84235  27.022  -10.683  -15.060 0.6250000000
85161  27.419  -9.806  -15.300 0.6250000000
86087  28.854  -8.364  -14.507 0.3750000000
88068  29.879  -6.775  -13.855 0.2500000000
87050  28.841  -7.665  -14.937 0.3750000000
91911  29.197  -2.156  -15.450 0.3750000000
106623  22.169  13.409  -14.557 0.2500000000
84249  26.743  -10.193  -15.787 0.6250000000
88097  28.728  -6.101  -15.748 0.5000000000
89083  28.679  -5.232  -15.864 0.5000000000
90035  28.575  -4.429  -15.995 0.3750000000
86076  28.962  -8.839  -13.969 0.5000000000
85160  28.225  -9.162  -14.676 0.6250000000
83231  26.867  -11.347  -14.464 0.6250000000
163511  23.008  -7.983  -14.048 0.3750000000
85162  23.513  -9.595  -14.896 0.3750000000
84236  26.415  -11.314  -15.131 0.6250000000
84250  26.134  -10.825  -15.785 0.6250000000
84252  23.959  -10.170  -15.407 0.6250000000
85130  29.164  -9.764  -12.917 0.3750000000
84219  28.209  -10.381  -13.585 0.5000000000
87052  23.018  -7.257  -14.146 0.2500000000
85129  29.780  -8.947  -12.734 0.3750000000
87016  29.946  -7.567  -13.359 0.2500000000
88096  29.192  -6.192  -14.968 0.2500000000
160848  29.403  -5.007  -14.852 0.3750000000
90956  29.551  -3.782  -14.845 0.2500000000
137712  29.458  -2.973  -15.042 0.2500000000
91897  29.864  -2.147  -14.779 0.2500000000
134542  19.421  3.668  -10.873 0.1250000000
93942  29.938  -0.651  -14.698 0.2500000000
134543  20.498  7.265  -13.032 0.2500000000
134787  20.259  4.103  -12.891 0.1250000000
96906  19.649  3.039  -11.578 0.2500000000
90019  22.001  -4.581  -13.801 0.2500000000
89089  28.226  -5.868  -16.597 0.5000000000
86088  23.747  -8.846  -15.281 0.5000000000
86100  28.311  -8.400  -15.279 0.5000000000
88083  28.790  -6.917  -15.405 0.5000000000
140194  23.282  -6.857  -14.610 0.3750000000
84251  25.190  -11.041  -15.789 0.6250000000
90970  28.944  -3.716  -15.496 0.2500000000
84234  27.810  -10.067  -14.388 0.6250000000
86086  29.404  -7.723  -14.119 0.2500000000
86075  29.519  -8.380  -13.483 0.2500000000
87036  30.346  -6.927  -13.228 0.2500000000
88082  29.309  -6.925  -14.607 0.3750000000
89082  29.119  -5.426  -15.187 0.3750000000
85146  28.604  -9.622  -13.720 0.5000000000
86089  23.082  -8.708  -14.165 0.3750000000
84206  28.709  -10.613  -12.873 0.3750000000
84220  27.498  -10.820  -14.055 0.5000000000
89072  29.620  -5.489  -14.562 0.2500000000
161370  29.823  -3.295  -14.637 0.2500000000
96894  19.426  3.019  -10.725 0.1250000000
82229  24.183  -12.303  -14.505 0.5000000000
83214  27.967  -11.116  -13.312 0.2500000000
143030  27.009  -12.374  -13.398 0.3750000000
82210  26.681  -11.987  -14.034 0.5000000000
82228  25.114  -12.396  -14.837 0.5000000000
82214  23.232  -12.640  -13.297 0.3750000000
83216  23.304  -11.805  -14.013 0.5000000000
83234  24.720  -11.762  -15.285 0.5000000000
84238  23.534  -10.445  -14.792 0.3750000000
84237  24.289  -10.877  -15.408 0.5000000000
81186  21.546  -13.727  -13.589 0.1250000000
82215  22.033  -13.279  -14.180 0.3750000000
146182  23.033  -14.121  -12.174 0.1250000000
81185  21.943  -14.148  -14.376 0.2500000000
81183  24.411  -13.307  -13.548 0.3750000000
83203  27.624  -11.902  -13.089 0.2500000000
81181  25.977  -13.197  -13.409 0.3750000000
141249  25.511  -12.785  -14.117 0.5000000000
80146  21.723  -14.096  -12.172 0.1250000000
82200  22.363  -13.691  -14.107 0.3750000000
81182  25.185  -13.312  -13.612 0.3750000000
146271  21.593  -12.698  -13.150 0.1250000000
83204  22.657  -10.963  -12.848 0.1250000000
145908  26.360  8.894  -15.562 0.1250000000
83215  27.298  -11.509  -13.730 0.3750000000
83233  25.680  -11.708  -15.265 0.5000000000
82227  25.900  -12.282  -14.569 0.5000000000
84239  22.870  -9.735  -13.889 0.2500000000
152173  22.461  -8.930  -13.282 0.2500000000
82212  24.750  -12.818  -14.160 0.5000000000
82211  26.297  -12.628  -13.794 0.3750000000
82213  24.078  -12.856  -13.839 0.3750000000
83217  22.702  -12.343  -13.290 0.2500000000
145327  22.886  -11.317  -13.378 0.1250000000
84221  23.099  -10.819  -14.066 0.1250000000
83235  23.827  -11.382  -14.785 0.5000000000
80157  21.514  -14.056  -13.015 0.1250000000
81156  21.255  -13.655  -12.125 0.1250000000
81196  21.682  -13.730  -14.097 0.2500000000
82216  21.662  -13.215  -13.709 0.1250000000
81172  20.808  -13.153  -11.917 0.1250000000
83218  21.918  -12.582  -13.585 0.1250000000
84222  22.591  -10.264  -13.282 0.1250000000
79074  22.528  -14.250  -11.454 0.1250000000
79087  22.049  -15.004  -13.180 0.1250000000
81171  22.478  -14.303  -13.808 0.3750000000
82199  26.740  -12.986  -13.093 0.2500000000
155724  22.445  -11.917  -13.053 0.1250000000
80144  23.488  -14.163  -12.605 0.2500000000
81169  25.683  -13.767  -12.951 0.2500000000
88085  22.829  -6.119  -14.177 0.2500000000
82198  27.455  -12.669  -12.787 0.2500000000
80145  22.392  -14.562  -13.276 0.1250000000
80156  21.888  -14.938  -14.051 0.1250000000
81170  24.836  -13.873  -13.118 0.2500000000
80155  23.938  -13.891  -13.153 0.2500000000
80143  24.515  -14.470  -12.709 0.1250000000
89074  22.024  -5.385  -13.355 0.1250000000
138807  21.276  11.176  -14.365 0.1250000000
138902  21.383  11.961  -13.947 0.1250000000
105875  21.750  12.713  -14.186 0.1250000000
136422  21.744  12.033  -14.642 0.1250000000
105104  21.565  11.904  -13.251 0.1250000000
106610  21.937  13.239  -13.799 0.1250000000
104300  21.147  10.670  -14.386 0.1250000000
105862  21.657  12.642  -13.498 0.1250000000
105846  22.407  12.426  -11.879 0.1250000000
103408  21.208  10.405  -14.503 0.1250000000
87037  22.310  -6.970  -13.127 0.1250000000
104285  21.037  10.790  -14.025 0.1250000000
104269  21.404  11.180  -13.403 0.1250000000
106595  22.420  12.918  -12.253 0.1250000000
106602  21.984  13.127  -13.074 0.1250000000
90020  21.002  -4.188  -13.548 0.1250000000
89073  22.548  -5.459  -14.121 0.1250000000
88069  21.893  -6.173  -13.059 0.1250000000
105114  21.198  11.353  -13.819 0.1250000000
105852  21.956  12.604  -12.768 0.1250000000
146209  21.943  11.526  -12.643 0.1250000000
106591  22.588  12.694  -11.285 0.1250000000
138227  29.771  -9.674  -12.332 0.1250000000
86062  30.432  -8.381  -12.335 0.1250000000
86063  30.037  -8.144  -12.893 0.1250000000
87015  30.541  -7.487  -12.665 0.1250000000
88067  30.467  -6.222  -13.419 0.1250000000
89050  30.075  -5.866  -13.981 0.1250000000
89049  30.644  -5.311  -13.537 0.1250000000
90018  29.778  -4.570  -14.522 0.1250000000
90924  31.556  -3.650  -13.018 0.1250000000
90938  30.881  -3.652  -13.663 0.1250000000
90955  30.194  -3.629  -14.286 0.1250000000
91879  31.515  -2.233  -13.122 0.1250000000
140309  30.096  -2.838  -14.476 0.1250000000
92841  31.335  -1.630  -13.312 0.1250000000
91880  31.026  -2.187  -13.644 0.1250000000
92863  30.222  -1.407  -14.468 0.1250000000
82185  27.917  -12.989  -12.279 0.1250000000
81168  26.463  -13.573  -12.754 0.1250000000
82197  28.165  -12.313  -12.444 0.1250000000
83189  28.886  -11.950  -12.038 0.1250000000
144892  29.716  -10.807  -11.845 0.1250000000
86043  30.838  -8.598  -11.778 0.1250000000
160237  30.592  -9.692  -11.569 0.1250000000
86061  30.962  -7.869  -11.968 0.1250000000
88036  31.801  -6.368  -11.889 0.1250000000
88048  31.452  -5.957  -12.458 0.1250000000
88066  31.284  -5.185  -12.943 0.1250000000
89991  32.131  -4.125  -12.474 0.1250000000
91861  31.960  -2.290  -12.587 0.1250000000
161216  30.450  -0.781  -14.192 0.1250000000
93922  30.801  -0.420  -13.680 0.1250000000
158415  31.405  -0.825  -13.089 0.1250000000
95012  30.310  -0.064  -14.244 0.1250000000
84205  29.435  -10.347  -12.315 0.1250000000
85110  30.384  -9.237  -11.969 0.1250000000
91896  30.481  -2.135  -14.202 0.1250000000
88049  30.831  -6.570  -12.818 0.1250000000
83202  28.419  -11.502  -12.647 0.1250000000
83201  29.148  -11.139  -12.217 0.1250000000
81167  27.243  -13.416  -12.459 0.1250000000
84191  30.114  -10.104  -11.787 0.1250000000
87014  31.280  -6.981  -12.142 0.1250000000
160633  30.956  -5.859  -13.055 0.1250000000
90001  30.453  -4.448  -13.902 0.1250000000
151484  31.249  -2.902  -13.414 0.1250000000
90000  31.100  -4.454  -13.348 0.1250000000
151472  31.675  -2.835  -12.896 0.1250000000
150497  30.669  -2.884  -13.955 0.1250000000
92842  30.831  -1.345  -13.803 0.1250000000
92821  32.210  -1.692  -12.296 0.1250000000
81154  28.775  -13.483  -11.410 0.1250000000
82183  29.278  -12.338  -11.573 0.1250000000
86983  31.912  -7.730  -11.182 0.1250000000
79088  21.914  -14.516  -12.634 0.1250000000
80142  25.392  -14.465  -12.610 0.1250000000
80166  21.611  -14.232  -13.961 0.2500000000
81155  28.030  -13.652  -11.841 0.1250000000
81184  23.375  -13.276  -13.116 0.3750000000
82166  29.879  -12.337  -11.151 0.1250000000
83232  26.313  -11.768  -14.748 0.6250000000
85109  31.138  -9.275  -11.293 0.1250000000
85145  29.229  -9.117  -13.360 0.3750000000
87072  27.592  -7.375  -17.109 0.7500000000
87074  25.549  -7.784  -17.392 0.7500000000
87086  25.941  -7.091  -17.663 0.7500000000
89071  30.131  -5.136  -14.106 0.1250000000
89090  27.563  -5.936  -17.235 0.7500000000
89107  25.515  -4.982  -17.266 0.8750000000
89992  31.597  -4.483  -12.833 0.1250000000
90034  29.134  -4.582  -15.227 0.3750000000
90045  28.107  -4.388  -16.707 0.6250000000
90056  26.755  -4.230  -17.779 0.8750000000
90069  27.057  -3.443  -17.976 0.8750000000
91944  27.706  -2.285  -17.568 0.8750000000
91960  27.112  -2.661  -18.191 0.8750000000
92822  31.752  -1.583  -12.781 0.1250000000
92909  27.836  -1.488  -17.348 0.6250000000
92911  25.426  -1.779  -18.054 1.0000000000
92924  27.174  -1.534  -18.396 1.0000000000
92926  25.981  -1.258  -18.599 1.0000000000
93975  27.918  -0.757  -16.972 0.7500000000
95062  26.148  1.311  -18.642 1.0000000000
96049  23.647  2.057  -17.474 1.0000000000
96058  26.572  1.353  -18.428 0.8750000000
97820  26.435  3.536  -18.054 0.8750000000
97829  24.760  3.907  -18.674 1.0000000000
97830  24.006  4.023  -18.293 1.0000000000
98733  27.282  3.973  -16.323 0.6250000000
99678  26.096  5.062  -17.988 1.0000000000
99680  22.493  5.457  -16.956 1.0000000000
99684  25.491  5.097  -18.577 1.0000000000
99686  24.106  5.402  -18.507 1.0000000000
100622  22.574  6.636  -17.347 1.0000000000
100635  24.580  6.861  -19.250 1.0000000000
101560  22.802  7.740  -17.836 1.0000000000
102548  23.458  8.147  -19.095 1.0000000000
102556  23.775  8.413  -19.450 1.0000000000
103460  22.805  9.640  -19.207 1.0000000000
104333  22.587  10.175  -18.666 1.0000000000
104351  24.653  10.736  -20.622 1.0000000000
106647  22.384  13.382  -17.312 0.7500000000
106672  23.137  12.812  -22.236 0.8750000000
107407  24.216  14.248  -20.314 0.7500000000
107423  22.495  14.402  -21.369 0.7500000000
109091  23.432  16.497  -19.754 0.3750000000
109904  24.586  18.057  -18.152 0.1250000000
109905  24.083  17.214  -18.534 0.1250000000
110755  22.118  18.021  -21.777 0.3750000000
111560  21.167  19.183  -18.440 0.3750000000
111581  20.353  19.870  -20.419 0.3750000000
111611  19.505  19.143  -22.395 0.3750000000
111624  21.263  19.518  -23.364 0.1250000000
112453  21.926  19.859  -22.946 0.1250000000
112455  18.658  19.198  -22.420 0.2500000000
112463  16.892  19.805  -23.391 0.2500000000
112470  16.976  20.408  -23.862 0.1250000000
113337  22.564  21.054  -21.715 0.1250000000
113338  19.612  20.455  -21.188 0.2500000000
113342  16.644  21.658  -21.773 0.1250000000
113357  21.155  21.404  -24.919 0.1250000000
113359  19.599  20.680  -25.162 0.1250000000
114176  17.020  22.096  -21.024 0.1250000000
114192  21.628  22.176  -25.048 0.1250000000
114199  17.450  22.654  -25.096 0.1250000000
115040  16.966  23.943  -25.110 0.1250000000
134655  19.455  2.569  -11.489 0.5000000000
134656  19.356  2.298  -11.141 0.5000000000
136086  25.860  2.858  -18.664 1.0000000000
139120  25.374  1.276  -18.561 1.0000000000
139522  21.342  -13.357  -12.890 0.1250000000
140522  24.941  3.168  -18.679 1.0000000000
140545  27.309  0.184  -18.086 0.7500000000
142659  26.201  0.074  -18.709 1.0000000000
144127  20.532  19.916  -19.586 0.3750000000
144524  23.924  1.287  -17.572 1.0000000000
146698  20.982  18.755  -22.452 0.3750000000
146804  23.410  4.185  -17.682 1.0000000000
148929  31.479  -7.573  -11.651 0.1250000000
149658  22.759  10.869  -20.274 1.0000000000
149763  27.030  -0.873  -18.533 1.0000000000
150293  29.628  -6.257  -14.394 0.2500000000
153291  20.327  3.742  -13.133 0.5000000000
153292  19.335  1.506  -11.142 0.5000000000
153294  19.717  3.232  -12.226 0.5000000000
153295  19.640  3.284  -12.053 0.5000000000
153296  19.406  3.174  -11.915 0.5000000000
153345  19.349  2.395  -11.087 0.5000000000
153373  19.301  1.877  -10.964 0.5000000000
153375  19.275  1.544  -11.129 0.5000000000
153376  19.325  3.208  -11.881 0.5000000000
153378  19.275  1.484  -11.063 0.5000000000
153379  19.544  2.970  -11.872 0.5000000000
153381  19.345  2.574  -11.522 0.5000000000
153382  20.173  3.493  -12.793 0.5000000000
153383  19.874  3.581  -12.293 0.5000000000
153385  19.444  2.947  -11.922 0.5000000000
153387  19.292  2.004  -10.827 0.5000000000
153388  20.043  3.671  -12.498 0.5000000000
153389  19.233  1.759  -10.910 0.5000000000
153392  19.434  2.660  -11.468 0.5000000000
154790  26.771  2.849  -17.796 0.8750000000
155623  21.734  -14.597  -13.436 0.1250000000
159404  19.216  1.767  -10.959 0.5000000000
159409  19.368  2.342  -11.120 0.5000000000
159468  19.440  3.019  -11.921 0.5000000000
159582  21.717  4.400  -15.753 1.0000000000
159757  23.761  10.533  -21.085 1.0000000000
159770  29.220  -8.341  -14.035 0.2500000000
160435  28.664  -10.089  -13.254 0.3750000000
160929  27.164  -11.950  -13.556 0.3750000000
161050  21.905  17.170  -17.594 0.5000000000
