#!ascii label  , from subject sub-v1s13x0050036_ses-1 vox2ras=TkReg
1385
74520  -38.257  10.113  29.992 0.0000000000
72187  -47.386  6.602  17.604 0.0000000000
79367  -44.727  15.660  34.822 0.0000000000
122981  -46.045  4.860  24.073 0.0000000000
71217  -44.632  5.253  31.728 0.0000000000
115658  -45.493  13.299  24.095 0.0000000000
81782  -42.269  19.158  20.279 0.0000000000
85930  -43.732  24.357  19.773 0.0000000000
68728  -38.445  2.406  35.534 0.0000000000
72942  -41.362  7.606  26.227 0.0000000000
74566  -45.302  9.526  23.856 0.0000000000
75300  -44.511  10.725  29.276 0.0000000000
79389  -49.554  14.850  32.767 0.0000000000
81712  -44.697  18.621  26.666 0.0000000000
82478  -48.814  19.355  23.353 0.0000000000
83854  -45.291  22.021  16.816 0.0000000000
85165  -48.844  22.703  21.795 0.0000000000
105590  -47.273  9.153  15.519 0.0000000000
75259  -36.319  10.415  34.133 0.0000000000
76940  -40.115  13.235  32.912 0.0000000000
72091  -50.617  6.514  27.275 0.0000000000
110789  -45.789  4.263  27.929 0.0000000000
71234  -39.939  4.617  29.107 0.0000000000
70361  -39.416  3.318  31.878 0.0000000000
77031  -48.354  12.595  20.106 0.0000000000
107651  -46.450  14.455  17.691 0.0000000000
79415  -40.596  15.074  28.486 0.0000000000
79453  -40.631  15.538  21.255 0.0000000000
79502  -43.191  16.076  14.147 0.0000000000
82552  -40.080  19.203  15.466 0.0000000000
83203  -40.549  20.601  18.733 0.0000000000
73740  -39.984  8.927  27.995 0.0000000000
74539  -41.976  9.498  27.007 0.0000000000
75295  -42.228  10.001  30.305 0.0000000000
125181  -51.900  17.094  30.843 0.0000000000
80950  -50.296  17.309  28.093 0.0000000000
82440  -50.999  18.721  25.803 0.0000000000
83188  -50.547  20.785  21.053 0.0000000000
73034  -47.728  7.411  16.435 0.0000000000
74477  -35.862  9.423  36.846 0.0000000000
76049  -38.076  12.024  36.598 0.0000000000
70385  -45.086  4.786  30.189 0.0000000000
70400  -42.786  4.164  28.500 0.0000000000
69573  -42.895  3.636  30.206 0.0000000000
69528  -39.232  3.520  33.645 0.0000000000
71214  -35.203  5.292  30.810 0.0000000000
72886  -33.899  7.898  32.063 0.0000000000
71195  -32.380  5.330  32.407 0.0000000000
72153  -46.211  6.575  22.194 0.0000000000
76107  -46.908  11.909  25.633 0.0000000000
76132  -47.214  11.518  22.005 0.0000000000
77874  -49.030  13.440  22.827 0.0000000000
78696  -48.678  14.106  19.186 0.0000000000
77890  -45.767  13.821  20.844 0.0000000000
78593  -42.657  13.966  34.769 0.0000000000
126585  -40.946  13.858  31.219 0.0000000000
107293  -42.897  16.469  30.950 0.0000000000
82473  -43.371  19.364  23.229 0.0000000000
80986  -41.247  17.936  23.817 0.0000000000
81007  -41.187  17.901  20.972 0.0000000000
78717  -41.681  14.805  17.765 0.0000000000
119334  -40.440  16.808  17.217 0.0000000000
81042  -41.162  18.113  14.690 0.0000000000
119066  -41.442  18.933  16.483 0.0000000000
85200  -44.648  23.556  18.239 0.0000000000
83844  -42.357  22.133  16.521 0.0000000000
85197  -42.026  23.543  18.329 0.0000000000
129306  -40.685  21.923  20.433 0.0000000000
86579  -40.791  25.156  19.845 0.0000000000
72122  -43.569  6.347  24.725 0.0000000000
72978  -44.544  7.521  23.568 0.0000000000
112463  -43.178  9.026  25.038 0.0000000000
75323  -44.640  10.229  26.290 0.0000000000
76978  -44.947  11.876  27.184 0.0000000000
80113  -46.767  15.420  33.993 0.0000000000
80150  -45.235  16.736  30.732 0.0000000000
80935  -47.192  17.159  29.399 0.0000000000
81728  -46.483  19.083  25.660 0.0000000000
82502  -45.503  19.785  21.914 0.0000000000
83204  -44.176  20.417  18.815 0.0000000000
83208  -47.670  20.622  19.278 0.0000000000
111350  -48.210  22.701  19.258 0.0000000000
85921  -47.185  24.548  20.245 0.0000000000
75389  -45.843  10.526  14.776 0.0000000000
75268  -36.545  11.120  32.089 0.0000000000
76076  -39.577  11.604  31.370 0.0000000000
110648  -38.031  13.161  33.784 0.0000000000
129472  -40.181  13.747  35.922 0.0000000000
109024  -42.871  13.880  37.645 0.0000000000
78542  -43.130  13.718  40.632 0.0000000000
78574  -45.689  14.535  38.105 0.0000000000
71268  -48.933  4.898  25.786 0.0000000000
71255  -48.625  5.215  27.576 0.0000000000
70431  -45.640  4.335  26.394 0.0000000000
70428  -42.875  4.985  26.857 0.0000000000
72089  -40.944  5.989  27.130 0.0000000000
71189  -44.271  5.610  33.485 0.0000000000
70314  -40.737  4.327  35.928 0.0000000000
70335  -41.934  4.926  34.350 0.0000000000
70364  -41.919  4.081  32.427 0.0000000000
72034  -39.510  3.741  30.437 0.0000000000
73731  -37.100  9.103  29.855 0.0000000000
73019  -48.385  7.576  19.402 0.0000000000
74570  -45.463  8.939  22.157 0.0000000000
74584  -47.146  9.954  19.790 0.0000000000
73819  -49.499  8.998  18.044 0.0000000000
108650  -49.276  10.532  16.989 0.0000000000
105601  -48.228  12.368  15.891 0.0000000000
78755  -46.357  14.439  14.406 0.0000000000
76084  -41.870  11.616  30.892 0.0000000000
76969  -41.889  12.551  28.986 0.0000000000
77007  -42.123  13.197  25.205 0.0000000000
80943  -42.724  17.248  27.888 0.0000000000
118814  -40.398  15.572  24.959 0.0000000000
77869  -42.398  13.863  22.248 0.0000000000
77913  -43.830  13.745  18.830 0.0000000000
78734  -44.724  14.886  15.841 0.0000000000
78761  -44.329  14.714  12.855 0.0000000000
83237  -42.363  20.897  15.680 0.0000000000
82537  -40.213  19.766  16.775 0.0000000000
81784  -37.817  19.084  18.101 0.0000000000
81773  -38.405  18.314  20.225 0.0000000000
82485  -38.980  19.789  22.033 0.0000000000
74527  -39.534  9.805  29.441 0.0000000000
74532  -40.727  9.467  28.229 0.0000000000
74522  -40.144  10.172  30.104 0.0000000000
81702  -52.135  17.931  27.070 0.0000000000
83161  -50.172  20.057  25.214 0.0000000000
72191  -47.267  6.786  16.697 0.0000000000
70377  -44.814  5.045  30.895 0.0000000000
70384  -44.323  4.337  30.392 0.0000000000
70376  -44.093  4.563  31.262 0.0000000000
70371  -34.335  4.590  31.415 0.0000000000
71212  -33.728  5.201  31.528 0.0000000000
71312  -47.229  5.268  23.264 0.0000000000
71319  -45.799  5.982  22.900 0.0000000000
114203  -46.518  12.596  25.267 0.0000000000
77849  -48.262  12.827  24.042 0.0000000000
110400  -46.784  13.625  23.230 0.0000000000
77881  -47.829  13.970  22.017 0.0000000000
77872  -45.744  13.613  22.776 0.0000000000
110791  -43.392  14.490  35.039 0.0000000000
79386  -42.317  15.665  32.659 0.0000000000
79387  -43.267  16.087  32.948 0.0000000000
82499  -42.854  19.438  21.708 0.0000000000
81768  -42.187  19.033  22.038 0.0000000000
81775  -41.696  18.607  20.645 0.0000000000
81022  -40.882  17.336  19.408 0.0000000000
81023  -41.327  18.125  19.191 0.0000000000
81789  -40.920  18.315  17.311 0.0000000000
81785  -41.756  18.849  18.666 0.0000000000
85940  -44.185  24.049  19.042 0.0000000000
85199  -43.452  23.506  17.820 0.0000000000
85929  -42.331  24.233  18.876 0.0000000000
85928  -41.655  24.196  18.779 0.0000000000
124077  -41.593  24.580  19.526 0.0000000000
72111  -42.230  6.736  25.656 0.0000000000
128188  -42.933  7.606  24.909 0.0000000000
73760  -41.971  8.236  25.737 0.0000000000
75304  -43.857  10.143  28.452 0.0000000000
74541  -43.732  9.930  26.439 0.0000000000
75305  -44.664  10.669  28.254 0.0000000000
76100  -45.512  11.334  27.094 0.0000000000
76093  -44.643  11.545  28.426 0.0000000000
79377  -48.486  14.989  33.055 0.0000000000
80152  -47.450  16.349  30.959 0.0000000000
119580  -48.410  16.318  30.677 0.0000000000
81730  -49.606  18.549  25.150 0.0000000000
81715  -47.909  18.420  26.409 0.0000000000
82463  -47.635  19.310  24.393 0.0000000000
82476  -45.893  19.571  23.355 0.0000000000
107091  -47.109  19.799  22.314 0.0000000000
82503  -46.208  20.123  21.136 0.0000000000
83185  -48.749  20.206  21.173 0.0000000000
84472  -50.243  21.709  20.730 0.0000000000
83837  -49.978  21.258  19.632 0.0000000000
85192  -49.262  23.644  19.857 0.0000000000
85190  -47.883  23.665  19.184 0.0000000000
85923  -49.220  25.068  20.744 0.0000000000
105614  -46.337  10.437  14.912 0.0000000000
75265  -36.339  10.858  33.103 0.0000000000
76064  -37.423  12.064  32.463 0.0000000000
76053  -37.064  11.730  34.526 0.0000000000
76902  -39.324  11.959  38.393 0.0000000000
76926  -38.753  12.816  36.598 0.0000000000
77766  -40.457  13.644  37.357 0.0000000000
77782  -42.055  13.634  36.502 0.0000000000
77751  -41.848  14.099  38.744 0.0000000000
77726  -43.016  12.745  43.044 0.0000000000
116130  -45.118  13.792  40.217 0.0000000000
127506  -47.007  14.185  39.898 0.0000000000
79338  -47.607  15.208  37.735 0.0000000000
78555  -47.885  14.226  40.103 0.0000000000
71286  -49.536  5.382  25.388 0.0000000000
71269  -49.635  5.440  26.328 0.0000000000
71247  -48.394  5.538  28.366 0.0000000000
70405  -47.068  4.774  28.156 0.0000000000
110788  -46.793  4.250  26.915 0.0000000000
70413  -45.679  4.243  27.214 0.0000000000
70430  -44.237  4.647  26.468 0.0000000000
70412  -44.150  4.494  27.287 0.0000000000
70399  -41.775  4.244  28.723 0.0000000000
70409  -41.985  4.675  27.918 0.0000000000
71243  -40.388  5.112  28.343 0.0000000000
69506  -39.504  3.697  35.409 0.0000000000
69529  -39.950  3.860  33.807 0.0000000000
70344  -40.518  3.965  33.396 0.0000000000
70346  -42.112  4.545  33.380 0.0000000000
115841  -41.225  4.036  32.901 0.0000000000
70363  -40.920  3.553  31.710 0.0000000000
71202  -39.872  3.464  31.048 0.0000000000
73728  -35.936  9.452  30.853 0.0000000000
72910  -35.751  8.347  30.570 0.0000000000
110783  -48.400  7.343  20.258 0.0000000000
73775  -44.708  8.519  23.544 0.0000000000
73776  -45.208  8.725  22.924 0.0000000000
75335  -45.616  9.548  22.922 0.0000000000
76133  -48.077  12.147  21.567 0.0000000000
75354  -46.636  10.294  20.490 0.0000000000
75361  -47.709  10.427  19.393 0.0000000000
114747  -48.421  9.792  18.972 0.0000000000
75368  -48.848  9.979  18.673 0.0000000000
74605  -49.727  9.646  17.842 0.0000000000
76156  -49.507  11.444  18.377 0.0000000000
78708  -48.089  14.382  18.451 0.0000000000
77928  -49.908  13.847  17.025 0.0000000000
78738  -48.712  14.332  16.202 0.0000000000
77936  -47.813  13.860  15.170 0.0000000000
78736  -47.429  14.905  15.598 0.0000000000
76067  -39.905  12.153  31.731 0.0000000000
76077  -40.417  11.540  31.306 0.0000000000
76948  -40.669  12.810  31.861 0.0000000000
79404  -40.831  15.099  30.273 0.0000000000
77819  -40.825  13.445  29.631 0.0000000000
77823  -40.632  13.482  27.933 0.0000000000
76986  -41.806  12.756  26.943 0.0000000000
77828  -40.601  13.759  26.699 0.0000000000
119299  -45.087  17.531  28.728 0.0000000000
80177  -43.485  17.050  29.143 0.0000000000
80955  -43.639  18.048  27.224 0.0000000000
80211  -40.584  16.475  22.650 0.0000000000
80985  -40.743  17.162  24.218 0.0000000000
114573  -40.522  15.475  23.094 0.0000000000
78657  -41.287  14.205  23.156 0.0000000000
127386  -40.999  14.514  21.946 0.0000000000
77879  -42.896  13.748  21.028 0.0000000000
78682  -41.968  14.121  19.926 0.0000000000
79485  -42.286  15.232  15.986 0.0000000000
78732  -42.854  14.628  16.551 0.0000000000
79493  -43.604  15.466  14.666 0.0000000000
79495  -45.211  15.207  14.053 0.0000000000
79511  -44.057  15.769  12.534 0.0000000000
78760  -43.582  14.821  12.079 0.0000000000
80262  -42.904  16.410  12.807 0.0000000000
81801  -40.446  18.630  14.947 0.0000000000
81053  -39.868  17.576  13.485 0.0000000000
83217  -44.715  20.903  17.947 0.0000000000
83215  -43.081  20.365  17.367 0.0000000000
83239  -44.027  21.459  16.105 0.0000000000
83852  -41.244  21.236  17.337 0.0000000000
83225  -41.201  20.458  16.734 0.0000000000
82529  -40.270  20.082  17.901 0.0000000000
110913  -38.503  19.394  17.975 0.0000000000
82528  -39.455  19.560  18.448 0.0000000000
81780  -38.715  18.160  18.696 0.0000000000
82519  -39.565  19.361  19.282 0.0000000000
84470  -39.867  22.519  21.385 0.0000000000
83821  -39.869  21.052  21.487 0.0000000000
83814  -39.443  21.313  22.214 0.0000000000
83172  -38.830  20.492  22.782 0.0000000000
73749  -40.881  8.219  26.773 0.0000000000
73750  -41.507  8.675  26.402 0.0000000000
74535  -41.373  9.455  27.706 0.0000000000
74536  -42.611  9.754  28.342 0.0000000000
75296  -43.326  10.165  30.279 0.0000000000
120961  -50.255  16.630  29.614 0.0000000000
80171  -51.698  17.026  29.461 0.0000000000
80970  -51.325  17.882  26.474 0.0000000000
81741  -50.487  18.833  24.107 0.0000000000
82506  -50.559  19.879  21.845 0.0000000000
82480  -50.632  19.373  23.596 0.0000000000
83173  -50.437  20.248  23.260 0.0000000000
129507  -47.567  8.369  15.787 0.0000000000
113619  -36.301  9.490  36.335 0.0000000000
76051  -37.201  11.241  35.625 0.0000000000
109356  -37.094  9.997  36.959 0.0000000000
70395  -46.037  4.883  29.210 0.0000000000
70402  -44.431  4.217  28.217 0.0000000000
70393  -44.104  4.050  29.584 0.0000000000
70392  -43.272  3.830  29.389 0.0000000000
70390  -41.446  3.795  29.563 0.0000000000
69520  -38.998  3.481  34.644 0.0000000000
117267  -38.240  3.076  32.219 0.0000000000
72044  -35.191  6.054  30.676 0.0000000000
72899  -34.463  7.476  31.344 0.0000000000
72043  -34.507  6.424  31.080 0.0000000000
72028  -33.299  6.512  31.966 0.0000000000
117821  -45.989  10.490  24.859 0.0000000000
120135  -46.128  10.261  23.822 0.0000000000
76119  -47.680  11.812  24.339 0.0000000000
76127  -48.797  12.478  22.873 0.0000000000
77027  -48.669  12.777  21.249 0.0000000000
122883  -48.868  13.169  19.666 0.0000000000
107325  -48.598  13.485  21.076 0.0000000000
78683  -47.325  14.094  20.160 0.0000000000
78694  -46.638  14.209  19.304 0.0000000000
77802  -41.471  13.697  33.558 0.0000000000
77807  -40.868  13.278  32.017 0.0000000000
78607  -41.516  14.450  32.487 0.0000000000
79405  -41.371  15.609  30.917 0.0000000000
79412  -41.154  15.744  29.877 0.0000000000
82447  -44.181  19.209  25.051 0.0000000000
81724  -42.572  18.394  25.275 0.0000000000
81748  -42.549  18.950  23.423 0.0000000000
80993  -41.159  17.881  22.868 0.0000000000
80222  -40.666  16.381  20.801 0.0000000000
78690  -40.714  15.074  19.635 0.0000000000
79465  -40.569  15.772  19.373 0.0000000000
79477  -40.644  16.077  17.649 0.0000000000
79490  -40.860  16.224  15.423 0.0000000000
116673  -42.279  17.112  14.281 0.0000000000
115372  -40.638  16.854  15.679 0.0000000000
110806  -41.122  18.547  15.593 0.0000000000
126954  -41.224  18.873  15.902 0.0000000000
84499  -45.542  22.459  17.344 0.0000000000
84498  -44.475  21.984  16.125 0.0000000000
85206  -43.522  23.152  17.200 0.0000000000
84490  -42.365  22.729  17.717 0.0000000000
83835  -41.697  22.021  18.948 0.0000000000
121722  -40.745  21.061  19.414 0.0000000000
84483  -41.354  22.716  19.286 0.0000000000
85186  -40.757  23.708  19.463 0.0000000000
85178  -39.759  24.216  20.478 0.0000000000
108473  -44.753  5.459  24.462 0.0000000000
71310  -45.094  5.837  23.708 0.0000000000
72123  -44.056  6.567  24.315 0.0000000000
73768  -44.018  8.186  24.110 0.0000000000
74558  -44.536  9.246  24.284 0.0000000000
74549  -42.835  9.336  25.688 0.0000000000
74550  -43.746  9.617  25.501 0.0000000000
74552  -45.505  10.326  25.405 0.0000000000
75314  -46.026  11.094  26.621 0.0000000000
126315  -46.196  12.035  26.409 0.0000000000
77000  -44.927  12.507  25.712 0.0000000000
80102  -45.892  15.664  34.533 0.0000000000
107598  -45.046  16.374  32.141 0.0000000000
80136  -46.015  16.252  31.918 0.0000000000
80934  -46.252  17.235  29.476 0.0000000000
124341  -45.845  17.764  28.177 0.0000000000
80949  -48.820  17.357  28.393 0.0000000000
81699  -47.250  18.242  27.200 0.0000000000
118416  -45.934  18.882  26.239 0.0000000000
82460  -44.507  19.432  24.131 0.0000000000
82487  -44.679  19.605  22.463 0.0000000000
82500  -43.595  19.618  21.230 0.0000000000
107162  -42.958  19.528  19.768 0.0000000000
83194  -45.133  20.170  20.175 0.0000000000
83206  -45.572  20.522  19.328 0.0000000000
83219  -46.860  21.282  18.321 0.0000000000
129417  -49.642  20.778  19.659 0.0000000000
83847  -48.358  21.101  18.712 0.0000000000
83845  -46.808  21.767  18.186 0.0000000000
84491  -46.331  22.472  18.070 0.0000000000
109093  -45.838  23.825  19.118 0.0000000000
85920  -45.157  24.437  20.615 0.0000000000
75286  -37.829  10.615  30.576 0.0000000000
75288  -39.726  10.620  30.523 0.0000000000
75270  -37.819  11.705  31.671 0.0000000000
76945  -38.693  12.805  32.525 0.0000000000
76939  -39.235  13.285  33.065 0.0000000000
76929  -37.483  12.299  35.163 0.0000000000
77792  -38.932  13.671  34.914 0.0000000000
77794  -40.609  13.645  34.493 0.0000000000
110203  -41.851  13.505  35.912 0.0000000000
77784  -42.959  13.651  36.214 0.0000000000
78589  -44.173  14.691  36.225 0.0000000000
77742  -41.470  13.235  40.159 0.0000000000
77744  -43.507  13.922  39.384 0.0000000000
124945  -44.651  14.070  37.997 0.0000000000
79357  -44.981  15.207  36.576 0.0000000000
79365  -46.769  15.510  36.194 0.0000000000
80097  -47.480  15.279  35.809 0.0000000000
80104  -49.712  14.810  35.448 0.0000000000
71298  -48.504  5.095  24.258 0.0000000000
70447  -47.296  4.480  24.754 0.0000000000
72081  -49.636  6.228  28.540 0.0000000000
71256  -49.389  5.511  27.269 0.0000000000
114623  -48.828  4.994  26.717 0.0000000000
112878  -47.361  4.373  25.663 0.0000000000
70459  -45.901  4.661  24.705 0.0000000000
108657  -44.324  5.189  25.148 0.0000000000
112373  -43.095  5.281  26.105 0.0000000000
72098  -41.958  6.236  26.179 0.0000000000
70410  -42.781  4.644  27.599 0.0000000000
71265  -41.655  5.773  26.790 0.0000000000
72097  -41.250  6.629  26.545 0.0000000000
72934  -40.120  7.174  27.370 0.0000000000
112489  -42.449  5.507  36.020 0.0000000000
69521  -39.688  3.928  34.571 0.0000000000
112482  -41.283  4.726  34.834 0.0000000000
71176  -42.397  5.388  34.698 0.0000000000
71187  -42.629  5.184  33.983 0.0000000000
70347  -42.945  4.800  33.185 0.0000000000
70366  -43.884  4.818  32.082 0.0000000000
69557  -42.117  3.581  31.154 0.0000000000
111477  -40.769  3.641  30.187 0.0000000000
71225  -39.988  3.951  29.874 0.0000000000
74525  -37.843  9.344  29.637 0.0000000000
74517  -37.061  10.411  30.684 0.0000000000
74511  -35.949  10.468  32.283 0.0000000000
74507  -35.858  10.129  33.334 0.0000000000
74501  -35.861  9.653  34.361 0.0000000000
71340  -48.126  5.633  20.049 0.0000000000
71345  -47.830  6.052  19.256 0.0000000000
72182  -48.166  6.971  18.985 0.0000000000
72152  -45.538  6.805  22.554 0.0000000000
72993  -45.736  7.429  21.968 0.0000000000
75341  -45.827  9.817  21.969 0.0000000000
74578  -46.151  9.524  20.906 0.0000000000
73798  -46.766  8.818  20.351 0.0000000000
127600  -48.265  8.530  19.397 0.0000000000
73023  -48.472  7.737  18.657 0.0000000000
73029  -48.556  7.779  17.836 0.0000000000
73035  -48.452  7.831  17.020 0.0000000000
121054  -48.866  9.225  16.821 0.0000000000
106533  -48.049  9.663  16.249 0.0000000000
77055  -50.341  12.682  17.908 0.0000000000
105600  -49.008  12.175  16.521 0.0000000000
110295  -47.695  11.324  15.798 0.0000000000
114847  -47.386  12.178  15.356 0.0000000000
77079  -46.317  12.528  14.610 0.0000000000
77078  -45.774  12.921  14.167 0.0000000000
75289  -40.718  10.501  30.653 0.0000000000
75291  -42.756  10.517  30.831 0.0000000000
75292  -43.639  10.818  30.610 0.0000000000
76961  -41.405  12.400  30.729 0.0000000000
76966  -43.054  11.919  29.764 0.0000000000
76967  -43.900  11.754  29.275 0.0000000000
76976  -43.018  12.328  27.598 0.0000000000
76998  -42.835  12.717  25.832 0.0000000000
77008  -43.068  12.964  24.988 0.0000000000
80148  -43.787  16.691  30.719 0.0000000000
80163  -42.492  16.653  29.331 0.0000000000
80180  -41.298  16.397  27.645 0.0000000000
80968  -42.205  17.831  26.186 0.0000000000
80196  -40.976  16.745  26.068 0.0000000000
79421  -40.447  15.165  26.708 0.0000000000
77843  -40.739  14.072  24.926 0.0000000000
77856  -41.779  13.756  23.759 0.0000000000
77858  -44.087  13.517  22.986 0.0000000000
77880  -44.451  13.593  21.672 0.0000000000
109900  -45.558  14.241  18.129 0.0000000000
78704  -42.246  14.244  18.297 0.0000000000
78706  -44.108  14.042  17.839 0.0000000000
116866  -45.751  14.955  15.843 0.0000000000
78747  -46.084  15.071  14.677 0.0000000000
78754  -45.593  14.680  13.935 0.0000000000
81055  -41.392  17.090  13.082 0.0000000000
82531  -42.646  19.738  18.088 0.0000000000
82538  -41.818  19.534  16.722 0.0000000000
82546  -41.304  19.526  16.242 0.0000000000
83859  -42.607  21.475  15.755 0.0000000000
83235  -41.118  19.891  16.280 0.0000000000
82544  -39.639  19.377  16.198 0.0000000000
82543  -38.667  19.122  16.451 0.0000000000
81036  -37.692  18.000  16.748 0.0000000000
81031  -37.641  17.576  17.527 0.0000000000
83192  -39.909  19.887  20.592 0.0000000000
82498  -39.420  19.639  21.237 0.0000000000
85892  -44.541  24.362  22.025 0.0000000000
85905  -43.078  24.566  21.505 0.0000000000
85904  -41.655  25.105  21.012 0.0000000000
86578  -40.186  25.554  20.251 0.0000000000
85902  -38.853  25.838  20.608 0.0000000000
74521  -39.175  10.211  29.954 0.0000000000
71206  -46.011  6.161  32.027 0.0000000000
71218  -45.469  5.711  31.319 0.0000000000
128717  -34.182  3.985  31.712 0.0000000000
70469  -46.551  4.933  23.668 0.0000000000
71311  -46.419  5.425  23.150 0.0000000000
113105  -45.869  5.317  23.582 0.0000000000
77848  -46.566  13.059  24.589 0.0000000000
77860  -46.188  13.469  23.702 0.0000000000
77859  -45.064  13.489  23.304 0.0000000000
79366  -43.799  15.315  34.617 0.0000000000
79375  -43.499  15.696  33.863 0.0000000000
80111  -44.179  16.128  33.465 0.0000000000
82513  -42.861  19.484  20.792 0.0000000000
81776  -42.234  19.101  21.187 0.0000000000
81781  -41.743  18.705  19.725 0.0000000000
82521  -42.255  19.208  19.363 0.0000000000
85939  -43.277  24.111  19.022 0.0000000000
111817  -42.734  24.391  19.690 0.0000000000
72952  -41.893  7.370  25.743 0.0000000000
72953  -42.413  7.488  25.355 0.0000000000
75301  -44.885  11.094  28.535 0.0000000000
79388  -48.544  15.407  32.165 0.0000000000
79395  -49.728  15.388  31.879 0.0000000000
82464  -48.624  19.173  24.100 0.0000000000
82451  -48.361  18.901  24.939 0.0000000000
82477  -47.678  19.439  23.672 0.0000000000
82489  -46.848  19.589  23.142 0.0000000000
82490  -47.935  19.601  22.862 0.0000000000
83184  -47.346  20.154  21.341 0.0000000000
82504  -48.302  19.828  22.027 0.0000000000
84471  -49.602  22.384  21.190 0.0000000000
84477  -49.437  22.609  20.347 0.0000000000
85174  -48.879  23.253  20.964 0.0000000000
85180  -49.157  24.605  20.062 0.0000000000
85924  -49.004  24.545  21.113 0.0000000000
106806  -46.947  8.361  15.190 0.0000000000
121381  -46.453  8.952  14.810 0.0000000000
106355  -45.926  8.571  14.549 0.0000000000
106972  -46.581  9.670  15.024 0.0000000000
75260  -36.688  11.270  33.839 0.0000000000
75255  -36.702  10.824  34.884 0.0000000000
76903  -39.889  12.450  38.882 0.0000000000
77765  -39.701  12.926  37.945 0.0000000000
118503  -40.294  13.281  38.316 0.0000000000
108963  -41.040  13.946  38.054 0.0000000000
108651  -40.679  13.160  39.268 0.0000000000
78545  -47.093  13.939  40.663 0.0000000000
72099  -51.133  6.816  26.476 0.0000000000
71270  -50.387  6.127  26.385 0.0000000000
70414  -46.468  4.323  27.571 0.0000000000
110381  -44.913  4.424  26.815 0.0000000000
111162  -45.043  4.248  27.686 0.0000000000
71235  -40.884  4.422  28.888 0.0000000000
71244  -41.165  4.834  28.156 0.0000000000
72079  -39.952  5.819  27.990 0.0000000000
71233  -39.722  5.420  28.459 0.0000000000
68729  -38.929  3.094  35.427 0.0000000000
69544  -39.754  3.547  32.930 0.0000000000
70362  -40.199  3.475  32.142 0.0000000000
71201  -39.372  3.469  31.126 0.0000000000
72911  -36.467  7.275  29.880 0.0000000000
121041  -35.751  7.167  30.347 0.0000000000
110014  -47.596  8.348  20.143 0.0000000000
76141  -47.687  11.900  20.439 0.0000000000
76147  -47.941  11.521  19.497 0.0000000000
118916  -48.408  10.690  18.925 0.0000000000
76148  -48.745  11.508  18.885 0.0000000000
76149  -49.269  12.157  18.799 0.0000000000
78722  -47.597  14.584  17.389 0.0000000000
78723  -48.555  14.585  16.733 0.0000000000
118889  -47.759  14.823  16.304 0.0000000000
78737  -48.139  14.678  15.866 0.0000000000
112989  -46.816  14.827  16.401 0.0000000000
76947  -40.286  12.747  32.144 0.0000000000
79411  -40.669  14.988  29.415 0.0000000000
78622  -40.588  14.126  29.319 0.0000000000
78624  -40.457  14.226  28.005 0.0000000000
119941  -40.542  13.765  27.408 0.0000000000
78627  -40.440  14.399  27.108 0.0000000000
80956  -44.794  17.815  27.977 0.0000000000
81696  -44.344  18.220  27.299 0.0000000000
123469  -40.593  15.513  22.153 0.0000000000
78663  -40.801  14.693  22.526 0.0000000000
78672  -40.750  14.840  21.682 0.0000000000
78674  -42.066  14.083  20.750 0.0000000000
78681  -41.276  14.438  20.408 0.0000000000
79492  -42.587  15.499  14.989 0.0000000000
78745  -43.201  15.001  15.632 0.0000000000
79503  -44.028  15.842  13.619 0.0000000000
80256  -43.510  16.265  13.148 0.0000000000
81807  -39.645  18.408  14.492 0.0000000000
81800  -39.460  18.743  15.160 0.0000000000
83229  -45.307  21.567  17.277 0.0000000000
83228  -44.407  21.259  16.798 0.0000000000
83853  -44.589  21.754  16.312 0.0000000000
83842  -41.100  21.353  18.560 0.0000000000
83214  -40.783  20.786  17.844 0.0000000000
82520  -40.142  19.895  18.994 0.0000000000
118280  -39.748  21.779  21.671 0.0000000000
73745  -41.166  9.016  26.992 0.0000000000
73744  -40.540  8.763  27.442 0.0000000000
74529  -41.269  9.793  29.363 0.0000000000
74533  -41.713  9.623  28.646 0.0000000000
75298  -42.549  9.793  29.482 0.0000000000
80155  -51.427  16.610  30.231 0.0000000000
80156  -51.887  17.016  29.965 0.0000000000
80961  -51.929  17.754  26.953 0.0000000000
120825  -51.482  18.184  26.330 0.0000000000
81731  -50.475  18.702  24.759 0.0000000000
81742  -50.741  18.903  24.567 0.0000000000
81750  -50.664  19.036  24.038 0.0000000000
82465  -50.724  19.131  24.293 0.0000000000
83168  -50.267  20.096  24.311 0.0000000000
83809  -49.796  21.010  22.655 0.0000000000
72190  -46.712  6.315  16.062 0.0000000000
72198  -47.108  6.945  15.797 0.0000000000
73040  -47.303  7.670  15.633 0.0000000000
75237  -36.585  9.762  37.343 0.0000000000
71236  -45.768  5.164  29.954 0.0000000000
70394  -45.323  4.582  29.503 0.0000000000
108625  -44.674  4.156  29.093 0.0000000000
125255  -44.732  4.342  29.772 0.0000000000
123506  -43.665  3.875  30.083 0.0000000000
70391  -42.372  3.776  29.371 0.0000000000
69572  -42.109  3.553  30.036 0.0000000000
70373  -35.911  4.470  30.872 0.0000000000
71215  -35.935  5.367  30.481 0.0000000000
71224  -34.832  5.818  30.885 0.0000000000
72042  -33.816  6.072  31.478 0.0000000000
72027  -32.579  6.411  32.551 0.0000000000
75331  -46.730  11.335  25.508 0.0000000000
75336  -46.879  11.140  24.630 0.0000000000
76112  -47.480  11.880  25.114 0.0000000000
77862  -48.607  13.292  23.594 0.0000000000
76120  -48.347  12.495  23.862 0.0000000000
77016  -49.058  13.004  23.437 0.0000000000
112472  -49.148  12.797  22.191 0.0000000000
77022  -49.135  13.150  21.952 0.0000000000
77032  -48.774  13.133  20.799 0.0000000000
77882  -48.629  13.608  21.855 0.0000000000
122372  -46.492  13.852  21.578 0.0000000000
77891  -46.966  14.031  20.965 0.0000000000
77903  -46.204  13.971  20.056 0.0000000000
77796  -42.012  13.750  34.194 0.0000000000
78600  -41.815  14.138  33.272 0.0000000000
78601  -42.361  14.355  33.816 0.0000000000
80122  -42.769  16.204  31.931 0.0000000000
79394  -41.869  15.715  31.850 0.0000000000
79406  -42.157  16.127  31.192 0.0000000000
80147  -42.062  16.304  30.246 0.0000000000
82459  -43.804  19.276  24.359 0.0000000000
81749  -43.238  19.150  23.992 0.0000000000
81767  -41.630  18.519  21.533 0.0000000000
81758  -41.630  18.458  22.383 0.0000000000
81000  -41.072  17.781  21.936 0.0000000000
80999  -40.762  17.014  22.033 0.0000000000
81006  -40.832  17.130  21.297 0.0000000000
80227  -40.621  16.465  19.875 0.0000000000
80238  -40.481  16.725  18.021 0.0000000000
80233  -40.571  16.574  18.944 0.0000000000
79483  -40.656  16.262  16.563 0.0000000000
80243  -40.508  17.252  16.379 0.0000000000
120248  -40.909  18.006  16.218 0.0000000000
81795  -41.099  18.405  16.379 0.0000000000
85208  -45.004  23.001  17.475 0.0000000000
110242  -44.802  22.514  16.753 0.0000000000
85207  -44.209  23.252  17.323 0.0000000000
85198  -42.802  23.385  17.853 0.0000000000
83843  -41.806  21.957  17.726 0.0000000000
84489  -41.814  22.769  18.506 0.0000000000
85187  -41.366  23.720  18.865 0.0000000000
85927  -40.856  24.537  19.298 0.0000000000
85179  -40.322  23.501  20.237 0.0000000000
129327  -40.351  25.128  19.811 0.0000000000
71296  -44.058  5.820  24.624 0.0000000000
71309  -44.478  6.035  24.158 0.0000000000
114793  -43.321  8.264  24.689 0.0000000000
74557  -43.825  9.104  24.688 0.0000000000
73751  -42.149  9.140  26.114 0.0000000000
74540  -42.838  9.689  26.628 0.0000000000
75312  -44.699  10.523  27.298 0.0000000000
74551  -44.651  9.897  25.250 0.0000000000
75324  -45.500  10.558  26.183 0.0000000000
76101  -46.118  11.657  26.504 0.0000000000
76989  -45.665  12.055  26.613 0.0000000000
77001  -46.072  12.351  25.902 0.0000000000
114299  -44.654  12.296  26.426 0.0000000000
122725  -46.487  15.682  33.203 0.0000000000
80125  -45.840  16.058  32.732 0.0000000000
80126  -46.697  15.859  32.544 0.0000000000
80167  -46.757  16.822  30.162 0.0000000000
80947  -46.602  17.486  28.763 0.0000000000
80937  -49.604  17.014  29.058 0.0000000000
80959  -49.453  17.644  27.484 0.0000000000
81729  -47.512  18.791  25.699 0.0000000000
81714  -46.859  18.648  26.373 0.0000000000
81698  -46.187  18.502  26.925 0.0000000000
82448  -45.069  19.372  24.889 0.0000000000
82449  -46.019  19.325  24.890 0.0000000000
82488  -45.339  19.630  22.788 0.0000000000
82501  -44.510  19.691  21.570 0.0000000000
82515  -44.343  19.850  20.538 0.0000000000
82516  -45.263  19.946  20.948 0.0000000000
83196  -46.932  20.378  20.301 0.0000000000
83195  -45.926  20.293  20.246 0.0000000000
83207  -46.578  20.558  19.390 0.0000000000
110939  -46.345  20.872  18.585 0.0000000000
124957  -47.090  20.797  18.713 0.0000000000
83187  -50.462  20.510  21.112 0.0000000000
83186  -49.887  20.263  21.080 0.0000000000
83199  -50.124  20.657  20.294 0.0000000000
83836  -48.958  21.645  19.228 0.0000000000
84492  -47.846  21.670  18.732 0.0000000000
83846  -47.559  21.260  18.471 0.0000000000
84484  -47.217  22.535  18.812 0.0000000000
125704  -47.365  24.152  19.364 0.0000000000
85933  -46.431  24.186  19.568 0.0000000000
85932  -45.521  24.261  19.733 0.0000000000
111118  -46.046  24.432  20.405 0.0000000000
115785  -45.698  11.248  14.853 0.0000000000
75275  -37.252  11.100  31.269 0.0000000000
75276  -38.266  11.202  31.028 0.0000000000
76061  -37.829  12.678  33.027 0.0000000000
76065  -38.217  12.268  32.076 0.0000000000
76938  -38.479  13.170  33.226 0.0000000000
76048  -37.593  11.026  36.647 0.0000000000
76927  -37.610  11.922  35.981 0.0000000000
125219  -39.500  13.490  36.246 0.0000000000
77786  -38.735  13.384  35.671 0.0000000000
77787  -39.572  13.735  35.470 0.0000000000
77793  -39.707  13.724  34.638 0.0000000000
119431  -40.411  13.731  35.279 0.0000000000
109691  -41.252  13.594  35.190 0.0000000000
77788  -40.940  13.681  35.904 0.0000000000
77768  -42.473  13.707  36.871 0.0000000000
77783  -42.480  13.558  36.400 0.0000000000
77769  -42.946  13.583  36.884 0.0000000000
78591  -43.524  14.223  35.837 0.0000000000
78588  -43.527  14.016  36.644 0.0000000000
77727  -43.743  13.167  42.633 0.0000000000
77733  -41.352  12.294  41.354 0.0000000000
77734  -42.192  13.059  41.059 0.0000000000
77743  -42.468  13.881  39.752 0.0000000000
123753  -45.400  14.084  38.672 0.0000000000
77745  -44.659  13.851  39.131 0.0000000000
78573  -44.302  14.446  37.095 0.0000000000
79336  -45.263  14.903  37.392 0.0000000000
79364  -45.699  15.544  35.985 0.0000000000
79358  -45.986  15.452  36.776 0.0000000000
79359  -47.223  15.434  36.961 0.0000000000
80087  -48.124  15.273  36.456 0.0000000000
80098  -49.108  15.006  36.035 0.0000000000
72113  -50.043  6.064  24.936 0.0000000000
124289  -48.977  4.961  24.999 0.0000000000
70462  -47.825  4.653  24.333 0.0000000000
70448  -48.210  4.571  25.120 0.0000000000
72080  -48.986  6.035  28.874 0.0000000000
71248  -49.171  5.739  28.082 0.0000000000
70416  -48.043  4.727  27.067 0.0000000000
70432  -46.527  4.273  26.155 0.0000000000
70433  -47.383  4.374  26.573 0.0000000000
70446  -46.555  4.428  25.188 0.0000000000
70445  -45.749  4.481  25.529 0.0000000000
71285  -45.148  4.864  24.971 0.0000000000
70444  -44.807  4.635  25.849 0.0000000000
70429  -43.574  4.805  26.621 0.0000000000
71267  -43.860  4.951  25.854 0.0000000000
71283  -42.623  5.966  25.742 0.0000000000
71266  -42.377  5.542  26.460 0.0000000000
70401  -43.808  4.074  28.763 0.0000000000
70411  -43.550  4.376  27.933 0.0000000000
71252  -41.402  5.291  27.471 0.0000000000
72096  -40.636  6.683  27.024 0.0000000000
70315  -41.332  4.463  36.268 0.0000000000
70316  -41.842  4.941  36.203 0.0000000000
70324  -41.306  4.727  35.643 0.0000000000
70345  -41.281  4.480  33.918 0.0000000000
70334  -40.489  4.328  34.465 0.0000000000
111752  -41.909  5.210  35.285 0.0000000000
127406  -42.570  4.375  32.664 0.0000000000
70365  -43.180  4.474  32.404 0.0000000000
70375  -43.356  4.177  31.605 0.0000000000
70374  -42.573  3.988  31.880 0.0000000000
71216  -40.182  3.562  30.627 0.0000000000
69545  -41.214  3.476  31.004 0.0000000000
72049  -39.547  3.936  30.072 0.0000000000
73733  -36.986  8.107  29.682 0.0000000000
72919  -37.505  7.446  29.315 0.0000000000
73734  -37.607  8.508  29.465 0.0000000000
74519  -37.429  9.922  30.164 0.0000000000
74518  -36.661  9.716  30.451 0.0000000000
74515  -35.681  9.931  31.590 0.0000000000
73726  -34.554  8.431  31.751 0.0000000000
73710  -34.761  8.940  33.624 0.0000000000
74506  -35.329  9.494  33.500 0.0000000000
74500  -35.308  9.060  34.495 0.0000000000
74496  -35.770  9.188  35.381 0.0000000000
70490  -48.453  4.987  20.774 0.0000000000
72174  -48.735  6.397  20.683 0.0000000000
72179  -48.370  6.733  19.788 0.0000000000
72137  -45.047  6.715  23.199 0.0000000000
73782  -45.370  8.189  22.265 0.0000000000
75342  -46.768  10.983  23.582 0.0000000000
124042  -46.123  10.224  22.929 0.0000000000
111438  -46.530  10.783  22.473 0.0000000000
74583  -46.780  9.504  20.226 0.0000000000
73799  -47.583  8.972  19.715 0.0000000000
73812  -49.133  9.220  18.526 0.0000000000
73806  -48.464  8.925  19.091 0.0000000000
73811  -48.937  8.419  18.409 0.0000000000
73818  -49.042  8.372  17.620 0.0000000000
105602  -49.656  10.053  17.605 0.0000000000
109745  -49.415  9.715  17.263 0.0000000000
121509  -48.870  10.022  16.696 0.0000000000
107745  -48.907  13.692  19.479 0.0000000000
77040  -49.967  13.154  18.680 0.0000000000
77915  -50.157  13.700  18.457 0.0000000000
77061  -48.901  13.023  16.208 0.0000000000
77062  -49.638  13.017  16.806 0.0000000000
105599  -48.481  11.395  16.349 0.0000000000
77070  -47.793  13.022  15.366 0.0000000000
77946  -47.137  14.164  14.742 0.0000000000
77080  -47.124  13.095  14.856 0.0000000000
77945  -46.444  13.547  14.361 0.0000000000
75277  -39.212  11.149  30.943 0.0000000000
75278  -40.146  11.009  30.991 0.0000000000
76078  -41.190  11.596  31.136 0.0000000000
75280  -42.041  10.987  31.105 0.0000000000
76085  -42.799  11.142  30.816 0.0000000000
116853  -41.122  13.808  32.153 0.0000000000
116962  -40.993  13.304  31.396 0.0000000000
76964  -41.017  12.922  29.104 0.0000000000
76965  -41.602  12.518  29.969 0.0000000000
76970  -42.991  12.247  28.720 0.0000000000
76971  -44.059  11.942  28.564 0.0000000000
76997  -41.903  12.976  26.043 0.0000000000
76987  -42.607  12.577  26.587 0.0000000000
124402  -45.413  16.498  31.404 0.0000000000
80135  -44.560  16.597  31.284 0.0000000000
80149  -44.515  16.794  30.548 0.0000000000
80944  -43.383  17.341  28.230 0.0000000000
80176  -42.687  16.977  28.547 0.0000000000
125611  -42.038  16.634  28.720 0.0000000000
80181  -42.020  16.862  27.963 0.0000000000
81710  -43.009  18.314  26.103 0.0000000000
80979  -41.620  17.830  25.309 0.0000000000
80201  -40.516  16.315  24.610 0.0000000000
80978  -40.889  17.101  25.197 0.0000000000
80195  -40.574  16.166  25.484 0.0000000000
80185  -40.627  15.953  26.343 0.0000000000
79429  -40.369  15.232  25.733 0.0000000000
78643  -40.459  14.475  25.521 0.0000000000
79436  -40.392  14.844  24.899 0.0000000000
77868  -42.090  13.804  22.929 0.0000000000
77857  -42.673  13.532  23.560 0.0000000000
116151  -43.091  13.628  22.724 0.0000000000
77870  -43.853  13.601  22.142 0.0000000000
107181  -43.043  13.727  21.832 0.0000000000
77900  -43.251  13.617  19.613 0.0000000000
77888  -43.554  13.606  20.467 0.0000000000
77901  -44.163  13.640  19.817 0.0000000000
77914  -44.757  13.981  18.480 0.0000000000
78703  -41.416  14.654  18.614 0.0000000000
78733  -43.818  14.621  16.224 0.0000000000
78719  -43.500  14.276  17.161 0.0000000000
78720  -44.625  14.464  16.836 0.0000000000
114298  -45.179  15.180  14.928 0.0000000000
78762  -44.802  14.938  13.432 0.0000000000
77954  -45.073  14.240  13.409 0.0000000000
77952  -43.782  14.178  13.170 0.0000000000
80253  -41.728  17.443  14.492 0.0000000000
81049  -42.070  17.242  13.847 0.0000000000
81048  -41.202  17.635  13.890 0.0000000000
80252  -39.472  17.048  13.754 0.0000000000
80259  -40.076  16.938  13.067 0.0000000000
82522  -43.344  19.940  18.671 0.0000000000
83226  -42.758  20.708  16.176 0.0000000000
110619  -42.389  20.011  16.957 0.0000000000
82539  -42.049  20.286  16.111 0.0000000000
84504  -43.121  22.161  16.143 0.0000000000
84505  -43.672  21.808  15.905 0.0000000000
82536  -39.054  19.423  17.108 0.0000000000
81032  -37.645  18.595  17.407 0.0000000000
81027  -38.077  17.829  18.075 0.0000000000
81774  -39.073  18.704  19.605 0.0000000000
111036  -38.550  18.031  19.418 0.0000000000
83829  -40.550  21.154  20.262 0.0000000000
83193  -40.231  20.409  20.407 0.0000000000
83183  -40.198  20.916  20.881 0.0000000000
83177  -39.427  20.409  21.836 0.0000000000
82497  -38.644  19.141  21.642 0.0000000000
85890  -42.775  24.387  22.404 0.0000000000
124187  -42.385  24.729  21.542 0.0000000000
85889  -41.889  24.872  22.031 0.0000000000
86559  -41.038  25.486  21.434 0.0000000000
86577  -39.434  25.912  20.585 0.0000000000
74531  -39.961  9.524  28.765 0.0000000000
74528  -40.420  9.911  29.618 0.0000000000
75294  -41.133  10.079  30.222 0.0000000000
81694  -52.322  17.633  28.624 0.0000000000
82423  -51.718  18.553  27.474 0.0000000000
83162  -50.779  19.407  25.475 0.0000000000
83156  -50.893  19.363  26.343 0.0000000000
83155  -49.924  20.186  26.201 0.0000000000
83154  -49.060  20.354  25.734 0.0000000000
75247  -35.427  9.656  37.030 0.0000000000
71226  -45.441  5.345  30.563 0.0000000000
70383  -43.561  3.952  30.803 0.0000000000
70372  -35.047  4.593  31.129 0.0000000000
71213  -34.495  5.433  31.123 0.0000000000
71320  -46.735  5.916  22.620 0.0000000000
77002  -46.747  12.284  25.655 0.0000000000
77011  -47.439  12.527  25.006 0.0000000000
77861  -47.583  13.295  24.037 0.0000000000
77873  -47.876  13.662  23.096 0.0000000000
108461  -46.639  13.746  22.391 0.0000000000
108894  -45.434  13.667  21.758 0.0000000000
78594  -43.077  14.864  34.263 0.0000000000
78602  -42.691  15.356  33.487 0.0000000000
80123  -43.611  16.350  32.199 0.0000000000
82486  -42.776  19.294  22.585 0.0000000000
81015  -40.884  17.211  20.399 0.0000000000
81016  -41.280  17.993  20.062 0.0000000000
126531  -41.025  17.727  18.866 0.0000000000
121689  -40.640  17.395  18.401 0.0000000000
81033  -40.481  17.604  17.237 0.0000000000
81028  -41.108  18.171  18.309 0.0000000000
81790  -41.557  18.854  17.518 0.0000000000
117475  -43.784  23.743  18.323 0.0000000000
85938  -42.961  23.799  18.426 0.0000000000
85937  -42.287  23.908  18.438 0.0000000000
72112  -42.922  6.667  25.112 0.0000000000
73761  -42.667  8.414  25.231 0.0000000000
110389  -43.003  9.831  27.545 0.0000000000
75311  -43.876  10.120  27.478 0.0000000000
75313  -45.416  10.839  27.012 0.0000000000
75306  -45.184  10.988  27.794 0.0000000000
76094  -44.986  11.390  27.873 0.0000000000
80114  -47.466  15.284  33.355 0.0000000000
80127  -47.597  15.616  32.404 0.0000000000
80138  -48.522  15.919  31.400 0.0000000000
80168  -47.814  16.688  30.057 0.0000000000
81701  -50.105  17.938  26.530 0.0000000000
107506  -48.628  18.518  25.739 0.0000000000
82450  -47.084  19.260  24.993 0.0000000000
82462  -46.620  19.426  24.081 0.0000000000
107830  -46.160  19.728  22.571 0.0000000000
129497  -46.428  19.913  21.872 0.0000000000
83197  -48.093  20.414  20.292 0.0000000000
83824  -50.544  21.165  21.108 0.0000000000
83838  -50.443  21.140  19.989 0.0000000000
84478  -50.257  21.602  20.077 0.0000000000
84485  -49.581  22.173  19.822 0.0000000000
110721  -48.923  22.833  19.629 0.0000000000
85191  -48.909  23.947  19.362 0.0000000000
85934  -48.329  24.458  19.673 0.0000000000
85922  -48.579  25.102  20.692 0.0000000000
106661  -45.963  9.551  14.644 0.0000000000
75269  -37.116  11.612  32.017 0.0000000000
75266  -36.805  11.566  32.831 0.0000000000
76060  -37.128  12.040  33.467 0.0000000000
76054  -37.504  12.571  34.123 0.0000000000
112241  -38.584  12.070  37.173 0.0000000000
76919  -39.104  12.470  37.507 0.0000000000
107646  -39.588  13.207  37.053 0.0000000000
77781  -40.319  13.662  36.511 0.0000000000
108769  -41.263  13.776  36.496 0.0000000000
108289  -41.999  14.089  37.587 0.0000000000
78543  -43.839  13.555  41.465 0.0000000000
78553  -44.156  13.834  40.262 0.0000000000
78554  -46.048  13.972  39.656 0.0000000000
78561  -46.128  14.345  38.739 0.0000000000
79324  -46.727  14.819  38.281 0.0000000000
78562  -47.079  14.481  39.190 0.0000000000
79325  -47.883  14.906  38.545 0.0000000000
71287  -50.112  5.838  25.693 0.0000000000
71246  -47.602  5.342  28.647 0.0000000000
71254  -47.836  5.017  27.869 0.0000000000
70415  -47.284  4.516  27.372 0.0000000000
71251  -40.665  5.523  27.748 0.0000000000
72088  -40.290  6.277  27.505 0.0000000000
122305  -41.792  3.709  31.670 0.0000000000
72912  -37.142  6.593  29.509 0.0000000000
72057  -36.998  7.322  29.584 0.0000000000
73730  -36.422  8.732  30.178 0.0000000000
73727  -35.226  9.095  31.444 0.0000000000
72979  -45.100  7.681  22.831 0.0000000000
76140  -46.968  11.259  20.876 0.0000000000
75355  -47.121  10.957  19.989 0.0000000000
74592  -47.818  9.607  19.388 0.0000000000
74597  -49.621  9.667  18.147 0.0000000000
75370  -49.729  10.843  18.047 0.0000000000
106936  -49.737  10.960  17.942 0.0000000000
78710  -49.918  14.189  18.173 0.0000000000
78724  -49.337  14.370  17.519 0.0000000000
78739  -49.373  14.243  16.799 0.0000000000
77071  -48.398  13.491  15.712 0.0000000000
77937  -48.336  14.211  15.700 0.0000000000
78749  -47.658  14.502  15.319 0.0000000000
78748  -46.952  14.792  14.966 0.0000000000
76068  -40.573  12.195  31.529 0.0000000000
76955  -41.052  12.450  31.253 0.0000000000
78619  -40.893  14.553  30.988 0.0000000000
77817  -40.950  13.431  30.617 0.0000000000
77816  -40.709  14.284  30.049 0.0000000000
76974  -40.989  12.937  28.302 0.0000000000
76975  -41.814  12.597  27.937 0.0000000000
120239  -40.962  13.140  27.342 0.0000000000
77829  -41.128  13.291  26.370 0.0000000000
80933  -45.385  17.269  29.437 0.0000000000
80165  -44.912  16.997  30.032 0.0000000000
80945  -44.201  17.453  28.527 0.0000000000
112859  -43.178  17.618  27.522 0.0000000000
80992  -40.742  17.232  23.308 0.0000000000
112705  -41.200  17.680  24.625 0.0000000000
80205  -40.514  16.358  23.666 0.0000000000
79442  -40.441  15.372  24.124 0.0000000000
116785  -40.622  14.572  24.274 0.0000000000
78656  -40.703  14.675  23.510 0.0000000000
78664  -41.536  14.221  22.243 0.0000000000
78665  -42.211  14.005  21.570 0.0000000000
77887  -42.705  13.735  20.218 0.0000000000
77899  -42.542  13.817  19.529 0.0000000000
78731  -41.971  14.975  16.895 0.0000000000
78718  -42.535  14.402  17.441 0.0000000000
78746  -44.180  15.083  15.269 0.0000000000
79494  -44.549  15.438  14.256 0.0000000000
79504  -44.515  15.415  13.389 0.0000000000
79512  -44.309  15.269  12.762 0.0000000000
78767  -43.961  15.228  11.993 0.0000000000
79519  -43.456  15.621  11.738 0.0000000000
81808  -40.288  18.104  13.987 0.0000000000
83216  -43.887  20.622  17.705 0.0000000000
83227  -43.627  20.942  16.468 0.0000000000
83238  -43.322  21.328  15.909 0.0000000000
115925  -41.759  21.395  16.277 0.0000000000
125321  -39.506  19.643  17.694 0.0000000000
82527  -38.723  19.154  18.544 0.0000000000
82511  -39.567  19.373  20.249 0.0000000000
83822  -40.221  21.672  21.030 0.0000000000
83813  -38.905  21.762  22.894 0.0000000000
75299  -43.668  10.108  29.440 0.0000000000
75297  -44.082  10.566  30.053 0.0000000000
109402  -50.424  15.751  31.329 0.0000000000
80154  -50.466  16.232  30.436 0.0000000000
80170  -51.052  16.613  29.712 0.0000000000
80938  -51.062  17.048  28.886 0.0000000000
80939  -52.042  17.411  28.577 0.0000000000
117944  -51.702  17.447  27.758 0.0000000000
80960  -51.016  17.591  27.082 0.0000000000
124549  -50.495  18.566  25.382 0.0000000000
81740  -49.641  18.712  24.411 0.0000000000
121970  -49.782  18.918  23.697 0.0000000000
82491  -49.182  19.504  22.608 0.0000000000
82479  -50.496  19.195  23.440 0.0000000000
82492  -50.715  19.615  22.709 0.0000000000
119676  -50.679  20.180  21.893 0.0000000000
83174  -50.694  19.551  23.822 0.0000000000
112249  -50.826  19.850  22.895 0.0000000000
83817  -50.546  20.655  21.574 0.0000000000
83816  -50.339  21.099  21.783 0.0000000000
117338  -49.544  21.705  22.106 0.0000000000
84464  -49.401  22.222  21.786 0.0000000000
75254  -36.335  9.905  35.183 0.0000000000
75248  -36.815  10.282  35.899 0.0000000000
127473  -37.191  10.593  36.288 0.0000000000
75238  -37.273  9.973  37.937 0.0000000000
123094  -37.723  10.378  37.687 0.0000000000
122306  -38.204  11.277  37.365 0.0000000000
70403  -45.399  4.308  28.617 0.0000000000
68744  -38.423  2.889  34.761 0.0000000000
108122  -37.967  2.610  34.053 0.0000000000
69519  -38.547  3.146  33.908 0.0000000000
68757  -38.127  2.835  33.195 0.0000000000
129047  -38.670  3.152  33.084 0.0000000000
69543  -39.065  3.268  32.583 0.0000000000
72045  -35.839  6.205  30.328 0.0000000000
118140  -35.078  6.925  30.737 0.0000000000
72898  -33.860  6.972  31.696 0.0000000000
76126  -47.596  11.719  23.267 0.0000000000
76113  -47.959  12.339  24.552 0.0000000000
77038  -48.738  12.351  19.297 0.0000000000
77893  -48.577  13.385  20.236 0.0000000000
77904  -48.268  13.814  20.102 0.0000000000
77892  -47.992  13.903  21.075 0.0000000000
78695  -47.686  14.227  19.333 0.0000000000
78707  -47.068  14.375  18.478 0.0000000000
126140  -46.209  14.270  18.561 0.0000000000
77801  -40.765  13.524  33.647 0.0000000000
76941  -40.822  13.305  32.723 0.0000000000
113446  -41.286  13.770  32.784 0.0000000000
78608  -42.015  14.941  33.071 0.0000000000
79385  -41.751  15.232  32.397 0.0000000000
79393  -41.333  15.043  31.772 0.0000000000
79416  -40.973  15.774  28.959 0.0000000000
81726  -44.326  18.942  25.944 0.0000000000
81711  -43.769  18.485  26.562 0.0000000000
81725  -43.524  18.740  25.625 0.0000000000
81738  -42.590  18.682  24.312 0.0000000000
81737  -41.972  18.477  23.864 0.0000000000
81759  -42.179  18.869  22.729 0.0000000000
81747  -41.762  18.457  23.186 0.0000000000
121021  -40.807  17.297  22.564 0.0000000000
80216  -40.648  16.341  21.703 0.0000000000
78680  -40.817  14.795  20.125 0.0000000000
79459  -40.610  15.515  20.277 0.0000000000
79472  -40.962  15.298  18.118 0.0000000000
79471  -40.580  15.926  18.526 0.0000000000
79478  -41.197  15.467  17.232 0.0000000000
79484  -41.366  15.553  16.234 0.0000000000
79491  -41.612  15.722  15.200 0.0000000000
79501  -42.291  16.229  14.462 0.0000000000
80254  -41.756  16.792  14.763 0.0000000000
80248  -41.347  17.385  15.055 0.0000000000
115401  -41.210  17.945  15.552 0.0000000000
129232  -41.069  18.409  15.158 0.0000000000
81802  -40.805  19.061  15.587 0.0000000000
84497  -43.914  22.567  16.409 0.0000000000
84496  -43.024  22.724  16.930 0.0000000000
83834  -41.139  21.777  19.692 0.0000000000
84482  -40.782  22.681  19.992 0.0000000000
84476  -40.336  22.557  20.727 0.0000000000
85172  -39.982  23.245  20.933 0.0000000000
71297  -45.449  5.125  24.230 0.0000000000
72136  -44.523  6.642  23.807 0.0000000000
72965  -44.132  7.262  24.063 0.0000000000
72964  -43.557  7.270  24.538 0.0000000000
74559  -45.160  9.906  24.704 0.0000000000
127214  -42.356  8.812  25.647 0.0000000000
75325  -46.162  10.846  25.926 0.0000000000
75315  -46.478  11.470  26.150 0.0000000000
76990  -46.486  11.942  26.133 0.0000000000
77010  -45.399  12.827  24.878 0.0000000000
80101  -44.961  15.994  33.944 0.0000000000
107599  -45.002  16.196  33.088 0.0000000000
80137  -46.937  16.144  31.762 0.0000000000
80151  -46.210  16.521  30.993 0.0000000000
80166  -45.785  16.965  30.147 0.0000000000
80946  -45.837  17.467  28.907 0.0000000000
81697  -45.353  18.275  27.348 0.0000000000
80169  -49.121  16.522  29.996 0.0000000000
80936  -48.302  17.068  29.269 0.0000000000
81700  -48.597  18.121  27.014 0.0000000000
80958  -48.066  17.770  27.813 0.0000000000
80948  -47.612  17.440  28.614 0.0000000000
80957  -46.929  17.791  28.027 0.0000000000
81713  -45.436  18.656  26.663 0.0000000000
128067  -44.824  19.202  25.519 0.0000000000
82461  -45.495  19.460  24.128 0.0000000000
82475  -45.036  19.542  23.435 0.0000000000
82474  -44.262  19.505  23.199 0.0000000000
122665  -43.698  19.529  22.295 0.0000000000
82514  -43.489  19.671  20.414 0.0000000000
82523  -43.806  19.925  19.676 0.0000000000
83205  -44.633  20.250  19.615 0.0000000000
115613  -44.912  20.604  18.842 0.0000000000
83218  -45.543  20.975  18.281 0.0000000000
83230  -46.118  21.330  17.921 0.0000000000
83855  -46.103  21.736  17.581 0.0000000000
82505  -49.703  19.739  21.831 0.0000000000
83198  -49.255  20.491  20.270 0.0000000000
110940  -48.794  20.683  19.440 0.0000000000
83210  -50.179  20.966  19.732 0.0000000000
83209  -49.314  20.976  19.164 0.0000000000
83221  -48.433  20.870  18.871 0.0000000000
84500  -46.056  22.047  17.422 0.0000000000
85201  -45.588  23.173  18.327 0.0000000000
85189  -46.634  23.325  19.028 0.0000000000
85188  -45.056  23.873  19.058 0.0000000000
85931  -44.645  24.337  19.783 0.0000000000
85919  -44.233  24.453  20.565 0.0000000000
75287  -38.753  10.690  30.475 0.0000000000
76075  -38.692  11.711  31.448 0.0000000000
76066  -39.077  12.259  31.842 0.0000000000
76946  -39.544  12.767  32.331 0.0000000000
76928  -38.010  12.704  35.823 0.0000000000
76930  -38.081  13.200  34.786 0.0000000000
76931  -38.844  13.554  33.980 0.0000000000
76932  -39.881  13.544  33.773 0.0000000000
77795  -41.386  13.633  34.369 0.0000000000
110330  -41.984  13.495  35.012 0.0000000000
77789  -42.496  13.564  35.660 0.0000000000
77790  -43.011  13.924  35.510 0.0000000000
79362  -44.034  15.003  35.405 0.0000000000
116762  -42.921  14.034  38.685 0.0000000000
77752  -43.706  13.889  38.313 0.0000000000
78572  -43.591  13.913  37.455 0.0000000000
79363  -44.822  15.376  35.729 0.0000000000
79368  -45.492  15.637  35.273 0.0000000000
80096  -46.393  15.542  35.430 0.0000000000
79337  -46.361  15.179  37.539 0.0000000000
80103  -47.215  15.245  35.046 0.0000000000
107198  -48.064  14.886  34.667 0.0000000000
79369  -48.780  14.648  34.198 0.0000000000
79378  -49.702  14.547  33.827 0.0000000000
71299  -49.322  5.597  24.581 0.0000000000
126316  -47.798  4.938  23.783 0.0000000000
70461  -47.235  4.695  23.954 0.0000000000
70460  -46.585  4.617  24.366 0.0000000000
70434  -48.161  4.573  26.170 0.0000000000
71284  -43.442  5.663  25.273 0.0000000000
128657  -41.697  6.890  26.014 0.0000000000
126168  -43.382  4.661  27.260 0.0000000000
71253  -42.161  5.133  27.173 0.0000000000
72941  -40.723  7.366  26.798 0.0000000000
117313  -40.366  7.897  27.167 0.0000000000
73743  -39.801  8.020  27.656 0.0000000000
73739  -39.339  8.545  28.307 0.0000000000
74526  -38.648  9.588  29.470 0.0000000000
71204  -44.463  5.407  32.606 0.0000000000
70309  -42.503  5.096  37.009 0.0000000000
69507  -40.118  4.256  35.367 0.0000000000
70323  -40.756  4.536  35.268 0.0000000000
71163  -42.564  5.591  35.268 0.0000000000
71177  -43.105  5.705  34.697 0.0000000000
71188  -43.409  5.451  33.736 0.0000000000
71203  -43.674  5.124  32.896 0.0000000000
69566  -42.838  3.711  31.082 0.0000000000
69565  -41.669  3.528  30.430 0.0000000000
108570  -40.547  4.039  29.530 0.0000000000
72033  -39.182  3.816  30.416 0.0000000000
72047  -38.520  4.406  29.911 0.0000000000
72048  -39.139  4.162  29.941 0.0000000000
72060  -39.313  4.358  29.621 0.0000000000
72069  -39.083  5.173  28.920 0.0000000000
74516  -36.344  10.422  31.237 0.0000000000
72900  -35.084  7.965  30.974 0.0000000000
74486  -35.486  9.027  36.121 0.0000000000
74494  -34.669  8.766  35.910 0.0000000000
74485  -35.118  9.211  36.542 0.0000000000
72181  -47.570  6.362  18.452 0.0000000000
75347  -46.402  10.543  21.394 0.0000000000
73791  -46.154  8.572  20.979 0.0000000000
73800  -48.225  8.121  19.756 0.0000000000
109760  -48.553  8.207  19.108 0.0000000000
72188  -47.979  7.150  18.151 0.0000000000
73028  -47.921  7.243  17.274 0.0000000000
73825  -49.345  9.031  17.475 0.0000000000
73824  -48.752  8.475  16.919 0.0000000000
73041  -48.062  8.022  16.329 0.0000000000
108368  -48.099  8.788  16.298 0.0000000000
77039  -49.433  12.876  18.975 0.0000000000
76157  -49.970  11.891  18.105 0.0000000000
105610  -49.868  11.742  17.708 0.0000000000
124790  -50.289  13.833  17.640 0.0000000000
106984  -49.592  12.007  17.102 0.0000000000
106841  -49.161  11.327  16.822 0.0000000000
115183  -48.802  10.741  16.653 0.0000000000
121475  -48.148  10.558  16.270 0.0000000000
105598  -47.241  10.287  15.564 0.0000000000
75390  -46.874  11.272  15.250 0.0000000000
76180  -46.725  12.091  14.995 0.0000000000
76179  -46.179  11.430  14.812 0.0000000000
76178  -45.746  12.015  14.668 0.0000000000
75279  -41.091  10.933  31.087 0.0000000000
75290  -41.736  10.452  30.788 0.0000000000
76088  -44.121  11.235  29.934 0.0000000000
76962  -42.438  11.737  30.460 0.0000000000
76087  -43.354  11.351  30.388 0.0000000000
76090  -44.492  11.345  29.072 0.0000000000
76977  -44.375  11.992  27.835 0.0000000000
76988  -43.755  12.350  26.738 0.0000000000
76999  -43.843  12.572  25.712 0.0000000000
77009  -44.110  12.874  24.861 0.0000000000
77847  -44.392  13.339  23.972 0.0000000000
80124  -44.214  16.344  32.644 0.0000000000
108005  -44.224  16.440  31.944 0.0000000000
80164  -44.048  16.895  29.964 0.0000000000
115941  -43.115  16.685  30.057 0.0000000000
80162  -41.629  16.288  29.284 0.0000000000
79419  -40.883  15.782  28.073 0.0000000000
80969  -43.020  17.964  26.801 0.0000000000
80954  -42.337  17.397  27.181 0.0000000000
107142  -41.422  17.365  25.880 0.0000000000
80967  -41.592  17.184  26.597 0.0000000000
80186  -41.128  16.521  26.860 0.0000000000
80179  -40.751  15.836  27.212 0.0000000000
79418  -40.523  15.083  27.603 0.0000000000
78633  -40.429  14.476  26.260 0.0000000000
77836  -40.670  13.856  25.845 0.0000000000
77837  -41.255  13.477  25.483 0.0000000000
78650  -41.052  14.142  24.029 0.0000000000
77844  -41.481  13.643  24.611 0.0000000000
77845  -42.379  13.383  24.370 0.0000000000
77846  -43.330  13.272  24.188 0.0000000000
77871  -44.738  13.567  22.414 0.0000000000
77889  -44.587  13.626  20.820 0.0000000000
108030  -43.731  13.614  21.320 0.0000000000
78691  -41.197  14.565  19.527 0.0000000000
78692  -41.999  14.139  19.111 0.0000000000
77912  -42.807  13.788  18.876 0.0000000000
78705  -43.139  13.919  18.036 0.0000000000
107166  -44.916  14.250  17.702 0.0000000000
78721  -45.668  14.505  17.112 0.0000000000
78735  -46.707  15.022  15.377 0.0000000000
77944  -45.787  13.877  13.833 0.0000000000
80255  -42.740  16.673  13.750 0.0000000000
80261  -42.227  16.699  12.925 0.0000000000
80260  -40.815  16.711  12.633 0.0000000000
79508  -40.637  16.135  12.840 0.0000000000
115866  -42.711  19.495  18.931 0.0000000000
124842  -42.286  19.324  18.599 0.0000000000
82530  -42.071  19.391  17.757 0.0000000000
83860  -44.056  21.654  15.942 0.0000000000
83858  -41.912  20.982  15.767 0.0000000000
83236  -41.821  20.374  16.125 0.0000000000
82545  -40.560  19.476  15.954 0.0000000000
82551  -39.278  19.080  15.751 0.0000000000
81799  -38.647  18.686  15.801 0.0000000000
116168  -38.128  18.223  15.964 0.0000000000
82535  -38.027  19.162  17.361 0.0000000000
81794  -37.951  18.696  16.642 0.0000000000
81021  -38.005  17.637  18.781 0.0000000000
116259  -40.446  20.447  19.632 0.0000000000
82512  -40.082  19.823  19.878 0.0000000000
83182  -39.897  20.362  21.091 0.0000000000
82510  -38.921  18.923  20.737 0.0000000000
82472  -38.159  19.791  23.143 0.0000000000
85164  -48.091  22.814  22.662 0.0000000000
85910  -47.078  24.789  21.102 0.0000000000
85909  -46.288  24.505  21.277 0.0000000000
128063  -45.704  24.480  20.986 0.0000000000
85907  -44.640  24.445  21.245 0.0000000000
85906  -43.921  24.471  21.387 0.0000000000
85918  -43.329  24.507  20.579 0.0000000000
85917  -42.311  24.669  20.548 0.0000000000
85916  -41.371  25.000  20.250 0.0000000000
86570  -40.823  25.504  20.500 0.0000000000
85914  -39.679  25.326  20.198 0.0000000000
74598  -49.756  9.942  18.038 0.0000000000
74606  -49.806  10.030  17.915 0.0000000000
74607  -49.767  10.305  17.929 0.0000000000
75369  -49.576  10.419  18.228 0.0000000000
75377  -49.895  10.306  18.014 0.0000000000
75378  -49.734  10.472  17.890 0.0000000000
77021  -49.503  12.991  22.775 0.0000000000
77046  -49.824  12.479  18.517 0.0000000000
77047  -50.263  12.960  18.295 0.0000000000
77054  -50.033  12.567  17.438 0.0000000000
77063  -50.249  13.290  17.476 0.0000000000
77715  -43.768  13.204  43.229 0.0000000000
77767  -41.593  13.934  37.021 0.0000000000
77821  -40.636  13.593  28.709 0.0000000000
77905  -49.502  13.501  18.956 0.0000000000
77921  -50.468  13.481  18.012 0.0000000000
77927  -49.120  13.864  16.276 0.0000000000
78544  -44.785  13.711  41.186 0.0000000000
78612  -41.113  14.190  31.730 0.0000000000
78673  -41.284  14.403  21.351 0.0000000000
78697  -49.522  14.027  18.875 0.0000000000
78702  -40.788  15.139  18.945 0.0000000000
78709  -49.070  14.310  18.374 0.0000000000
78711  -50.360  13.989  17.995 0.0000000000
78725  -50.008  14.177  17.504 0.0000000000
78766  -43.409  15.091  11.462 0.0000000000
79315  -48.165  14.646  39.322 0.0000000000
79376  -44.230  15.847  34.154 0.0000000000
80112  -45.804  15.834  33.551 0.0000000000
80134  -43.638  16.494  31.507 0.0000000000
80153  -49.422  16.030  30.972 0.0000000000
80172  -52.086  17.337  29.354 0.0000000000
80175  -41.447  16.319  28.453 0.0000000000
80266  -41.631  16.378  12.304 0.0000000000
80267  -42.613  16.102  11.904 0.0000000000
80268  -43.406  16.141  12.291 0.0000000000
80925  -51.939  17.212  30.137 0.0000000000
80932  -44.507  17.232  29.315 0.0000000000
80951  -52.210  17.734  27.733 0.0000000000
80953  -41.668  16.908  27.263 0.0000000000
80987  -41.808  18.232  24.550 0.0000000000
81054  -40.511  17.361  13.287 0.0000000000
81716  -49.819  18.356  25.844 0.0000000000
81717  -50.887  18.330  25.992 0.0000000000
81727  -45.548  19.199  25.562 0.0000000000
81732  -50.863  18.725  25.396 0.0000000000
81739  -43.320  18.928  24.773 0.0000000000
82452  -50.813  18.973  24.980 0.0000000000
83169  -50.739  19.447  24.650 0.0000000000
83178  -50.603  20.416  22.255 0.0000000000
83200  -50.493  20.929  20.358 0.0000000000
83220  -47.730  20.946  18.582 0.0000000000
83823  -50.053  21.706  21.403 0.0000000000
83830  -50.523  21.172  20.480 0.0000000000
84463  -48.680  22.342  22.556 0.0000000000
85181  -49.265  24.268  20.379 0.0000000000
85915  -40.273  24.510  19.836 0.0000000000
105603  -49.516  11.255  17.277 0.0000000000
105606  -49.598  10.879  17.551 0.0000000000
105609  -49.740  10.279  17.861 0.0000000000
106556  -46.356  8.296  14.678 0.0000000000
107482  -43.934  17.729  27.795 0.0000000000
108395  -43.824  19.384  23.794 0.0000000000
114336  -46.226  4.216  26.852 0.0000000000
114544  -40.775  14.823  20.853 0.0000000000
118389  -40.531  14.397  28.789 0.0000000000
119655  -50.320  19.477  22.591 0.0000000000
119707  -48.535  14.492  17.696 0.0000000000
120241  -48.958  18.311  26.346 0.0000000000
123144  -48.649  20.450  26.380 0.0000000000
124034  -42.339  3.551  30.622 0.0000000000
124320  -47.772  15.906  31.724 0.0000000000
124552  -45.105  18.967  26.112 0.0000000000
124760  -41.955  13.928  33.710 0.0000000000
125863  -43.498  13.468  23.473 0.0000000000
126769  -49.863  19.216  23.118 0.0000000000
127422  -44.817  19.567  22.978 0.0000000000
127556  -49.569  20.763  23.306 0.0000000000
127674  -40.635  17.882  17.836 0.0000000000
128821  -48.837  10.953  18.672 0.0000000000
129198  -46.308  18.132  27.562 0.0000000000
