#!ascii label  , from subject sub-v1s13x0050036_ses-1 vox2ras=TkReg
1026
47863  13.797  -27.592  63.440 0.0000000000
42634  5.609  -33.684  48.303 0.0000000000
111949  5.314  -33.116  63.305 0.0000000000
48768  5.960  -26.230  60.441 0.0000000000
53981  4.968  -20.167  55.023 0.0000000000
46079  9.776  -29.624  67.093 0.0000000000
47844  7.324  -27.628  64.587 0.0000000000
46104  16.541  -29.361  62.940 0.0000000000
43323  12.256  -32.250  64.406 0.0000000000
40591  7.823  -35.120  63.276 0.0000000000
53900  6.227  -20.496  64.111 0.0000000000
51352  7.262  -23.293  58.469 0.0000000000
56460  5.932  -18.244  61.789 0.0000000000
131694  3.076  -35.579  59.108 0.0000000000
43444  4.036  -32.190  56.332 0.0000000000
45211  5.069  -29.983  61.190 0.0000000000
122699  6.305  -24.183  64.501 0.0000000000
47100  5.496  -29.038  53.620 0.0000000000
48870  8.045  -25.978  50.363 0.0000000000
51415  3.951  -23.646  49.389 0.0000000000
56549  4.975  -16.995  53.283 0.0000000000
46928  12.873  -28.304  66.626 0.0000000000
48712  11.248  -26.984  65.274 0.0000000000
46106  14.784  -29.080  63.609 0.0000000000
45194  14.565  -30.758  63.740 0.0000000000
45178  13.194  -30.102  65.586 0.0000000000
44251  11.022  -31.017  66.190 0.0000000000
54789  6.441  -19.567  63.005 0.0000000000
41614  4.246  -34.661  61.645 0.0000000000
43386  4.121  -33.009  60.194 0.0000000000
44289  5.247  -31.868  62.850 0.0000000000
131507  8.924  -24.380  64.231 0.0000000000
49586  6.327  -25.101  64.523 0.0000000000
41576  6.314  -33.964  63.264 0.0000000000
39586  6.387  -35.840  62.526 0.0000000000
40611  4.968  -35.561  62.093 0.0000000000
39641  3.356  -36.561  60.633 0.0000000000
112849  4.751  -29.291  57.782 0.0000000000
45262  4.436  -30.697  54.626 0.0000000000
114847  6.362  -28.321  57.176 0.0000000000
52183  6.175  -21.601  56.378 0.0000000000
50566  9.228  -24.537  54.389 0.0000000000
52214  7.242  -22.627  53.263 0.0000000000
50606  5.276  -24.441  50.085 0.0000000000
52217  4.702  -21.946  52.080 0.0000000000
131877  7.142  -31.564  64.157 0.0000000000
45181  6.794  -30.726  64.124 0.0000000000
46930  9.125  -28.973  65.991 0.0000000000
49582  9.704  -26.334  64.652 0.0000000000
44284  18.138  -31.221  62.588 0.0000000000
123190  16.593  -32.203  60.224 0.0000000000
43349  15.426  -32.293  62.280 0.0000000000
43368  12.947  -32.119  62.044 0.0000000000
42482  10.103  -33.097  64.379 0.0000000000
42470  8.804  -32.551  64.635 0.0000000000
51300  5.615  -23.519  61.794 0.0000000000
115868  6.981  -25.581  59.327 0.0000000000
120072  5.828  -22.159  60.496 0.0000000000
53941  5.622  -20.132  59.737 0.0000000000
55634  4.949  -18.392  58.580 0.0000000000
47882  15.242  -27.449  61.517 0.0000000000
46125  20.376  -29.430  61.538 0.0000000000
46945  21.832  -28.553  64.829 0.0000000000
46094  18.288  -28.890  63.919 0.0000000000
47861  16.901  -28.039  63.241 0.0000000000
38755  3.556  -37.603  56.687 0.0000000000
40712  4.038  -35.547  55.804 0.0000000000
114020  2.971  -34.110  57.515 0.0000000000
45224  4.112  -30.861  58.847 0.0000000000
46999  5.248  -28.245  60.828 0.0000000000
46951  5.892  -28.252  63.984 0.0000000000
48734  5.407  -26.960  63.512 0.0000000000
50492  5.504  -25.033  62.765 0.0000000000
52100  6.239  -22.879  64.145 0.0000000000
41696  4.690  -34.605  54.092 0.0000000000
43492  5.934  -32.472  52.490 0.0000000000
45306  7.900  -30.994  50.956 0.0000000000
49679  8.619  -26.860  56.379 0.0000000000
47990  8.202  -27.718  52.196 0.0000000000
46244  7.771  -29.244  48.796 0.0000000000
115900  5.142  -28.285  47.804 0.0000000000
48917  4.505  -26.392  47.357 0.0000000000
57402  7.405  -16.621  61.046 0.0000000000
56511  4.724  -17.656  57.457 0.0000000000
57438  6.829  -16.653  56.928 0.0000000000
55660  4.105  -18.182  54.656 0.0000000000
116269  3.644  -19.997  50.719 0.0000000000
47839  13.274  -28.007  65.146 0.0000000000
47840  12.534  -27.505  65.150 0.0000000000
47864  13.249  -27.180  63.827 0.0000000000
46960  14.700  -28.726  63.454 0.0000000000
46095  14.361  -29.386  64.090 0.0000000000
46939  13.522  -28.631  65.100 0.0000000000
46080  13.046  -28.866  66.642 0.0000000000
42635  4.403  -33.856  48.003 0.0000000000
43516  5.061  -32.375  47.902 0.0000000000
42502  4.886  -33.926  62.605 0.0000000000
42515  4.754  -33.408  62.138 0.0000000000
43339  5.350  -32.507  63.317 0.0000000000
44320  17.810  -31.887  59.377 0.0000000000
41577  6.091  -33.835  63.348 0.0000000000
40580  5.901  -34.457  62.983 0.0000000000
41591  5.078  -34.313  62.672 0.0000000000
40612  4.292  -35.293  61.876 0.0000000000
47015  5.837  -28.242  59.245 0.0000000000
47038  5.703  -28.564  57.565 0.0000000000
47917  6.294  -27.800  58.993 0.0000000000
53076  5.628  -21.000  55.960 0.0000000000
52199  6.600  -22.153  54.879 0.0000000000
52200  5.776  -21.738  54.445 0.0000000000
52216  5.336  -22.213  52.487 0.0000000000
52207  4.840  -21.192  53.286 0.0000000000
44249  8.509  -30.664  64.821 0.0000000000
45176  8.332  -30.277  64.837 0.0000000000
110698  9.349  -29.159  66.489 0.0000000000
48725  10.742  -26.352  64.726 0.0000000000
50470  9.693  -24.850  63.789 0.0000000000
118048  16.852  -30.195  62.853 0.0000000000
44285  16.232  -31.793  62.331 0.0000000000
44272  16.158  -30.976  62.721 0.0000000000
44262  13.445  -31.429  64.632 0.0000000000
43334  14.157  -32.320  63.218 0.0000000000
43336  12.432  -32.346  63.483 0.0000000000
43324  11.428  -32.421  64.679 0.0000000000
44246  10.131  -30.511  66.316 0.0000000000
43307  9.997  -31.619  65.622 0.0000000000
43305  9.419  -30.999  65.313 0.0000000000
42472  7.591  -32.311  64.239 0.0000000000
52111  6.056  -22.273  62.775 0.0000000000
52129  5.666  -22.821  61.065 0.0000000000
121565  5.693  -21.758  61.856 0.0000000000
55595  6.353  -18.821  62.559 0.0000000000
53929  5.749  -20.025  60.598 0.0000000000
54809  5.590  -19.097  60.435 0.0000000000
53942  5.505  -19.570  58.986 0.0000000000
55624  5.282  -18.455  60.219 0.0000000000
46093  19.027  -29.239  64.102 0.0000000000
39704  3.482  -36.504  58.010 0.0000000000
113748  3.505  -35.790  57.351 0.0000000000
119708  2.965  -34.950  58.745 0.0000000000
44312  4.685  -31.421  60.543 0.0000000000
44313  4.334  -32.126  59.885 0.0000000000
45218  4.703  -30.440  60.383 0.0000000000
46151  4.756  -29.632  59.719 0.0000000000
116597  5.085  -28.862  60.908 0.0000000000
114471  7.212  -28.511  64.582 0.0000000000
46091  6.686  -29.219  64.194 0.0000000000
47846  6.293  -27.982  64.278 0.0000000000
50464  6.203  -24.812  64.467 0.0000000000
131766  5.963  -25.789  64.395 0.0000000000
50474  5.779  -25.140  64.126 0.0000000000
132350  5.386  -26.081  62.763 0.0000000000
50481  5.767  -24.423  63.889 0.0000000000
51286  5.826  -23.777  63.469 0.0000000000
52095  6.500  -22.935  64.448 0.0000000000
43382  14.722  -32.264  60.100 0.0000000000
43411  15.178  -32.159  58.797 0.0000000000
130944  8.925  -34.679  62.854 0.0000000000
40618  8.419  -35.672  62.020 0.0000000000
40610  7.746  -35.671  62.843 0.0000000000
38676  5.753  -36.710  61.713 0.0000000000
38675  6.099  -36.998  61.776 0.0000000000
40642  3.109  -35.992  59.792 0.0000000000
38729  3.179  -37.172  58.797 0.0000000000
110546  3.597  -33.963  55.785 0.0000000000
121718  4.405  -34.765  54.832 0.0000000000
42575  4.030  -33.194  55.193 0.0000000000
46203  4.700  -29.895  53.916 0.0000000000
44452  5.001  -31.690  53.785 0.0000000000
45283  5.456  -30.561  53.211 0.0000000000
43491  6.787  -32.649  51.692 0.0000000000
45293  6.955  -30.527  51.866 0.0000000000
50550  7.335  -24.098  58.916 0.0000000000
49664  7.927  -26.251  58.098 0.0000000000
50555  8.333  -25.111  57.793 0.0000000000
50584  8.763  -24.512  52.493 0.0000000000
48843  9.075  -26.207  53.317 0.0000000000
48855  8.717  -26.762  51.382 0.0000000000
46225  8.398  -28.881  50.118 0.0000000000
48027  7.702  -27.311  49.315 0.0000000000
46245  6.578  -29.233  48.213 0.0000000000
48885  6.774  -26.581  49.046 0.0000000000
117845  4.437  -24.085  49.856 0.0000000000
49757  4.702  -24.952  48.712 0.0000000000
121467  4.350  -24.994  48.185 0.0000000000
57401  8.334  -16.572  60.546 0.0000000000
57415  6.432  -16.893  59.468 0.0000000000
57426  7.156  -16.872  58.537 0.0000000000
56534  6.425  -16.760  53.961 0.0000000000
57484  5.410  -16.372  54.736 0.0000000000
132730  4.281  -17.263  55.356 0.0000000000
56551  3.966  -17.769  53.553 0.0000000000
53999  4.054  -19.660  52.384 0.0000000000
55685  3.952  -18.651  52.183 0.0000000000
46924  11.439  -28.548  67.906 0.0000000000
47825  10.969  -28.047  67.518 0.0000000000
47841  11.921  -27.478  65.907 0.0000000000
46105  15.455  -29.335  63.144 0.0000000000
44273  15.242  -31.059  63.195 0.0000000000
45183  14.904  -30.046  63.493 0.0000000000
45185  13.621  -30.524  64.840 0.0000000000
44254  13.157  -30.979  65.380 0.0000000000
43312  11.996  -31.930  65.311 0.0000000000
45179  12.681  -30.435  66.132 0.0000000000
46081  12.538  -29.379  67.219 0.0000000000
54776  6.766  -19.356  64.637 0.0000000000
121679  6.275  -20.162  63.477 0.0000000000
55585  6.894  -19.008  64.505 0.0000000000
56443  7.096  -18.557  64.217 0.0000000000
56450  7.341  -18.166  63.873 0.0000000000
119646  3.582  -34.976  60.371 0.0000000000
41632  3.559  -34.366  59.936 0.0000000000
42526  4.038  -33.792  60.448 0.0000000000
43371  4.790  -32.525  61.793 0.0000000000
45204  5.195  -30.510  61.976 0.0000000000
49584  7.641  -25.596  64.609 0.0000000000
119500  6.723  -26.880  64.444 0.0000000000
50461  7.423  -24.538  64.747 0.0000000000
50462  7.088  -24.168  64.833 0.0000000000
51272  6.699  -23.753  64.688 0.0000000000
125648  6.822  -22.904  64.703 0.0000000000
40578  7.137  -34.758  63.246 0.0000000000
40592  7.307  -35.267  63.129 0.0000000000
39587  6.084  -35.278  62.766 0.0000000000
39588  5.746  -35.628  62.405 0.0000000000
39603  4.770  -36.350  61.571 0.0000000000
38678  4.580  -37.235  61.073 0.0000000000
123602  4.318  -35.937  61.646 0.0000000000
121648  3.794  -35.909  61.235 0.0000000000
122060  3.993  -30.972  56.832 0.0000000000
44391  4.324  -31.397  55.593 0.0000000000
46185  3.883  -29.727  56.192 0.0000000000
47071  4.471  -28.794  55.387 0.0000000000
47952  6.248  -28.337  55.388 0.0000000000
113155  6.928  -22.400  57.653 0.0000000000
51358  8.240  -23.220  56.817 0.0000000000
52190  7.652  -22.607  56.116 0.0000000000
51385  8.209  -22.883  53.651 0.0000000000
51398  7.610  -23.642  51.885 0.0000000000
49733  6.813  -25.449  49.846 0.0000000000
51399  6.566  -23.467  51.520 0.0000000000
51407  4.923  -23.796  50.563 0.0000000000
52231  4.111  -22.998  50.462 0.0000000000
56560  6.332  -17.635  52.950 0.0000000000
55694  4.584  -18.437  51.322 0.0000000000
112734  5.680  -18.356  51.201 0.0000000000
130778  6.210  -32.594  64.090 0.0000000000
44264  5.958  -31.828  63.856 0.0000000000
44257  6.680  -31.377  64.197 0.0000000000
46087  7.590  -29.903  64.533 0.0000000000
47831  8.582  -28.559  65.350 0.0000000000
122336  9.660  -28.080  66.597 0.0000000000
127266  9.297  -27.962  65.825 0.0000000000
48714  7.941  -27.353  64.702 0.0000000000
49595  9.214  -25.423  64.229 0.0000000000
116745  17.914  -31.764  61.941 0.0000000000
43380  17.344  -32.085  60.058 0.0000000000
44296  16.903  -32.015  61.918 0.0000000000
44287  14.996  -32.164  63.050 0.0000000000
43350  14.483  -32.468  62.476 0.0000000000
43367  13.666  -32.256  61.611 0.0000000000
111907  9.227  -34.167  63.303 0.0000000000
41589  8.772  -33.960  64.170 0.0000000000
43314  10.183  -32.216  65.555 0.0000000000
42474  9.000  -32.961  64.733 0.0000000000
112690  8.144  -34.095  63.921 0.0000000000
41567  7.320  -33.547  63.818 0.0000000000
42478  6.485  -32.798  64.034 0.0000000000
49640  5.993  -25.328  60.648 0.0000000000
48780  6.535  -26.031  59.705 0.0000000000
50534  6.213  -24.636  60.288 0.0000000000
51328  6.430  -23.898  59.822 0.0000000000
128202  6.541  -22.820  59.455 0.0000000000
120650  5.655  -21.076  61.116 0.0000000000
125702  5.807  -21.255  59.852 0.0000000000
52163  6.496  -21.826  58.897 0.0000000000
53051  5.853  -21.186  58.126 0.0000000000
53065  5.429  -20.470  57.505 0.0000000000
111829  5.169  -20.010  56.839 0.0000000000
47872  14.888  -27.893  62.263 0.0000000000
45210  19.085  -30.295  61.402 0.0000000000
112658  23.013  -28.586  63.447 0.0000000000
46944  22.726  -28.392  64.735 0.0000000000
46956  22.162  -28.683  63.508 0.0000000000
46114  20.602  -29.609  62.916 0.0000000000
45209  19.822  -29.994  62.554 0.0000000000
119659  19.134  -30.540  62.411 0.0000000000
45203  17.863  -30.459  62.995 0.0000000000
46103  17.569  -29.378  63.289 0.0000000000
46957  17.412  -28.328  63.558 0.0000000000
120020  17.079  -28.837  63.235 0.0000000000
46972  16.153  -28.393  62.773 0.0000000000
46973  15.248  -28.460  62.779 0.0000000000
41663  3.272  -34.340  56.627 0.0000000000
42570  3.245  -33.586  56.720 0.0000000000
42551  3.451  -33.433  58.800 0.0000000000
112275  3.331  -33.050  58.133 0.0000000000
44356  3.919  -31.506  57.327 0.0000000000
45232  4.005  -30.560  58.182 0.0000000000
47016  5.366  -28.676  59.586 0.0000000000
47907  5.662  -27.822  59.943 0.0000000000
45187  6.026  -30.834  63.509 0.0000000000
113560  5.961  -29.802  63.313 0.0000000000
46107  5.659  -28.786  63.269 0.0000000000
47855  5.959  -27.167  64.330 0.0000000000
47856  5.738  -27.277  64.142 0.0000000000
46974  5.348  -28.175  62.677 0.0000000000
126081  5.265  -27.742  62.148 0.0000000000
48769  5.509  -26.863  61.303 0.0000000000
48751  5.684  -26.009  61.121 0.0000000000
50499  5.556  -24.363  62.263 0.0000000000
51293  5.886  -23.154  62.771 0.0000000000
121551  6.336  -21.879  64.095 0.0000000000
132514  6.737  -22.207  64.638 0.0000000000
52968  6.674  -21.376  64.847 0.0000000000
122536  6.675  -20.508  65.069 0.0000000000
127262  8.412  -36.201  60.624 0.0000000000
110245  6.904  -36.538  62.251 0.0000000000
44433  4.775  -31.816  54.274 0.0000000000
42595  5.116  -33.113  53.399 0.0000000000
42621  7.691  -33.298  48.921 0.0000000000
48798  7.428  -27.185  58.039 0.0000000000
48814  7.743  -27.718  56.260 0.0000000000
47951  7.106  -28.058  55.107 0.0000000000
49688  9.222  -25.766  54.890 0.0000000000
48824  8.548  -27.165  54.510 0.0000000000
47991  7.217  -28.335  52.788 0.0000000000
46217  8.025  -29.309  51.141 0.0000000000
45320  8.419  -30.741  49.199 0.0000000000
43514  7.038  -32.071  48.220 0.0000000000
44512  5.643  -30.595  47.739 0.0000000000
48886  5.720  -26.097  48.600 0.0000000000
48045  4.985  -27.031  47.877 0.0000000000
119780  7.678  -17.743  63.379 0.0000000000
110226  9.028  -17.310  62.538 0.0000000000
56484  6.693  -17.108  61.369 0.0000000000
56494  5.538  -17.426  59.885 0.0000000000
56504  4.571  -17.964  58.179 0.0000000000
55646  4.801  -18.401  56.789 0.0000000000
57439  5.926  -16.480  57.237 0.0000000000
56518  4.270  -17.690  55.800 0.0000000000
54855  4.737  -19.543  54.611 0.0000000000
123751  4.543  -20.102  53.270 0.0000000000
53105  4.083  -20.905  51.758 0.0000000000
120375  3.580  -21.890  49.833 0.0000000000
54032  3.497  -20.883  49.377 0.0000000000
47853  13.528  -27.796  64.289 0.0000000000
47852  14.085  -28.241  63.946 0.0000000000
46949  14.121  -28.788  64.307 0.0000000000
46950  13.709  -28.325  64.614 0.0000000000
41738  5.012  -34.476  48.342 0.0000000000
121823  4.715  -33.103  47.919 0.0000000000
121922  5.592  -32.916  48.116 0.0000000000
42491  5.199  -33.656  63.032 0.0000000000
110670  4.869  -33.140  62.862 0.0000000000
44318  18.642  -30.862  60.043 0.0000000000
44319  18.348  -31.420  59.735 0.0000000000
42484  5.553  -33.374  63.314 0.0000000000
41578  5.466  -34.054  62.982 0.0000000000
116214  6.020  -27.403  59.670 0.0000000000
53086  5.235  -20.477  55.456 0.0000000000
53085  5.459  -21.018  54.954 0.0000000000
53091  5.162  -21.136  54.065 0.0000000000
53092  5.028  -20.568  54.534 0.0000000000
44248  9.275  -30.283  65.552 0.0000000000
119121  9.450  -29.633  66.064 0.0000000000
46083  9.561  -29.495  66.658 0.0000000000
44276  13.046  -32.128  64.173 0.0000000000
43337  11.638  -32.506  63.665 0.0000000000
45170  10.154  -30.140  66.823 0.0000000000
44247  9.752  -30.315  65.992 0.0000000000
43309  8.724  -31.199  64.796 0.0000000000
52990  6.190  -21.664  63.512 0.0000000000
53002  5.931  -21.323  62.704 0.0000000000
55601  5.926  -18.763  61.759 0.0000000000
55611  5.649  -18.580  61.031 0.0000000000
56486  5.449  -18.147  60.842 0.0000000000
126268  3.168  -36.277  58.959 0.0000000000
122063  3.225  -35.664  58.331 0.0000000000
122400  4.958  -30.792  61.125 0.0000000000
46139  4.883  -29.558  60.530 0.0000000000
46127  5.083  -29.242  61.248 0.0000000000
47845  6.610  -27.613  64.394 0.0000000000
116195  5.979  -25.292  64.343 0.0000000000
50473  5.826  -24.544  64.136 0.0000000000
51274  6.249  -23.666  64.367 0.0000000000
41590  8.367  -34.585  63.522 0.0000000000
40609  8.368  -35.174  62.861 0.0000000000
38689  5.415  -37.386  61.246 0.0000000000
39686  3.049  -36.868  59.742 0.0000000000
114961  3.687  -33.010  56.049 0.0000000000
43455  4.237  -32.299  55.425 0.0000000000
47115  5.226  -29.545  53.564 0.0000000000
46211  5.044  -30.199  53.574 0.0000000000
46210  5.596  -29.833  53.170 0.0000000000
46219  6.187  -30.166  52.628 0.0000000000
47114  5.882  -29.280  53.202 0.0000000000
51351  7.828  -24.109  58.324 0.0000000000
49719  8.185  -25.137  51.033 0.0000000000
122694  8.687  -25.879  51.309 0.0000000000
114348  8.462  -26.893  50.507 0.0000000000
48884  7.881  -26.712  49.738 0.0000000000
48028  6.832  -27.252  48.832 0.0000000000
48871  7.187  -26.079  49.550 0.0000000000
128961  4.145  -23.983  49.484 0.0000000000
49758  4.429  -24.654  48.612 0.0000000000
50625  4.283  -24.421  48.425 0.0000000000
56483  9.194  -16.990  60.909 0.0000000000
57400  9.157  -17.168  59.949 0.0000000000
57413  8.190  -16.672  59.629 0.0000000000
116974  7.919  -16.855  58.972 0.0000000000
57496  5.850  -16.508  54.093 0.0000000000
57497  5.159  -16.571  53.881 0.0000000000
57485  4.593  -16.679  54.327 0.0000000000
56550  4.355  -17.345  53.327 0.0000000000
56562  4.062  -17.915  52.797 0.0000000000
46923  12.428  -28.530  67.389 0.0000000000
47824  11.808  -28.034  67.428 0.0000000000
47828  12.303  -27.905  66.793 0.0000000000
48732  12.704  -26.530  63.805 0.0000000000
46959  15.632  -28.926  62.981 0.0000000000
46088  13.680  -29.643  64.896 0.0000000000
129551  12.916  -30.699  65.746 0.0000000000
46082  11.828  -29.246  67.902 0.0000000000
56442  7.361  -18.234  64.760 0.0000000000
56451  6.922  -18.448  63.418 0.0000000000
41624  3.978  -34.523  60.780 0.0000000000
43355  4.975  -32.588  62.648 0.0000000000
129125  4.988  -31.985  62.294 0.0000000000
44301  4.942  -31.574  61.581 0.0000000000
129090  5.164  -31.375  62.361 0.0000000000
50472  8.295  -24.966  64.519 0.0000000000
51279  8.118  -23.919  64.625 0.0000000000
51271  7.277  -23.516  64.798 0.0000000000
125180  7.463  -22.351  64.827 0.0000000000
41575  6.939  -34.121  63.401 0.0000000000
40579  6.496  -34.694  63.047 0.0000000000
40593  5.440  -34.872  62.638 0.0000000000
39602  5.495  -36.159  61.895 0.0000000000
40619  3.868  -35.211  61.095 0.0000000000
40630  3.418  -35.652  60.518 0.0000000000
111777  3.864  -30.273  56.859 0.0000000000
46173  4.256  -29.509  56.971 0.0000000000
47052  5.373  -28.610  56.671 0.0000000000
112726  5.011  -28.522  55.878 0.0000000000
47070  5.288  -28.493  55.120 0.0000000000
47940  5.982  -28.422  56.137 0.0000000000
126684  6.670  -22.085  56.785 0.0000000000
52182  7.277  -22.572  56.869 0.0000000000
52191  6.799  -22.160  55.947 0.0000000000
52205  7.448  -22.454  54.254 0.0000000000
51392  7.912  -23.199  52.719 0.0000000000
120099  8.304  -23.843  52.335 0.0000000000
50595  7.246  -24.316  51.024 0.0000000000
51393  6.971  -22.948  52.342 0.0000000000
52224  5.070  -22.562  51.636 0.0000000000
51401  4.660  -23.106  50.927 0.0000000000
52225  4.377  -22.273  51.204 0.0000000000
115344  6.793  -17.340  53.582 0.0000000000
55684  5.760  -17.838  52.171 0.0000000000
55693  6.608  -18.370  51.652 0.0000000000
43317  6.378  -32.255  64.277 0.0000000000
126308  6.448  -31.925  64.336 0.0000000000
117042  6.602  -31.858  64.239 0.0000000000
46926  8.977  -29.427  65.718 0.0000000000
118634  8.120  -29.982  64.811 0.0000000000
46086  8.170  -29.508  64.957 0.0000000000
46931  8.307  -28.809  65.184 0.0000000000
47842  10.883  -27.375  66.053 0.0000000000
47830  10.462  -27.726  66.828 0.0000000000
48713  10.263  -26.967  65.309 0.0000000000
122236  9.074  -27.217  64.995 0.0000000000
49583  8.638  -26.077  64.495 0.0000000000
43348  16.113  -32.183  61.875 0.0000000000
43365  15.558  -32.286  61.353 0.0000000000
44274  14.452  -31.623  63.550 0.0000000000
43351  13.580  -32.365  62.609 0.0000000000
44288  12.184  -31.988  61.945 0.0000000000
43369  11.395  -32.104  61.768 0.0000000000
42489  10.433  -33.126  63.378 0.0000000000
42490  9.654  -33.607  63.842 0.0000000000
42483  9.208  -33.382  64.653 0.0000000000
44256  11.546  -31.464  65.890 0.0000000000
43313  11.072  -32.122  65.551 0.0000000000
43306  10.656  -31.583  65.878 0.0000000000
43315  9.473  -32.245  65.093 0.0000000000
41574  8.528  -33.518  64.357 0.0000000000
42475  8.331  -33.044  64.402 0.0000000000
41566  7.937  -33.574  64.059 0.0000000000
42476  7.616  -32.976  64.216 0.0000000000
43311  7.018  -32.093  64.221 0.0000000000
42477  7.032  -32.626  64.257 0.0000000000
43316  6.616  -32.329  64.246 0.0000000000
117671  5.631  -24.325  61.448 0.0000000000
50515  5.900  -24.436  60.785 0.0000000000
52146  5.922  -22.945  60.464 0.0000000000
130824  6.187  -23.122  60.034 0.0000000000
121045  6.081  -20.334  62.622 0.0000000000
53918  5.869  -20.166  61.590 0.0000000000
53023  5.653  -20.852  60.337 0.0000000000
109869  5.969  -21.224  59.028 0.0000000000
53036  5.658  -20.478  58.994 0.0000000000
132777  5.384  -19.101  58.535 0.0000000000
53956  5.413  -19.938  58.244 0.0000000000
115228  5.281  -19.838  57.551 0.0000000000
54829  5.318  -19.094  57.977 0.0000000000
47883  14.590  -27.521  61.697 0.0000000000
46138  19.584  -29.585  60.102 0.0000000000
46126  19.600  -29.710  61.031 0.0000000000
113757  19.723  -29.906  61.833 0.0000000000
46934  22.705  -28.135  65.067 0.0000000000
112621  22.367  -28.627  64.332 0.0000000000
46101  21.528  -28.964  64.211 0.0000000000
46113  21.387  -29.100  63.240 0.0000000000
45201  19.573  -30.097  63.034 0.0000000000
132544  19.281  -30.335  62.030 0.0000000000
119222  18.868  -28.502  64.558 0.0000000000
45192  18.492  -29.724  63.474 0.0000000000
121236  17.720  -28.660  63.659 0.0000000000
47860  17.752  -27.654  63.782 0.0000000000
46958  16.654  -28.616  63.082 0.0000000000
47881  16.000  -27.253  61.844 0.0000000000
47871  15.656  -27.870  62.317 0.0000000000
132070  3.682  -37.163  56.318 0.0000000000
40677  3.055  -34.921  57.759 0.0000000000
40693  3.525  -35.095  56.734 0.0000000000
130171  3.135  -34.617  57.139 0.0000000000
42562  3.118  -33.282  57.513 0.0000000000
42539  3.685  -33.673  59.582 0.0000000000
41641  3.140  -34.196  59.075 0.0000000000
44326  4.043  -31.904  58.876 0.0000000000
130056  3.735  -32.756  58.555 0.0000000000
43415  3.700  -32.206  57.941 0.0000000000
44339  3.869  -31.300  58.073 0.0000000000
109924  5.080  -28.891  60.206 0.0000000000
126033  5.016  -29.148  59.670 0.0000000000
113836  5.390  -28.200  60.234 0.0000000000
47898  5.521  -27.495  60.615 0.0000000000
44258  6.475  -31.584  64.250 0.0000000000
45186  6.461  -30.818  63.944 0.0000000000
117268  6.184  -28.898  63.909 0.0000000000
46097  6.356  -29.814  63.734 0.0000000000
125107  6.090  -29.049  63.766 0.0000000000
120218  6.431  -25.913  64.448 0.0000000000
48716  6.196  -26.539  64.356 0.0000000000
48727  5.547  -26.412  64.024 0.0000000000
48726  5.806  -26.593  64.330 0.0000000000
47865  5.498  -27.795  63.499 0.0000000000
47874  5.328  -27.395  62.813 0.0000000000
49606  5.448  -25.629  63.161 0.0000000000
48752  5.436  -26.271  62.016 0.0000000000
49622  5.530  -25.606  61.741 0.0000000000
50500  5.471  -25.011  61.959 0.0000000000
123221  6.009  -23.162  63.683 0.0000000000
52105  6.197  -22.484  63.677 0.0000000000
43394  16.963  -32.170  59.427 0.0000000000
43395  16.018  -32.210  59.383 0.0000000000
39618  8.117  -36.283  61.385 0.0000000000
40629  8.670  -35.702  61.046 0.0000000000
39599  6.965  -35.940  62.629 0.0000000000
39600  6.472  -36.432  62.251 0.0000000000
38739  3.469  -37.434  57.692 0.0000000000
120923  4.537  -34.830  54.553 0.0000000000
40750  4.501  -35.390  54.754 0.0000000000
40749  4.602  -35.328  54.422 0.0000000000
40771  4.818  -35.350  53.916 0.0000000000
114525  4.501  -31.064  54.880 0.0000000000
44412  4.562  -31.635  54.818 0.0000000000
111213  4.664  -31.176  54.469 0.0000000000
43483  5.343  -32.383  53.134 0.0000000000
43484  5.046  -32.309  53.633 0.0000000000
115872  5.573  -32.957  52.786 0.0000000000
41705  5.692  -34.761  52.694 0.0000000000
42605  6.207  -33.234  52.164 0.0000000000
44484  7.384  -31.926  51.262 0.0000000000
43500  7.863  -32.902  50.714 0.0000000000
44483  8.248  -31.929  50.294 0.0000000000
43499  8.272  -32.828  49.638 0.0000000000
50533  6.568  -25.029  59.838 0.0000000000
49659  6.837  -26.438  59.228 0.0000000000
49665  7.322  -26.335  58.767 0.0000000000
49671  8.431  -26.268  57.360 0.0000000000
48797  8.000  -27.144  57.293 0.0000000000
47950  8.198  -27.489  55.315 0.0000000000
51357  8.895  -23.656  56.143 0.0000000000
50561  9.141  -24.795  55.766 0.0000000000
132011  8.524  -27.214  52.529 0.0000000000
48834  9.015  -26.498  54.210 0.0000000000
48835  8.595  -27.063  53.472 0.0000000000
47976  7.620  -27.794  53.220 0.0000000000
47126  7.434  -29.105  51.911 0.0000000000
47112  8.047  -28.332  51.768 0.0000000000
47146  8.006  -28.607  49.223 0.0000000000
46234  8.339  -29.350  49.609 0.0000000000
117355  8.313  -29.911  49.161 0.0000000000
44510  7.897  -31.353  48.576 0.0000000000
127121  7.622  -30.214  48.464 0.0000000000
44511  6.844  -30.994  48.007 0.0000000000
45335  6.508  -30.127  47.970 0.0000000000
47156  5.918  -28.323  48.251 0.0000000000
49734  5.723  -25.065  49.570 0.0000000000
49755  6.228  -25.750  49.175 0.0000000000
49756  5.302  -25.327  48.892 0.0000000000
48904  4.669  -26.269  47.787 0.0000000000
48903  4.846  -26.181  48.064 0.0000000000
48046  4.775  -27.187  47.503 0.0000000000
48059  4.600  -27.458  47.097 0.0000000000
56470  8.395  -16.682  61.677 0.0000000000
56471  7.232  -16.836  61.971 0.0000000000
131124  5.542  -17.676  60.580 0.0000000000
56485  6.420  -17.101  60.518 0.0000000000
57428  5.474  -17.160  58.262 0.0000000000
114553  4.916  -17.670  58.644 0.0000000000
56503  4.936  -17.532  58.007 0.0000000000
119359  4.543  -18.003  57.440 0.0000000000
111376  6.853  -16.355  56.016 0.0000000000
110088  7.738  -16.939  57.019 0.0000000000
109681  7.398  -17.007  57.705 0.0000000000
112783  6.472  -16.742  57.841 0.0000000000
56523  4.086  -17.703  55.048 0.0000000000
57454  4.646  -17.049  56.062 0.0000000000
55652  4.246  -18.132  55.437 0.0000000000
55659  4.596  -18.744  55.014 0.0000000000
54856  4.363  -18.810  54.183 0.0000000000
54863  4.524  -19.541  53.883 0.0000000000
121460  3.789  -19.579  51.546 0.0000000000
54008  3.872  -20.171  51.792 0.0000000000
54016  3.672  -20.504  51.017 0.0000000000
53116  3.938  -21.450  51.096 0.0000000000
53125  3.571  -21.262  50.341 0.0000000000
55704  4.154  -18.989  50.881 0.0000000000
47827  12.782  -27.918  66.003 0.0000000000
47854  12.943  -27.307  64.458 0.0000000000
48731  13.305  -26.793  63.001 0.0000000000
46938  13.753  -29.063  64.861 0.0000000000
46089  13.390  -29.138  65.701 0.0000000000
46927  13.191  -28.475  65.913 0.0000000000
42642  4.004  -33.358  47.653 0.0000000000
43527  4.225  -32.457  47.582 0.0000000000
42503  4.580  -34.164  62.054 0.0000000000
42516  4.368  -33.981  61.374 0.0000000000
119876  4.861  -34.911  62.366 0.0000000000
41603  4.654  -34.567  62.262 0.0000000000
47029  5.320  -28.984  58.608 0.0000000000
126288  5.302  -28.865  57.882 0.0000000000
47028  5.833  -28.466  58.401 0.0000000000
47928  6.355  -28.117  58.143 0.0000000000
52192  6.006  -21.599  55.431 0.0000000000
52206  6.409  -22.242  53.869 0.0000000000
52215  6.217  -22.422  52.898 0.0000000000
123851  5.406  -21.898  53.460 0.0000000000
128414  4.900  -21.739  52.797 0.0000000000
43310  7.806  -31.546  64.319 0.0000000000
115454  7.741  -30.938  64.374 0.0000000000
45172  8.903  -30.004  65.471 0.0000000000
46084  9.159  -29.474  65.913 0.0000000000
49593  11.108  -25.818  64.084 0.0000000000
49594  10.163  -25.724  64.179 0.0000000000
50479  10.211  -24.858  63.168 0.0000000000
44271  17.185  -31.332  62.559 0.0000000000
44286  15.618  -31.708  62.724 0.0000000000
44261  14.048  -31.085  64.198 0.0000000000
44275  13.761  -31.926  63.882 0.0000000000
43335  13.306  -32.310  63.364 0.0000000000
43352  12.684  -32.269  62.683 0.0000000000
43338  10.898  -32.764  63.986 0.0000000000
44245  10.612  -30.696  66.442 0.0000000000
44252  10.334  -31.032  66.000 0.0000000000
44253  10.091  -31.166  65.758 0.0000000000
130804  9.630  -31.566  65.241 0.0000000000
43308  8.963  -31.883  64.778 0.0000000000
42471  8.242  -32.492  64.398 0.0000000000
117003  8.218  -31.897  64.414 0.0000000000
51313  5.744  -23.615  60.939 0.0000000000
52118  5.676  -22.616  61.816 0.0000000000
121096  5.611  -22.048  61.111 0.0000000000
54795  6.078  -19.427  62.135 0.0000000000
54801  5.835  -19.292  61.238 0.0000000000
132138  5.583  -19.555  60.065 0.0000000000
54821  5.425  -19.053  59.650 0.0000000000
55625  5.009  -18.297  59.390 0.0000000000
46124  21.107  -29.063  62.179 0.0000000000
120424  20.949  -29.041  64.704 0.0000000000
45182  19.311  -29.816  63.537 0.0000000000
47870  16.423  -27.664  62.578 0.0000000000
110936  3.569  -36.735  56.874 0.0000000000
41651  2.921  -34.351  58.328 0.0000000000
43385  4.607  -32.341  60.834 0.0000000000
43398  3.956  -32.884  59.281 0.0000000000
44325  4.354  -31.159  59.673 0.0000000000
45223  4.458  -30.348  59.569 0.0000000000
126855  4.636  -29.978  60.052 0.0000000000
46090  7.120  -29.613  64.346 0.0000000000
46096  6.683  -29.833  64.026 0.0000000000
125392  6.361  -28.549  64.208 0.0000000000
126578  6.088  -27.969  64.263 0.0000000000
49587  6.076  -25.653  64.399 0.0000000000
49596  5.804  -25.897  64.287 0.0000000000
126422  5.392  -26.241  63.395 0.0000000000
49597  5.546  -25.717  63.860 0.0000000000
50482  5.600  -25.073  63.563 0.0000000000
50491  5.660  -24.422  63.137 0.0000000000
51280  5.957  -23.719  64.056 0.0000000000
43381  15.638  -32.283  60.361 0.0000000000
118625  15.217  -32.270  59.591 0.0000000000
41613  9.018  -34.978  62.149 0.0000000000
112905  7.600  -36.222  62.201 0.0000000000
38704  3.214  -37.361  60.356 0.0000000000
41677  4.134  -34.735  55.374 0.0000000000
40730  4.344  -35.430  55.123 0.0000000000
41687  4.100  -34.062  54.959 0.0000000000
41697  4.475  -34.098  54.442 0.0000000000
46204  4.396  -30.247  54.333 0.0000000000
44453  4.836  -31.278  54.114 0.0000000000
45284  5.029  -30.958  53.712 0.0000000000
44451  5.324  -31.335  53.308 0.0000000000
44471  5.610  -31.829  52.898 0.0000000000
44470  6.377  -31.863  52.116 0.0000000000
122382  6.889  -31.259  51.773 0.0000000000
50546  6.950  -24.534  59.358 0.0000000000
49658  7.567  -25.153  58.736 0.0000000000
49670  8.862  -25.628  56.778 0.0000000000
50573  9.113  -24.624  53.362 0.0000000000
49697  9.210  -25.545  53.823 0.0000000000
49707  9.085  -25.422  52.835 0.0000000000
48844  8.958  -26.285  52.336 0.0000000000
48005  8.550  -27.465  51.179 0.0000000000
47125  8.379  -28.557  50.808 0.0000000000
48017  8.496  -27.571  50.254 0.0000000000
47136  8.276  -28.105  49.670 0.0000000000
47155  7.060  -28.445  48.600 0.0000000000
48043  6.381  -27.692  48.544 0.0000000000
48029  6.001  -26.913  48.499 0.0000000000
49735  4.876  -24.651  49.343 0.0000000000
49777  4.584  -25.437  48.200 0.0000000000
49796  4.414  -25.577  47.788 0.0000000000
122744  7.366  -16.635  60.072 0.0000000000
131085  6.758  -16.761  58.972 0.0000000000
57427  6.206  -16.777  58.591 0.0000000000
57467  6.117  -16.218  55.501 0.0000000000
57468  5.317  -16.377  55.755 0.0000000000
118278  4.623  -16.703  55.154 0.0000000000
57469  4.165  -17.149  54.687 0.0000000000
55672  3.985  -18.260  53.838 0.0000000000
54864  4.155  -19.015  53.225 0.0000000000
119054  3.950  -18.405  53.002 0.0000000000
54866  3.885  -18.995  52.325 0.0000000000
45167  10.261  -29.819  67.480 0.0000000000
46925  10.375  -28.732  67.867 0.0000000000
47829  11.443  -27.678  66.823 0.0000000000
48711  11.914  -27.126  65.028 0.0000000000
45193  15.830  -30.060  62.922 0.0000000000
45184  14.177  -30.171  64.229 0.0000000000
44263  12.800  -31.706  65.022 0.0000000000
44255  12.508  -31.179  65.764 0.0000000000
44250  11.927  -30.847  66.308 0.0000000000
45173  12.956  -29.627  66.390 0.0000000000
45174  12.278  -30.163  66.771 0.0000000000
45175  11.334  -30.566  66.747 0.0000000000
45168  11.695  -29.981  67.343 0.0000000000
120152  11.076  -29.819  67.711 0.0000000000
53891  6.480  -20.091  64.643 0.0000000000
53909  6.076  -20.845  63.484 0.0000000000
54784  6.502  -19.646  63.959 0.0000000000
55590  6.721  -19.072  63.398 0.0000000000
56436  7.132  -18.520  65.013 0.0000000000
55589  6.916  -18.794  63.767 0.0000000000
55594  6.730  -18.688  63.152 0.0000000000
56459  6.533  -18.292  62.689 0.0000000000
119709  3.216  -35.071  59.663 0.0000000000
43372  4.451  -33.186  61.118 0.0000000000
130354  7.240  -27.112  64.536 0.0000000000
48715  7.187  -26.359  64.541 0.0000000000
49585  6.789  -25.115  64.687 0.0000000000
50463  6.464  -24.372  64.605 0.0000000000
51273  6.470  -23.679  64.548 0.0000000000
40577  7.720  -34.686  63.447 0.0000000000
39585  6.695  -35.320  62.895 0.0000000000
130224  6.117  -35.744  62.491 0.0000000000
39601  6.115  -36.223  62.200 0.0000000000
38677  5.239  -36.761  61.490 0.0000000000
39620  4.042  -36.579  61.223 0.0000000000
44373  4.098  -31.478  56.570 0.0000000000
132492  4.016  -30.692  56.055 0.0000000000
45251  4.218  -30.700  55.168 0.0000000000
46191  3.799  -29.966  55.412 0.0000000000
47053  4.459  -28.937  56.266 0.0000000000
47054  3.998  -29.282  55.628 0.0000000000
47088  4.043  -29.349  54.978 0.0000000000
47087  4.624  -28.898  54.578 0.0000000000
47086  5.298  -28.738  54.192 0.0000000000
51359  7.663  -23.219  57.696 0.0000000000
51365  8.417  -22.902  55.720 0.0000000000
51364  9.001  -23.561  55.153 0.0000000000
52198  7.582  -22.462  55.253 0.0000000000
51374  8.386  -22.778  54.676 0.0000000000
51373  8.897  -23.465  54.087 0.0000000000
51384  8.692  -23.722  53.142 0.0000000000
50585  8.236  -24.400  51.700 0.0000000000
49732  7.359  -25.129  50.466 0.0000000000
50605  6.364  -24.751  50.285 0.0000000000
50596  5.940  -24.032  50.793 0.0000000000
52223  5.966  -22.758  51.997 0.0000000000
51400  5.494  -23.286  51.245 0.0000000000
50608  4.033  -23.623  49.902 0.0000000000
56548  5.850  -16.932  53.486 0.0000000000
109960  5.498  -17.347  52.898 0.0000000000
56561  4.739  -17.574  52.616 0.0000000000
116916  4.898  -18.031  51.865 0.0000000000
55701  7.045  -18.721  50.818 0.0000000000
42633  6.830  -33.924  48.737 0.0000000000
43327  5.794  -32.719  63.739 0.0000000000
43326  6.260  -32.193  64.243 0.0000000000
45180  7.149  -30.477  64.219 0.0000000000
45177  7.678  -30.456  64.446 0.0000000000
46932  7.346  -29.301  64.548 0.0000000000
46940  7.659  -28.430  64.760 0.0000000000
132244  8.068  -28.072  64.857 0.0000000000
129677  9.856  -28.723  67.494 0.0000000000
46929  9.479  -28.712  66.903 0.0000000000
47843  9.890  -27.562  65.985 0.0000000000
118536  9.184  -28.447  66.038 0.0000000000
122691  8.733  -28.036  65.252 0.0000000000
128991  8.058  -26.582  64.587 0.0000000000
44295  18.460  -31.390  61.486 0.0000000000
44308  17.935  -31.806  60.311 0.0000000000
110879  18.073  -31.731  61.094 0.0000000000
43363  17.306  -31.985  60.966 0.0000000000
43364  16.348  -32.139  61.123 0.0000000000
119655  14.975  -32.331  60.807 0.0000000000
43383  14.190  -32.226  60.725 0.0000000000
43366  14.738  -32.429  61.555 0.0000000000
44297  13.177  -31.742  60.503 0.0000000000
42501  9.980  -33.572  62.696 0.0000000000
43325  10.554  -32.608  64.973 0.0000000000
42473  9.682  -32.796  65.082 0.0000000000
116705  7.583  -34.141  63.595 0.0000000000
125234  7.014  -33.071  64.077 0.0000000000
41568  6.710  -33.442  63.669 0.0000000000
41569  6.202  -33.341  63.552 0.0000000000
126917  6.147  -33.052  63.782 0.0000000000
48788  6.141  -26.562  59.960 0.0000000000
49653  6.256  -25.633  60.179 0.0000000000
116352  6.044  -23.748  60.385 0.0000000000
129275  6.896  -23.510  59.184 0.0000000000
52172  6.865  -22.527  58.644 0.0000000000
121173  5.723  -20.937  61.973 0.0000000000
132239  5.711  -21.534  60.565 0.0000000000
115619  6.180  -22.167  59.802 0.0000000000
52173  6.420  -21.754  57.912 0.0000000000
53064  5.808  -21.172  57.069 0.0000000000
53052  5.597  -20.655  58.349 0.0000000000
53077  5.358  -20.492  56.451 0.0000000000
53971  5.133  -20.092  55.905 0.0000000000
47862  14.486  -28.090  63.063 0.0000000000
47873  14.075  -27.467  62.384 0.0000000000
129170  14.659  -27.292  61.138 0.0000000000
44306  18.678  -30.887  60.998 0.0000000000
46955  23.230  -28.509  64.291 0.0000000000
131339  20.353  -29.664  62.226 0.0000000000
46102  20.704  -29.467  63.891 0.0000000000
44282  18.860  -30.855  61.779 0.0000000000
44283  18.602  -31.188  62.215 0.0000000000
47850  18.897  -27.716  64.820 0.0000000000
46948  18.162  -28.162  64.189 0.0000000000
47851  18.389  -27.534  64.368 0.0000000000
124858  16.320  -28.970  62.954 0.0000000000
39719  3.746  -35.967  56.503 0.0000000000
126451  3.735  -34.704  56.042 0.0000000000
110540  3.485  -32.800  56.907 0.0000000000
114129  3.021  -33.709  58.276 0.0000000000
117910  3.400  -32.677  57.545 0.0000000000
43432  3.806  -32.153  57.148 0.0000000000
45237  3.910  -30.776  57.467 0.0000000000
46174  4.119  -29.954  57.747 0.0000000000
45231  4.390  -30.036  58.800 0.0000000000
115651  4.961  -29.369  59.122 0.0000000000
46163  4.691  -29.509  58.403 0.0000000000
47897  5.812  -27.041  60.198 0.0000000000
44277  5.606  -31.658  63.305 0.0000000000
109851  5.563  -30.848  62.861 0.0000000000
45195  5.520  -29.693  62.650 0.0000000000
113182  5.193  -29.442  61.890 0.0000000000
126608  6.071  -27.086  64.310 0.0000000000
48717  5.958  -26.360  64.389 0.0000000000
46115  5.349  -28.900  62.463 0.0000000000
46986  5.173  -28.501  61.704 0.0000000000
47885  5.317  -27.636  61.430 0.0000000000
48740  5.340  -26.661  62.777 0.0000000000
112413  5.347  -27.085  62.075 0.0000000000
126536  5.711  -26.730  60.689 0.0000000000
49621  5.725  -25.110  61.253 0.0000000000
132343  5.696  -23.841  62.681 0.0000000000
131788  6.090  -22.800  63.273 0.0000000000
52978  6.157  -21.146  64.046 0.0000000000
122798  6.539  -22.049  64.398 0.0000000000
52969  6.351  -21.049  64.509 0.0000000000
53890  6.820  -19.652  65.167 0.0000000000
48738  13.413  -26.882  61.865 0.0000000000
43409  17.359  -32.036  58.793 0.0000000000
43410  16.629  -32.106  58.709 0.0000000000
39619  7.337  -36.723  61.648 0.0000000000
120119  4.422  -35.959  54.895 0.0000000000
43468  4.468  -32.450  54.692 0.0000000000
42588  4.641  -33.153  54.171 0.0000000000
115165  4.843  -32.886  53.845 0.0000000000
42587  4.747  -33.680  53.941 0.0000000000
118999  5.039  -34.873  53.534 0.0000000000
42604  7.146  -33.556  51.372 0.0000000000
131504  7.411  -32.684  48.565 0.0000000000
48787  6.431  -26.932  59.412 0.0000000000
113263  6.829  -27.267  58.691 0.0000000000
128368  6.875  -27.820  57.865 0.0000000000
47939  7.223  -27.936  57.106 0.0000000000
110573  6.850  -28.194  56.105 0.0000000000
47964  6.085  -28.434  54.554 0.0000000000
47978  6.063  -28.633  53.795 0.0000000000
50554  8.822  -24.353  56.949 0.0000000000
49678  9.079  -26.042  55.856 0.0000000000
48823  8.906  -26.757  55.222 0.0000000000
47962  7.820  -27.668  54.261 0.0000000000
47977  6.740  -28.362  53.398 0.0000000000
47099  6.272  -28.798  53.249 0.0000000000
46209  6.398  -29.499  52.642 0.0000000000
46218  7.087  -29.755  51.946 0.0000000000
46226  7.908  -30.039  51.157 0.0000000000
131078  8.347  -29.529  50.449 0.0000000000
120100  8.512  -31.108  49.951 0.0000000000
44497  8.373  -31.722  49.363 0.0000000000
43506  7.962  -32.356  48.792 0.0000000000
120600  6.648  -33.012  48.388 0.0000000000
43515  6.008  -32.405  48.066 0.0000000000
119256  5.677  -31.623  47.834 0.0000000000
44513  4.718  -31.076  47.585 0.0000000000
48044  5.431  -27.482  48.132 0.0000000000
48887  5.010  -25.714  48.389 0.0000000000
48902  5.261  -26.555  48.212 0.0000000000
132556  5.221  -27.693  47.941 0.0000000000
47157  4.751  -28.795  47.409 0.0000000000
56449  8.045  -17.799  63.941 0.0000000000
56458  7.045  -17.839  62.974 0.0000000000
56472  6.543  -17.565  62.117 0.0000000000
111597  7.813  -17.201  62.691 0.0000000000
129683  7.059  -17.277  62.506 0.0000000000
120396  6.010  -17.632  61.246 0.0000000000
112415  5.007  -18.041  60.102 0.0000000000
56496  4.706  -18.105  58.875 0.0000000000
55642  4.860  -18.368  57.761 0.0000000000
54842  5.154  -19.316  56.316 0.0000000000
57440  5.343  -17.075  57.464 0.0000000000
57453  5.354  -16.673  56.634 0.0000000000
57441  4.900  -17.268  56.863 0.0000000000
113528  4.487  -17.720  56.691 0.0000000000
55647  4.365  -18.076  56.138 0.0000000000
54848  4.966  -19.482  55.425 0.0000000000
53992  4.761  -20.223  54.196 0.0000000000
132215  4.576  -20.795  53.105 0.0000000000
53104  4.524  -21.261  52.499 0.0000000000
54007  4.273  -20.502  52.466 0.0000000000
53115  4.351  -21.593  51.741 0.0000000000
52226  3.856  -22.128  50.471 0.0000000000
52232  3.757  -22.837  49.784 0.0000000000
55695  4.065  -18.681  51.599 0.0000000000
127528  3.780  -19.450  51.038 0.0000000000
54023  3.537  -20.687  50.179 0.0000000000
53136  3.394  -21.289  49.582 0.0000000000
121539  3.758  -22.989  49.040 0.0000000000
41706  5.076  -34.107  53.466 0.0000000000
41737  6.072  -34.453  48.626 0.0000000000
42582  4.378  -33.293  54.575 0.0000000000
42594  5.601  -33.699  52.733 0.0000000000
42636  3.928  -33.995  47.721 0.0000000000
43475  4.848  -32.339  53.989 0.0000000000
43476  4.655  -32.574  54.306 0.0000000000
45169  10.625  -30.322  67.082 0.0000000000
45171  9.671  -29.770  66.405 0.0000000000
45273  4.694  -30.660  54.117 0.0000000000
45294  6.062  -31.074  52.647 0.0000000000
45305  8.516  -30.209  50.072 0.0000000000
46085  8.737  -29.784  65.313 0.0000000000
46197  4.370  -29.590  54.356 0.0000000000
46198  4.012  -30.114  54.735 0.0000000000
46921  10.804  -29.288  68.050 0.0000000000
46922  9.681  -29.196  67.314 0.0000000000
46941  6.719  -28.888  64.323 0.0000000000
47039  4.933  -28.933  57.171 0.0000000000
47101  4.885  -29.209  53.953 0.0000000000
47113  6.785  -28.910  52.657 0.0000000000
47147  7.437  -27.868  48.965 0.0000000000
47158  4.939  -27.863  47.628 0.0000000000
47826  10.088  -28.238  67.338 0.0000000000
47963  6.843  -28.167  54.010 0.0000000000
49612  5.441  -25.614  62.405 0.0000000000
49708  8.774  -25.259  51.884 0.0000000000
50607  4.401  -24.352  49.164 0.0000000000
50617  4.172  -24.138  49.009 0.0000000000
51408  4.353  -23.563  50.352 0.0000000000
53097  4.765  -20.700  53.738 0.0000000000
53146  3.354  -21.387  48.956 0.0000000000
54822  5.305  -18.789  59.002 0.0000000000
54835  5.288  -19.164  57.193 0.0000000000
55651  4.748  -18.634  55.843 0.0000000000
55696  3.866  -19.094  51.527 0.0000000000
56495  4.858  -17.878  59.385 0.0000000000
56535  4.151  -17.184  53.965 0.0000000000
56536  3.971  -17.704  54.303 0.0000000000
56568  4.276  -18.197  52.074 0.0000000000
57414  7.315  -16.715  59.266 0.0000000000
57416  5.536  -17.263  59.044 0.0000000000
57452  6.003  -16.192  56.387 0.0000000000
57483  6.484  -16.481  54.637 0.0000000000
57498  4.596  -16.884  53.730 0.0000000000
115214  5.209  -31.882  53.410 0.0000000000
122440  4.618  -31.808  47.653 0.0000000000
122977  7.820  -17.891  64.536 0.0000000000
125129  3.831  -19.071  51.870 0.0000000000
125512  9.103  -24.048  53.709 0.0000000000
125587  6.961  -29.946  64.168 0.0000000000
125676  10.059  -29.402  67.654 0.0000000000
126122  7.085  -31.145  64.155 0.0000000000
126170  5.870  -16.702  57.895 0.0000000000
127405  7.711  -29.032  64.788 0.0000000000
128339  8.288  -23.960  57.633 0.0000000000
130726  6.644  -28.271  56.646 0.0000000000
131299  6.372  -21.764  57.139 0.0000000000
131421  6.845  -19.125  64.056 0.0000000000
