#!ascii label  , from subject sub-v1s13x0050015_ses-1 vox2ras=TkReg
1524
5258  -3.302  -88.698  -9.072 0.5000000000
4746  -2.388  -89.330  -5.929 0.5000000000
4736  -2.913  -89.583  -5.107 0.5000000000
4180  -2.639  -90.268  -4.345 0.5000000000
6366  -3.800  -86.779  -9.320 0.5000000000
5788  -3.798  -87.760  -9.106 0.5000000000
125609  -4.490  -87.177  -8.913 0.5000000000
130391  -4.193  -87.656  -8.786 0.5000000000
6342  -5.349  -86.742  -7.984 0.6000000238
108335  -3.952  -87.982  -8.223 0.5000000000
4167  -2.866  -90.931  -3.647 0.5000000000
108970  -2.394  -88.681  -7.098 0.5000000000
3619  -3.461  -91.308  -3.273 0.5000000000
108980  -3.163  -88.307  -5.718 0.6000000238
4168  -3.292  -90.420  -3.553 0.6000000238
5735  -3.780  -87.909  -5.153 0.6000000238
4727  -3.326  -89.662  -4.169 0.6000000238
4169  -3.916  -90.796  -3.023 0.6999999881
5231  -4.168  -88.275  -4.306 0.6999999881
117408  -3.809  -89.905  -3.349 0.6999999881
5206  -4.974  -88.763  -2.711 0.6999999881
4717  -5.115  -89.698  -2.412 0.6999999881
4152  -4.449  -90.305  -2.747 0.6999999881
6355  -5.698  -86.102  -8.789 0.5000000000
6343  -6.061  -86.089  -8.223 0.6000000238
6948  -6.161  -85.433  -7.883 0.6000000238
113674  -5.393  -85.264  -7.179 0.6000000238
5762  -3.440  -87.509  -7.150 0.5000000000
3620  -4.057  -91.605  -2.939 0.5000000000
3077  -4.118  -92.992  -3.214 0.5000000000
2561  -5.246  -93.219  -3.916 0.6999999881
3059  -5.236  -92.268  -2.826 0.6999999881
3079  -5.678  -92.769  -3.325 0.6999999881
109103  -2.887  -88.030  -6.683 0.6000000238
5752  -3.421  -87.502  -6.105 0.6999999881
3600  -5.642  -91.628  -2.515 0.6999999881
5736  -4.433  -87.485  -4.643 0.6999999881
5218  -5.183  -87.994  -3.117 0.6999999881
3601  -6.484  -91.823  -2.392 0.6999999881
128281  -5.561  -88.991  -2.315 0.6999999881
4718  -5.977  -89.613  -2.074 0.6999999881
130599  -5.733  -90.284  -2.146 0.6999999881
3580  -7.693  -91.463  -1.737 0.6999999881
111813  -6.870  -89.764  -1.632 0.6999999881
4133  -7.750  -90.577  -1.350 0.6999999881
4134  -8.766  -90.275  -0.982 0.6999999881
7606  -5.888  -84.901  -9.030 0.5000000000
7581  -6.202  -84.585  -8.004 0.6000000238
8229  -6.113  -83.592  -7.648 0.6000000238
7569  -5.634  -84.474  -7.162 0.6000000238
8212  -5.840  -83.543  -6.568 0.6000000238
6935  -4.858  -85.591  -6.723 0.6000000238
7556  -5.399  -84.235  -5.957 0.6000000238
6332  -4.557  -86.245  -7.143 0.6000000238
2562  -6.071  -92.944  -4.062 0.6999999881
6319  -3.876  -86.814  -6.581 0.6999999881
3080  -6.463  -92.607  -3.394 0.6999999881
2578  -7.235  -92.467  -4.881 0.6999999881
3099  -7.683  -91.971  -5.316 0.6999999881
6301  -4.751  -86.724  -4.919 0.6999999881
2563  -6.871  -92.684  -4.042 0.6999999881
3645  -7.726  -91.833  -6.359 0.6999999881
5737  -4.981  -87.139  -4.266 0.6999999881
3060  -6.063  -92.310  -2.820 0.6999999881
120474  -7.146  -92.445  -3.373 0.6999999881
3092  -7.784  -92.026  -4.512 0.6999999881
131389  -7.862  -91.655  -4.918 0.6999999881
5710  -4.804  -87.765  -3.901 0.6999999881
5689  -5.886  -87.586  -2.803 0.6999999881
3602  -7.328  -91.957  -2.273 0.6999999881
3632  -8.131  -91.406  -4.401 0.6999999881
5187  -6.337  -88.721  -1.975 0.6999999881
3603  -8.231  -91.920  -2.140 0.6999999881
3062  -7.813  -92.217  -2.841 0.6999999881
122987  -7.849  -89.553  -1.150 0.6999999881
128134  -8.423  -91.664  -1.801 0.6999999881
3083  -8.989  -91.693  -2.708 0.6999999881
3048  -9.503  -91.586  -2.231 0.6999999881
4118  -9.785  -90.317  -0.904 0.6999999881
8247  -5.779  -84.134  -8.466 0.5000000000
127219  -6.158  -83.348  -8.413 0.6000000238
8881  -6.797  -82.121  -7.466 0.6000000238
8893  -7.061  -81.783  -8.782 0.5000000000
9611  -6.879  -81.778  -5.610 0.6000000238
8908  -6.045  -82.215  -9.402 0.5000000000
114053  -6.042  -82.795  -9.115 0.5000000000
8198  -6.226  -82.792  -6.161 0.6000000238
130606  -7.229  -81.524  -5.074 0.6000000238
121680  -6.165  -83.007  -5.204 0.6000000238
9604  -6.854  -82.036  -4.701 0.6000000238
6936  -5.187  -84.984  -6.366 0.6000000238
6916  -4.894  -85.490  -5.853 0.6999999881
128389  -5.915  -84.880  -4.550 0.6999999881
6321  -5.166  -85.971  -5.096 0.6999999881
6899  -5.814  -85.671  -4.313 0.6999999881
121153  -8.669  -90.623  -7.170 0.6999999881
6286  -6.028  -86.430  -3.673 0.6999999881
6887  -6.485  -85.724  -3.551 0.6999999881
3646  -8.025  -91.254  -5.421 0.6999999881
4215  -9.599  -90.065  -8.660 0.6999999881
6287  -6.680  -86.414  -3.033 0.6999999881
127320  -8.390  -90.496  -5.633 0.6999999881
4205  -9.199  -90.050  -7.209 0.6999999881
5672  -7.828  -87.600  -1.341 0.6000000238
4181  -8.296  -90.529  -4.830 0.6999999881
4204  -8.761  -90.075  -6.216 0.6999999881
123314  -9.780  -90.026  -7.959 0.6999999881
4225  -10.275  -89.982  -9.085 0.6999999881
4232  -9.652  -89.291  -9.597 0.6999999881
5188  -7.630  -88.233  -1.259 0.6999999881
4170  -8.504  -90.678  -3.922 0.6999999881
4737  -8.518  -89.748  -4.353 0.6000000238
4756  -9.427  -89.530  -6.368 0.6999999881
4206  -10.057  -89.724  -7.149 0.6999999881
4681  -10.145  -89.594  -0.677 0.6000000238
110113  -9.489  -91.069  -1.373 0.6999999881
3605  -10.642  -91.117  -2.024 0.6999999881
3622  -9.532  -91.382  -2.595 0.6999999881
4728  -8.896  -89.889  -3.688 0.6000000238
4748  -8.919  -89.244  -5.539 0.6000000238
4700  -11.337  -89.894  -1.741 0.6000000238
3584  -11.046  -90.662  -1.936 0.6000000238
118562  -9.782  -90.181  -3.064 0.6000000238
119771  -9.326  -89.127  -3.466 0.5000000000
5232  -8.675  -88.978  -4.673 0.5000000000
5240  -8.988  -88.413  -5.061 0.5000000000
4729  -11.248  -89.335  -2.376 0.6000000238
5222  -10.960  -88.496  -2.924 0.5000000000
126344  -10.377  -89.183  -2.945 0.5000000000
9622  -7.087  -81.488  -6.769 0.6000000238
9634  -7.496  -81.244  -8.134 0.6000000238
9605  -8.247  -80.901  -4.414 0.5000000000
10392  -9.307  -80.272  -3.911 0.6999999881
10427  -7.375  -81.233  -8.292 0.6000000238
10417  -7.979  -80.208  -7.488 0.6000000238
11176  -5.753  -80.341  -8.307 0.6000000238
9645  -6.893  -81.606  -8.998 0.6000000238
9595  -8.177  -81.295  -3.470 0.4000000060
127716  -7.597  -80.232  -8.112 0.6000000238
126130  -7.509  -81.579  -4.238 0.5000000000
8859  -7.063  -82.356  -3.906 0.6000000238
8169  -6.548  -83.591  -4.048 0.6000000238
6900  -6.317  -84.980  -3.931 0.6999999881
7546  -6.199  -84.252  -4.296 0.6000000238
6873  -7.124  -85.711  -2.936 0.6999999881
6278  -7.325  -86.342  -2.199 0.6000000238
6874  -7.596  -85.591  -2.359 0.6000000238
5189  -8.443  -88.296  -0.963 0.6000000238
4216  -10.706  -89.964  -8.006 0.6999999881
5169  -9.456  -88.816  -0.642 0.6000000238
4749  -9.632  -88.882  -5.781 0.6000000238
4238  -10.310  -88.923  -10.451 0.6999999881
111410  -11.683  -89.249  -1.933 0.6000000238
5233  -8.700  -88.131  -4.302 0.4000000060
4750  -10.764  -88.770  -5.774 0.4000000060
4757  -10.369  -89.312  -6.343 0.5000000000
4207  -10.942  -89.790  -6.919 0.6000000238
4226  -11.329  -90.100  -8.780 0.6000000238
5713  -10.487  -87.613  -3.397 0.5000000000
5712  -9.276  -87.364  -3.774 0.5000000000
5220  -8.892  -88.089  -3.831 0.5000000000
4758  -11.354  -89.512  -6.170 0.4000000060
113015  -11.849  -90.071  -6.667 0.6000000238
11124  -9.567  -79.742  -4.564 0.6000000238
10391  -8.397  -80.410  -5.431 0.6000000238
11105  -10.354  -79.536  -3.206 0.6000000238
10418  -8.208  -79.912  -7.243 0.6000000238
11150  -8.812  -79.396  -6.561 0.5000000000
124514  -10.009  -78.805  -5.732 0.6000000238
11871  -9.497  -78.188  -6.440 0.6000000238
10375  -9.315  -80.426  -3.109 0.6000000238
11164  -7.066  -79.402  -7.702 0.6999999881
109690  -8.658  -77.478  -7.002 0.6000000238
12584  -9.459  -77.350  -7.183 0.6000000238
10359  -8.708  -80.914  -2.725 0.5000000000
10360  -9.240  -80.480  -2.158 0.6000000238
11887  -6.360  -78.411  -7.241 0.6000000238
9594  -7.645  -81.990  -3.272 0.5000000000
12593  -6.831  -77.529  -6.823 0.6999999881
8846  -7.436  -82.903  -3.267 0.6000000238
12582  -7.010  -76.783  -6.458 0.6000000238
7537  -7.322  -84.340  -3.222 0.6000000238
8170  -7.097  -83.642  -3.518 0.6000000238
7525  -7.876  -84.328  -2.669 0.6000000238
6875  -7.990  -85.044  -2.197 0.6000000238
6270  -8.136  -86.718  -1.499 0.6000000238
6271  -9.248  -86.869  -1.179 0.6000000238
5676  -12.257  -87.166  -1.987 0.6000000238
5656  -11.010  -88.127  -0.668 0.6000000238
115033  -12.035  -86.028  -3.440 0.6000000238
5209  -12.024  -87.610  -2.482 0.6000000238
4217  -11.785  -90.324  -8.056 0.6000000238
4227  -12.169  -90.548  -8.732 0.6000000238
4233  -11.913  -90.261  -9.449 0.6000000238
5714  -11.388  -86.968  -3.338 0.5000000000
6288  -9.141  -86.749  -4.145 0.5000000000
6303  -9.177  -86.694  -4.726 0.5000000000
4772  -12.891  -89.223  -10.784 0.6000000238
4208  -12.718  -90.471  -6.476 0.4000000060
3669  -12.991  -91.151  -8.062 0.6000000238
126547  -12.537  -90.762  -9.241 0.6000000238
131949  -10.596  -79.033  -4.482 0.6000000238
11858  -11.504  -78.494  -5.282 0.5000000000
11849  -11.195  -78.745  -4.439 0.6000000238
11835  -12.326  -78.679  -3.334 0.5000000000
129467  -9.650  -79.318  -5.370 0.6000000238
11859  -12.347  -78.522  -5.564 0.6000000238
115036  -10.202  -79.429  -4.077 0.5000000000
11834  -11.514  -78.789  -3.578 0.5000000000
11106  -10.967  -79.107  -2.911 0.5000000000
113273  -10.970  -78.211  -5.884 0.5000000000
11857  -10.677  -78.663  -5.259 0.6000000238
115279  -10.798  -77.836  -6.601 0.5000000000
11086  -9.858  -80.024  -2.665 0.6000000238
12594  -8.790  -76.314  -7.302 0.6999999881
129873  -9.643  -76.602  -7.608 0.6000000238
13379  -9.580  -75.765  -7.662 0.6000000238
8832  -8.079  -82.589  -2.594 0.5000000000
13366  -7.594  -76.191  -6.292 0.5000000000
13368  -8.832  -75.417  -7.246 0.6999999881
8154  -8.185  -83.539  -2.450 0.5000000000
7526  -8.439  -84.362  -2.087 0.5000000000
6865  -8.616  -85.158  -1.736 0.6000000238
6867  -11.914  -85.932  -1.324 0.6000000238
129675  -10.997  -86.756  -0.931 0.5000000000
6279  -12.490  -86.279  -2.181 0.6000000238
6273  -11.704  -86.738  -1.207 0.6000000238
6889  -10.521  -85.944  -3.950 0.5000000000
4209  -13.563  -90.968  -6.117 0.5000000000
3659  -13.243  -91.072  -7.141 0.5000000000
3678  -13.405  -91.344  -8.741 0.6000000238
126267  -13.450  -90.677  -9.763 0.6000000238
11851  -13.060  -78.864  -4.856 0.6000000238
11850  -12.155  -78.639  -4.398 0.6000000238
11860  -13.233  -78.762  -5.975 0.6000000238
11820  -11.709  -78.843  -2.669 0.5000000000
11873  -11.535  -78.105  -6.368 0.6000000238
12587  -11.747  -77.844  -7.535 0.6999999881
11088  -11.141  -79.205  -2.026 0.6000000238
128155  -11.542  -76.914  -8.038 0.6000000238
12596  -11.156  -77.147  -7.692 0.6000000238
11073  -9.900  -80.073  -1.726 0.6000000238
14190  -10.074  -75.367  -7.546 0.6000000238
13381  -10.913  -76.415  -7.790 0.6000000238
9573  -8.815  -81.092  -1.883 0.5000000000
8137  -8.820  -83.678  -1.797 0.5000000000
14141  -7.816  -75.817  -5.816 0.5000000000
14175  -8.549  -75.100  -6.652 0.6000000238
6866  -9.489  -85.344  -1.386 0.5000000000
115857  -11.800  -85.082  -1.156 0.6000000238
128548  -10.446  -85.457  -1.150 0.5000000000
6876  -12.699  -85.331  -2.249 0.5000000000
113925  -12.629  -85.974  -2.799 0.5000000000
3660  -14.088  -91.502  -6.897 0.6000000238
3671  -14.694  -91.633  -7.735 0.6000000238
11139  -13.895  -79.328  -5.249 0.6000000238
11126  -13.697  -79.135  -4.286 0.5000000000
11836  -12.984  -78.784  -3.902 0.5000000000
11861  -14.153  -79.131  -6.422 0.6999999881
119046  -13.068  -78.672  -3.042 0.5000000000
11891  -13.592  -78.353  -8.740 0.6999999881
11875  -13.380  -78.598  -7.331 0.6000000238
11822  -13.210  -78.629  -2.148 0.5000000000
12597  -11.978  -77.548  -8.246 0.6000000238
11089  -11.870  -78.932  -1.771 0.5000000000
11056  -10.993  -79.946  -0.694 0.6000000238
13383  -13.158  -76.524  -8.728 0.6999999881
10346  -10.191  -80.408  -0.856 0.6000000238
14178  -11.307  -75.272  -7.050 0.6000000238
9551  -9.721  -81.045  -0.837 0.6000000238
116593  -10.643  -75.156  -5.574 0.6999999881
14164  -10.027  -74.767  -6.387 0.6999999881
8815  -9.137  -82.937  -1.419 0.5000000000
128073  -9.358  -82.223  -1.124 0.5000000000
14163  -9.030  -74.846  -6.247 0.6000000238
8138  -9.557  -83.766  -1.247 0.5000000000
122199  -9.737  -75.183  -5.491 0.5000000000
8139  -10.433  -83.924  -0.859 0.6000000238
7513  -9.137  -84.497  -1.577 0.5000000000
14125  -8.627  -75.972  -4.388 0.6000000238
7515  -10.892  -84.813  -0.988 0.5000000000
6868  -12.328  -85.117  -1.533 0.6000000238
8171  -11.993  -82.605  -3.157 0.5000000000
11140  -14.795  -79.543  -5.591 0.6999999881
11127  -14.509  -79.482  -4.544 0.5000000000
126525  -14.220  -79.158  -3.629 0.5000000000
11877  -15.551  -79.071  -8.350 0.8000000119
11152  -15.158  -79.376  -6.867 0.6999999881
11107  -13.791  -78.788  -2.854 0.5000000000
11090  -13.975  -78.683  -1.911 0.5000000000
11900  -14.146  -77.969  -9.658 0.6999999881
11892  -14.778  -78.515  -9.251 0.6999999881
11876  -14.399  -78.908  -7.860 0.8000000119
12598  -12.938  -77.635  -9.034 0.6999999881
11077  -13.350  -78.659  -1.176 0.5000000000
123362  -13.873  -75.959  -8.932 0.6999999881
12604  -14.093  -76.983  -9.444 0.6999999881
11076  -12.030  -79.121  -0.960 0.6000000238
11806  -12.603  -78.758  -1.493 0.5000000000
122598  -13.037  -75.489  -6.983 0.6000000238
14193  -12.546  -75.982  -7.905 0.6000000238
9552  -10.346  -81.275  -0.390 0.6000000238
14145  -11.532  -75.413  -5.396 0.6999999881
14165  -10.975  -74.945  -6.354 0.6999999881
8126  -9.939  -82.898  -0.728 0.6000000238
8795  -9.817  -81.833  -0.686 0.6000000238
14144  -10.458  -75.703  -4.717 0.6000000238
8127  -10.938  -83.220  -0.498 0.6000000238
7505  -11.349  -84.141  -0.865 0.6000000238
13330  -9.185  -76.230  -3.383 0.6000000238
7517  -12.408  -84.202  -1.680 0.6000000238
7527  -12.440  -84.036  -2.680 0.5000000000
11153  -16.423  -79.256  -7.256 0.6000000238
11141  -15.759  -79.472  -5.887 0.5000000000
11128  -15.439  -79.572  -4.776 0.5000000000
11108  -14.669  -79.007  -2.722 0.5000000000
11893  -16.150  -78.612  -9.744 0.8000000119
11091  -14.653  -78.740  -1.743 0.5000000000
13391  -15.210  -77.134  -9.767 0.6999999881
11058  -12.187  -79.658  -0.305 0.6000000238
13278  -9.949  -76.649  0.897 0.6000000238
13369  -13.428  -75.691  -8.053 0.8000000119
13288  -10.541  -76.729  -0.058 0.6000000238
14167  -13.539  -75.518  -5.773 0.6999999881
111433  -14.035  -75.600  -6.770 0.8000000119
11057  -11.603  -80.231  -0.188 0.6000000238
13298  -9.629  -76.887  -0.722 0.6000000238
124583  -11.159  -75.637  -4.810 0.6000000238
8796  -10.601  -82.238  -0.328 0.6000000238
8128  -12.120  -82.772  -0.484 0.6000000238
13313  -9.782  -76.486  -2.397 0.6000000238
13331  -10.125  -76.294  -3.267 0.6000000238
14127  -11.174  -75.887  -3.994 0.6000000238
7506  -11.719  -83.355  -0.700 0.6000000238
14126  -9.616  -75.876  -4.372 0.5000000000
8155  -12.311  -82.876  -2.050 0.5000000000
8847  -12.383  -82.031  -2.850 0.5000000000
11142  -16.634  -79.275  -6.016 0.5000000000
11129  -16.368  -79.378  -5.058 0.5000000000
109810  -16.754  -79.027  -8.788 0.6000000238
11862  -17.529  -78.977  -6.742 0.5000000000
12606  -15.654  -77.712  -10.209 0.8000000119
11894  -17.925  -78.703  -10.011 0.6999999881
13392  -16.481  -77.388  -10.150 0.8000000119
13384  -14.761  -76.180  -9.091 0.8000000119
109163  -12.749  -79.054  -0.652 0.6000000238
11078  -14.203  -78.593  -0.798 0.5000000000
14054  -9.785  -75.465  1.457 0.6000000238
13370  -14.382  -75.764  -7.968 0.8000000119
11044  -13.602  -79.738  0.541 0.5000000000
124807  -11.462  -75.721  0.379 0.6999999881
14068  -10.362  -75.853  1.183 0.6000000238
9533  -11.712  -81.044  0.243 0.6000000238
10314  -12.303  -80.433  0.270 0.6000000238
11043  -12.865  -79.690  0.129 0.6000000238
14096  -12.144  -76.098  -0.626 0.6000000238
8798  -12.333  -82.409  -0.059 0.6000000238
9553  -11.172  -81.610  -0.018 0.6000000238
9535  -13.343  -81.489  0.563 0.6000000238
13299  -10.438  -76.667  -1.293 0.6000000238
117591  -12.095  -75.667  -4.194 0.6000000238
14146  -12.667  -75.460  -5.132 0.5000000000
8816  -12.624  -82.664  -0.594 0.6000000238
13332  -11.014  -76.237  -3.171 0.6000000238
8833  -12.790  -82.664  -1.606 0.6000000238
8817  -13.322  -82.489  -1.016 0.6000000238
8834  -13.136  -82.250  -2.194 0.5000000000
8849  -13.712  -82.326  -2.573 0.5000000000
8848  -13.035  -81.834  -3.133 0.5000000000
8172  -14.177  -82.792  -3.474 0.5000000000
11895  -19.153  -78.609  -9.149 0.6000000238
12599  -17.859  -77.527  -10.585 0.6999999881
15547  -8.709  -73.268  0.621 0.6000000238
14827  -9.273  -74.563  1.377 0.6000000238
13385  -16.011  -76.779  -9.179 0.8000000119
11060  -14.189  -78.960  0.315 0.5000000000
14828  -10.236  -74.798  0.933 0.6000000238
13371  -15.735  -76.252  -7.481 0.8000000119
10317  -15.190  -79.789  1.334 0.5000000000
14069  -10.989  -75.394  0.693 0.6999999881
14168  -14.830  -75.634  -5.342 0.8000000119
10316  -13.875  -80.709  0.822 0.6000000238
11045  -14.366  -79.773  0.964 0.6000000238
14082  -12.625  -75.330  -0.396 0.8000000119
14147  -13.963  -75.505  -4.592 0.6999999881
8788  -12.806  -82.016  0.300 0.6000000238
8790  -14.155  -81.680  0.667 0.6000000238
14107  -12.352  -76.076  -1.563 0.6999999881
125494  -12.398  -75.992  -2.366 0.6999999881
14129  -13.321  -75.515  -3.862 0.6000000238
8799  -13.039  -82.453  -0.074 0.6000000238
8801  -15.359  -82.440  -0.159 0.6000000238
13315  -11.660  -76.249  -2.329 0.6000000238
8800  -14.401  -82.351  0.011 0.5000000000
8835  -14.095  -82.519  -1.765 0.5000000000
11904  -19.406  -78.199  -10.136 0.6000000238
11880  -19.729  -78.223  -8.502 0.5000000000
126901  -7.221  -72.147  0.006 0.6000000238
12600  -19.367  -77.195  -10.281 0.6999999881
15546  -8.005  -73.179  1.130 0.6000000238
13386  -17.800  -76.684  -9.685 0.6999999881
129439  -19.406  -76.302  -9.354 0.6000000238
15548  -9.603  -73.668  0.491 0.6000000238
116273  -16.840  -76.558  -8.019 0.6000000238
13359  -16.767  -76.201  -7.040 0.6999999881
15564  -11.722  -73.987  -0.103 0.8000000119
13358  -15.868  -75.792  -5.924 0.6999999881
14169  -16.528  -75.700  -6.425 0.6000000238
14838  -12.361  -74.729  -0.158 0.8000000119
14149  -15.531  -75.339  -4.707 0.8000000119
14150  -16.106  -75.320  -5.346 0.6999999881
14098  -13.539  -74.854  -1.471 0.6999999881
14109  -13.746  -75.166  -2.270 0.6999999881
14110  -14.461  -74.939  -2.737 0.6000000238
14131  -15.238  -75.074  -3.805 0.8000000119
16303  -6.452  -71.898  0.323 0.6000000238
16305  -8.317  -72.525  -0.483 0.6000000238
15562  -9.864  -73.089  -0.400 0.6999999881
14907  -18.082  -75.754  -7.678 0.6000000238
15563  -10.753  -73.486  -0.154 0.6999999881
15575  -12.020  -73.264  -0.811 0.6999999881
14898  -16.773  -75.319  -6.406 0.6999999881
14897  -16.207  -74.956  -5.154 0.6000000238
15565  -12.556  -73.968  -0.462 0.8000000119
15588  -14.226  -73.712  -2.085 0.6000000238
14863  -14.241  -74.409  -2.143 0.5000000000
14887  -15.774  -74.866  -4.280 0.6999999881
15622  -16.378  -74.507  -5.836 0.6999999881
15629  -16.856  -74.130  -6.935 0.6000000238
14850  -13.080  -74.521  -0.719 0.8000000119
15596  -15.284  -74.052  -3.006 0.6000000238
14880  -15.336  -74.591  -3.415 0.6000000238
17114  -5.400  -70.951  -1.257 0.6000000238
17115  -5.979  -71.504  -0.814 0.6000000238
119153  -8.224  -72.343  -1.719 0.6999999881
16315  -6.665  -71.827  -0.901 0.6000000238
15561  -9.021  -72.783  -0.541 0.6999999881
16318  -10.315  -72.786  -1.104 0.6999999881
15574  -11.198  -73.135  -0.677 0.6999999881
16328  -12.173  -72.795  -1.518 0.6000000238
126636  -17.160  -74.970  -6.823 0.6000000238
15576  -13.040  -73.420  -1.046 0.6000000238
15595  -14.653  -73.409  -2.903 0.6000000238
15644  -18.683  -74.820  -8.814 0.5000000000
15643  -17.333  -73.881  -8.078 0.5000000000
16402  -18.030  -73.611  -9.054 0.5000000000
16387  -16.192  -73.332  -7.610 0.6000000238
16401  -16.407  -73.217  -8.952 0.5000000000
18793  -5.455  -70.026  -1.598 0.6000000238
17964  -5.408  -70.499  -1.621 0.6000000238
16324  -6.747  -71.857  -1.858 0.6999999881
17129  -6.287  -71.205  -2.329 0.6999999881
16335  -7.883  -72.050  -2.568 0.6999999881
16317  -9.242  -72.563  -1.686 0.6999999881
16327  -9.867  -72.547  -2.244 0.6000000238
111178  -11.075  -72.658  -1.632 0.5000000000
119477  -12.959  -72.409  -3.142 0.6999999881
16357  -13.013  -72.121  -4.009 0.6000000238
16340  -12.832  -72.678  -2.086 0.6000000238
16359  -14.597  -72.856  -4.084 0.6000000238
16372  -13.813  -72.179  -5.044 0.6000000238
15620  -15.250  -73.169  -5.942 0.6000000238
16386  -15.098  -73.005  -7.342 0.5000000000
16400  -15.228  -72.854  -8.645 0.5000000000
17189  -15.853  -72.593  -9.487 0.5000000000
20506  -7.449  -67.117  0.142 0.6999999881
20490  -8.142  -66.674  0.922 0.6999999881
19655  -5.823  -69.362  -1.420 0.6000000238
19644  -7.032  -68.593  -1.079 0.6999999881
20507  -8.453  -67.601  0.574 0.6999999881
19616  -9.120  -68.269  1.125 0.6999999881
18755  -9.939  -69.600  1.600 0.6000000238
17965  -5.819  -70.657  -2.123 0.6999999881
19656  -6.402  -69.390  -1.616 0.6999999881
18782  -7.363  -69.512  -1.542 0.6999999881
18770  -8.951  -69.658  -0.306 0.6999999881
17975  -6.242  -70.804  -2.381 0.6999999881
18794  -6.045  -70.216  -2.121 0.6999999881
16337  -9.460  -72.311  -2.921 0.6999999881
16349  -10.918  -72.100  -3.252 0.6000000238
109450  -11.953  -72.243  -3.151 0.6000000238
126609  -12.507  -71.569  -4.402 0.6000000238
18014  -13.356  -70.463  -6.100 0.6000000238
16358  -13.650  -72.312  -4.270 0.6000000238
17148  -13.143  -71.755  -4.695 0.6000000238
17163  -13.329  -71.304  -5.534 0.6000000238
17164  -13.954  -71.958  -6.107 0.5000000000
126509  -13.989  -71.033  -7.302 0.6000000238
18033  -14.741  -70.495  -8.547 0.6000000238
16385  -14.548  -72.452  -6.720 0.5000000000
17178  -14.520  -72.354  -8.012 0.5000000000
17187  -14.294  -71.405  -8.063 0.5000000000
19617  -9.505  -68.959  1.756 0.6000000238
117690  -9.911  -69.397  2.336 0.6000000238
18756  -10.574  -70.136  1.481 0.6000000238
17942  -11.465  -70.713  0.485 0.4000000060
18784  -9.385  -70.248  -1.028 0.6000000238
18771  -9.752  -70.272  0.058 0.5000000000
17941  -10.663  -70.543  0.452 0.5000000000
17956  -12.265  -70.309  -0.305 0.4000000060
18786  -12.429  -69.554  -0.536 0.5000000000
17130  -7.068  -71.641  -2.437 0.6999999881
18804  -7.260  -70.741  -2.525 0.8000000119
126621  -8.636  -70.163  -1.904 0.6999999881
109544  -10.050  -70.431  -1.303 0.5000000000
17969  -11.199  -70.240  -1.552 0.4000000060
18785  -11.882  -70.083  -1.170 0.4000000060
19657  -11.771  -69.110  -1.505 0.4000000060
121148  -11.066  -66.846  -1.749 0.4000000060
17131  -7.879  -71.718  -2.699 0.8000000119
17977  -8.509  -71.393  -2.873 0.8000000119
17966  -8.342  -70.736  -2.525 0.8000000119
17967  -9.302  -70.292  -2.094 0.8000000119
17968  -10.217  -70.222  -2.102 0.6000000238
17980  -10.824  -69.934  -2.460 0.5000000000
121225  -11.107  -69.221  -2.453 0.4000000060
120409  -10.993  -67.958  -2.185 0.4000000060
16336  -8.638  -72.127  -2.870 0.6999999881
16348  -10.006  -72.023  -3.219 0.8000000119
17137  -9.860  -71.424  -3.311 0.6999999881
17146  -11.011  -70.783  -3.997 0.5000000000
19663  -10.536  -68.436  -2.979 0.5000000000
20535  -10.627  -67.499  -2.780 0.4000000060
21436  -11.029  -66.796  -2.701 0.4000000060
17139  -11.332  -71.595  -3.779 0.6000000238
17147  -11.714  -71.064  -4.432 0.5000000000
17998  -11.977  -70.332  -4.922 0.5000000000
18846  -13.487  -69.679  -6.412 0.6000000238
18023  -13.718  -70.345  -6.939 0.6000000238
18847  -14.016  -69.477  -7.233 0.6000000238
20491  -8.732  -67.487  1.526 0.6000000238
20483  -8.679  -67.859  2.778 0.5000000000
19610  -9.585  -69.022  2.712 0.5000000000
18743  -10.185  -69.677  3.311 0.4000000060
111594  -10.446  -69.833  2.373 0.5000000000
109663  -11.307  -70.505  1.304 0.5000000000
17943  -12.647  -70.443  0.570 0.5000000000
18773  -12.994  -69.842  0.243 0.5000000000
19646  -12.441  -68.442  -0.565 0.5000000000
20508  -13.421  -67.893  -0.007 0.5000000000
20528  -11.575  -67.612  -1.252 0.5000000000
21413  -12.066  -66.257  -0.756 0.5000000000
17978  -9.316  -70.748  -2.894 0.6999999881
17979  -10.310  -70.240  -3.019 0.6000000238
18811  -10.656  -69.622  -3.591 0.5000000000
18805  -10.650  -69.398  -3.174 0.5000000000
21422  -11.319  -65.868  -1.707 0.5000000000
22413  -11.546  -65.231  -1.580 0.5000000000
17136  -8.652  -71.819  -3.032 0.8000000119
17987  -9.216  -71.428  -3.110 0.6999999881
17145  -10.459  -70.730  -3.590 0.6000000238
19670  -10.385  -68.483  -3.775 0.5000000000
20546  -10.572  -67.695  -3.418 0.4000000060
20547  -11.250  -67.256  -3.608 0.5000000000
21428  -11.286  -65.894  -2.006 0.4000000060
22425  -11.524  -65.200  -2.179 0.5000000000
17997  -11.165  -70.190  -4.457 0.5000000000
18819  -11.529  -69.546  -4.863 0.5000000000
19679  -11.198  -68.746  -4.585 0.6000000238
20554  -11.872  -67.808  -4.693 0.5000000000
21445  -12.072  -66.997  -4.143 0.5000000000
21446  -13.018  -66.687  -4.322 0.5000000000
18831  -12.443  -69.693  -5.338 0.5000000000
19686  -13.182  -68.362  -5.687 0.5000000000
19685  -12.281  -68.726  -5.176 0.5000000000
20562  -12.668  -67.812  -5.285 0.5000000000
19697  -13.675  -68.923  -6.388 0.6000000238
19698  -14.314  -68.695  -6.884 0.6000000238
20461  -8.229  -68.087  3.989 0.5000000000
112572  -8.891  -68.898  3.956 0.5000000000
19601  -9.528  -69.354  3.760 0.5000000000
18735  -9.998  -69.756  4.477 0.4000000060
18744  -10.964  -70.112  3.214 0.4000000060
19591  -7.647  -68.294  4.855 0.5000000000
18734  -9.213  -69.599  4.784 0.4000000060
17928  -11.883  -70.518  2.116 0.5000000000
127791  -12.566  -70.548  1.971 0.6000000238
17930  -13.496  -70.121  1.692 0.5000000000
18774  -13.718  -69.356  0.819 0.5000000000
19635  -14.127  -68.600  0.656 0.4000000060
21414  -13.055  -66.155  -0.464 0.4000000060
21415  -14.299  -66.206  -0.262 0.4000000060
18721  -8.916  -69.563  5.597 0.4000000060
18736  -10.808  -69.968  4.107 0.4000000060
17918  -11.703  -70.346  3.060 0.5000000000
17919  -12.469  -70.319  2.799 0.5000000000
119537  -13.760  -69.837  2.048 0.5000000000
18724  -11.255  -69.676  4.291 0.4000000060
122698  -12.648  -69.342  3.596 0.4000000060
18738  -13.133  -69.400  3.168 0.5000000000
18747  -14.173  -69.290  2.039 0.4000000060
125681  -14.758  -68.462  1.001 0.4000000060
20523  -13.956  -67.045  -0.027 0.4000000060
21405  -15.122  -66.988  0.308 0.4000000060
19556  -9.081  -69.060  6.497 0.4000000060
18711  -9.871  -69.404  5.539 0.4000000060
18723  -10.394  -69.591  4.875 0.4000000060
20444  -9.737  -68.000  5.895 0.4000000060
20445  -10.187  -68.217  5.496 0.4000000060
19593  -11.016  -69.106  4.807 0.4000000060
19602  -12.404  -68.824  3.862 0.4000000060
19603  -13.025  -68.714  3.390 0.5000000000
19604  -13.655  -68.803  2.907 0.5000000000
19612  -14.647  -68.597  2.036 0.4000000060
20492  -15.080  -68.149  1.463 0.4000000060
20474  -12.736  -67.928  3.447 0.4000000060
21382  -14.416  -67.127  2.633 0.4000000060
21383  -15.336  -67.087  2.227 0.4000000060
20486  -15.424  -67.489  1.731 0.4000000060
20510  -15.551  -67.438  1.087 0.4000000060
21318  -8.752  -67.437  6.782 0.4000000060
21335  -9.363  -67.061  5.903 0.3000000119
21355  -10.801  -67.155  4.344 0.3000000119
20473  -12.011  -67.922  3.843 0.4000000060
22309  -9.284  -65.448  4.904 0.4000000060
21353  -9.703  -66.408  4.997 0.3000000119
22329  -10.284  -66.408  4.307 0.3000000119
21368  -11.416  -66.906  3.705 0.4000000060
22360  -11.899  -65.214  2.655 0.5000000000
21381  -13.345  -66.744  2.899 0.4000000060
128536  -14.840  -66.469  2.534 0.4000000060
117802  -15.537  -66.346  2.279 0.4000000060
22387  -16.570  -65.417  1.161 0.3000000119
114650  -12.982  -65.089  2.591 0.5000000000
117006  -13.858  -65.989  2.700 0.4000000060
22362  -14.873  -65.740  2.565 0.4000000060
116673  -15.724  -65.607  2.381 0.3000000119
119707  -9.207  -66.018  5.542 0.4000000060
23356  -8.862  -64.191  4.600 0.4000000060
23357  -9.356  -64.788  4.162 0.4000000060
22343  -10.018  -65.168  3.449 0.5000000000
23376  -10.885  -65.406  2.980 0.5000000000
24276  -9.008  -63.951  3.825 0.4000000060
23375  -10.299  -64.668  2.800 0.5000000000
23392  -11.156  -64.571  2.556 0.5000000000
124291  -12.210  -64.208  2.506 0.4000000060
116751  -13.409  -64.248  2.534 0.4000000060
23393  -15.080  -64.952  2.603 0.3000000119
23391  -11.163  -63.710  2.371 0.3000000119
24302  -11.955  -63.183  2.403 0.3000000119
113771  -12.941  -63.439  2.502 0.3000000119
23329  -8.950  -64.750  4.928 0.4000000060
24287  -9.077  -63.765  2.747 0.3000000119
24300  -9.289  -63.351  2.093 0.4000000060
113770  -13.924  -63.498  2.591 0.3000000119
24286  -8.489  -63.248  3.304 0.3000000119
25205  -8.218  -62.256  2.123 0.3000000119
10403  -7.933  -80.561  -6.306 0.6000000238
11138  -9.043  -79.729  -5.594 0.5000000000
130476  -15.941  -73.828  -5.336 0.6000000238
15609  -15.502  -73.519  -4.539 0.6000000238
5230  -3.466  -88.835  -4.837 0.6000000238
6341  -4.354  -87.197  -7.689 0.5000000000
4716  -4.365  -89.352  -3.013 0.6999999881
3599  -4.703  -91.380  -2.713 0.6999999881
5207  -5.640  -88.290  -2.466 0.6999999881
4154  -6.150  -91.038  -2.103 0.6999999881
120117  -6.301  -90.312  -1.905 0.6999999881
8181  -6.118  -83.554  -4.725 0.5000000000
3081  -7.644  -92.326  -3.782 0.6999999881
5690  -6.667  -87.175  -2.390 0.6999999881
111412  -6.263  -87.898  -2.215 0.6999999881
3621  -8.705  -91.530  -3.339 0.6999999881
5168  -8.608  -89.218  -0.828 0.6999999881
10390  -7.758  -81.014  -5.187 0.6000000238
4195  -8.569  -89.792  -5.202 0.6999999881
5673  -8.694  -87.505  -1.122 0.6000000238
5171  -11.309  -88.776  -0.874 0.6000000238
4719  -10.672  -90.125  -2.515 0.5000000000
11889  -8.411  -79.086  -7.107 0.6999999881
5655  -10.019  -88.102  -0.623 0.6000000238
127982  -11.533  -90.132  -7.376 0.6000000238
112348  -10.891  -89.821  -9.668 0.6000000238
5191  -11.974  -88.209  -1.775 0.5000000000
6289  -9.834  -86.671  -3.811 0.5000000000
114548  -12.378  -90.592  -7.409 0.5000000000
11151  -8.947  -78.537  -6.659 0.6000000238
11888  -7.438  -78.584  -7.286 0.6999999881
10345  -9.454  -80.699  -1.387 0.6000000238
6272  -10.055  -86.253  -1.157 0.5000000000
5674  -11.424  -87.446  -0.939 0.5000000000
5675  -11.963  -87.439  -1.470 0.5000000000
3695  -12.732  -90.388  -9.915 0.6000000238
3670  -13.753  -91.472  -7.900 0.6000000238
3647  -14.152  -90.986  -5.546 0.5000000000
13382  -12.217  -76.850  -8.387 0.6000000238
11059  -13.468  -79.008  -0.227 0.5000000000
13287  -9.652  -77.026  0.177 0.6000000238
13312  -8.834  -76.443  -2.457 0.6000000238
8140  -12.329  -83.253  -0.983 0.6000000238
130645  -11.272  -76.523  -0.621 0.6000000238
14180  -15.033  -75.841  -6.549 0.8000000119
13300  -11.480  -76.433  -1.431 0.6000000238
8789  -13.564  -82.141  0.274 0.6000000238
14128  -11.898  -76.033  -3.166 0.6000000238
8818  -14.147  -82.455  -0.882 0.6000000238
110612  -14.769  -80.886  1.119 0.6000000238
14130  -14.456  -75.283  -3.547 0.6000000238
114787  -12.940  -75.698  -2.934 0.6999999881
14879  -14.912  -74.463  -2.803 0.6000000238
16341  -13.791  -72.966  -2.443 0.6000000238
15597  -15.674  -74.197  -3.745 0.6999999881
16350  -12.197  -71.892  -3.895 0.5000000000
16373  -14.578  -72.673  -5.418 0.6000000238
17188  -14.855  -71.960  -9.119 0.5000000000
20521  -6.713  -67.712  -0.528 0.6999999881
19643  -6.236  -68.465  -1.004 0.6000000238
19645  -8.049  -69.060  -0.718 0.6999999881
18796  -7.776  -70.168  -2.085 0.8000000119
19609  -9.176  -68.314  2.110 0.6000000238
110704  -11.176  -70.739  -0.243 0.5000000000
17953  -10.343  -70.572  -0.514 0.5000000000
21437  -11.687  -66.564  -3.092 0.5000000000
117806  -9.200  -68.652  3.059 0.5000000000
20522  -12.204  -67.226  -0.619 0.5000000000
17988  -10.525  -70.301  -3.480 0.6000000238
18818  -10.867  -69.498  -4.310 0.6000000238
19687  -13.938  -68.212  -6.040 0.5000000000
19592  -8.368  -69.200  5.033 0.5000000000
18757  -13.882  -69.636  1.530 0.5000000000
18737  -12.578  -69.869  3.367 0.6000000238
20427  -8.769  -68.539  6.870 0.4000000060
19577  -9.765  -68.976  6.001 0.4000000060
19578  -10.369  -69.098  5.381 0.4000000060
21336  -9.858  -67.332  5.424 0.3000000119
20462  -10.725  -68.206  4.960 0.4000000060
20475  -13.434  -68.056  3.079 0.5000000000
20484  -14.254  -68.158  2.615 0.4000000060
21369  -12.388  -66.946  3.212 0.4000000060
127202  -13.114  -67.376  3.117 0.4000000060
21393  -15.833  -66.813  1.693 0.4000000060
22386  -16.120  -65.860  0.511 0.4000000060
22328  -9.802  -65.669  4.210 0.3000000119
22344  -10.437  -65.849  3.664 0.5000000000
22345  -11.675  -66.070  3.041 0.4000000060
22361  -12.654  -65.962  2.797 0.5000000000
21394  -16.225  -66.114  1.390 0.4000000060
117237  -14.084  -65.036  2.600 0.4000000060
23374  -9.554  -64.463  3.190 0.5000000000
24288  -9.796  -64.048  2.510 0.5000000000
125142  -10.531  -64.116  2.450 0.4000000060
24301  -10.216  -63.462  2.210 0.4000000060
25196  -8.532  -63.041  2.216 0.3000000119
25206  -8.839  -62.554  1.905 0.3000000119
25207  -9.701  -62.660  1.938 0.3000000119
4275  -9.889  -88.944  -14.196 0.5000000000
4276  -10.805  -89.383  -13.968 0.5000000000
4266  -12.385  -90.027  -13.144 0.5000000000
4277  -11.883  -89.037  -13.829 0.5000000000
3714  -13.528  -90.774  -12.878 0.5000000000
4267  -13.462  -89.756  -12.891 0.5000000000
3715  -14.956  -90.685  -13.200 0.6000000238
4788  -9.648  -87.808  -14.283 0.5000000000
4789  -11.100  -88.057  -14.416 0.5000000000
4790  -12.468  -87.541  -14.088 0.5000000000
4785  -12.925  -88.573  -13.381 0.5000000000
3144  -15.397  -91.671  -13.360 0.6000000238
128878  -14.159  -89.460  -12.628 0.6000000238
110416  -14.262  -90.274  -12.887 0.6000000238
4787  -8.498  -87.419  -14.065 0.4000000060
108915  -7.466  -91.954  -8.690 0.4000000060
108796  -7.347  -90.492  -9.796 0.4000000060
123909  -6.620  -89.932  -10.484 0.5000000000
123763  -5.845  -88.225  -11.489 0.5000000000
4250  -5.626  -88.962  -12.267 0.5000000000
123809  -5.312  -87.397  -13.018 0.5000000000
124097  -6.198  -86.692  -11.943 0.5000000000
4262  -5.985  -88.388  -13.132 0.5000000000
108794  -6.820  -86.381  -13.026 0.5000000000
3145  -16.183  -91.697  -13.849 0.6000000238
3718  -18.118  -91.289  -14.192 0.6000000238
123808  -8.473  -86.962  -13.619 0.5000000000
5795  -10.266  -86.924  -13.869 0.5000000000
5267  -9.906  -86.921  -13.470 0.5000000000
3717  -16.667  -90.546  -14.077 0.6000000238
5794  -12.275  -86.713  -13.995 0.5000000000
4783  -14.183  -89.015  -12.191 0.6000000238
111360  -15.463  -89.863  -12.988 0.6000000238
119636  -17.496  -90.552  -14.182 0.6000000238
4255  -16.852  -89.700  -12.735 0.6000000238
4270  -17.270  -89.968  -13.713 0.6000000238
4271  -18.263  -90.315  -13.981 0.6999999881
4256  -17.846  -89.849  -13.159 0.6000000238
2587  -6.777  -92.765  -5.943 0.6000000238
3106  -7.037  -92.519  -7.153 0.6000000238
128981  -7.953  -91.545  -6.970 0.6000000238
3107  -7.549  -91.937  -7.547 0.5000000000
109002  -7.847  -91.427  -8.847 0.5000000000
123794  -8.314  -90.667  -9.053 0.6000000238
123807  -6.469  -89.136  -9.889 0.5000000000
124158  -7.764  -89.767  -9.262 0.5000000000
4237  -8.006  -88.630  -9.193 0.5000000000
4778  -7.703  -86.547  -11.812 0.5000000000
4770  -8.963  -87.275  -10.684 0.5000000000
124159  -8.309  -86.578  -12.954 0.5000000000
3137  -18.966  -93.148  -13.122 0.6999999881
3147  -18.892  -92.009  -13.930 0.6000000238
3149  -20.152  -91.942  -13.185 0.8000000119
5268  -11.468  -86.868  -13.272 0.5000000000
130631  -13.271  -87.553  -12.409 0.5000000000
4782  -13.602  -88.192  -12.067 0.6000000238
123374  -18.835  -91.007  -14.109 0.6999999881
3720  -20.020  -91.470  -13.514 0.6999999881
4253  -14.872  -89.453  -11.940 0.6000000238
4257  -18.899  -90.266  -13.326 0.6999999881
4254  -15.836  -89.614  -12.142 0.6000000238
4244  -17.404  -89.933  -11.856 0.6999999881
4246  -19.703  -90.131  -12.334 0.6999999881
2586  -6.103  -93.099  -5.855 0.5000000000
114699  -7.313  -92.342  -5.880 0.6000000238
4214  -8.751  -90.532  -8.148 0.6000000238
4224  -9.039  -89.854  -9.164 0.6000000238
125008  -8.779  -87.972  -9.615 0.6000000238
4771  -10.426  -88.122  -11.448 0.6000000238
3138  -19.731  -93.008  -12.640 0.6999999881
4779  -9.650  -87.221  -12.388 0.5000000000
4252  -11.668  -88.838  -11.275 0.5000000000
122552  -21.790  -91.366  -12.389 0.5000000000
3691  -22.472  -91.650  -11.358 0.6000000238
4780  -11.686  -87.546  -12.263 0.6000000238
4773  -13.870  -88.693  -11.225 0.5000000000
3709  -20.931  -91.104  -13.204 0.6000000238
120927  -15.199  -89.509  -11.221 0.5000000000
4258  -19.925  -90.520  -13.283 0.6999999881
114960  -20.647  -90.530  -13.204 0.6000000238
4247  -20.807  -89.991  -12.975 0.6000000238
119069  -20.792  -89.684  -11.964 0.6000000238
3699  -16.993  -90.413  -10.472 0.5000000000
3700  -17.861  -90.474  -10.694 0.6000000238
4235  -19.724  -90.095  -10.726 0.5000000000
4228  -18.694  -90.430  -9.388 0.5000000000
4767  -20.705  -88.628  -9.782 0.5000000000
2577  -6.476  -92.911  -4.918 0.6000000238
2576  -5.564  -93.312  -5.003 0.4000000060
4239  -11.710  -89.790  -10.339 0.5000000000
3702  -22.630  -91.081  -12.190 0.5000000000
4241  -14.543  -89.243  -10.883 0.5000000000
4260  -22.228  -89.874  -12.479 0.5000000000
4249  -23.019  -90.211  -11.799 0.5000000000
3692  -23.088  -91.077  -11.547 0.5000000000
4234  -15.476  -90.209  -9.904 0.5000000000
4248  -21.643  -89.573  -12.440 0.5000000000
4776  -22.265  -89.163  -11.829 0.5000000000
3688  -16.585  -90.685  -9.366 0.6000000238
123007  -17.004  -90.884  -8.822 0.6000000238
4230  -20.788  -89.511  -10.683 0.5000000000
117492  -21.473  -88.635  -10.619 0.6000000238
3682  -17.713  -90.761  -8.774 0.6000000238
111471  -18.929  -90.319  -8.590 0.5000000000
3078  -4.894  -92.910  -3.210 0.4000000060
4240  -13.723  -89.630  -10.359 0.5000000000
4236  -23.191  -90.405  -11.003 0.5000000000
3696  -14.207  -90.261  -9.975 0.5000000000
3687  -15.692  -90.778  -9.056 0.5000000000
5266  -22.368  -88.723  -11.044 0.5000000000
4765  -22.618  -89.761  -8.833 0.5000000000
128515  -22.222  -90.266  -6.900 0.5000000000
4173  -21.632  -89.937  -4.174 0.5000000000
3673  -16.277  -91.429  -7.479 0.6000000238
3681  -17.040  -91.121  -8.104 0.6000000238
5263  -22.033  -88.112  -10.281 0.5000000000
121823  -17.655  -90.973  -7.888 0.6000000238
5781  -21.112  -87.265  -9.153 0.5000000000
112839  -18.548  -90.274  -6.917 0.5000000000
4759  -18.724  -89.240  -6.837 0.5000000000
3661  -15.012  -91.722  -6.580 0.5000000000
118586  -22.620  -88.917  -9.740 0.5000000000
4764  -22.076  -89.367  -7.695 0.5000000000
4211  -21.599  -89.530  -6.336 0.5000000000
4200  -21.507  -89.989  -5.172 0.5000000000
3672  -15.453  -91.657  -7.295 0.5000000000
3108  -16.199  -91.734  -5.944 0.6000000238
5261  -22.178  -87.980  -9.467 0.5000000000
4761  -21.746  -88.448  -7.095 0.5000000000
4742  -21.240  -89.375  -4.628 0.5000000000
4730  -21.459  -89.141  -3.920 0.5000000000
5210  -22.961  -88.816  -2.805 0.5000000000
122122  -18.015  -90.889  -7.220 0.5000000000
5782  -21.631  -87.380  -8.831 0.5000000000
121358  -21.663  -87.182  -8.061 0.5000000000
3648  -14.868  -91.284  -5.266 0.5000000000
120284  -21.640  -87.631  -5.528 0.5000000000
5239  -21.328  -88.480  -4.617 0.5000000000
125385  -21.634  -88.169  -3.900 0.5000000000
5717  -23.149  -86.985  -2.810 0.4000000060
8265  -5.328  -83.707  -9.077 0.4000000060
14053  -9.631  -76.176  1.575 0.5000000000
15536  -7.583  -73.653  1.785 0.5000000000
125291  -8.381  -74.049  1.613 0.5000000000
16289  -6.350  -72.486  1.446 0.5000000000
16290  -7.259  -72.656  1.070 0.5000000000
14815  -9.203  -75.660  1.903 0.5000000000
111867  -6.490  -66.909  -0.017 0.5000000000
21404  -7.138  -66.253  0.508 0.5000000000
21380  -8.254  -66.671  1.920 0.5000000000
115171  -14.192  -91.417  -8.655 0.5000000000
3686  -14.803  -90.684  -9.379 0.5000000000
3716  -15.819  -90.622  -13.690 0.6000000238
4791  -13.121  -87.280  -13.497 0.6000000238
4269  -16.344  -89.936  -13.311 0.6000000238
4245  -18.463  -90.142  -12.094 0.6999999881
3658  -8.066  -91.327  -7.690 0.6000000238
4781  -13.111  -87.952  -11.847 0.5000000000
4243  -16.487  -89.816  -11.400 0.6000000238
3701  -18.737  -90.337  -10.762 0.6000000238
3128  -21.109  -91.965  -11.340 0.6999999881
4242  -15.709  -89.757  -10.833 0.5000000000
3689  -17.357  -90.671  -9.594 0.6000000238
3690  -18.053  -90.596  -9.769 0.6000000238
5262  -21.453  -87.953  -9.915 0.5000000000
4769  -22.802  -89.224  -10.735 0.5000000000
3680  -16.360  -91.084  -8.463 0.5000000000
4219  -18.719  -90.386  -7.766 0.5000000000
3679  -15.560  -91.413  -8.105 0.5000000000
3674  -17.155  -91.214  -7.260 0.5000000000
130507  -21.483  -88.760  -6.346 0.5000000000
5257  -21.951  -87.905  -8.234 0.5000000000
5249  -21.727  -87.857  -6.409 0.5000000000
5692  -22.711  -87.889  -3.069 0.5000000000
5255  -21.777  -87.387  -7.317 0.4000000060
120383  -22.094  -87.804  -3.490 0.4000000060
2617  -23.613  -93.476  -7.496 0.5000000000
3112  -23.469  -93.156  -7.829 0.6000000238
3675  -23.309  -92.585  -8.056 0.6000000238
2628  -23.079  -92.665  -8.442 0.6000000238
3116  -21.924  -92.578  -9.252 0.4000000060
116910  -23.135  -91.661  -8.235 0.4000000060
4222  -23.086  -90.940  -9.081 0.4000000060
3683  -23.248  -91.956  -9.192 0.5000000000
3121  -23.146  -92.182  -9.462 0.6000000238
117234  -23.144  -91.585  -10.441 0.5000000000
4231  -23.243  -91.088  -10.032 0.4000000060
3117  -22.843  -92.486  -9.113 0.5000000000
131232  -23.050  -91.670  -10.960 0.5000000000
3119  -21.426  -92.227  -10.218 0.6000000238
3127  -20.089  -92.988  -11.638 0.6000000238
2651  -18.868  -93.877  -12.051 0.6000000238
2650  -18.241  -93.875  -12.476 0.6000000238
3136  -17.905  -92.879  -13.513 0.6000000238
3135  -16.661  -92.937  -13.385 0.6000000238
3143  -14.675  -91.783  -12.838 0.4000000060
3708  -13.944  -91.466  -12.752 0.5000000000
5693  -23.543  -87.953  -2.764 0.3000000119
4265  -11.198  -90.524  -13.276 0.4000000060
9536  -15.640  -80.687  1.367 0.4000000060
123171  -16.156  -81.502  1.008 0.4000000060
9556  -15.801  -82.102  0.483 0.5000000000
18862  -15.611  -69.735  -8.817 0.5000000000
18861  -14.882  -69.461  -8.264 0.5000000000
19713  -15.277  -68.816  -8.180 0.4000000060
20571  -14.877  -68.024  -6.256 0.4000000060
20600  -19.019  -67.850  -9.190 0.4000000060
20564  -14.386  -67.512  -5.533 0.4000000060
20565  -15.384  -67.184  -5.741 0.4000000060
20572  -15.679  -67.736  -6.670 0.4000000060
20556  -13.601  -66.923  -5.070 0.4000000060
21447  -14.733  -66.756  -4.917 0.4000000060
20586  -17.864  -67.341  -8.344 0.4000000060
115839  -14.158  -66.425  -4.093 0.4000000060
21462  -16.731  -66.201  -6.992 0.4000000060
21438  -13.335  -65.935  -3.223 0.4000000060
21439  -14.364  -65.740  -3.634 0.4000000060
22436  -12.053  -65.717  -2.572 0.4000000060
22398  -12.078  -65.300  -0.971 0.3000000119
22414  -11.919  -64.718  -1.444 0.4000000060
21416  -15.386  -66.146  0.017 0.3000000119
22400  -14.554  -65.359  -0.431 0.3000000119
24351  -12.230  -64.049  -1.546 0.3000000119
23426  -13.647  -64.383  -0.697 0.3000000119
19715  -17.809  -68.225  -8.806 0.4000000060
20585  -16.848  -67.781  -7.982 0.4000000060
19700  -15.903  -68.133  -7.664 0.4000000060
19714  -16.503  -68.732  -8.597 0.4000000060
20573  -16.310  -67.491  -7.195 0.4000000060
21461  -16.142  -66.883  -6.589 0.4000000060
20587  -19.059  -66.795  -8.697 0.4000000060
20574  -16.991  -66.912  -7.476 0.4000000060
3054  -28.150  -93.159  -1.453 0.3000000119
115017  -28.344  -92.757  -1.957 0.3000000119
2533  -27.281  -93.543  -1.051 0.4000000060
2544  -27.826  -93.488  -2.024 0.3000000119
3071  -28.199  -93.143  -2.456 0.4000000060
119861  -26.783  -94.084  -2.476 0.3000000119
2553  -27.682  -93.596  -2.841 0.3000000119
121059  -27.501  -93.445  -3.605 0.4000000060
2066  -25.880  -94.235  -2.606 0.3000000119
2552  -27.088  -93.979  -3.334 0.3000000119
2571  -26.880  -93.474  -4.133 0.3000000119
2085  -26.341  -93.997  -3.597 0.3000000119
2570  -25.941  -93.680  -4.347 0.3000000119
2581  -26.118  -93.161  -4.879 0.3000000119
2084  -24.998  -94.139  -3.359 0.3000000119
127015  -24.987  -93.782  -4.518 0.3000000119
2580  -25.505  -93.443  -5.237 0.3000000119
2569  -23.904  -94.239  -4.108 0.3000000119
117255  -24.580  -93.811  -5.340 0.3000000119
2591  -25.081  -93.426  -6.067 0.3000000119
1662  -22.651  -96.687  -4.023 0.3000000119
2097  -23.096  -95.699  -3.918 0.3000000119
111144  -23.408  -94.410  -5.084 0.3000000119
2590  -24.186  -93.930  -6.233 0.3000000119
2130  -23.767  -93.995  -6.825 0.3000000119
2096  -22.615  -95.686  -4.807 0.4000000060
3070  -27.838  -92.996  -3.231 0.3000000119
2543  -26.869  -93.863  -1.678 0.4000000060
2542  -25.839  -94.171  -1.643 0.3000000119
3087  -27.245  -92.981  -4.029 0.4000000060
2592  -25.642  -93.102  -5.560 0.4000000060
2083  -23.520  -95.263  -2.939 0.3000000119
124746  -24.865  -93.238  -6.323 0.4000000060
1329  -22.682  -96.551  -3.748 0.3000000119
1629  -23.106  -96.046  -2.921 0.4000000060
2606  -23.991  -93.521  -7.068 0.4000000060
1628  -22.434  -96.275  -3.204 0.3000000119
3614  -28.091  -92.602  -2.384 0.3000000119
3592  -28.396  -92.009  -1.762 0.3000000119
3613  -27.185  -92.053  -2.623 0.3000000119
119312  -25.452  -92.791  -0.415 0.4000000060
114635  -27.005  -92.382  -3.610 0.3000000119
2053  -25.126  -94.342  -1.904 0.3000000119
3627  -26.669  -92.351  -4.287 0.4000000060
3639  -26.243  -91.990  -4.833 0.3000000119
3094  -25.949  -92.684  -5.249 0.4000000060
3655  -25.817  -92.037  -5.487 0.4000000060
2065  -24.530  -94.480  -2.294 0.3000000119
2551  -23.498  -94.745  -1.851 0.3000000119
3102  -25.339  -92.835  -6.014 0.4000000060
3654  -25.220  -91.725  -5.919 0.4000000060
2064  -23.490  -95.104  -2.296 0.3000000119
125721  -22.725  -94.483  -1.957 0.3000000119
3668  -24.821  -92.441  -6.408 0.4000000060
3667  -24.171  -92.382  -6.891 0.5000000000
3113  -23.881  -93.013  -7.381 0.4000000060
3666  -23.562  -92.103  -7.521 0.5000000000
1645  -21.508  -96.873  -3.755 0.3000000119
3591  -27.773  -91.778  -2.087 0.3000000119
4144  -27.926  -90.990  -1.711 0.3000000119
3053  -24.380  -93.132  -1.203 0.4000000060
3638  -25.481  -90.946  -4.806 0.4000000060
4203  -24.435  -90.843  -5.511 0.4000000060
2540  -23.985  -93.832  -1.606 0.4000000060
3653  -24.375  -91.566  -6.317 0.4000000060
4201  -22.711  -90.706  -6.360 0.4000000060
4213  -23.556  -91.425  -6.772 0.4000000060
3069  -22.065  -93.504  -2.139 0.3000000119
4212  -22.957  -91.099  -7.308 0.4000000060
4221  -22.577  -90.576  -7.985 0.4000000060
2063  -22.931  -95.563  -2.344 0.3000000119
2082  -21.886  -95.808  -3.011 0.3000000119
2081  -20.779  -96.109  -3.501 0.3000000119
3612  -26.217  -91.595  -2.870 0.3000000119
129141  -25.400  -90.956  -3.680 0.3000000119
110998  -23.560  -92.764  -1.448 0.4000000060
4188  -23.968  -90.626  -4.418 0.5000000000
120375  -22.490  -90.488  -5.308 0.4000000060
2539  -22.949  -93.420  -1.759 0.4000000060
3068  -21.520  -92.697  -2.404 0.3000000119
3051  -22.072  -92.476  -1.988 0.3000000119
2549  -21.319  -93.487  -2.659 0.3000000119
2568  -21.112  -94.617  -3.066 0.3000000119
2080  -19.806  -95.803  -3.498 0.3000000119
3611  -25.147  -91.111  -2.945 0.3000000119
3625  -24.361  -90.807  -3.354 0.4000000060
4187  -22.848  -90.609  -4.322 0.4000000060
3067  -20.858  -92.484  -2.734 0.3000000119
3066  -19.980  -92.322  -3.050 0.3000000119
2567  -20.410  -93.394  -3.063 0.3000000119
3086  -19.545  -93.051  -3.333 0.3000000119
126135  -19.848  -93.720  -3.249 0.3000000119
3624  -19.112  -92.179  -3.512 0.3000000119
127577  -18.383  -92.225  -3.620 0.3000000119
3085  -18.733  -92.971  -3.581 0.3000000119
4723  -24.109  -89.820  -2.458 0.3000000119
4160  -22.809  -90.294  -3.100 0.4000000060
3065  -17.449  -92.910  -2.897 0.3000000119
4705  -25.818  -88.939  -1.646 0.3000000119
4722  -23.257  -89.743  -2.682 0.3000000119
121303  -25.135  -88.548  -2.051 0.3000000119
115020  -24.493  -88.976  -2.267 0.3000000119
123372  -24.456  -88.032  -2.463 0.3000000119
18848  -14.598  -69.010  -7.757 0.5000000000
23451  -11.831  -64.831  -1.832 0.5000000000
22437  -12.563  -64.763  -2.569 0.4000000060
19699  -15.050  -68.427  -7.318 0.4000000060
3120  -22.817  -92.100  -10.171 0.5000000000
127240  -23.060  -90.040  -9.951 0.4000000060
132034  -21.951  -90.259  -5.971 0.4000000060
4186  -22.092  -90.328  -4.499 0.4000000060
4721  -22.616  -89.524  -3.000 0.4000000060
18870  -16.903  -69.775  -9.288 0.5000000000
19729  -18.013  -69.105  -9.292 0.4000000060
1646  -22.877  -96.343  -3.525 0.3000000119
2532  -26.208  -93.456  -0.662 0.4000000060
3109  -24.562  -93.103  -6.668 0.4000000060
2531  -25.295  -93.448  -0.951 0.4000000060
2541  -24.871  -93.982  -1.530 0.3000000119
2052  -24.308  -94.520  -1.897 0.3000000119
2550  -22.027  -94.668  -2.407 0.3000000119
4202  -23.491  -90.866  -5.920 0.4000000060
4175  -23.231  -90.692  -3.478 0.4000000060
112088  -20.192  -94.566  -3.280 0.3000000119
4161  -23.684  -90.595  -2.833 0.3000000119
3084  -17.984  -92.887  -3.546 0.3000000119
3134  -15.832  -92.566  -13.143 0.5000000000
2649  -16.105  -93.499  -12.151 0.5000000000
126961  -17.250  -94.078  -12.212 0.5000000000
2652  -19.348  -93.694  -11.687 0.5000000000
3118  -20.328  -92.727  -10.380 0.4000000060
3093  -15.901  -91.656  -5.020 0.4000000060
2627  -22.511  -93.052  -8.456 0.5000000000
2616  -23.112  -93.621  -7.856 0.3000000119
2129  -22.993  -94.476  -6.806 0.3000000119
2605  -23.412  -93.958  -7.297 0.4000000060
2115  -23.239  -94.592  -6.115 0.3000000119
121053  -22.767  -92.181  -1.611 0.3000000119
3590  -23.335  -91.871  -1.162 0.3000000119
3043  -26.796  -93.275  -0.242 0.3000000119
3589  -22.720  -91.420  -1.304 0.3000000119
3041  -23.872  -91.701  -0.616 0.3000000119
3042  -24.624  -92.427  -0.590 0.3000000119
3033  -26.083  -92.658  0.069 0.3000000119
3562  -25.771  -91.787  0.517 0.3000000119
3572  -24.467  -91.523  -0.129 0.3000000119
3573  -25.200  -92.077  0.020 0.3000000119
3561  -25.055  -91.219  0.325 0.3000000119
4110  -24.319  -90.706  0.164 0.3000000119
3034  -26.954  -92.849  0.368 0.3000000119
125189  -26.437  -92.253  0.638 0.3000000119
3713  -12.781  -90.889  -12.887 0.3000000119
2644  -19.429  -93.619  -10.802 0.4000000060
2604  -22.767  -94.328  -7.347 0.3000000119
22476  -19.378  -65.097  -8.056 0.3000000119
127044  -17.910  -66.575  -8.037 0.3000000119
22446  -14.825  -65.056  -3.914 0.3000000119
2648  -15.137  -92.741  -12.218 0.4000000060
2640  -15.343  -93.761  -10.790 0.4000000060
2142  -16.584  -94.601  -7.509 0.4000000060
2159  -17.005  -94.497  -9.417 0.4000000060
130281  -17.155  -94.441  -9.512 0.4000000060
110125  -17.984  -94.415  -10.444 0.4000000060
2643  -18.730  -94.248  -11.089 0.4000000060
2632  -16.895  -94.511  -10.026 0.4000000060
2641  -17.265  -94.519  -10.908 0.4000000060
2642  -17.985  -94.401  -11.325 0.4000000060
2108  -16.673  -95.389  -5.740 0.3000000119
2125  -17.213  -94.463  -6.886 0.4000000060
2623  -17.414  -94.347  -8.546 0.4000000060
116388  -16.545  -94.246  -10.969 0.4000000060
123303  -16.755  -94.484  -8.294 0.4000000060
2124  -16.560  -94.819  -6.394 0.3000000119
2143  -16.975  -94.520  -8.124 0.4000000060
2153  -17.055  -94.474  -8.933 0.4000000060
118283  -17.367  -94.475  -10.145 0.4000000060
2633  -17.548  -94.359  -9.510 0.4000000060
2634  -18.616  -93.949  -9.930 0.4000000060
1671  -17.190  -96.145  -5.199 0.3000000119
2109  -17.417  -95.092  -5.528 0.3000000119
128833  -17.460  -94.344  -7.719 0.3000000119
2601  -18.133  -94.210  -6.856 0.3000000119
2613  -19.101  -93.409  -7.850 0.3000000119
3111  -20.132  -93.099  -8.104 0.3000000119
2624  -18.279  -93.860  -8.729 0.3000000119
2626  -21.375  -93.123  -8.408 0.3000000119
2625  -19.334  -93.220  -8.811 0.3000000119
3115  -20.523  -92.798  -9.164 0.3000000119
2635  -19.598  -93.202  -9.745 0.3000000119
3525  -12.954  -92.044  3.845 0.3000000119
3526  -13.434  -91.683  3.123 0.3000000119
4157  -18.991  -90.828  -2.659 0.3000000119
4658  -14.926  -90.061  1.949 0.3000000119
4109  -15.886  -90.042  0.218 0.3000000119
4684  -16.682  -89.656  -0.217 0.3000000119
4122  -17.020  -90.091  -0.890 0.3000000119
4701  -17.855  -89.943  -1.391 0.3000000119
4139  -18.505  -90.402  -2.014 0.3000000119
4140  -19.395  -90.246  -1.970 0.3000000119
4659  -15.483  -89.550  1.612 0.3000000119
4669  -15.805  -89.622  0.909 0.3000000119
4670  -16.422  -89.327  0.529 0.3000000119
4685  -17.469  -89.360  -0.607 0.3000000119
2612  -18.152  -93.980  -7.783 0.3000000119
3540  -13.808  -91.705  2.256 0.3000000119
131767  -15.435  -90.535  0.297 0.3000000119
4097  -14.582  -90.790  1.607 0.3000000119
4082  -14.357  -90.488  2.392 0.3000000119
4107  -14.751  -91.109  0.976 0.3000000119
4108  -15.233  -90.339  0.967 0.3000000119
5154  -16.853  -88.680  0.825 0.3000000119
1330  -22.603  -96.691  -3.849 0.3000000119
1341  -22.435  -96.902  -3.998 0.3000000119
1670  -16.355  -96.343  -5.662 0.3000000119
2607  -24.453  -93.499  -6.590 0.4000000060
3052  -23.938  -92.357  -1.019 0.3000000119
3061  -6.895  -92.317  -2.816 0.6999999881
3063  -8.703  -91.843  -2.470 0.6999999881
3082  -8.379  -92.048  -3.128 0.6999999881
3095  -26.564  -92.791  -4.617 0.4000000060
3100  -16.172  -91.713  -5.301 0.4000000060
3139  -20.617  -92.007  -12.505 0.6999999881
3146  -17.134  -91.670  -14.085 0.6000000238
3148  -19.602  -92.207  -13.490 0.6000000238
3579  -6.874  -91.460  -1.979 0.6999999881
3581  -9.088  -91.702  -1.891 0.6999999881
3582  -10.130  -91.398  -1.903 0.6999999881
3583  -10.739  -91.013  -1.894 0.6000000238
3604  -10.124  -91.346  -2.158 0.6999999881
3626  -26.193  -91.519  -3.971 0.3000000119
3634  -15.597  -91.356  -4.923 0.4000000060
3649  -15.555  -91.629  -5.326 0.4000000060
3662  -15.646  -91.731  -5.883 0.6000000238
3664  -17.311  -91.206  -6.361 0.5000000000
3677  -12.777  -91.060  -8.764 0.6000000238
3685  -13.096  -91.039  -9.329 0.6000000238
3697  -15.037  -89.813  -10.336 0.5000000000
3698  -16.154  -90.313  -10.139 0.6000000238
3703  -22.734  -90.440  -12.204 0.5000000000
3710  -22.060  -90.659  -12.657 0.5000000000
3719  -19.459  -91.336  -13.854 0.6999999881
4119  -10.502  -90.184  -1.037 0.6000000238
4120  -15.645  -90.753  -0.193 0.3000000119
4132  -6.892  -90.821  -1.702 0.6999999881
4135  -10.331  -90.811  -1.432 0.6999999881
4136  -10.926  -90.412  -1.572 0.6000000238
4153  -5.270  -90.730  -2.418 0.6999999881
4155  -10.898  -90.752  -2.075 0.6000000238
4162  -24.582  -90.599  -2.596 0.3000000119
4164  -26.374  -91.161  -2.288 0.3000000119
4171  -9.336  -90.912  -3.180 0.6999999881
4172  -10.264  -90.982  -2.450 0.6999999881
4174  -22.404  -90.387  -3.780 0.4000000060
4218  -12.450  -90.756  -8.209 0.6000000238
4259  -21.439  -90.228  -12.899 0.6000000238
4261  -22.707  -89.761  -12.072 0.5000000000
4268  -14.748  -89.690  -12.792 0.6000000238
4272  -19.203  -90.729  -13.754 0.6999999881
4273  -20.028  -90.945  -13.521 0.6999999881
4682  -11.053  -89.582  -1.038 0.6000000238
4683  -11.583  -88.999  -1.426 0.6000000238
4720  -11.268  -90.116  -2.036 0.6000000238
4731  -22.147  -89.747  -3.548 0.5000000000
4747  -2.939  -88.971  -5.566 0.6000000238
4768  -22.378  -88.643  -8.813 0.5000000000
4774  -14.192  -88.862  -11.585 0.6000000238
4775  -21.676  -89.005  -11.582 0.6000000238
4777  -22.800  -89.488  -11.553 0.5000000000
4784  -6.949  -87.478  -13.766 0.5000000000
4786  -13.621  -88.419  -12.762 0.6000000238
5170  -10.553  -88.846  -0.625 0.6000000238
5190  -9.201  -88.049  -0.830 0.6000000238
5208  -11.690  -88.483  -2.293 0.5000000000
5211  -23.783  -88.893  -2.509 0.3000000119
5212  -25.713  -88.135  -1.776 0.3000000119
5216  -3.918  -89.090  -3.857 0.6999999881
5217  -4.535  -88.524  -3.464 0.6999999881
5219  -8.650  -88.901  -3.974 0.5000000000
5221  -9.815  -88.292  -3.420 0.5000000000
5223  -22.184  -88.742  -3.360 0.5000000000
5256  -3.570  -88.572  -8.687 0.5000000000
5264  -22.380  -88.488  -10.357 0.5000000000
5265  -22.004  -88.463  -10.952 0.5000000000
5269  -12.861  -86.954  -12.865 0.5000000000
5270  -11.239  -86.703  -13.823 0.5000000000
5271  -12.375  -86.701  -13.816 0.5000000000
5272  -13.191  -87.356  -12.849 0.5000000000
5273  -9.452  -87.149  -14.022 0.5000000000
5274  -10.714  -87.146  -14.178 0.5000000000
5275  -11.945  -86.927  -14.152 0.5000000000
5276  -12.607  -86.777  -13.836 0.5000000000
5657  -11.669  -88.205  -1.148 0.5000000000
5671  -6.971  -87.876  -1.642 0.6999999881
5691  -7.342  -87.122  -1.757 0.6000000238
5711  -5.504  -87.201  -3.606 0.6999999881
5738  -8.826  -87.347  -4.164 0.5000000000
5743  -21.632  -87.406  -4.550 0.5000000000
5753  -4.093  -87.088  -5.484 0.6999999881
5770  -4.531  -87.391  -8.458 0.5000000000
5779  -3.947  -88.085  -8.754 0.5000000000
5789  -21.669  -87.657  -9.556 0.5000000000
5793  -11.624  -86.705  -13.991 0.5000000000
6274  -12.194  -86.595  -1.678 0.6000000238
6290  -12.299  -86.709  -2.686 0.6000000238
6302  -5.389  -86.529  -4.309 0.6999999881
6320  -4.425  -86.155  -5.946 0.6999999881
6354  -5.273  -86.655  -8.531 0.5000000000
6367  -4.815  -86.236  -9.238 0.5000000000
6864  -8.032  -85.788  -1.821 0.6000000238
6888  -6.897  -85.015  -3.364 0.6000000238
6890  -12.388  -85.116  -3.297 0.5000000000
6917  -5.401  -85.076  -5.267 0.6999999881
6947  -5.638  -85.965  -7.651 0.6000000238
6961  -6.022  -85.632  -8.733 0.5000000000
6972  -5.445  -85.459  -9.237 0.5000000000
7514  -9.970  -84.649  -1.157 0.5000000000
7516  -11.993  -84.247  -1.173 0.6000000238
7536  -6.713  -84.299  -3.712 0.6000000238
7545  -5.706  -84.225  -5.001 0.6999999881
7594  -6.240  -85.295  -8.372 0.6000000238
8153  -7.647  -83.663  -3.021 0.6000000238
8197  -5.827  -83.519  -5.549 0.6000000238
8213  -6.331  -82.939  -7.210 0.6000000238
8230  -6.569  -82.665  -8.229 0.6000000238
8248  -6.564  -82.353  -8.961 0.5000000000
8797  -11.558  -82.504  -0.218 0.6000000238
8814  -8.566  -82.956  -1.998 0.5000000000
8845  -6.886  -83.045  -3.805 0.6000000238
8858  -6.538  -82.841  -4.480 0.6000000238
8869  -6.491  -82.413  -5.337 0.6000000238
8909  -6.618  -81.977  -9.213 0.5000000000
8921  -5.388  -82.716  -9.423 0.4000000060
9534  -12.535  -81.294  0.441 0.6000000238
9554  -12.015  -81.838  0.184 0.6000000238
9555  -14.982  -81.990  0.672 0.5000000000
9574  -9.277  -81.445  -1.245 0.6000000238
9586  -8.307  -81.613  -2.596 0.5000000000
9612  -7.394  -81.200  -5.976 0.6000000238
9623  -7.560  -80.929  -6.929 0.6000000238
9635  -7.691  -80.689  -7.961 0.6000000238
10315  -13.069  -80.574  0.589 0.6000000238
10333  -10.942  -80.713  -0.212 0.6000000238
10374  -8.786  -80.715  -3.690 0.4000000060
10404  -8.493  -80.004  -6.559 0.5000000000
10428  -7.736  -80.497  -7.863 0.6000000238
10434  -6.681  -81.117  -8.964 0.6000000238
10435  -6.633  -80.171  -8.126 0.6000000238
11061  -14.922  -78.973  0.878 0.5000000000
11074  -10.609  -79.687  -1.404 0.6000000238
11075  -11.336  -79.354  -1.205 0.6000000238
11087  -10.451  -79.571  -2.299 0.6000000238
11092  -15.250  -78.929  -2.115 0.5000000000
11104  -9.796  -79.938  -3.583 0.6000000238
11125  -10.124  -79.185  -4.912 0.6000000238
11165  -7.903  -79.813  -7.509 0.6999999881
11792  -14.872  -78.520  0.027 0.5000000000
11821  -12.468  -78.692  -2.408 0.5000000000
11848  -10.790  -79.081  -3.772 0.5000000000
11864  -19.155  -78.110  -7.020 0.5000000000
11870  -7.958  -77.912  -6.904 0.6999999881
11872  -10.270  -78.078  -6.355 0.6000000238
11874  -12.450  -78.323  -6.819 0.6000000238
11878  -17.841  -79.029  -8.334 0.5000000000
11890  -12.564  -78.157  -8.146 0.6999999881
11896  -19.805  -78.211  -9.409 0.6000000238
11901  -15.318  -78.086  -10.125 0.6999999881
11902  -16.813  -78.045  -10.628 0.8000000119
11903  -18.427  -78.007  -10.769 0.6999999881
12583  -7.739  -76.703  -6.759 0.6999999881
12585  -10.321  -77.300  -7.337 0.6000000238
12586  -11.067  -77.571  -7.150 0.5000000000
12595  -10.294  -76.489  -7.695 0.6000000238
12605  -14.836  -77.611  -9.959 0.6999999881
13279  -10.880  -76.183  0.613 0.6000000238
13280  -11.478  -76.253  0.034 0.6000000238
13314  -10.737  -76.420  -2.316 0.6000000238
13329  -8.270  -76.241  -3.456 0.6000000238
13356  -7.594  -76.070  -6.056 0.5000000000
13357  -8.029  -75.571  -6.239 0.5000000000
13367  -8.238  -75.750  -6.707 0.6999999881
13380  -10.288  -75.897  -7.785 0.6000000238
14052  -9.008  -76.346  1.964 0.5000000000
14081  -12.049  -75.577  0.030 0.6999999881
14097  -12.926  -75.473  -1.000 0.6999999881
14108  -13.028  -75.575  -1.892 0.6999999881
14143  -8.823  -75.405  -5.354 0.5000000000
14148  -14.878  -75.391  -4.308 0.8000000119
14162  -8.249  -75.195  -6.027 0.5000000000
14166  -11.874  -75.340  -6.176 0.6999999881
14176  -9.443  -74.950  -7.132 0.6000000238
14177  -10.419  -74.988  -7.095 0.6999999881
14179  -12.175  -75.515  -7.032 0.6000000238
14191  -10.764  -75.604  -7.610 0.6000000238
14192  -11.626  -76.078  -7.767 0.6000000238
14814  -8.671  -75.028  2.007 0.5000000000
14836  -10.985  -74.457  0.399 0.8000000119
14837  -11.664  -75.006  0.279 0.8000000119
15549  -10.305  -73.886  0.335 0.6999999881
15577  -13.728  -74.014  -1.407 0.6000000238
15587  -13.635  -73.332  -1.692 0.6000000238
15589  -14.792  -74.020  -2.486 0.5000000000
15621  -15.993  -74.382  -4.658 0.6999999881
15628  -16.055  -73.556  -6.371 0.6000000238
15630  -17.894  -74.950  -7.778 0.5000000000
16304  -7.896  -72.577  0.271 0.6000000238
16316  -7.484  -72.153  -1.029 0.6000000238
16325  -7.221  -72.008  -2.167 0.6999999881
16326  -8.568  -72.313  -2.468 0.6999999881
16338  -10.404  -72.395  -2.747 0.6000000238
16339  -11.557  -72.457  -2.431 0.5000000000
16347  -9.241  -71.962  -3.168 0.8000000119
16351  -13.808  -72.631  -3.446 0.6000000238
17121  -5.691  -70.989  -2.043 0.6999999881
17122  -6.099  -71.478  -1.869 0.6000000238
17123  -6.636  -71.620  -2.277 0.6999999881
17138  -10.557  -71.445  -3.563 0.6000000238
17162  -12.586  -71.055  -4.878 0.5000000000
17176  -13.738  -71.152  -6.529 0.6000000238
17177  -14.117  -71.767  -7.180 0.5000000000
17195  -15.839  -71.873  -9.694 0.5000000000
17912  -12.082  -70.154  3.502 0.6000000238
17920  -13.222  -70.241  2.244 0.5000000000
17927  -11.137  -70.241  2.277 0.5000000000
17929  -12.964  -70.482  1.453 0.6000000238
17944  -13.355  -70.055  1.031 0.5000000000
17954  -10.819  -70.542  -1.035 0.4000000060
17955  -11.576  -70.499  -0.708 0.5000000000
17963  -5.022  -70.098  -1.228 0.6000000238
17976  -6.886  -71.207  -2.532 0.6999999881
17996  -10.771  -70.045  -3.910 0.6000000238
18013  -12.788  -70.463  -5.427 0.5000000000
18024  -14.183  -70.395  -7.683 0.6000000238
18710  -9.330  -69.393  5.904 0.4000000060
18722  -9.599  -69.634  5.279 0.4000000060
18745  -13.055  -69.964  2.879 0.6000000238
18746  -13.644  -69.544  2.548 0.5000000000
18772  -10.030  -70.012  0.895 0.6000000238
18783  -8.379  -69.790  -1.283 0.6999999881
18795  -6.780  -70.153  -2.182 0.6999999881
18797  -11.430  -69.825  -1.858 0.4000000060
18803  -6.514  -70.686  -2.434 0.6999999881
18817  -10.631  -69.444  -3.899 0.5000000000
18832  -13.032  -69.892  -5.812 0.6000000238
18860  -14.498  -69.705  -7.910 0.6000000238
19594  -11.742  -69.010  4.323 0.4000000060
19611  -14.145  -68.920  2.410 0.5000000000
19618  -14.437  -68.902  1.397 0.4000000060
19632  -7.761  -68.066  -0.267 0.6999999881
19633  -8.680  -68.645  0.217 0.6999999881
19634  -9.420  -69.331  0.777 0.6999999881
19647  -13.193  -68.950  0.141 0.5000000000
19662  -10.494  -68.886  -3.534 0.5000000000
19677  -10.519  -69.099  -3.772 0.5000000000
19678  -10.540  -68.933  -4.140 0.5000000000
20428  -9.305  -68.300  6.437 0.4000000060
20463  -11.326  -68.059  4.387 0.4000000060
20485  -15.051  -67.863  2.147 0.4000000060
20509  -14.727  -67.871  0.630 0.4000000060
20545  -10.384  -68.182  -3.351 0.5000000000
20553  -10.791  -67.984  -4.172 0.4000000060
20555  -12.722  -67.180  -4.995 0.5000000000
20563  -13.354  -67.600  -5.495 0.5000000000
21354  -10.265  -67.235  4.910 0.3000000119
21367  -10.774  -66.438  3.855 0.5000000000
21370  -13.725  -67.462  2.882 0.4000000060
21406  -15.890  -66.662  0.791 0.4000000060
21412  -11.444  -66.489  -1.157 0.5000000000
21429  -11.447  -66.057  -2.254 0.4000000060
21463  -17.535  -65.980  -7.500 0.4000000060
21467  -18.581  -65.848  -8.082 0.3000000119
22376  -16.033  -66.125  2.012 0.4000000060
22397  -11.629  -65.921  -1.025 0.5000000000
22399  -13.335  -65.272  -0.602 0.4000000060
22402  -16.308  -65.057  0.253 0.3000000119
22424  -11.473  -65.387  -1.820 0.5000000000
22426  -11.840  -64.866  -2.107 0.4000000060
23425  -12.497  -64.393  -1.010 0.3000000119
23438  -11.628  -65.247  -1.757 0.5000000000
23439  -11.880  -64.805  -1.669 0.4000000060
23452  -12.155  -64.153  -2.073 0.5000000000
108324  -7.376  -87.671  -10.464 0.5000000000
108332  -2.583  -88.643  -6.320 0.5000000000
109347  -15.090  -91.646  -5.785 0.5000000000
109458  -8.780  -65.194  5.677 0.4000000060
109640  -8.272  -91.025  -6.481 0.6999999881
109665  -11.920  -70.734  0.087 0.4000000060
109828  -15.843  -91.710  -6.603 0.6000000238
110368  -11.037  -66.629  -2.193 0.4000000060
110640  -6.998  -92.389  -8.611 0.4000000060
111555  -18.275  -90.658  -8.226 0.6000000238
111837  -14.961  -91.307  -8.575 0.5000000000
112341  -13.782  -91.095  -9.356 0.6000000238
112471  -12.128  -70.685  1.122 0.5000000000
112719  -9.091  -72.396  -2.589 0.6999999881
112732  -12.063  -69.712  3.925 0.4000000060
113046  -8.898  -86.013  -1.480 0.5000000000
113187  -12.891  -66.911  -0.373 0.5000000000
113865  -13.687  -82.409  -0.257 0.6000000238
114469  -6.636  -82.112  -6.207 0.6000000238
114780  -21.264  -88.900  -5.572 0.5000000000
115374  -23.436  -90.619  -5.110 0.4000000060
116513  -8.898  -80.315  -4.601 0.6000000238
116858  -10.348  -87.289  -0.833 0.5000000000
117210  -15.304  -73.598  -3.525 0.6000000238
117214  -8.757  -82.083  -1.804 0.5000000000
117422  -9.903  -70.823  -3.254 0.6999999881
117478  -7.496  -85.022  -2.813 0.6000000238
117820  -12.484  -66.435  -3.432 0.5000000000
120677  -14.421  -91.464  -5.983 0.5000000000
120729  -6.776  -65.515  0.857 0.5000000000
120829  -7.747  -71.220  -2.710 0.8000000119
121062  -7.935  -88.791  -1.084 0.6999999881
121385  -4.474  -92.262  -2.930 0.5000000000
121688  -8.551  -91.239  -1.474 0.6999999881
122087  -11.464  -87.870  -2.911 0.5000000000
122659  -8.108  -91.922  -3.796 0.6999999881
122945  -13.063  -69.190  -5.774 0.5000000000
123524  -11.537  -70.099  3.794 0.5000000000
123797  -6.064  -89.300  -11.072 0.5000000000
125336  -9.436  -79.056  -6.045 0.5000000000
125337  -12.386  -85.826  -1.730 0.6000000238
125587  -7.989  -76.169  -4.388 0.6000000238
125812  -12.953  -86.832  -13.488 0.5000000000
125856  -23.844  -91.038  -0.236 0.3000000119
126071  -14.987  -74.909  -3.174 0.6000000238
126327  -12.653  -75.407  -6.190 0.6000000238
126919  -15.463  -81.480  1.031 0.6000000238
126949  -9.347  -89.651  -0.715 0.6000000238
127035  -11.026  -66.098  3.417 0.5000000000
127140  -11.093  -86.108  -1.122 0.6000000238
127281  -22.350  -96.796  -4.263 0.3000000119
127515  -10.469  -76.025  -3.895 0.6000000238
127614  -6.187  -86.968  -3.133 0.6999999881
127870  -11.607  -79.627  -0.651 0.6000000238
128013  -9.488  -87.553  -0.898 0.6000000238
128169  -7.230  -88.787  -1.438 0.6999999881
128550  -13.838  -75.365  -2.993 0.6999999881
129097  -16.181  -70.355  -9.318 0.5000000000
129211  -26.008  -93.819  -1.133 0.4000000060
129854  -10.058  -89.669  -3.020 0.6000000238
130000  -13.553  -78.876  -3.552 0.5000000000
130251  -7.814  -83.163  -2.823 0.5000000000
130487  -6.113  -79.130  -7.609 0.6999999881
131016  -12.168  -85.529  -1.415 0.6000000238
131487  -10.838  -67.149  -2.256 0.4000000060
131527  -11.265  -85.498  -1.113 0.6000000238
132060  -11.480  -67.470  -4.189 0.5000000000
