#!ascii label  , from subject sub-v1s13x0050015_ses-1 vox2ras=TkReg
423
10270  -43.413  -79.749  3.911 0.0000000000
11770  -33.561  -78.292  1.354 0.0000000000
11703  -37.696  -77.972  8.558 0.0000000000
123426  -38.033  -78.790  1.764 0.0000000000
13190  -33.728  -76.410  7.237 0.0000000000
8684  -42.190  -82.432  9.110 0.0000000000
10146  -37.132  -80.490  13.339 0.0000000000
11634  -42.397  -78.559  16.803 0.0000000000
117618  -35.487  -77.522  10.478 0.0000000000
13193  -36.529  -76.781  7.276 0.0000000000
13975  -33.469  -75.754  10.573 0.0000000000
9399  -40.665  -81.362  11.402 0.0000000000
8626  -40.007  -82.448  14.570 0.0000000000
12391  -43.464  -77.535  14.417 0.0000000000
12403  -40.152  -77.491  13.843 0.0000000000
9528  -39.877  -82.262  0.865 0.0000000000
11751  -35.779  -77.978  2.015 0.0000000000
8792  -36.289  -82.574  -0.200 0.0000000000
9543  -33.960  -81.220  0.455 0.0000000000
11715  -41.353  -78.810  5.797 0.0000000000
11756  -41.572  -78.844  1.931 0.0000000000
13235  -36.598  -76.739  4.377 0.0000000000
13232  -33.689  -76.681  4.668 0.0000000000
10205  -40.462  -80.281  8.690 0.0000000000
10961  -36.982  -79.741  10.424 0.0000000000
11659  -35.523  -78.269  12.375 0.0000000000
9349  -41.173  -81.788  17.511 0.0000000000
11642  -39.351  -79.192  15.740 0.0000000000
114457  -38.348  -77.385  13.651 0.0000000000
129755  -37.395  -74.883  12.955 0.0000000000
9567  -39.449  -82.901  -0.511 0.0000000000
15529  -30.447  -73.605  2.895 0.0000000000
12519  -31.744  -76.870  1.047 0.0000000000
127080  -31.432  -78.926  -1.147 0.0000000000
13959  -34.971  -76.333  11.925 0.0000000000
13163  -34.903  -76.788  10.286 0.0000000000
10292  -40.687  -80.416  1.877 0.0000000000
11771  -34.512  -78.402  1.556 0.0000000000
11035  -34.923  -79.941  1.222 0.0000000000
11053  -34.064  -80.005  0.935 0.0000000000
9542  -33.007  -81.007  0.199 0.0000000000
11051  -32.437  -79.343  0.346 0.0000000000
11708  -38.841  -78.414  7.293 0.0000000000
12459  -38.282  -77.680  7.240 0.0000000000
13191  -34.656  -76.535  7.442 0.0000000000
114621  -36.504  -76.621  6.045 0.0000000000
13205  -34.896  -76.605  5.928 0.0000000000
13233  -35.075  -76.799  4.686 0.0000000000
124562  -34.146  -76.574  5.910 0.0000000000
10225  -42.042  -80.856  7.264 0.0000000000
10183  -42.018  -81.274  8.920 0.0000000000
9388  -38.832  -81.508  12.626 0.0000000000
10158  -38.252  -80.962  11.194 0.0000000000
10152  -36.984  -80.722  12.428 0.0000000000
10952  -36.019  -79.704  12.000 0.0000000000
10944  -36.134  -79.535  12.849 0.0000000000
10901  -41.791  -79.969  17.518 0.0000000000
10123  -39.913  -80.581  16.679 0.0000000000
11632  -40.250  -78.840  16.158 0.0000000000
13130  -40.197  -77.005  13.109 0.0000000000
12402  -39.324  -77.289  13.615 0.0000000000
13129  -38.791  -76.776  13.255 0.0000000000
13127  -37.286  -76.334  13.185 0.0000000000
11754  -39.244  -78.708  2.229 0.0000000000
114283  -39.715  -80.379  1.290 0.0000000000
10309  -38.709  -80.079  1.037 0.0000000000
8132  -36.233  -83.767  -0.556 0.0000000000
15530  -30.971  -73.044  2.279 0.0000000000
14059  -30.655  -74.962  2.147 0.0000000000
13304  -31.784  -76.807  -0.905 0.0000000000
110476  -36.739  -78.088  9.595 0.0000000000
12453  -37.263  -77.326  8.181 0.0000000000
13178  -35.978  -76.971  8.931 0.0000000000
13175  -34.353  -76.489  9.117 0.0000000000
128065  -33.668  -76.332  9.212 0.0000000000
9414  -41.707  -81.224  10.656 0.0000000000
116427  -39.617  -81.817  13.108 0.0000000000
113581  -38.803  -81.330  14.434 0.0000000000
109449  -42.710  -77.641  15.217 0.0000000000
12381  -40.871  -77.912  15.189 0.0000000000
12390  -42.165  -77.363  14.401 0.0000000000
13131  -41.138  -76.918  12.950 0.0000000000
13942  -40.329  -75.965  12.118 0.0000000000
11774  -37.168  -78.727  1.762 0.0000000000
10308  -37.550  -80.110  0.982 0.0000000000
10307  -36.438  -80.272  1.038 0.0000000000
9544  -34.928  -81.413  0.503 0.0000000000
8130  -33.866  -83.128  -0.342 0.0000000000
8129  -32.797  -82.996  -0.675 0.0000000000
8806  -31.692  -82.057  -0.805 0.0000000000
9577  -30.546  -81.985  -1.816 0.0000000000
11724  -43.517  -79.105  4.477 0.0000000000
11016  -42.950  -79.272  2.579 0.0000000000
12499  -40.369  -78.247  3.351 0.0000000000
12511  -38.408  -77.961  3.289 0.0000000000
13209  -37.799  -77.019  6.059 0.0000000000
12476  -37.798  -77.060  5.104 0.0000000000
12497  -37.578  -77.445  3.449 0.0000000000
12496  -36.251  -77.162  3.191 0.0000000000
12495  -35.299  -77.139  3.099 0.0000000000
112663  -34.232  -76.984  2.938 0.0000000000
10994  -42.313  -80.350  6.452 0.0000000000
10992  -40.391  -79.383  7.470 0.0000000000
10982  -38.854  -79.328  8.487 0.0000000000
10169  -40.816  -80.810  9.930 0.0000000000
10180  -38.890  -80.360  9.632 0.0000000000
10969  -37.551  -79.319  9.596 0.0000000000
11676  -36.209  -79.025  10.712 0.0000000000
12428  -35.245  -77.733  11.486 0.0000000000
129246  -35.452  -76.563  12.375 0.0000000000
9364  -39.939  -81.983  16.014 0.0000000000
9372  -39.136  -81.263  15.192 0.0000000000
10139  -38.392  -80.496  14.891 0.0000000000
11649  -40.055  -78.387  15.438 0.0000000000
11647  -38.412  -78.727  14.570 0.0000000000
10940  -37.097  -79.510  14.040 0.0000000000
12400  -36.433  -77.957  13.309 0.0000000000
109890  -36.125  -76.218  12.847 0.0000000000
10310  -40.543  -80.197  1.712 0.0000000000
8118  -40.217  -83.285  -0.054 0.0000000000
9565  -37.222  -82.786  -0.626 0.0000000000
8133  -37.332  -84.008  -1.339 0.0000000000
127670  -32.643  -76.379  5.458 0.0000000000
13231  -32.343  -76.346  4.187 0.0000000000
13257  -32.305  -76.514  2.702 0.0000000000
13256  -31.453  -76.050  2.499 0.0000000000
12520  -32.279  -77.252  1.329 0.0000000000
11050  -31.821  -78.982  -0.129 0.0000000000
11066  -31.491  -79.461  -0.746 0.0000000000
13937  -35.352  -75.561  12.373 0.0000000000
13936  -34.557  -75.572  11.745 0.0000000000
111799  -41.454  -80.231  2.384 0.0000000000
131369  -42.144  -80.081  3.070 0.0000000000
12522  -34.120  -77.666  1.823 0.0000000000
11034  -34.037  -79.190  1.175 0.0000000000
11052  -33.285  -79.681  0.733 0.0000000000
11790  -33.022  -78.847  0.821 0.0000000000
11704  -38.398  -78.364  8.021 0.0000000000
11713  -38.956  -78.176  6.589 0.0000000000
12454  -37.898  -77.633  7.924 0.0000000000
116630  -35.261  -76.571  6.690 0.0000000000
121674  -34.377  -76.515  6.579 0.0000000000
13204  -33.569  -76.443  6.364 0.0000000000
8026  -41.334  -83.236  8.523 0.0000000000
9443  -42.338  -82.102  8.389 0.0000000000
10207  -42.198  -81.604  8.075 0.0000000000
9427  -42.454  -81.752  9.228 0.0000000000
9379  -37.816  -81.060  13.037 0.0000000000
9397  -37.955  -81.169  12.063 0.0000000000
10151  -36.400  -80.161  12.377 0.0000000000
10939  -36.690  -79.869  13.511 0.0000000000
11619  -43.380  -79.181  17.484 0.0000000000
10902  -42.965  -79.996  17.901 0.0000000000
10921  -41.492  -79.224  16.993 0.0000000000
10920  -40.650  -79.305  16.730 0.0000000000
11633  -41.170  -78.609  16.437 0.0000000000
13143  -39.896  -76.424  12.636 0.0000000000
122982  -39.476  -76.790  13.040 0.0000000000
13940  -38.795  -75.493  12.837 0.0000000000
131871  -39.219  -74.973  12.542 0.0000000000
11775  -38.898  -78.985  1.809 0.0000000000
131215  -38.561  -79.332  1.474 0.0000000000
14074  -31.191  -75.641  0.872 0.0000000000
13292  -31.560  -76.750  -0.082 0.0000000000
14087  -31.693  -76.099  -0.613 0.0000000000
12446  -36.249  -77.494  9.516 0.0000000000
12445  -35.553  -77.073  9.664 0.0000000000
13976  -34.237  -76.135  10.710 0.0000000000
13176  -34.499  -76.519  9.814 0.0000000000
13990  -33.903  -76.255  9.878 0.0000000000
9381  -39.653  -81.951  13.831 0.0000000000
9373  -39.666  -82.021  14.609 0.0000000000
12383  -44.112  -77.658  15.261 0.0000000000
13144  -40.726  -76.594  12.467 0.0000000000
8779  -39.929  -83.160  0.829 0.0000000000
11773  -36.270  -78.659  1.723 0.0000000000
11037  -36.844  -79.414  1.401 0.0000000000
11036  -35.785  -79.440  1.435 0.0000000000
10326  -34.495  -80.651  0.799 0.0000000000
9564  -34.370  -81.955  0.227 0.0000000000
8809  -33.885  -82.386  -0.045 0.0000000000
10338  -32.138  -80.699  -0.175 0.0000000000
9562  -32.439  -81.640  -0.312 0.0000000000
9561  -31.604  -81.192  -0.678 0.0000000000
8825  -31.067  -82.575  -1.386 0.0000000000
9578  -31.088  -81.624  -1.226 0.0000000000
11716  -42.767  -79.128  5.229 0.0000000000
11738  -42.963  -78.711  4.242 0.0000000000
12498  -39.156  -77.898  3.761 0.0000000000
12491  -38.694  -77.525  4.625 0.0000000000
13185  -36.448  -76.916  8.075 0.0000000000
13186  -37.164  -76.994  7.422 0.0000000000
13228  -37.119  -76.750  5.676 0.0000000000
13236  -37.074  -76.762  4.931 0.0000000000
12490  -37.433  -77.028  4.268 0.0000000000
12489  -36.833  -76.991  3.607 0.0000000000
12509  -36.955  -77.552  2.855 0.0000000000
110181  -34.468  -76.818  4.341 0.0000000000
109820  -35.223  -76.854  4.025 0.0000000000
130552  -34.603  -76.908  3.647 0.0000000000
13243  -33.744  -76.775  3.761 0.0000000000
10206  -41.579  -80.846  8.320 0.0000000000
10984  -41.079  -80.084  7.919 0.0000000000
10983  -39.874  -79.674  8.245 0.0000000000
10204  -39.326  -80.065  8.915 0.0000000000
119031  -40.487  -80.922  10.633 0.0000000000
10166  -37.587  -80.482  10.735 0.0000000000
10167  -38.549  -80.640  10.397 0.0000000000
10179  -37.918  -80.157  9.940 0.0000000000
10970  -38.413  -79.720  9.245 0.0000000000
11677  -36.770  -78.845  9.924 0.0000000000
10943  -35.651  -78.961  12.279 0.0000000000
11669  -35.436  -78.408  11.821 0.0000000000
12417  -35.311  -77.840  12.134 0.0000000000
13141  -35.174  -77.163  12.066 0.0000000000
12418  -35.735  -77.484  12.668 0.0000000000
9357  -40.344  -81.709  16.728 0.0000000000
10929  -39.240  -80.186  16.110 0.0000000000
9356  -39.544  -81.231  15.999 0.0000000000
10131  -38.986  -80.577  15.544 0.0000000000
10928  -38.726  -79.892  15.453 0.0000000000
115196  -41.030  -77.470  14.316 0.0000000000
12389  -40.126  -77.910  14.625 0.0000000000
12387  -38.769  -77.938  14.171 0.0000000000
11653  -37.832  -78.203  14.011 0.0000000000
10933  -37.700  -79.144  14.360 0.0000000000
116247  -37.045  -78.234  13.728 0.0000000000
12401  -37.329  -77.423  13.502 0.0000000000
13939  -37.884  -75.313  13.046 0.0000000000
109591  -36.947  -75.375  12.986 0.0000000000
11757  -42.591  -78.852  2.440 0.0000000000
10294  -41.912  -79.720  1.719 0.0000000000
11023  -41.528  -79.385  1.690 0.0000000000
10330  -39.225  -81.238  0.637 0.0000000000
9547  -39.685  -82.389  0.101 0.0000000000
8793  -40.084  -82.997  -0.219 0.0000000000
8117  -39.734  -83.863  -0.196 0.0000000000
8135  -39.007  -83.823  -0.806 0.0000000000
10328  -36.543  -81.181  0.454 0.0000000000
117427  -37.559  -81.778  0.032 0.0000000000
130951  -36.694  -81.999  0.026 0.0000000000
7508  -35.448  -84.130  -0.352 0.0000000000
7509  -36.440  -84.132  -0.496 0.0000000000
13203  -32.029  -76.172  6.598 0.0000000000
14015  -31.291  -75.892  6.190 0.0000000000
13242  -32.780  -76.541  3.540 0.0000000000
13241  -31.816  -76.198  3.384 0.0000000000
13271  -31.331  -76.044  1.563 0.0000000000
14060  -30.938  -75.476  2.313 0.0000000000
13272  -31.888  -76.571  1.849 0.0000000000
12529  -31.993  -77.696  0.658 0.0000000000
11789  -32.196  -78.519  0.438 0.0000000000
11800  -31.620  -78.604  -0.601 0.0000000000
11082  -31.304  -79.494  -1.485 0.0000000000
13152  -34.952  -76.988  11.222 0.0000000000
13151  -34.609  -76.372  11.197 0.0000000000
13958  -33.807  -75.340  11.368 0.0000000000
109364  -42.772  -77.288  13.627 0.0000000000
12405  -43.409  -77.252  12.799 0.0000000000
9519  -39.787  -80.869  1.315 0.0000000000
11772  -35.393  -78.519  1.661 0.0000000000
129207  -34.929  -79.103  1.459 0.0000000000
10325  -33.581  -80.471  0.608 0.0000000000
10324  -32.693  -80.176  0.290 0.0000000000
11709  -39.675  -78.769  6.997 0.0000000000
11714  -40.017  -78.533  6.184 0.0000000000
12463  -39.213  -77.958  5.785 0.0000000000
12462  -38.380  -77.480  6.359 0.0000000000
13192  -35.684  -76.665  7.565 0.0000000000
13207  -36.152  -76.636  6.694 0.0000000000
13206  -35.765  -76.575  5.973 0.0000000000
13226  -35.390  -76.681  5.265 0.0000000000
13234  -35.789  -76.718  4.559 0.0000000000
13225  -34.445  -76.705  5.195 0.0000000000
13224  -33.463  -76.534  5.516 0.0000000000
10182  -41.151  -80.754  9.138 0.0000000000
9398  -39.162  -81.339  11.725 0.0000000000
9413  -39.406  -80.986  10.898 0.0000000000
10157  -37.288  -80.738  11.527 0.0000000000
10165  -36.872  -80.286  11.098 0.0000000000
10960  -36.356  -79.721  11.244 0.0000000000
10156  -36.569  -80.307  11.760 0.0000000000
11660  -35.890  -78.538  12.901 0.0000000000
10109  -42.647  -80.823  18.168 0.0000000000
10108  -41.583  -80.842  17.671 0.0000000000
10124  -40.694  -80.811  17.202 0.0000000000
10107  -41.022  -80.190  17.350 0.0000000000
10919  -39.862  -79.628  16.506 0.0000000000
13128  -38.026  -76.805  13.343 0.0000000000
13924  -38.332  -76.159  13.095 0.0000000000
11755  -40.348  -78.779  2.111 0.0000000000
11040  -40.605  -79.613  1.607 0.0000000000
11039  -39.431  -79.595  1.481 0.0000000000
9546  -38.820  -81.994  -0.014 0.0000000000
15540  -30.720  -73.752  2.104 0.0000000000
14073  -30.939  -75.276  1.593 0.0000000000
13283  -31.479  -76.444  0.685 0.0000000000
12528  -31.706  -77.277  0.319 0.0000000000
12534  -31.661  -77.650  -0.476 0.0000000000
11814  -31.605  -78.267  -1.178 0.0000000000
12447  -37.036  -77.681  8.993 0.0000000000
12452  -36.615  -77.242  8.724 0.0000000000
13177  -35.142  -76.715  9.214 0.0000000000
13184  -35.663  -76.767  8.425 0.0000000000
13183  -34.919  -76.603  8.337 0.0000000000
13182  -33.904  -76.452  8.303 0.0000000000
113408  -42.447  -82.048  10.058 0.0000000000
9390  -41.323  -81.943  12.075 0.0000000000
9389  -40.104  -81.722  12.334 0.0000000000
9380  -38.676  -81.452  13.579 0.0000000000
10147  -37.858  -80.720  14.028 0.0000000000
12371  -43.264  -77.949  16.079 0.0000000000
12382  -41.759  -77.910  15.900 0.0000000000
118589  -41.671  -77.581  15.031 0.0000000000
13132  -42.177  -76.989  12.883 0.0000000000
12404  -41.622  -77.140  13.622 0.0000000000
123172  -40.789  -77.207  13.538 0.0000000000
11753  -37.475  -78.251  2.277 0.0000000000
11038  -37.821  -79.352  1.360 0.0000000000
9545  -35.890  -81.686  0.331 0.0000000000
8807  -32.368  -82.380  -0.600 0.0000000000
8826  -31.940  -82.797  -0.988 0.0000000000
129502  -31.549  -83.247  -1.440 0.0000000000
8824  -30.498  -82.773  -1.887 0.0000000000
10256  -43.604  -79.348  4.238 0.0000000000
10281  -43.052  -79.732  3.048 0.0000000000
11739  -43.744  -78.917  3.810 0.0000000000
127863  -42.594  -78.564  3.406 0.0000000000
11747  -41.611  -78.503  2.821 0.0000000000
12493  -41.248  -78.286  3.763 0.0000000000
114141  -40.709  -78.531  2.552 0.0000000000
11746  -39.517  -78.397  2.866 0.0000000000
131309  -38.607  -78.344  2.693 0.0000000000
12458  -37.695  -77.292  7.524 0.0000000000
12461  -37.768  -77.112  6.896 0.0000000000
13208  -37.050  -76.784  6.599 0.0000000000
111682  -38.154  -77.510  4.003 0.0000000000
12510  -37.847  -77.982  2.797 0.0000000000
11752  -36.610  -78.095  2.198 0.0000000000
12508  -36.038  -77.559  2.607 0.0000000000
13244  -36.021  -76.881  3.801 0.0000000000
121012  -35.337  -77.537  2.345 0.0000000000
11750  -34.981  -77.812  1.887 0.0000000000
12506  -33.733  -77.123  2.223 0.0000000000
10255  -43.112  -80.084  4.880 0.0000000000
10999  -42.809  -80.099  5.660 0.0000000000
10998  -42.057  -79.538  6.187 0.0000000000
10993  -41.609  -79.838  7.071 0.0000000000
11710  -40.881  -79.086  6.679 0.0000000000
10991  -39.288  -79.007  7.733 0.0000000000
11690  -38.052  -78.839  8.886 0.0000000000
9426  -41.913  -81.178  9.720 0.0000000000
10181  -39.962  -80.492  9.385 0.0000000000
10168  -39.611  -80.707  10.116 0.0000000000
11689  -37.331  -78.429  9.270 0.0000000000
11688  -36.158  -78.217  10.221 0.0000000000
11670  -35.776  -79.073  11.520 0.0000000000
11675  -35.614  -78.376  11.047 0.0000000000
9363  -39.779  -82.076  15.336 0.0000000000
11643  -40.767  -78.247  15.875 0.0000000000
12388  -39.525  -77.822  14.200 0.0000000000
11648  -39.272  -78.452  14.839 0.0000000000
11641  -38.753  -79.166  15.115 0.0000000000
10934  -38.186  -79.593  14.872 0.0000000000
10138  -37.598  -80.033  14.474 0.0000000000
132035  -37.213  -80.173  13.936 0.0000000000
11651  -36.558  -78.923  13.556 0.0000000000
13142  -36.508  -77.090  13.159 0.0000000000
13938  -36.162  -75.073  12.730 0.0000000000
114212  -42.364  -79.843  2.079 0.0000000000
10293  -41.620  -80.098  1.889 0.0000000000
10331  -39.656  -81.641  0.895 0.0000000000
8780  -40.216  -83.091  0.330 0.0000000000
8107  -40.147  -83.461  0.252 0.0000000000
10329  -38.223  -80.961  0.524 0.0000000000
9566  -38.271  -82.819  -0.666 0.0000000000
8811  -36.895  -83.544  -0.866 0.0000000000
8812  -37.747  -83.776  -1.316 0.0000000000
123250  -34.165  -74.827  11.878 0.0000000000
13989  -33.156  -76.077  9.798 0.0000000000
13998  -33.008  -76.275  8.930 0.0000000000
13181  -32.934  -76.319  7.926 0.0000000000
13189  -32.851  -76.301  6.943 0.0000000000
14016  -32.005  -76.188  5.795 0.0000000000
109595  -32.884  -76.493  4.849 0.0000000000
126427  -33.102  -76.589  4.219 0.0000000000
13258  -33.273  -76.791  2.849 0.0000000000
12521  -33.151  -77.528  1.640 0.0000000000
14045  -30.544  -75.010  2.799 0.0000000000
14034  -30.908  -75.626  3.262 0.0000000000
12505  -32.778  -76.884  2.047 0.0000000000
11769  -32.642  -78.041  1.022 0.0000000000
11067  -31.932  -79.827  -0.151 0.0000000000
10337  -31.519  -80.323  -0.663 0.0000000000
10352  -31.153  -80.771  -1.194 0.0000000000
8106  -39.561  -83.857  0.639 0.0000000000
8134  -38.183  -84.006  -1.445 0.0000000000
8791  -35.336  -82.250  0.156 0.0000000000
9548  -40.096  -82.815  0.217 0.0000000000
10145  -36.602  -80.227  12.905 0.0000000000
10311  -41.421  -79.780  1.691 0.0000000000
11003  -43.342  -79.532  4.914 0.0000000000
11017  -43.593  -79.251  3.404 0.0000000000
11024  -42.244  -79.347  1.902 0.0000000000
11618  -42.312  -79.324  17.374 0.0000000000
11652  -37.226  -78.770  14.001 0.0000000000
11748  -43.393  -78.864  3.148 0.0000000000
11776  -39.936  -79.148  1.833 0.0000000000
11777  -40.829  -79.001  1.748 0.0000000000
12507  -34.631  -77.340  2.333 0.0000000000
13223  -32.789  -76.335  6.105 0.0000000000
14810  -30.522  -74.373  2.422 0.0000000000
14821  -31.129  -74.792  0.972 0.0000000000
114066  -31.250  -80.064  -1.172 0.0000000000
114105  -42.270  -81.643  10.162 0.0000000000
121979  -38.316  -78.495  2.239 0.0000000000
121996  -40.409  -79.974  17.072 0.0000000000
125324  -40.994  -79.712  17.175 0.0000000000
125643  -39.696  -83.438  -0.447 0.0000000000
127038  -38.758  -83.641  -0.952 0.0000000000
127435  -37.251  -80.818  0.587 0.0000000000
131179  -37.988  -77.251  4.517 0.0000000000
131744  -43.414  -78.771  3.605 0.0000000000
