#!ascii label  , from subject sub-v1s13x0050015_ses-1 vox2ras=TkReg
992
88714  40.530  6.327  38.770 0.0000000000
87404  40.155  4.152  25.242 0.0000000000
91676  45.713  10.719  15.763 0.0000000000
85217  47.004  1.698  17.403 0.0000000000
86695  37.478  3.168  32.492 0.0000000000
90893  45.363  9.565  24.441 0.0000000000
86758  44.447  3.244  19.749 0.0000000000
88871  37.048  7.039  19.844 0.0000000000
88785  48.852  6.855  29.096 0.0000000000
111205  42.005  6.663  31.188 0.0000000000
83269  41.243  -0.824  27.386 0.0000000000
114196  41.256  11.305  18.544 0.0000000000
88898  38.548  6.327  14.791 0.0000000000
89567  43.582  7.963  21.919 0.0000000000
88179  41.291  5.049  15.090 0.0000000000
91645  35.857  9.860  20.206 0.0000000000
89456  44.305  8.049  34.134 0.0000000000
89459  41.054  7.524  34.890 0.0000000000
85075  38.833  1.323  30.022 0.0000000000
92267  46.368  12.073  18.542 0.0000000000
92828  44.283  13.988  17.913 0.0000000000
92285  43.961  11.831  16.224 0.0000000000
90975  38.723  9.598  15.805 0.0000000000
90983  40.971  9.657  13.782 0.0000000000
88108  44.597  5.594  26.917 0.0000000000
88828  45.879  6.698  24.513 0.0000000000
120086  41.265  6.681  23.549 0.0000000000
86776  46.419  4.377  17.674 0.0000000000
87448  41.801  4.609  17.969 0.0000000000
86788  45.030  4.272  16.300 0.0000000000
119375  42.359  2.559  14.962 0.0000000000
85202  44.944  1.267  18.173 0.0000000000
82497  43.458  -1.642  19.704 0.0000000000
87315  38.612  4.455  38.983 0.0000000000
88749  38.385  6.347  35.430 0.0000000000
91651  48.802  10.582  19.082 0.0000000000
85126  42.258  1.389  23.506 0.0000000000
86745  41.165  3.060  21.934 0.0000000000
113596  44.945  1.579  21.148 0.0000000000
85190  48.256  2.471  19.274 0.0000000000
90178  46.628  9.108  30.054 0.0000000000
90169  48.394  8.442  32.764 0.0000000000
120145  45.347  6.458  30.503 0.0000000000
87376  42.245  4.719  28.101 0.0000000000
88767  38.898  5.957  31.871 0.0000000000
85909  40.519  3.602  28.918 0.0000000000
85108  40.423  1.694  26.387 0.0000000000
83322  43.822  -0.357  24.707 0.0000000000
85843  38.303  1.378  41.472 0.0000000000
93901  42.825  14.882  17.952 0.0000000000
92260  40.204  11.115  20.490 0.0000000000
91666  37.744  9.597  18.390 0.0000000000
88884  37.503  6.880  17.774 0.0000000000
86779  38.922  3.065  18.303 0.0000000000
130944  48.337  8.161  26.141 0.0000000000
89554  47.956  8.202  22.438 0.0000000000
90945  44.054  9.444  19.108 0.0000000000
88150  39.858  5.813  20.575 0.0000000000
88869  39.613  7.142  19.369 0.0000000000
90299  40.455  8.433  16.947 0.0000000000
88188  39.735  5.207  13.431 0.0000000000
86052  39.803  2.180  16.118 0.0000000000
91631  35.310  10.158  20.865 0.0000000000
91629  37.590  9.932  21.192 0.0000000000
89439  42.249  7.651  36.414 0.0000000000
89430  40.553  7.180  36.817 0.0000000000
92290  47.156  11.592  15.591 0.0000000000
92847  45.492  12.472  16.334 0.0000000000
92293  44.025  11.059  15.586 0.0000000000
113444  42.105  10.214  14.865 0.0000000000
90980  43.009  10.284  15.422 0.0000000000
88121  42.081  5.707  25.909 0.0000000000
113031  43.628  6.328  25.292 0.0000000000
88128  41.196  5.784  24.847 0.0000000000
86034  46.963  3.007  17.013 0.0000000000
87453  45.811  4.757  16.719 0.0000000000
86035  46.037  2.966  16.970 0.0000000000
86036  45.170  2.926  17.070 0.0000000000
84295  46.024  1.079  17.796 0.0000000000
84289  45.354  0.073  18.330 0.0000000000
83378  46.650  -0.367  18.018 0.0000000000
120449  37.548  3.870  37.512 0.0000000000
91639  46.786  11.101  20.653 0.0000000000
91607  47.595  10.481  22.264 0.0000000000
84226  44.461  0.328  23.350 0.0000000000
85138  43.759  1.290  22.353 0.0000000000
84260  45.813  0.531  21.759 0.0000000000
113158  48.044  1.739  20.019 0.0000000000
86003  50.151  2.567  18.559 0.0000000000
86020  48.991  2.779  17.888 0.0000000000
89483  42.945  7.510  32.953 0.0000000000
89493  44.245  7.193  31.872 0.0000000000
88779  43.323  6.422  30.415 0.0000000000
132609  43.620  5.419  29.013 0.0000000000
88080  41.982  5.366  29.309 0.0000000000
88063  37.664  5.064  33.434 0.0000000000
132225  38.622  6.369  33.326 0.0000000000
87361  37.966  4.647  31.811 0.0000000000
84165  40.445  0.387  28.573 0.0000000000
85910  39.684  2.378  29.301 0.0000000000
85089  40.523  1.227  28.291 0.0000000000
132562  40.539  2.525  27.716 0.0000000000
84186  40.633  0.752  26.758 0.0000000000
84197  42.182  0.183  25.387 0.0000000000
83286  42.316  -0.916  26.314 0.0000000000
82437  46.520  -1.529  26.459 0.0000000000
92840  43.616  13.419  17.595 0.0000000000
93357  43.501  14.371  17.874 0.0000000000
92830  42.007  12.670  18.977 0.0000000000
92822  41.698  13.286  19.401 0.0000000000
127522  40.653  11.089  19.179 0.0000000000
110934  39.282  10.183  19.261 0.0000000000
91664  39.791  10.451  18.788 0.0000000000
90316  38.088  8.246  14.831 0.0000000000
90309  37.592  8.807  16.422 0.0000000000
88892  37.764  6.668  16.588 0.0000000000
87459  38.146  4.549  18.075 0.0000000000
133628  38.536  4.818  16.608 0.0000000000
124372  48.998  8.065  30.091 0.0000000000
90189  47.742  8.147  28.578 0.0000000000
90203  48.978  7.582  27.510 0.0000000000
89557  44.829  7.531  22.702 0.0000000000
89545  47.408  7.454  23.713 0.0000000000
90262  45.491  8.239  21.473 0.0000000000
90272  47.314  8.815  20.570 0.0000000000
90275  43.481  8.821  20.589 0.0000000000
85994  42.945  2.910  20.652 0.0000000000
87423  40.202  4.315  21.560 0.0000000000
86772  41.510  3.924  19.966 0.0000000000
87457  41.946  4.754  16.919 0.0000000000
88161  40.434  5.706  18.184 0.0000000000
88167  40.521  5.935  17.107 0.0000000000
90292  40.445  8.365  18.065 0.0000000000
88882  39.912  6.453  16.444 0.0000000000
89603  39.584  7.353  14.802 0.0000000000
88180  40.498  5.501  14.308 0.0000000000
86039  42.250  2.480  17.529 0.0000000000
86051  40.753  2.116  15.467 0.0000000000
86026  41.169  2.247  17.633 0.0000000000
85205  39.962  1.886  18.596 0.0000000000
90228  43.873  8.958  25.918 0.0000000000
90936  34.938  9.556  20.109 0.0000000000
90288  35.410  9.128  19.509 0.0000000000
90154  45.150  8.287  34.748 0.0000000000
90150  44.003  8.169  35.890 0.0000000000
89458  42.511  7.772  34.745 0.0000000000
89470  41.239  7.387  33.351 0.0000000000
85905  37.696  2.451  31.112 0.0000000000
92827  44.673  13.168  17.553 0.0000000000
92849  43.874  12.747  16.993 0.0000000000
113912  41.955  11.515  17.703 0.0000000000
127124  40.267  10.499  17.410 0.0000000000
91691  40.811  10.600  16.500 0.0000000000
114205  40.212  10.086  14.468 0.0000000000
90323  38.804  8.250  13.986 0.0000000000
88803  46.484  5.833  27.306 0.0000000000
88811  48.001  6.647  26.238 0.0000000000
88820  44.623  6.285  25.523 0.0000000000
88839  44.030  6.854  23.917 0.0000000000
89559  42.899  7.562  22.617 0.0000000000
86769  44.927  3.836  19.100 0.0000000000
86770  43.413  3.949  18.921 0.0000000000
87445  45.173  4.654  17.578 0.0000000000
87455  44.291  4.525  16.510 0.0000000000
87467  42.816  4.227  15.312 0.0000000000
87474  42.558  3.767  14.527 0.0000000000
86793  43.536  3.768  15.525 0.0000000000
86038  43.295  2.700  17.239 0.0000000000
85204  43.073  1.929  18.822 0.0000000000
82507  44.878  -2.032  18.782 0.0000000000
87314  39.227  4.895  39.361 0.0000000000
88726  39.457  6.416  37.293 0.0000000000
88033  38.053  5.199  37.201 0.0000000000
121104  37.525  4.881  35.944 0.0000000000
113659  37.527  3.640  34.032 0.0000000000
91640  45.356  11.166  20.471 0.0000000000
118190  47.728  11.526  19.032 0.0000000000
91661  48.183  10.831  16.826 0.0000000000
85954  40.396  2.646  24.174 0.0000000000
87415  39.950  3.978  23.784 0.0000000000
85971  41.445  2.509  22.536 0.0000000000
85970  42.826  2.171  21.837 0.0000000000
85175  44.956  2.262  20.539 0.0000000000
84258  47.387  0.726  21.059 0.0000000000
85173  46.434  2.080  20.315 0.0000000000
86006  46.155  3.050  19.564 0.0000000000
86766  47.539  3.425  18.478 0.0000000000
128860  48.219  2.581  17.329 0.0000000000
115181  48.538  0.962  17.312 0.0000000000
83376  47.967  -0.042  18.249 0.0000000000
90840  48.425  9.026  31.227 0.0000000000
89499  48.780  7.397  30.790 0.0000000000
89466  45.803  7.860  33.185 0.0000000000
89491  46.770  7.152  31.507 0.0000000000
88777  46.267  6.213  29.831 0.0000000000
88085  45.182  5.434  28.491 0.0000000000
88099  42.911  5.179  27.617 0.0000000000
87396  40.922  4.328  26.783 0.0000000000
89453  39.697  7.167  35.239 0.0000000000
89472  39.652  7.073  33.630 0.0000000000
88773  40.795  6.505  31.323 0.0000000000
86699  38.461  3.483  30.266 0.0000000000
87368  39.390  4.586  30.009 0.0000000000
88081  41.048  5.099  29.504 0.0000000000
86706  41.065  3.918  28.647 0.0000000000
86725  40.783  3.695  27.360 0.0000000000
86732  40.157  3.360  25.749 0.0000000000
85117  41.134  1.456  24.712 0.0000000000
84212  43.372  0.301  24.350 0.0000000000
83337  44.891  -0.233  23.792 0.0000000000
82456  43.993  -1.390  25.863 0.0000000000
83303  45.168  -1.075  25.037 0.0000000000
87304  39.520  4.419  40.243 0.0000000000
85849  38.493  2.289  40.494 0.0000000000
84032  37.034  0.515  40.891 0.0000000000
94441  43.940  15.872  17.829 0.0000000000
93896  41.555  15.139  19.216 0.0000000000
91643  38.908  10.166  20.329 0.0000000000
91667  36.963  9.562  18.878 0.0000000000
90294  36.361  8.917  18.278 0.0000000000
119152  38.167  9.545  16.839 0.0000000000
89593  36.986  8.467  17.597 0.0000000000
89583  37.092  7.463  18.502 0.0000000000
90238  47.282  9.231  24.788 0.0000000000
88817  48.360  7.626  25.110 0.0000000000
111860  48.720  8.508  24.025 0.0000000000
90903  48.792  9.314  23.319 0.0000000000
90930  49.080  9.778  21.026 0.0000000000
90942  47.785  9.796  18.611 0.0000000000
90955  45.284  9.730  18.127 0.0000000000
88134  40.101  5.574  23.583 0.0000000000
88849  40.016  6.560  22.377 0.0000000000
89570  40.334  7.549  21.271 0.0000000000
87438  41.539  4.338  19.043 0.0000000000
88862  39.718  6.509  19.973 0.0000000000
89576  40.922  8.105  20.837 0.0000000000
90286  41.495  8.753  19.485 0.0000000000
90957  42.905  9.567  17.884 0.0000000000
90965  42.816  9.629  16.655 0.0000000000
90307  40.554  8.586  15.620 0.0000000000
126512  39.170  7.361  13.878 0.0000000000
88189  39.335  5.425  13.856 0.0000000000
86799  41.185  3.348  13.584 0.0000000000
86066  40.342  3.157  14.166 0.0000000000
86791  39.374  3.663  15.738 0.0000000000
86042  39.307  2.508  17.678 0.0000000000
83362  43.067  -0.878  20.562 0.0000000000
91613  37.127  10.182  22.061 0.0000000000
91612  38.304  10.325  22.021 0.0000000000
88704  41.452  6.696  38.982 0.0000000000
89429  41.190  7.208  37.460 0.0000000000
88724  41.069  6.871  38.209 0.0000000000
91687  46.721  11.172  15.466 0.0000000000
92292  45.826  11.275  15.352 0.0000000000
91688  44.826  10.904  15.592 0.0000000000
91689  43.790  10.593  15.700 0.0000000000
91677  44.370  10.428  15.940 0.0000000000
88122  41.245  5.410  25.531 0.0000000000
88822  41.784  5.926  25.308 0.0000000000
88123  40.493  5.058  24.892 0.0000000000
85218  46.341  2.151  17.362 0.0000000000
84288  46.183  -0.017  17.891 0.0000000000
84294  46.932  0.571  17.734 0.0000000000
90894  44.123  9.462  24.409 0.0000000000
90906  45.956  9.911  23.760 0.0000000000
90918  46.739  10.170  23.042 0.0000000000
84225  45.174  0.031  23.095 0.0000000000
84245  44.746  0.536  22.632 0.0000000000
84244  45.490  0.269  22.384 0.0000000000
86002  51.037  2.537  18.675 0.0000000000
86017  51.427  2.424  18.332 0.0000000000
86018  50.666  2.596  18.130 0.0000000000
89495  42.257  7.013  31.844 0.0000000000
89494  43.161  7.191  32.025 0.0000000000
88771  42.811  6.744  31.211 0.0000000000
88789  42.870  5.915  29.598 0.0000000000
130037  42.004  6.012  29.977 0.0000000000
87359  37.503  4.034  33.169 0.0000000000
88066  37.723  4.780  32.623 0.0000000000
87362  37.570  3.953  32.184 0.0000000000
83270  40.725  -0.278  27.882 0.0000000000
84172  40.628  0.561  27.656 0.0000000000
128450  40.490  1.394  27.377 0.0000000000
84171  40.885  -0.044  27.088 0.0000000000
84185  41.130  0.217  26.368 0.0000000000
83287  41.528  -0.517  26.675 0.0000000000
92280  42.084  12.048  18.492 0.0000000000
92829  42.807  13.154  18.098 0.0000000000
92270  41.438  11.800  19.268 0.0000000000
91663  40.360  10.692  18.283 0.0000000000
89604  37.902  7.562  15.030 0.0000000000
88899  37.985  6.866  15.359 0.0000000000
88891  38.304  6.122  15.792 0.0000000000
88175  38.115  5.840  16.640 0.0000000000
88168  38.504  5.291  16.063 0.0000000000
89501  49.085  7.535  29.438 0.0000000000
90188  48.819  7.718  28.490 0.0000000000
89513  49.163  7.189  27.714 0.0000000000
89566  44.397  7.778  22.200 0.0000000000
90253  45.213  7.853  22.118 0.0000000000
90263  44.540  8.129  21.660 0.0000000000
90274  44.797  8.487  21.005 0.0000000000
90264  43.920  8.429  21.190 0.0000000000
86759  43.776  3.103  20.131 0.0000000000
86760  42.245  3.491  20.308 0.0000000000
112602  43.139  3.456  19.808 0.0000000000
88173  41.338  5.325  16.424 0.0000000000
88174  40.605  5.884  15.755 0.0000000000
88889  39.940  6.238  14.978 0.0000000000
86024  42.692  2.350  18.279 0.0000000000
86025  41.767  2.324  18.511 0.0000000000
86009  41.387  2.047  19.349 0.0000000000
91646  35.139  9.880  20.247 0.0000000000
90949  35.634  9.556  19.587 0.0000000000
131321  44.424  8.262  36.582 0.0000000000
90141  43.660  8.024  36.745 0.0000000000
113979  41.805  7.607  35.893 0.0000000000
89450  42.426  7.747  35.610 0.0000000000
113978  41.790  7.623  35.172 0.0000000000
115244  41.736  7.585  34.183 0.0000000000
115812  40.822  7.444  34.103 0.0000000000
92268  45.094  12.405  18.478 0.0000000000
92278  45.611  12.683  17.423 0.0000000000
92848  44.712  12.687  16.775 0.0000000000
92286  42.842  11.636  16.664 0.0000000000
91678  41.739  11.014  16.583 0.0000000000
91695  41.409  10.168  14.319 0.0000000000
91696  40.386  9.682  13.835 0.0000000000
112768  39.147  9.019  14.046 0.0000000000
90327  39.844  8.884  13.572 0.0000000000
88107  45.566  5.668  27.097 0.0000000000
88812  45.342  6.046  26.190 0.0000000000
88119  44.139  5.964  26.172 0.0000000000
88830  42.835  6.500  24.670 0.0000000000
115620  43.629  6.615  24.495 0.0000000000
88840  43.074  6.842  23.977 0.0000000000
89548  43.447  7.201  23.305 0.0000000000
89549  42.303  7.122  23.339 0.0000000000
86777  45.508  4.458  18.135 0.0000000000
87444  45.847  4.803  17.221 0.0000000000
87464  45.331  4.549  16.538 0.0000000000
87454  45.238  4.710  16.810 0.0000000000
87465  44.812  4.365  16.333 0.0000000000
112204  43.586  4.312  15.916 0.0000000000
87466  44.105  4.149  15.892 0.0000000000
87473  43.264  3.895  15.350 0.0000000000
86789  44.438  4.052  15.962 0.0000000000
86022  44.541  2.241  17.792 0.0000000000
86037  44.254  2.935  17.101 0.0000000000
86023  43.612  2.358  17.993 0.0000000000
85203  43.972  1.630  18.496 0.0000000000
84278  44.387  0.616  18.773 0.0000000000
82514  45.479  -1.428  18.430 0.0000000000
83380  45.195  -0.959  18.350 0.0000000000
127294  38.815  4.978  38.756 0.0000000000
88022  39.095  5.418  38.527 0.0000000000
87326  38.416  4.970  38.132 0.0000000000
87337  37.583  4.522  36.701 0.0000000000
87347  37.394  4.172  35.734 0.0000000000
112294  37.412  3.956  34.845 0.0000000000
91623  48.210  10.879  20.705 0.0000000000
126143  47.681  11.288  19.976 0.0000000000
92255  48.489  10.955  19.558 0.0000000000
92275  48.425  11.371  17.521 0.0000000000
91660  48.647  10.876  17.721 0.0000000000
85127  41.245  1.812  23.939 0.0000000000
85961  40.908  2.476  23.295 0.0000000000
85140  41.753  1.923  23.063 0.0000000000
111194  44.303  1.419  21.744 0.0000000000
85158  43.563  1.794  21.756 0.0000000000
85978  44.158  2.079  21.061 0.0000000000
131822  47.835  0.460  21.490 0.0000000000
84257  48.356  0.692  21.096 0.0000000000
85189  48.849  1.979  19.555 0.0000000000
85991  47.437  2.277  19.785 0.0000000000
85992  45.642  2.459  20.214 0.0000000000
86005  47.017  2.959  19.350 0.0000000000
86767  46.775  3.712  18.613 0.0000000000
86004  47.725  2.901  19.084 0.0000000000
86031  49.488  2.320  17.567 0.0000000000
86774  48.321  3.009  17.609 0.0000000000
85215  49.087  1.589  17.223 0.0000000000
121663  48.408  1.779  17.227 0.0000000000
84286  48.615  0.532  17.712 0.0000000000
90158  48.586  9.193  33.102 0.0000000000
90826  48.394  9.503  32.446 0.0000000000
90168  48.887  8.780  32.378 0.0000000000
89489  49.092  7.895  31.241 0.0000000000
89490  48.305  7.459  31.475 0.0000000000
90161  45.442  8.135  33.959 0.0000000000
89467  44.593  7.782  33.319 0.0000000000
88769  44.717  6.789  31.165 0.0000000000
89492  45.353  7.189  31.742 0.0000000000
132974  45.671  6.785  31.140 0.0000000000
88768  46.498  6.638  30.672 0.0000000000
88078  45.623  5.720  29.122 0.0000000000
88787  44.970  6.045  29.731 0.0000000000
88087  43.162  5.169  28.407 0.0000000000
87386  41.887  4.901  27.334 0.0000000000
88727  38.863  6.229  36.887 0.0000000000
88739  39.305  6.647  36.541 0.0000000000
88748  39.117  6.789  35.757 0.0000000000
129306  38.565  6.095  32.754 0.0000000000
114660  39.121  6.663  33.131 0.0000000000
88766  39.365  6.514  32.370 0.0000000000
88765  40.253  6.739  32.154 0.0000000000
126922  39.748  6.308  31.561 0.0000000000
85904  38.233  2.636  30.349 0.0000000000
85911  38.810  2.061  29.825 0.0000000000
86702  39.781  3.271  29.268 0.0000000000
86698  39.135  3.814  29.753 0.0000000000
87375  39.930  4.109  29.400 0.0000000000
87367  40.227  4.842  29.763 0.0000000000
87374  40.769  4.323  29.168 0.0000000000
128538  40.391  2.224  27.217 0.0000000000
86717  40.492  3.007  27.375 0.0000000000
85938  40.259  2.711  26.486 0.0000000000
86726  40.427  3.522  26.616 0.0000000000
85946  40.279  2.429  25.673 0.0000000000
85118  40.524  2.114  24.826 0.0000000000
85107  40.653  1.546  25.435 0.0000000000
84196  43.039  -0.067  25.034 0.0000000000
124057  42.479  0.500  24.652 0.0000000000
84211  44.165  0.080  24.085 0.0000000000
83321  44.616  -0.574  24.470 0.0000000000
82439  44.583  -1.824  26.470 0.0000000000
82454  45.828  -1.313  25.741 0.0000000000
112066  46.742  -0.740  24.878 0.0000000000
87291  39.549  3.541  41.066 0.0000000000
128916  38.914  2.149  41.698 0.0000000000
85850  37.941  1.581  40.285 0.0000000000
93905  43.515  15.477  17.633 0.0000000000
94448  43.396  15.879  17.348 0.0000000000
95071  43.529  16.072  17.513 0.0000000000
93906  42.906  15.602  17.568 0.0000000000
94443  42.357  15.789  18.325 0.0000000000
93902  42.200  14.948  18.333 0.0000000000
92823  41.124  12.550  20.225 0.0000000000
92252  39.983  11.321  21.284 0.0000000000
91642  39.536  10.626  20.862 0.0000000000
111375  38.499  9.760  19.034 0.0000000000
91654  37.666  9.673  19.356 0.0000000000
90948  36.330  9.438  18.894 0.0000000000
90959  36.522  9.241  18.336 0.0000000000
112826  39.918  10.293  16.569 0.0000000000
91680  39.528  10.138  17.745 0.0000000000
111331  39.043  9.865  16.738 0.0000000000
117806  37.384  7.613  17.100 0.0000000000
126711  37.234  8.857  17.107 0.0000000000
116447  37.108  7.787  17.870 0.0000000000
88877  37.479  6.591  18.692 0.0000000000
124666  37.681  6.044  18.186 0.0000000000
86780  38.503  3.819  18.215 0.0000000000
90182  45.968  8.915  29.320 0.0000000000
120292  47.446  8.448  26.949 0.0000000000
90205  46.437  8.567  27.748 0.0000000000
90227  46.211  9.011  25.793 0.0000000000
130504  47.566  8.573  26.159 0.0000000000
112542  46.618  6.592  25.044 0.0000000000
88818  47.709  6.818  25.341 0.0000000000
89536  47.355  7.024  24.508 0.0000000000
89544  48.535  8.123  23.442 0.0000000000
90244  48.880  8.818  23.489 0.0000000000
90890  48.665  8.929  24.065 0.0000000000
90250  48.925  9.211  22.777 0.0000000000
90915  48.950  9.524  22.117 0.0000000000
90271  48.577  9.028  21.116 0.0000000000
90933  46.270  9.098  19.833 0.0000000000
90943  46.348  9.493  18.852 0.0000000000
90954  46.927  9.940  17.712 0.0000000000
114359  40.049  3.847  22.996 0.0000000000
124287  39.884  4.717  23.421 0.0000000000
86746  40.352  3.675  22.124 0.0000000000
124942  40.012  5.029  21.063 0.0000000000
88144  39.810  5.094  21.887 0.0000000000
127598  39.749  5.962  21.585 0.0000000000
89561  40.545  7.318  22.100 0.0000000000
113835  39.831  6.931  21.545 0.0000000000
87437  42.714  4.296  18.329 0.0000000000
88868  39.864  6.262  18.961 0.0000000000
120517  40.432  5.477  18.948 0.0000000000
89577  40.157  7.679  20.490 0.0000000000
89582  39.972  7.749  19.661 0.0000000000
90277  41.570  8.549  20.337 0.0000000000
90287  40.519  8.313  19.080 0.0000000000
90293  39.879  8.004  17.599 0.0000000000
90291  41.322  8.772  18.434 0.0000000000
90298  41.279  8.791  17.311 0.0000000000
90966  42.039  9.357  16.376 0.0000000000
90306  41.300  8.974  15.997 0.0000000000
88897  39.466  6.549  14.304 0.0000000000
88904  39.217  6.053  14.020 0.0000000000
88910  38.956  7.051  13.885 0.0000000000
86056  42.445  2.789  14.295 0.0000000000
86798  41.725  3.518  13.531 0.0000000000
86064  41.988  2.788  13.747 0.0000000000
130407  40.238  1.945  15.998 0.0000000000
86058  40.732  2.297  14.808 0.0000000000
86059  39.998  2.508  15.178 0.0000000000
86795  39.638  3.379  14.778 0.0000000000
86790  39.670  2.871  15.662 0.0000000000
86053  39.487  2.945  16.650 0.0000000000
86041  39.585  2.097  17.034 0.0000000000
85194  40.396  1.880  19.488 0.0000000000
85206  39.297  1.888  18.239 0.0000000000
83361  43.504  -0.409  19.993 0.0000000000
91614  35.902  10.370  21.834 0.0000000000
91630  36.391  10.022  21.072 0.0000000000
123570  42.847  7.759  37.002 0.0000000000
89428  42.033  7.485  37.254 0.0000000000
89440  41.378  7.449  36.536 0.0000000000
123503  40.698  7.353  36.145 0.0000000000
92277  46.870  12.310  17.286 0.0000000000
92837  46.012  12.568  16.672 0.0000000000
92846  46.380  12.211  15.824 0.0000000000
92855  44.969  11.724  15.873 0.0000000000
92294  43.227  11.116  15.715 0.0000000000
91690  42.407  10.780  15.655 0.0000000000
92298  43.314  10.648  15.510 0.0000000000
91694  42.756  10.446  15.267 0.0000000000
90982  41.807  9.962  14.352 0.0000000000
88120  43.083  5.889  26.075 0.0000000000
88821  42.559  6.158  25.353 0.0000000000
88831  41.942  6.283  24.789 0.0000000000
88832  41.280  6.217  24.237 0.0000000000
86783  46.782  4.063  16.997 0.0000000000
87443  46.219  4.662  16.960 0.0000000000
86784  46.153  4.478  16.723 0.0000000000
86045  46.237  3.858  16.729 0.0000000000
86046  45.650  3.593  16.624 0.0000000000
86047  44.909  3.735  16.413 0.0000000000
85219  45.506  2.091  17.587 0.0000000000
83379  45.848  -0.783  18.030 0.0000000000
131362  46.151  -1.064  18.119 0.0000000000
86648  38.350  3.454  39.460 0.0000000000
86657  37.993  4.149  38.347 0.0000000000
91608  44.883  10.474  21.988 0.0000000000
116956  46.190  10.500  22.210 0.0000000000
91624  47.202  10.818  21.504 0.0000000000
131520  48.224  10.634  21.535 0.0000000000
85125  43.188  1.156  23.060 0.0000000000
84246  44.027  0.772  22.856 0.0000000000
112846  44.372  0.974  22.291 0.0000000000
85137  45.039  0.894  21.848 0.0000000000
85171  48.655  1.359  20.373 0.0000000000
85170  49.482  1.700  19.956 0.0000000000
85188  49.600  2.280  19.202 0.0000000000
118887  49.143  2.601  18.604 0.0000000000
86021  48.277  3.018  18.348 0.0000000000
86019  49.837  2.742  18.004 0.0000000000
86030  50.267  2.342  17.742 0.0000000000
90159  47.965  8.801  33.526 0.0000000000
89468  43.582  7.752  33.539 0.0000000000
89482  43.870  7.499  32.686 0.0000000000
88770  43.730  6.797  31.202 0.0000000000
88778  44.295  6.436  30.438 0.0000000000
88788  43.922  6.011  29.644 0.0000000000
87372  42.222  4.877  28.610 0.0000000000
88053  37.808  5.738  35.162 0.0000000000
88754  38.208  6.232  34.525 0.0000000000
88062  38.142  5.952  33.571 0.0000000000
124347  37.995  5.488  32.914 0.0000000000
88065  38.255  5.388  32.236 0.0000000000
84159  40.006  0.593  29.347 0.0000000000
85074  39.650  1.442  29.477 0.0000000000
121208  40.303  1.125  28.962 0.0000000000
85080  40.304  1.833  28.861 0.0000000000
85916  40.384  2.758  28.743 0.0000000000
111887  40.669  2.869  28.143 0.0000000000
85927  40.550  2.092  28.099 0.0000000000
84198  40.798  0.855  25.931 0.0000000000
128571  41.440  0.369  25.755 0.0000000000
84184  41.867  -0.192  26.014 0.0000000000
83306  42.685  -0.500  25.666 0.0000000000
82438  45.530  -1.714  26.471 0.0000000000
82436  47.486  -1.305  26.427 0.0000000000
93362  43.857  14.713  17.986 0.0000000000
93358  42.594  13.788  18.515 0.0000000000
132529  42.202  14.250  18.705 0.0000000000
92831  41.464  12.319  19.663 0.0000000000
92259  40.926  11.600  20.014 0.0000000000
91652  39.470  10.512  19.984 0.0000000000
92271  40.078  10.828  19.638 0.0000000000
91665  38.928  9.865  18.489 0.0000000000
90985  38.517  8.972  14.925 0.0000000000
90986  38.000  9.195  16.133 0.0000000000
117464  37.698  8.207  15.766 0.0000000000
89598  37.630  7.516  16.071 0.0000000000
121274  37.835  5.963  17.418 0.0000000000
88169  38.237  5.158  17.175 0.0000000000
87458  38.592  4.345  17.168 0.0000000000
90177  48.110  8.711  30.288 0.0000000000
90181  47.251  8.560  29.423 0.0000000000
90180  48.497  8.049  29.422 0.0000000000
90204  48.149  8.051  27.626 0.0000000000
90214  48.460  8.015  26.722 0.0000000000
115459  45.401  7.288  23.286 0.0000000000
89546  46.216  7.081  23.851 0.0000000000
129260  46.345  7.373  23.278 0.0000000000
89556  45.836  7.570  22.699 0.0000000000
90252  46.468  7.966  22.023 0.0000000000
90261  47.567  8.450  21.537 0.0000000000
128416  46.460  8.385  21.262 0.0000000000
90934  45.014  8.868  20.289 0.0000000000
90935  44.150  9.122  20.029 0.0000000000
86752  41.907  3.127  21.165 0.0000000000
86753  40.884  3.593  21.308 0.0000000000
86761  40.693  4.188  20.621 0.0000000000
87429  40.917  4.420  19.828 0.0000000000
122630  42.683  4.593  17.283 0.0000000000
88166  41.204  5.231  17.565 0.0000000000
88876  39.569  6.974  18.546 0.0000000000
89587  39.820  7.756  18.635 0.0000000000
125258  39.616  7.286  17.817 0.0000000000
88883  39.627  6.895  16.902 0.0000000000
89592  39.692  7.600  17.096 0.0000000000
89597  39.700  7.456  16.129 0.0000000000
88890  39.686  6.782  15.638 0.0000000000
88187  40.293  5.090  13.198 0.0000000000
86049  42.658  2.690  16.140 0.0000000000
86057  41.686  2.354  14.533 0.0000000000
129236  41.672  2.355  16.736 0.0000000000
86040  40.613  2.028  16.450 0.0000000000
85226  39.896  1.880  16.550 0.0000000000
85220  40.033  1.844  17.554 0.0000000000
90880  44.842  9.215  25.281 0.0000000000
91632  34.579  10.011  20.740 0.0000000000
89584  35.605  8.427  19.641 0.0000000000
90149  44.844  8.318  35.426 0.0000000000
90155  44.082  8.147  34.969 0.0000000000
89438  43.050  7.856  36.156 0.0000000000
89449  43.200  7.973  35.287 0.0000000000
89457  43.349  7.924  34.407 0.0000000000
89469  42.679  7.685  33.833 0.0000000000
129137  42.094  7.478  33.208 0.0000000000
89484  41.610  7.185  32.477 0.0000000000
86696  37.547  3.183  31.664 0.0000000000
85063  37.683  1.693  31.421 0.0000000000
84155  38.540  0.768  30.460 0.0000000000
84160  39.280  0.690  29.905 0.0000000000
83250  39.577  -0.171  29.777 0.0000000000
126935  40.166  -0.094  29.143 0.0000000000
83258  40.922  -1.142  28.111 0.0000000000
83268  41.969  -1.284  26.993 0.0000000000
92269  44.504  12.887  18.614 0.0000000000
92838  44.979  12.809  17.116 0.0000000000
92839  44.284  13.574  17.657 0.0000000000
92279  42.846  12.390  17.598 0.0000000000
91679  41.037  10.883  17.600 0.0000000000
90974  39.614  10.059  15.546 0.0000000000
122007  41.534  10.520  15.432 0.0000000000
121611  40.609  10.359  15.188 0.0000000000
90984  39.463  9.578  14.551 0.0000000000
89610  38.358  7.635  14.337 0.0000000000
88906  38.340  7.042  14.435 0.0000000000
88083  47.035  5.947  27.870 0.0000000000
120796  48.340  6.536  27.779 0.0000000000
124735  46.574  6.082  26.601 0.0000000000
88819  46.615  6.380  25.759 0.0000000000
112697  45.567  6.413  25.274 0.0000000000
88829  44.604  6.564  24.681 0.0000000000
88838  45.061  6.888  23.889 0.0000000000
89547  44.425  7.217  23.290 0.0000000000
89558  43.924  7.509  22.653 0.0000000000
120169  44.029  3.635  19.374 0.0000000000
86778  44.485  4.325  18.433 0.0000000000
87436  43.730  4.444  18.160 0.0000000000
87446  44.453  4.627  17.461 0.0000000000
87447  43.557  4.594  17.402 0.0000000000
133344  43.425  4.576  16.639 0.0000000000
87456  42.778  4.538  16.289 0.0000000000
87468  42.058  4.699  15.780 0.0000000000
110997  42.068  4.374  14.584 0.0000000000
86794  42.744  3.414  14.771 0.0000000000
86055  42.889  3.166  15.184 0.0000000000
86048  43.761  3.426  16.141 0.0000000000
85191  43.556  1.112  19.225 0.0000000000
83371  44.017  -1.078  19.245 0.0000000000
83370  44.619  -0.500  18.815 0.0000000000
82508  44.633  -1.585  18.721 0.0000000000
82509  43.944  -2.038  19.050 0.0000000000
88021  39.800  5.617  39.105 0.0000000000
88715  39.649  6.083  38.158 0.0000000000
126300  38.798  5.767  37.572 0.0000000000
88032  38.337  5.783  36.705 0.0000000000
87327  37.861  4.579  37.579 0.0000000000
88043  37.795  5.307  36.393 0.0000000000
130449  37.671  5.367  35.727 0.0000000000
114752  37.495  4.895  35.109 0.0000000000
87354  37.520  4.519  34.133 0.0000000000
91641  44.176  11.428  20.317 0.0000000000
92257  45.153  11.654  19.491 0.0000000000
92256  46.432  11.497  19.723 0.0000000000
92276  47.950  11.795  16.919 0.0000000000
91674  47.705  11.043  15.934 0.0000000000
91675  46.897  10.766  15.917 0.0000000000
86735  40.026  3.581  24.489 0.0000000000
87410  40.013  4.448  24.344 0.0000000000
86739  40.248  3.230  23.552 0.0000000000
85972  40.605  3.071  22.704 0.0000000000
113259  43.020  1.661  22.377 0.0000000000
112902  42.267  2.075  22.429 0.0000000000
85981  42.035  2.583  21.869 0.0000000000
85980  42.600  2.621  21.353 0.0000000000
112965  43.713  2.609  20.694 0.0000000000
85993  44.363  2.707  20.336 0.0000000000
84242  47.374  0.190  21.876 0.0000000000
84259  46.538  0.583  21.440 0.0000000000
85157  45.822  1.215  21.138 0.0000000000
84268  47.919  1.108  20.560 0.0000000000
85156  46.654  1.153  20.843 0.0000000000
85174  45.541  1.891  20.683 0.0000000000
86007  45.170  3.026  19.764 0.0000000000
86768  45.853  3.835  18.837 0.0000000000
121703  47.271  3.872  17.740 0.0000000000
86775  47.842  3.414  17.850 0.0000000000
86782  47.671  3.271  17.290 0.0000000000
86033  47.773  2.270  17.231 0.0000000000
85216  47.794  1.191  17.348 0.0000000000
84287  47.682  0.337  17.750 0.0000000000
90841  47.164  9.554  30.914 0.0000000000
90176  49.004  8.284  30.870 0.0000000000
89498  49.105  7.716  30.416 0.0000000000
88775  48.705  6.931  30.080 0.0000000000
90153  46.467  8.565  34.603 0.0000000000
90160  46.779  8.360  33.829 0.0000000000
89465  47.214  8.011  33.083 0.0000000000
89481  44.946  7.508  32.509 0.0000000000
89480  46.238  7.548  32.379 0.0000000000
89479  47.728  7.686  32.277 0.0000000000
88776  47.834  6.915  30.817 0.0000000000
118634  47.402  6.577  30.186 0.0000000000
88786  47.643  6.421  29.495 0.0000000000
88084  46.301  5.735  28.527 0.0000000000
88096  45.851  5.570  27.854 0.0000000000
88097  44.765  5.357  27.730 0.0000000000
88079  44.571  5.538  29.068 0.0000000000
88098  43.831  5.269  27.796 0.0000000000
88109  43.612  5.509  26.953 0.0000000000
88110  42.486  5.432  26.731 0.0000000000
87395  41.471  5.145  26.382 0.0000000000
87403  40.717  4.703  25.813 0.0000000000
88738  39.902  6.871  36.898 0.0000000000
89441  39.939  7.126  36.142 0.0000000000
89452  40.476  7.375  35.478 0.0000000000
88753  38.908  6.822  34.881 0.0000000000
89461  39.565  7.147  34.402 0.0000000000
89471  40.427  7.257  33.454 0.0000000000
88764  40.998  6.859  32.088 0.0000000000
128866  37.817  3.918  31.383 0.0000000000
87365  38.308  4.517  31.039 0.0000000000
88069  38.569  5.232  31.447 0.0000000000
86703  38.933  2.956  29.698 0.0000000000
87369  38.680  4.253  30.360 0.0000000000
88068  39.290  5.695  31.088 0.0000000000
88782  40.112  5.996  30.804 0.0000000000
132805  40.822  6.108  30.552 0.0000000000
88781  41.528  6.342  30.657 0.0000000000
88072  41.296  5.799  29.992 0.0000000000
87373  41.521  4.530  28.907 0.0000000000
87377  41.592  4.257  28.386 0.0000000000
86716  41.034  3.559  28.090 0.0000000000
87387  41.450  4.170  27.772 0.0000000000
87397  40.379  4.038  26.044 0.0000000000
133026  40.081  3.540  25.143 0.0000000000
113181  40.147  2.957  25.027 0.0000000000
84213  41.915  1.096  24.267 0.0000000000
84214  41.458  0.810  25.125 0.0000000000
84228  42.815  0.792  23.871 0.0000000000
84227  43.695  0.581  23.591 0.0000000000
83336  45.644  -0.446  23.607 0.0000000000
83285  43.133  -1.236  26.021 0.0000000000
83305  43.490  -0.787  25.369 0.0000000000
82455  44.892  -1.424  25.785 0.0000000000
83304  44.305  -1.005  25.150 0.0000000000
83320  45.408  -0.691  24.325 0.0000000000
83319  46.214  -0.689  24.271 0.0000000000
88010  40.531  5.686  39.796 0.0000000000
88011  39.935  5.041  40.047 0.0000000000
87305  38.955  4.063  39.968 0.0000000000
132580  39.324  2.773  41.428 0.0000000000
115577  38.949  3.045  40.664 0.0000000000
86649  37.950  2.595  39.497 0.0000000000
118965  37.540  0.841  40.646 0.0000000000
112575  37.479  1.307  39.654 0.0000000000
93897  40.887  14.484  20.026 0.0000000000
93351  41.561  14.262  19.306 0.0000000000
93352  40.999  13.586  20.103 0.0000000000
93347  40.367  13.882  20.683 0.0000000000
91628  39.283  10.743  21.730 0.0000000000
125959  38.672  10.174  21.107 0.0000000000
113986  36.912  9.789  20.338 0.0000000000
91653  38.677  9.927  19.686 0.0000000000
132382  37.256  9.711  19.848 0.0000000000
91655  36.569  9.648  19.529 0.0000000000
90295  35.943  9.186  18.872 0.0000000000
129656  36.408  7.802  19.159 0.0000000000
91681  38.497  9.725  17.636 0.0000000000
91682  37.735  9.485  17.564 0.0000000000
90968  37.462  9.223  17.095 0.0000000000
90967  37.135  9.325  17.919 0.0000000000
89588  36.540  8.255  18.337 0.0000000000
130881  37.193  7.102  19.159 0.0000000000
88870  37.471  6.363  19.488 0.0000000000
88162  37.873  5.285  18.096 0.0000000000
90190  46.525  8.537  28.740 0.0000000000
130423  45.010  8.964  26.222 0.0000000000
90879  46.243  9.226  24.996 0.0000000000
90892  46.647  9.589  24.387 0.0000000000
88802  48.878  6.872  27.040 0.0000000000
89520  48.875  7.542  26.460 0.0000000000
89526  48.663  7.915  25.732 0.0000000000
90236  48.399  8.329  24.800 0.0000000000
90225  48.312  8.291  25.605 0.0000000000
90237  48.186  8.843  24.809 0.0000000000
90891  47.883  9.392  24.317 0.0000000000
90905  47.348  9.843  23.801 0.0000000000
90917  48.194  9.958  23.023 0.0000000000
91606  48.563  10.207  21.988 0.0000000000
90940  49.042  10.156  20.125 0.0000000000
90931  48.666  9.564  20.260 0.0000000000
90941  48.728  10.032  19.302 0.0000000000
90953  48.146  10.403  17.550 0.0000000000
90963  44.827  10.063  16.823 0.0000000000
124635  40.100  5.096  24.106 0.0000000000
88833  40.655  6.104  23.789 0.0000000000
122764  39.880  4.525  22.445 0.0000000000
88139  39.820  5.534  22.653 0.0000000000
88842  40.299  6.300  23.189 0.0000000000
88848  40.812  6.993  22.863 0.0000000000
89560  41.656  7.475  22.536 0.0000000000
89569  41.263  7.861  21.653 0.0000000000
86771  42.423  3.817  19.383 0.0000000000
87430  40.343  4.952  20.174 0.0000000000
87449  40.985  4.968  18.513 0.0000000000
88156  40.142  5.654  19.679 0.0000000000
128368  39.798  7.228  20.891 0.0000000000
90266  41.932  8.334  21.088 0.0000000000
90276  42.489  8.846  20.438 0.0000000000
90284  43.226  9.246  19.848 0.0000000000
90947  42.172  9.255  18.741 0.0000000000
90946  43.046  9.459  18.941 0.0000000000
90956  43.897  9.692  18.004 0.0000000000
90964  43.678  9.868  16.824 0.0000000000
90972  42.693  9.841  15.528 0.0000000000
90973  42.017  9.666  15.119 0.0000000000
90313  41.339  9.393  14.594 0.0000000000
90308  39.957  8.110  15.286 0.0000000000
90315  39.795  8.144  14.188 0.0000000000
90321  40.270  8.939  13.572 0.0000000000
89613  39.063  7.780  13.740 0.0000000000
88905  38.847  6.428  14.100 0.0000000000
88182  38.938  5.608  14.341 0.0000000000
87475  41.206  4.676  13.643 0.0000000000
87483  41.381  4.131  13.251 0.0000000000
87484  40.717  4.539  13.064 0.0000000000
86065  41.301  2.650  14.081 0.0000000000
86800  40.361  4.216  13.294 0.0000000000
87485  39.694  4.798  13.397 0.0000000000
87476  39.636  4.107  13.884 0.0000000000
126698  39.304  4.271  14.788 0.0000000000
87477  38.939  5.028  14.987 0.0000000000
87469  38.877  4.488  15.984 0.0000000000
119828  39.093  3.852  16.631 0.0000000000
85221  39.578  1.971  17.373 0.0000000000
85222  39.271  2.084  17.915 0.0000000000
83377  47.236  -0.283  18.180 0.0000000000
82513  46.716  -0.852  18.362 0.0000000000
83259  40.458  -0.553  28.615 0.0000000000
83302  46.038  -0.950  24.981 0.0000000000
84149  37.966  0.911  31.111 0.0000000000
84243  46.389  0.002  22.210 0.0000000000
84973  37.948  0.928  42.004 0.0000000000
85139  42.489  1.621  22.882 0.0000000000
85172  47.288  1.479  20.437 0.0000000000
85187  50.392  2.190  19.453 0.0000000000
85212  51.013  2.267  17.919 0.0000000000
85231  40.221  2.039  15.715 0.0000000000
85844  37.905  0.910  41.341 0.0000000000
85979  43.323  2.370  21.248 0.0000000000
86010  40.781  2.151  18.581 0.0000000000
86032  48.765  2.378  17.427 0.0000000000
86050  41.626  2.286  15.662 0.0000000000
86063  42.317  3.231  13.936 0.0000000000
86700  37.876  3.265  30.892 0.0000000000
86707  40.739  3.362  28.517 0.0000000000
86785  39.033  3.475  17.472 0.0000000000
86787  45.639  4.290  16.443 0.0000000000
86804  41.121  3.990  13.132 0.0000000000
87439  40.671  4.894  19.347 0.0000000000
87482  41.952  3.895  13.755 0.0000000000
87486  39.295  4.866  14.048 0.0000000000
87489  40.143  4.834  13.071 0.0000000000
88042  38.006  5.874  35.964 0.0000000000
88057  37.702  5.440  34.293 0.0000000000
88073  40.526  5.555  30.165 0.0000000000
88074  39.721  5.312  30.402 0.0000000000
88075  38.931  4.988  30.668 0.0000000000
88086  44.187  5.299  28.444 0.0000000000
88129  40.586  5.644  24.250 0.0000000000
88181  39.725  5.708  13.792 0.0000000000
88725  40.334  6.727  37.652 0.0000000000
88740  38.618  6.321  36.234 0.0000000000
88760  38.809  6.711  33.904 0.0000000000
88772  41.533  6.807  31.695 0.0000000000
88780  42.415  6.387  30.493 0.0000000000
88791  48.947  6.822  28.347 0.0000000000
88792  47.710  6.301  28.601 0.0000000000
88810  48.526  7.357  25.755 0.0000000000
88841  42.129  6.630  24.102 0.0000000000
88855  39.685  6.666  20.826 0.0000000000
88856  39.689  7.211  20.230 0.0000000000
88875  39.800  6.469  17.769 0.0000000000
89451  41.201  7.502  35.693 0.0000000000
89460  40.298  7.362  34.697 0.0000000000
89478  48.891  8.058  32.048 0.0000000000
89485  40.741  7.111  32.729 0.0000000000
89486  39.915  6.960  32.895 0.0000000000
89503  49.244  7.344  28.439 0.0000000000
89535  48.451  7.849  24.305 0.0000000000
89555  47.116  7.644  22.890 0.0000000000
89568  42.401  7.951  21.854 0.0000000000
89589  35.899  8.706  18.876 0.0000000000
89609  38.700  7.343  13.971 0.0000000000
90174  48.964  8.466  31.675 0.0000000000
90213  48.929  7.688  26.838 0.0000000000
90224  48.673  7.893  26.245 0.0000000000
90226  47.392  8.922  25.363 0.0000000000
90251  48.898  8.764  22.810 0.0000000000
90259  48.998  9.228  22.192 0.0000000000
90260  48.677  8.785  21.964 0.0000000000
90265  42.968  8.440  21.224 0.0000000000
90270  49.012  9.337  21.627 0.0000000000
90273  45.822  8.611  20.736 0.0000000000
90278  40.694  8.232  20.001 0.0000000000
90285  42.368  9.167  19.634 0.0000000000
90300  39.923  8.098  16.566 0.0000000000
90301  37.395  8.277  16.689 0.0000000000
90302  36.904  9.039  17.731 0.0000000000
90314  40.618  8.858  14.176 0.0000000000
90322  39.527  8.320  13.776 0.0000000000
90328  39.340  8.416  13.780 0.0000000000
90329  39.360  8.880  13.803 0.0000000000
90832  48.733  9.123  31.923 0.0000000000
90849  45.567  9.240  29.868 0.0000000000
90904  48.327  9.513  23.769 0.0000000000
90916  48.860  9.692  22.469 0.0000000000
90926  48.993  9.568  21.692 0.0000000000
90932  47.737  9.410  19.612 0.0000000000
90944  45.120  9.307  19.415 0.0000000000
90952  48.553  10.489  18.420 0.0000000000
90958  42.092  9.235  17.642 0.0000000000
90962  46.235  10.227  16.700 0.0000000000
90971  43.409  10.026  15.910 0.0000000000
90981  42.418  10.088  14.946 0.0000000000
90990  40.321  9.302  13.552 0.0000000000
90991  39.806  9.232  13.680 0.0000000000
91621  48.963  9.929  21.563 0.0000000000
91622  48.809  10.374  21.140 0.0000000000
91625  45.767  10.770  21.346 0.0000000000
91637  49.070  10.150  20.806 0.0000000000
91638  48.880  10.405  20.246 0.0000000000
91644  37.972  9.808  20.267 0.0000000000
91662  47.524  10.514  16.609 0.0000000000
91673  48.307  11.221  16.743 0.0000000000
92265  48.544  11.196  18.423 0.0000000000
92266  47.870  11.832  17.955 0.0000000000
92284  47.818  11.553  16.132 0.0000000000
92291  46.461  11.582  15.382 0.0000000000
92836  47.158  12.161  16.265 0.0000000000
92854  45.853  11.884  15.655 0.0000000000
94447  43.702  15.795  17.462 0.0000000000
119012  37.947  8.718  15.617 0.0000000000
120875  40.157  7.303  34.056 0.0000000000
122646  38.649  5.669  15.172 0.0000000000
123045  38.095  1.646  30.553 0.0000000000
124054  41.416  3.620  20.664 0.0000000000
124243  47.591  6.280  27.126 0.0000000000
125978  38.178  3.901  30.763 0.0000000000
126299  46.676  5.964  29.124 0.0000000000
126958  41.956  8.897  20.022 0.0000000000
126975  36.871  9.431  18.459 0.0000000000
127467  44.248  8.720  20.632 0.0000000000
128001  40.809  10.115  14.036 0.0000000000
129630  44.201  5.422  27.372 0.0000000000
130483  49.141  7.514  27.112 0.0000000000
131016  44.399  -2.105  18.834 0.0000000000
132139  41.501  7.121  23.101 0.0000000000
132224  42.407  7.306  32.494 0.0000000000
132403  46.994  9.410  19.245 0.0000000000
133049  41.469  6.585  31.219 0.0000000000
133515  42.826  5.261  28.949 0.0000000000
