#!ascii label  , from subject sub-v1s13x0050015_ses-1 vox2ras=TkReg
1069
66691  17.295  -19.131  -14.215 0.2500000000
66704  18.076  -18.128  -15.008 0.2500000000
66703  18.167  -19.090  -14.761 0.7500000000
69780  14.599  -16.222  -13.394 0.2500000000
68793  15.746  -17.046  -13.758 0.1250000000
69797  15.814  -16.186  -14.451 0.3750000000
68792  16.331  -16.903  -14.334 0.2500000000
112789  16.571  -18.941  -13.829 0.2500000000
67729  17.068  -17.930  -14.360 0.3750000000
116666  18.791  -18.790  -15.405 0.8750000000
66702  19.518  -18.606  -15.901 0.8750000000
68791  16.930  -16.933  -14.734 0.3750000000
67741  17.609  -17.211  -15.002 0.7500000000
67752  19.725  -17.268  -16.608 1.0000000000
67753  19.047  -16.957  -16.222 1.0000000000
67740  18.326  -17.077  -15.628 0.8750000000
66714  19.939  -18.086  -16.468 1.0000000000
67739  19.085  -17.832  -15.893 0.8750000000
66726  21.016  -17.720  -17.234 1.0000000000
69799  14.599  -15.625  -13.874 0.2500000000
68803  16.567  -16.161  -14.998 0.7500000000
68815  17.662  -15.751  -16.202 0.8750000000
127079  17.444  -16.369  -15.574 0.8750000000
68825  20.244  -16.762  -17.288 1.0000000000
68813  19.446  -16.479  -16.771 1.0000000000
68814  18.469  -16.248  -16.316 1.0000000000
68823  21.543  -16.581  -17.900 1.0000000000
68824  20.861  -16.674  -17.729 1.0000000000
67767  21.293  -17.172  -17.576 1.0000000000
67751  20.410  -17.538  -17.003 1.0000000000
69781  14.252  -15.619  -13.313 0.1250000000
69811  15.980  -15.484  -15.087 0.6250000000
128206  16.805  -15.560  -15.842 1.0000000000
114156  21.486  -15.509  -18.491 1.0000000000
69836  20.477  -16.071  -17.791 1.0000000000
69837  19.814  -15.985  -17.385 1.0000000000
69823  19.113  -15.722  -16.946 1.0000000000
127946  21.726  -16.068  -18.254 1.0000000000
69849  24.570  -15.961  -18.835 1.0000000000
68840  22.443  -16.426  -18.130 1.0000000000
73518  13.745  -11.384  -13.890 0.2500000000
70779  14.264  -14.992  -13.791 0.2500000000
122209  14.665  -15.061  -14.369 0.3750000000
70798  16.249  -14.831  -15.595 1.0000000000
70778  15.268  -14.626  -15.068 0.6250000000
69824  17.502  -15.059  -16.344 1.0000000000
70824  19.551  -14.714  -17.831 1.0000000000
69870  21.950  -14.944  -18.915 1.0000000000
69852  20.733  -15.354  -18.273 1.0000000000
70838  20.633  -14.501  -18.569 1.0000000000
70849  22.365  -14.434  -19.412 1.0000000000
69868  23.867  -15.238  -19.060 1.0000000000
70858  23.621  -13.834  -20.015 1.0000000000
70847  24.408  -14.677  -19.636 1.0000000000
73536  14.674  -12.529  -14.609 0.5000000000
72607  14.479  -12.972  -14.546 0.3750000000
71701  14.832  -13.527  -14.937 0.5000000000
72627  15.698  -12.985  -15.329 0.5000000000
71732  16.965  -13.645  -16.148 0.8750000000
70812  16.570  -14.213  -15.964 1.0000000000
72637  18.117  -12.589  -16.965 1.0000000000
71740  19.400  -13.943  -18.095 1.0000000000
71730  18.450  -13.408  -17.182 1.0000000000
71758  21.532  -13.293  -19.861 1.0000000000
71749  20.511  -13.660  -18.863 1.0000000000
71778  24.073  -12.649  -21.609 1.0000000000
70859  22.706  -13.895  -19.884 1.0000000000
70857  24.574  -13.821  -20.297 0.8750000000
73535  15.620  -12.050  -14.815 0.5000000000
72606  15.147  -12.615  -14.915 0.5000000000
72605  16.115  -12.174  -15.076 0.6250000000
72625  17.187  -11.975  -16.163 0.6250000000
72638  17.563  -12.537  -16.500 1.0000000000
71721  17.022  -12.914  -16.131 0.7500000000
72647  18.620  -12.620  -17.687 1.0000000000
73613  22.119  -11.563  -21.410 1.0000000000
115254  20.966  -11.907  -20.729 1.0000000000
72659  20.891  -12.440  -20.018 1.0000000000
72660  20.393  -12.761  -19.343 1.0000000000
72671  22.618  -12.232  -21.239 1.0000000000
72664  22.399  -12.687  -20.680 1.0000000000
71759  21.011  -13.382  -19.404 1.0000000000
72670  23.794  -12.215  -22.096 0.8750000000
71779  23.233  -12.726  -21.082 1.0000000000
71777  24.996  -12.739  -21.907 0.8750000000
73553  16.747  -11.569  -15.568 0.5000000000
73571  17.490  -11.256  -16.609 0.8750000000
73600  19.062  -10.811  -19.116 1.0000000000
73582  18.294  -11.789  -17.507 1.0000000000
73614  21.197  -11.402  -21.267 1.0000000000
74573  20.225  -10.836  -20.625 1.0000000000
72654  19.785  -12.183  -19.113 1.0000000000
117545  21.386  -10.258  -21.807 1.0000000000
73621  23.558  -11.573  -22.209 1.0000000000
73612  22.979  -11.902  -21.769 1.0000000000
113806  21.997  -10.392  -21.817 1.0000000000
74591  23.471  -10.760  -22.188 1.0000000000
73534  16.458  -11.406  -15.095 0.5000000000
73552  17.131  -11.193  -16.097 0.8750000000
73583  17.668  -10.712  -17.145 1.0000000000
75522  18.864  -9.173  -20.714 1.0000000000
74566  18.847  -10.035  -19.529 1.0000000000
74557  18.373  -10.370  -18.586 1.0000000000
129169  21.180  -8.066  -21.283 1.0000000000
76446  20.218  -9.233  -21.658 1.0000000000
77441  22.275  -8.109  -21.393 1.0000000000
76445  21.207  -8.998  -21.534 1.0000000000
75535  20.901  -9.778  -21.752 1.0000000000
76443  22.954  -9.423  -21.775 1.0000000000
75534  21.864  -9.724  -21.793 1.0000000000
75549  23.671  -9.957  -22.055 0.8750000000
78417  16.644  -6.422  -20.059 1.0000000000
77399  16.609  -7.449  -17.892 0.3750000000
77419  17.059  -7.189  -19.800 0.8750000000
76434  18.106  -8.044  -20.518 1.0000000000
131142  20.527  -7.904  -21.520 1.0000000000
77443  19.337  -8.103  -21.686 1.0000000000
79353  16.029  -4.840  -20.323 0.8750000000
128360  16.327  -5.025  -20.742 1.0000000000
130938  16.775  -5.650  -20.797 1.0000000000
78428  17.038  -6.370  -20.663 1.0000000000
112688  17.271  -5.975  -21.031 1.0000000000
76449  18.264  -7.735  -21.017 1.0000000000
78424  20.197  -6.773  -21.613 1.0000000000
78425  19.343  -7.231  -21.667 1.0000000000
78423  21.050  -6.390  -21.545 1.0000000000
80272  15.750  -4.009  -20.281 0.7500000000
80282  17.242  -4.567  -21.367 1.0000000000
130258  18.015  -4.622  -21.558 1.0000000000
126384  20.009  -4.210  -21.668 1.0000000000
80280  19.266  -5.099  -21.544 1.0000000000
128170  19.496  -6.147  -21.591 1.0000000000
111032  16.743  -3.701  -21.373 1.0000000000
118631  17.837  -3.819  -21.713 1.0000000000
81143  18.888  -4.118  -21.679 1.0000000000
85513  15.110  1.764  -20.779 0.1250000000
85512  16.051  1.805  -20.338 0.1250000000
86342  14.356  2.951  -22.871 0.2500000000
85514  14.920  2.362  -20.852 0.1250000000
86355  14.157  2.936  -23.683 0.3750000000
86322  14.780  3.098  -21.008 0.2500000000
86343  13.358  3.781  -24.199 0.5000000000
87092  13.881  3.737  -23.734 0.2500000000
132074  13.219  4.329  -24.619 0.3750000000
86310  15.405  2.391  -20.740 0.2500000000
87060  14.302  4.331  -22.199 0.2500000000
87047  14.549  4.017  -21.502 0.2500000000
87755  14.785  4.470  -21.729 0.2500000000
87782  13.812  5.072  -23.456 0.2500000000
88499  14.181  5.794  -23.478 0.2500000000
88506  13.605  5.410  -24.075 0.3750000000
87771  14.393  5.171  -22.775 0.2500000000
88514  13.613  5.390  -24.941 0.3750000000
88498  14.716  6.267  -23.854 0.2500000000
65713  16.522  -19.684  -13.701 0.1250000000
67730  16.327  -17.966  -13.855 0.2500000000
67717  15.460  -17.461  -13.228 0.1250000000
122240  23.398  -16.614  -18.181 1.0000000000
130605  17.861  -11.308  -17.150 0.8750000000
75536  20.312  -9.817  -21.465 1.0000000000
65699  16.644  -19.960  -13.794 0.1250000000
65721  18.576  -19.507  -15.010 0.6250000000
112254  20.160  -19.662  -15.602 0.7500000000
121814  15.110  -16.745  -13.418 0.1250000000
65728  21.202  -19.140  -16.485 1.0000000000
66692  16.264  -19.095  -13.508 0.1250000000
66712  21.437  -18.454  -16.922 1.0000000000
112992  22.658  -17.732  -17.517 1.0000000000
68839  24.290  -16.560  -18.444 1.0000000000
72585  12.979  -12.528  -13.096 0.2500000000
71679  13.921  -13.697  -13.842 0.2500000000
69881  25.297  -14.559  -20.067 0.8750000000
72669  24.573  -12.289  -22.304 0.8750000000
71766  24.761  -13.152  -21.060 0.8750000000
73625  25.111  -11.378  -23.063 0.8750000000
114207  16.322  -7.702  -17.059 0.1250000000
76393  16.458  -8.175  -16.664 0.1250000000
131610  16.736  -11.012  -15.407 0.3750000000
116024  17.472  -10.098  -17.155 0.6250000000
76444  22.429  -8.871  -21.548 1.0000000000
118377  24.184  -10.488  -22.510 0.8750000000
78397  16.646  -6.755  -18.635 0.5000000000
78409  16.297  -5.487  -19.911 0.8750000000
76405  16.705  -8.209  -17.512 0.3750000000
76404  17.233  -8.752  -18.037 0.8750000000
129680  20.993  -7.226  -21.335 1.0000000000
78438  21.875  -6.461  -21.846 1.0000000000
79368  21.540  -5.647  -22.139 1.0000000000
80283  16.327  -4.467  -21.081 1.0000000000
80279  20.188  -5.174  -21.691 1.0000000000
127468  15.914  -2.292  -21.423 0.8750000000
82857  17.591  -2.074  -22.686 1.0000000000
81154  18.741  -2.896  -22.053 1.0000000000
85501  17.291  1.061  -18.534 0.1250000000
84634  16.323  0.241  -20.097 0.1250000000
84678  14.539  1.046  -23.907 0.6250000000
86370  12.885  2.869  -25.283 0.5000000000
87115  12.840  3.593  -25.857 0.5000000000
86309  16.387  2.614  -20.344 0.2500000000
86321  15.769  3.124  -20.897 0.2500000000
123418  13.187  4.526  -25.543 0.5000000000
87817  13.485  4.471  -26.728 0.5000000000
86320  16.809  3.294  -20.593 0.1250000000
87770  14.891  5.212  -22.437 0.2500000000
87791  16.080  4.998  -24.016 0.2500000000
87804  14.785  5.664  -25.911 0.3750000000
87045  16.423  3.817  -21.361 0.1250000000
128193  16.880  -19.728  -14.042 0.1250000000
66693  15.962  -18.085  -13.427 0.1250000000
65720  19.394  -19.395  -15.456 0.7500000000
131569  20.314  -18.926  -16.204 1.0000000000
66713  20.660  -18.225  -16.771 1.0000000000
66725  21.797  -17.751  -17.349 1.0000000000
67766  22.105  -17.091  -17.665 1.0000000000
120425  18.334  -15.363  -16.612 1.0000000000
69869  22.807  -15.113  -18.991 1.0000000000
69853  20.057  -15.403  -17.823 1.0000000000
115922  19.505  -15.363  -17.447 1.0000000000
69850  23.364  -15.919  -18.570 1.0000000000
117807  14.025  -14.268  -13.757 0.3750000000
119102  14.458  -14.336  -14.375 0.5000000000
124893  15.969  -14.187  -15.569 0.8750000000
70810  18.222  -14.364  -16.736 1.0000000000
70825  18.889  -14.162  -17.526 1.0000000000
70848  23.251  -14.535  -19.495 1.0000000000
70837  21.263  -14.769  -18.748 1.0000000000
70850  21.607  -14.126  -19.310 1.0000000000
115747  22.036  -13.877  -19.792 1.0000000000
71723  15.570  -13.758  -15.367 0.6250000000
72626  16.510  -12.519  -15.656 0.6250000000
71731  17.707  -13.372  -16.523 1.0000000000
71750  19.734  -13.228  -18.618 1.0000000000
71741  18.992  -13.347  -17.981 1.0000000000
71768  22.984  -13.283  -20.442 1.0000000000
71776  25.650  -13.451  -21.297 0.8750000000
73590  19.227  -11.635  -18.779 1.0000000000
74581  22.603  -11.030  -21.866 1.0000000000
72665  21.596  -12.599  -20.381 1.0000000000
73598  20.302  -11.826  -19.791 1.0000000000
72666  20.517  -11.520  -20.409 1.0000000000
72679  24.398  -11.875  -22.549 0.8750000000
74574  19.759  -10.303  -20.495 1.0000000000
73591  18.613  -11.246  -18.341 1.0000000000
73599  19.693  -11.299  -19.482 1.0000000000
73615  20.546  -11.140  -20.997 1.0000000000
74584  20.089  -10.226  -21.053 1.0000000000
75533  22.719  -10.206  -21.893 1.0000000000
74520  16.946  -10.750  -15.792 0.6250000000
74546  17.777  -10.249  -17.804 0.7500000000
75499  18.328  -9.593  -19.110 1.0000000000
74575  19.161  -9.793  -20.294 1.0000000000
75523  18.412  -8.725  -20.312 1.0000000000
76448  18.854  -8.366  -21.417 1.0000000000
75538  19.077  -9.013  -21.278 1.0000000000
77442  20.180  -8.458  -21.664 1.0000000000
75537  19.686  -9.443  -21.380 1.0000000000
77409  16.933  -7.377  -18.931 0.7500000000
76427  17.379  -7.861  -19.377 1.0000000000
76419  17.065  -8.074  -18.445 0.7500000000
75511  18.164  -8.944  -19.493 1.0000000000
77444  18.689  -7.623  -21.460 1.0000000000
76426  17.875  -8.304  -19.853 1.0000000000
127205  17.738  -7.481  -20.625 1.0000000000
81145  15.791  -3.640  -20.814 0.8750000000
77445  17.592  -7.086  -20.859 1.0000000000
119324  17.527  -6.622  -21.016 1.0000000000
78426  18.607  -6.781  -21.477 1.0000000000
117743  18.047  -7.088  -21.195 1.0000000000
79359  20.561  -5.873  -21.662 1.0000000000
79360  18.538  -5.839  -21.470 1.0000000000
81144  17.458  -2.893  -21.839 1.0000000000
85505  16.594  1.264  -19.516 0.1250000000
85521  14.723  2.194  -21.157 0.1250000000
84618  16.822  0.397  -19.045 0.1250000000
86306  16.797  2.257  -19.465 0.2500000000
123336  14.215  3.728  -22.948 0.2500000000
85528  14.484  2.214  -22.171 0.3750000000
87105  12.994  3.699  -24.956 0.5000000000
86356  13.481  2.749  -24.244 0.7500000000
87781  15.164  5.843  -23.331 0.2500000000
88504  14.832  6.182  -24.982 0.2500000000
65712  17.927  -19.784  -14.381 0.2500000000
65682  17.431  -20.018  -13.623 0.1250000000
65698  17.576  -20.039  -13.925 0.1250000000
65711  18.865  -20.046  -14.743 0.6250000000
75471  16.698  -8.890  -16.190 0.5000000000
75457  16.945  -9.896  -15.985 0.6250000000
74558  17.901  -9.805  -18.375 0.8750000000
75470  17.155  -9.596  -16.726 0.7500000000
75500  17.782  -9.205  -18.609 0.8750000000
75485  16.892  -8.868  -17.113 0.7500000000
76418  17.639  -8.526  -18.964 1.0000000000
77429  17.538  -7.648  -20.161 1.0000000000
82013  16.953  -2.145  -21.957 1.0000000000
82867  17.625  -2.074  -23.667 1.0000000000
82021  19.063  -2.047  -22.506 1.0000000000
132435  15.238  0.648  -20.951 0.3750000000
84690  13.519  1.013  -24.928 0.7500000000
85542  13.970  1.825  -24.276 0.7500000000
85534  14.440  2.111  -23.401 0.5000000000
85543  13.341  1.818  -24.570 0.7500000000
87803  15.355  5.693  -25.735 0.2500000000
87815  15.338  5.177  -26.625 0.3750000000
61602  23.323  -23.314  -15.932 0.7500000000
62668  25.817  -22.807  -16.760 0.7500000000
61604  21.454  -23.287  -15.125 0.7500000000
62661  22.191  -22.897  -15.851 0.7500000000
112070  25.260  -22.375  -16.982 0.7500000000
62660  22.999  -22.989  -16.206 0.7500000000
63705  22.928  -22.311  -16.174 0.7500000000
112587  22.050  -22.311  -15.925 0.7500000000
63702  25.723  -21.895  -17.393 0.7500000000
63703  24.711  -21.760  -17.025 0.7500000000
112285  23.289  -21.428  -16.372 0.7500000000
64684  20.576  -20.277  -15.305 0.7500000000
64698  22.744  -20.727  -16.390 0.7500000000
113118  22.277  -20.108  -16.490 0.8750000000
125242  21.242  -20.284  -15.691 0.8750000000
64696  25.365  -21.075  -17.257 0.7500000000
64697  24.389  -20.863  -17.028 0.7500000000
65726  22.949  -20.005  -16.875 0.8750000000
65727  22.159  -19.303  -16.821 0.8750000000
65734  25.478  -19.371  -17.676 0.7500000000
64710  24.909  -20.140  -17.318 0.7500000000
65735  24.400  -19.268  -17.586 0.8750000000
66724  22.404  -18.450  -17.250 0.8750000000
66722  25.098  -18.415  -17.924 0.7500000000
66723  23.979  -18.457  -17.695 0.8750000000
67765  23.557  -17.735  -17.702 0.8750000000
67777  25.716  -17.305  -18.661 0.8750000000
67778  24.887  -17.190  -18.393 0.8750000000
68838  25.355  -16.651  -18.822 0.8750000000
69867  25.401  -16.055  -19.213 0.8750000000
68850  28.180  -16.080  -20.203 0.3750000000
124251  26.907  -15.716  -20.314 0.6250000000
69866  26.376  -16.097  -19.783 0.7500000000
124843  27.992  -14.702  -20.774 0.5000000000
69888  27.338  -14.927  -20.831 0.5000000000
70865  26.933  -14.108  -21.197 0.7500000000
70856  25.901  -14.331  -20.562 0.7500000000
72663  27.727  -13.301  -20.881 0.1250000000
126361  27.824  -13.398  -21.442 0.3750000000
70867  27.310  -13.292  -21.883 0.6250000000
127113  26.320  -13.987  -20.997 0.6250000000
73597  26.932  -11.807  -19.586 0.1250000000
73605  27.343  -12.268  -20.749 0.1250000000
72676  27.879  -12.235  -22.608 0.1250000000
73611  27.634  -11.555  -22.599 0.1250000000
72682  26.966  -12.049  -23.021 0.6250000000
72683  26.170  -11.101  -23.391 0.6250000000
72678  24.963  -11.946  -22.769 0.7500000000
126193  27.129  -11.320  -20.949 0.1250000000
116348  27.159  -9.789  -21.745 0.1250000000
75567  27.135  -10.457  -23.393 0.1250000000
74602  26.528  -10.505  -23.644 0.5000000000
74597  25.741  -10.721  -23.498 0.6250000000
118700  25.373  -10.213  -23.331 0.7500000000
74563  26.783  -10.975  -20.056 0.1250000000
75557  26.886  -9.747  -23.468 0.5000000000
123922  26.015  -9.202  -23.377 0.5000000000
75560  25.369  -9.456  -23.165 0.6250000000
75548  24.600  -9.811  -22.698 0.7500000000
81138  15.653  -3.257  -20.310 0.6250000000
82851  15.831  -1.922  -21.167 0.5000000000
82850  16.060  -1.837  -21.808 0.7500000000
76470  25.252  -8.447  -23.062 0.6250000000
77464  23.674  -7.451  -22.606 0.6250000000
76459  23.176  -8.020  -21.835 0.8750000000
77463  25.023  -7.473  -23.185 0.5000000000
76471  24.428  -7.825  -22.848 0.6250000000
114989  24.122  -7.006  -23.144 0.6250000000
77452  22.995  -7.259  -22.180 0.7500000000
115767  15.851  -1.429  -21.993 0.7500000000
79369  20.955  -5.167  -21.998 0.8750000000
80290  20.834  -4.441  -22.082 0.8750000000
78437  22.762  -6.486  -22.688 0.7500000000
79367  22.296  -5.900  -22.685 0.8750000000
80289  21.478  -4.802  -22.621 0.8750000000
81151  21.246  -4.001  -22.908 0.8750000000
81152  20.940  -3.152  -23.139 0.8750000000
79374  24.977  -6.252  -23.213 0.3750000000
78445  24.564  -6.616  -23.253 0.5000000000
78446  23.754  -6.189  -23.445 0.5000000000
78447  23.241  -6.162  -23.393 0.6250000000
79366  24.754  -5.729  -23.053 0.2500000000
114614  24.195  -5.945  -23.441 0.3750000000
78456  23.298  -5.732  -23.811 0.5000000000
126037  15.683  -0.963  -22.232 0.6250000000
83755  15.491  -0.753  -24.273 0.7500000000
82858  16.727  -1.691  -22.606 0.8750000000
82859  15.957  -1.303  -22.918 0.7500000000
82868  16.677  -1.472  -23.778 0.8750000000
81153  19.793  -3.179  -21.882 0.8750000000
82020  19.779  -2.039  -22.838 0.7500000000
82028  20.432  -2.435  -23.585 0.8750000000
79377  22.820  -5.728  -23.634 0.6250000000
79378  22.157  -5.222  -23.151 0.7500000000
79376  23.561  -5.403  -23.933 0.3750000000
81161  21.442  -3.758  -24.032 0.7500000000
79375  24.212  -5.518  -23.508 0.2500000000
83745  15.571  -0.585  -23.018 0.6250000000
82869  15.947  -1.233  -24.026 0.8750000000
82879  16.424  -1.584  -24.925 0.8750000000
82856  18.423  -2.112  -22.998 0.8750000000
82865  19.227  -1.913  -23.235 0.8750000000
127033  20.332  -2.088  -24.438 0.7500000000
80306  22.154  -4.058  -24.725 0.5000000000
81168  23.169  -4.031  -24.662 0.2500000000
80312  22.742  -3.980  -24.855 0.5000000000
80304  23.121  -4.581  -24.549 0.5000000000
80288  24.323  -4.911  -23.180 0.2500000000
113637  15.106  0.386  -22.372 0.5000000000
84663  15.136  0.269  -23.517 0.5000000000
84689  14.285  0.693  -24.823 0.6250000000
84688  14.671  -0.154  -25.344 0.7500000000
82891  15.574  -1.818  -26.087 0.7500000000
83782  14.749  -0.998  -26.207 0.7500000000
82900  15.878  -1.959  -26.848 0.7500000000
82889  17.270  -1.717  -26.483 0.7500000000
132794  17.013  -1.626  -25.639 0.7500000000
83794  15.174  -1.108  -27.424 0.7500000000
83767  17.967  -1.729  -26.028 0.7500000000
82877  18.939  -1.808  -24.929 0.7500000000
83766  18.685  -1.766  -25.738 0.7500000000
81178  21.476  -2.529  -25.296 0.5000000000
82043  20.958  -2.063  -25.505 0.3750000000
82036  20.705  -2.024  -25.205 0.6250000000
82034  22.853  -3.181  -24.804 0.2500000000
81176  22.303  -3.291  -25.295 0.3750000000
82042  21.707  -2.468  -25.384 0.3750000000
84702  14.023  0.165  -25.798 0.7500000000
83807  13.761  0.059  -27.387 0.7500000000
83793  16.207  -1.157  -27.819 0.7500000000
83781  16.734  -1.826  -27.124 0.7500000000
83779  19.255  -1.573  -27.020 0.6250000000
82049  20.936  -1.365  -25.881 0.3750000000
82887  19.955  -1.618  -26.125 0.3750000000
82027  22.612  -2.376  -24.474 0.1250000000
82875  22.121  -1.761  -24.902 0.1250000000
82885  21.777  -1.954  -25.340 0.2500000000
84704  12.896  1.033  -26.384 0.6250000000
84717  13.693  0.757  -27.436 0.7500000000
83806  14.496  -0.482  -28.092 0.6250000000
83778  19.922  -1.396  -26.884 0.3750000000
83780  18.409  -1.230  -27.477 0.3750000000
82897  21.133  -0.883  -26.118 0.2500000000
82898  20.767  -1.091  -26.362 0.3750000000
82888  19.375  -1.650  -25.936 0.6250000000
83753  22.147  -0.561  -23.486 0.1250000000
83764  21.913  -0.841  -24.483 0.1250000000
82864  22.360  -1.477  -23.965 0.1250000000
115994  12.780  1.960  -25.704 0.6250000000
85577  12.922  1.216  -27.109 0.6250000000
84719  15.341  -0.008  -29.064 0.3750000000
83811  14.144  0.256  -28.170 0.3750000000
83804  16.588  -0.232  -28.611 0.3750000000
126865  20.845  -0.067  -28.152 0.2500000000
110661  19.806  -1.137  -28.002 0.3750000000
83792  17.594  -0.616  -28.103 0.3750000000
84701  21.688  0.238  -25.924 0.1250000000
83789  20.917  -0.610  -26.927 0.3750000000
83790  20.482  -0.965  -27.311 0.3750000000
83744  22.399  -0.300  -22.416 0.1250000000
83777  21.576  -0.472  -25.816 0.1250000000
87114  13.922  3.971  -27.481 0.3750000000
86392  12.914  2.630  -26.986 0.3750000000
85576  13.674  1.604  -27.456 0.3750000000
85578  15.411  0.881  -29.043 0.3750000000
85579  14.588  1.475  -28.250 0.3750000000
110283  18.772  0.735  -29.178 0.3750000000
84715  16.715  0.480  -28.598 0.3750000000
84716  15.682  0.102  -29.041 0.3750000000
110281  20.620  -0.229  -28.739 0.3750000000
110273  19.790  -0.546  -28.305 0.3750000000
83791  18.551  0.113  -28.854 0.3750000000
86354  21.232  2.320  -24.212 0.1250000000
84710  21.223  0.203  -27.098 0.1250000000
110279  20.882  0.624  -27.446 0.2500000000
84676  21.375  1.001  -23.808 0.1250000000
86381  16.055  3.274  -27.353 0.2500000000
86389  16.458  2.147  -27.838 0.2500000000
85567  15.472  2.026  -27.854 0.3750000000
110275  20.201  1.507  -28.801 0.1250000000
85574  17.408  1.561  -28.462 0.3750000000
85575  16.157  1.082  -28.295 0.3750000000
110752  20.379  1.174  -27.706 0.1250000000
110791  19.316  0.581  -29.241 0.2500000000
87089  21.155  3.077  -24.945 0.1250000000
87113  14.982  4.157  -27.271 0.3750000000
86382  15.080  2.979  -27.519 0.3750000000
86388  17.335  3.039  -27.919 0.2500000000
110280  19.232  2.479  -29.004 0.1250000000
110833  18.660  3.282  -28.310 0.1250000000
110548  19.902  2.585  -27.520 0.1250000000
110267  19.313  3.062  -28.024 0.1250000000
87088  21.858  3.385  -24.323 0.1250000000
87101  20.977  3.524  -26.297 0.1250000000
125512  19.340  3.875  -26.748 0.1250000000
87109  20.442  4.084  -26.933 0.1250000000
87110  19.913  4.125  -26.876 0.1250000000
87788  22.138  4.278  -25.244 0.1250000000
119285  23.161  -18.326  -17.513 0.8750000000
68837  26.144  -16.932  -19.064 0.6250000000
80296  22.528  -4.836  -24.171 0.5000000000
80303  23.696  -4.791  -24.083 0.3750000000
84677  14.984  0.105  -24.568 0.6250000000
83768  15.236  -0.941  -25.308 0.8750000000
82880  15.813  -1.568  -25.202 0.7500000000
82878  17.252  -1.706  -24.808 0.8750000000
83754  18.144  -2.181  -24.876 0.7500000000
111736  19.300  -1.946  -24.152 0.7500000000
80314  22.204  -3.523  -25.204 0.5000000000
81177  21.917  -3.039  -25.455 0.5000000000
81169  21.655  -3.292  -25.002 0.7500000000
80313  22.478  -3.693  -25.024 0.5000000000
85556  20.859  2.004  -25.997 0.1250000000
86387  18.446  2.590  -28.650 0.2500000000
111878  19.963  3.309  -26.854 0.1250000000
112747  21.543  3.904  -25.656 0.1250000000
71786  27.515  -12.544  -22.562 0.5000000000
71784  26.721  -12.771  -22.429 0.6250000000
76468  26.378  -8.548  -23.132 0.3750000000
76469  25.760  -8.086  -23.190 0.3750000000
79365  25.420  -6.215  -22.607 0.2500000000
110276  20.538  1.570  -27.045 0.1250000000
60436  24.336  -24.121  -15.388 0.7500000000
60438  22.506  -24.008  -14.919 0.7500000000
60439  21.688  -23.851  -14.776 0.7500000000
60435  25.036  -23.885  -15.778 0.7500000000
61608  23.834  -22.932  -16.257 0.7500000000
62659  26.472  -23.055  -16.462 0.7500000000
113787  20.189  -21.118  -14.709 0.6250000000
63690  21.554  -21.704  -15.655 0.7500000000
63701  26.587  -22.066  -17.513 0.6250000000
64709  25.912  -20.331  -17.543 0.7500000000
65733  26.421  -19.599  -17.943 0.6250000000
66721  26.090  -18.686  -18.063 0.6250000000
67776  26.450  -17.514  -18.911 0.5000000000
68835  28.069  -17.196  -19.638 0.3750000000
68836  26.948  -17.026  -19.417 0.5000000000
70835  28.359  -15.264  -19.533 0.1250000000
71756  27.777  -13.801  -20.062 0.1250000000
122127  27.338  -12.843  -19.841 0.1250000000
73588  26.783  -11.589  -18.375 0.1250000000
74552  26.661  -10.838  -19.077 0.1250000000
74564  26.615  -9.967  -19.720 0.1250000000
75508  26.771  -9.362  -20.655 0.1250000000
75520  26.943  -8.807  -21.397 0.1250000000
76456  27.118  -9.153  -22.602 0.1250000000
77461  26.634  -7.972  -22.698 0.1250000000
77462  26.131  -7.555  -23.112 0.2500000000
78444  25.433  -7.014  -23.193 0.2500000000
117357  15.738  -0.966  -21.350 0.5000000000
81150  23.570  -3.373  -23.312 0.1250000000
82863  22.789  -2.052  -23.397 0.1250000000
82855  22.524  -1.207  -22.895 0.1250000000
119179  14.765  1.257  -22.880 0.3750000000
123539  21.828  1.297  -22.023 0.1250000000
84648  22.320  0.572  -21.796 0.1250000000
86340  21.491  2.335  -23.360 0.1250000000
126948  22.871  3.239  -22.896 0.1250000000
86305  17.719  2.276  -18.972 0.1250000000
87112  17.020  4.439  -27.180 0.2500000000
87103  17.881  4.261  -27.186 0.1250000000
110594  18.049  4.009  -26.081 0.1250000000
87813  20.380  4.731  -26.797 0.1250000000
87801  19.912  4.834  -26.297 0.1250000000
87100  21.093  4.371  -26.765 0.1250000000
87087  22.649  3.733  -24.279 0.1250000000
87800  21.685  4.755  -26.356 0.1250000000
122752  25.384  -15.401  -19.582 0.7500000000
132229  23.289  -8.687  -21.796 0.7500000000
115107  23.915  -9.107  -22.024 0.7500000000
113633  16.540  -5.245  -19.281 0.3750000000
80291  20.651  -3.508  -22.204 0.8750000000
67779  23.954  -17.144  -18.041 0.8750000000
65719  20.850  -19.674  -15.926 0.7500000000
64699  21.625  -19.846  -16.222 0.8750000000
69880  26.067  -15.353  -20.037 0.7500000000
72677  26.086  -12.230  -22.778 0.6250000000
77453  22.141  -7.239  -21.562 0.8750000000
82022  18.054  -2.440  -22.455 0.8750000000
82019  20.297  -2.647  -22.511 0.8750000000
87120  13.399  3.484  -27.137 0.3750000000
87816  14.434  4.819  -26.709 0.3750000000
87814  16.076  4.959  -26.516 0.1250000000
61603  22.475  -23.405  -15.545 0.7500000000
60437  23.392  -23.932  -15.315 0.7500000000
61607  24.901  -23.056  -16.370 0.7500000000
61600  25.804  -23.510  -16.159 0.7500000000
123832  25.965  -22.329  -17.249 0.7500000000
62662  21.195  -22.639  -15.325 0.7500000000
63704  23.844  -21.996  -16.520 0.7500000000
63689  22.424  -21.546  -16.072 0.7500000000
132949  23.977  -21.366  -16.776 0.7500000000
121224  21.059  -20.981  -15.332 0.7500000000
64685  19.754  -20.172  -15.022 0.6250000000
64683  21.876  -20.729  -15.970 0.7500000000
128846  23.544  -20.719  -16.756 0.8750000000
64711  23.874  -20.025  -17.158 0.8750000000
65736  23.230  -19.163  -17.377 0.8750000000
66732  25.891  -17.926  -18.419 0.7500000000
67764  24.490  -17.745  -17.952 0.8750000000
66731  26.695  -18.195  -18.623 0.6250000000
126687  25.895  -16.503  -19.216 0.7500000000
69865  28.553  -15.915  -19.883 0.2500000000
117176  27.687  -16.641  -19.964 0.5000000000
68851  26.872  -16.407  -19.793 0.6250000000
70855  26.569  -14.823  -20.663 0.7500000000
70864  27.596  -14.055  -21.231 0.5000000000
71765  27.989  -14.051  -20.864 0.2500000000
70846  28.159  -14.683  -20.266 0.1250000000
114778  27.801  -12.782  -21.756 0.2500000000
71783  27.806  -12.852  -22.213 0.3750000000
131718  27.005  -11.605  -20.304 0.1250000000
119518  27.543  -11.885  -21.861 0.1250000000
73623  27.524  -11.447  -22.945 0.5000000000
74589  27.227  -10.690  -23.163 0.1250000000
133765  27.323  -10.346  -22.309 0.1250000000
73626  27.057  -10.963  -23.244 0.5000000000
74572  26.936  -10.354  -20.849 0.1250000000
75532  27.234  -9.983  -22.657 0.1250000000
75547  27.082  -9.933  -23.211 0.1250000000
75559  25.808  -9.961  -23.594 0.6250000000
114979  26.566  -9.478  -23.313 0.1250000000
76457  24.610  -8.766  -22.649 0.6250000000
77465  23.442  -6.725  -22.972 0.6250000000
80297  21.822  -4.497  -23.659 0.7500000000
81162  21.085  -3.065  -24.145 0.7500000000
79385  23.043  -5.145  -24.347 0.5000000000
82029  19.827  -1.885  -23.786 0.7500000000
82866  18.585  -2.217  -23.991 0.7500000000
81170  20.937  -2.588  -24.693 0.6250000000
82876  19.833  -1.762  -25.043 0.7500000000
80305  22.716  -4.229  -24.751 0.5000000000
82026  23.142  -2.857  -23.922 0.1250000000
81159  23.756  -4.138  -23.825 0.2500000000
81149  24.067  -3.970  -22.726 0.1250000000
83796  13.045  -0.022  -26.563 0.7500000000
82048  21.400  -1.770  -25.429 0.3750000000
82886  20.483  -1.559  -25.916 0.3750000000
82040  22.332  -2.919  -25.340 0.1250000000
82035  22.299  -2.695  -25.247 0.3750000000
83805  15.441  -0.576  -28.988 0.3750000000
130204  21.386  -1.209  -25.557 0.3750000000
83776  21.745  -0.773  -25.044 0.1250000000
110271  20.316  -0.963  -27.918 0.3750000000
110727  19.009  -0.330  -28.572 0.3750000000
83788  21.445  -0.152  -26.544 0.2500000000
84675  21.893  0.080  -24.216 0.1250000000
84662  21.801  0.495  -22.890 0.1250000000
83765  21.847  -0.183  -25.186 0.1250000000
86391  13.654  2.437  -27.359 0.3750000000
84711  20.952  -0.377  -27.676 0.2500000000
85540  21.195  1.520  -24.559 0.1250000000
84709  21.416  0.499  -26.496 0.1250000000
86390  14.061  2.535  -28.137 0.3750000000
110284  18.562  1.413  -29.112 0.3750000000
85533  21.309  1.784  -23.701 0.1250000000
85555  21.270  1.149  -25.742 0.1250000000
85541  20.930  2.215  -25.135 0.1250000000
112061  21.547  2.790  -23.965 0.1250000000
85566  21.012  1.212  -26.678 0.1250000000
85527  21.490  1.674  -22.792 0.1250000000
86380  17.033  4.023  -27.422 0.2500000000
119462  16.142  4.549  -27.077 0.2500000000
110277  20.190  2.418  -27.129 0.1250000000
86369  20.725  2.791  -25.876 0.1250000000
87111  17.913  3.889  -27.891 0.1250000000
125511  18.438  3.848  -27.746 0.1250000000
86379  20.497  2.373  -26.600 0.1250000000
110884  19.088  3.222  -25.132 0.1250000000
110510  18.645  3.969  -26.933 0.1250000000
60431  23.013  -24.587  -14.630 0.7500000000
61601  24.132  -23.514  -15.862 0.7500000000
60430  25.004  -24.493  -15.119 0.7500000000
63692  19.851  -22.135  -14.805 0.5000000000
63691  20.586  -21.955  -15.135 0.6250000000
66720  26.996  -18.967  -18.353 0.6250000000
67775  27.493  -17.785  -19.130 0.5000000000
76442  27.062  -8.505  -21.908 0.1250000000
76432  26.793  -7.969  -21.103 0.1250000000
77451  26.982  -8.338  -22.369 0.1250000000
82018  23.283  -2.571  -22.822 0.1250000000
87056  22.239  2.913  -22.697 0.1250000000
87072  22.406  3.245  -23.466 0.1250000000
60432  22.003  -24.565  -14.494 0.7500000000
61605  20.371  -23.184  -14.662 0.5000000000
59347  24.980  -25.095  -14.573 0.6250000000
130018  25.597  -24.790  -14.787 0.6250000000
61586  27.197  -23.418  -15.133 0.3750000000
61599  26.536  -23.640  -15.754 0.6250000000
63684  28.039  -22.178  -15.301 0.2500000000
124592  27.521  -22.743  -15.769 0.3750000000
117604  15.446  -0.284  -21.872 0.2500000000
84664  14.753  1.277  -21.702 0.2500000000
120222  24.085  -24.652  -14.744 0.6250000000
63700  27.460  -21.862  -17.313 0.5000000000
64708  26.776  -20.591  -17.992 0.5000000000
65732  27.300  -19.848  -18.218 0.3750000000
112304  27.679  -23.450  -14.064 0.5000000000
61587  26.641  -24.099  -14.982 0.6250000000
58258  24.699  -26.544  -13.778 0.6250000000
61590  20.412  -23.682  -14.295 0.3750000000
59352  20.518  -24.307  -14.094 0.3750000000
59329  24.070  -26.032  -14.046 0.6250000000
59348  24.349  -25.374  -14.361 0.6250000000
59351  21.572  -25.205  -14.178 0.6250000000
60400  27.546  -24.570  -12.512 0.3750000000
60413  26.517  -24.981  -13.955 0.5000000000
59328  25.495  -26.162  -13.785 0.6250000000
61606  20.031  -22.999  -14.431 0.2500000000
61571  28.319  -23.065  -13.377 0.3750000000
63683  28.327  -21.484  -15.652 0.2500000000
62650  28.273  -22.212  -14.417 0.2500000000
64682  28.188  -21.251  -16.736 0.2500000000
64693  28.183  -20.574  -17.410 0.3750000000
65725  28.084  -19.953  -17.955 0.2500000000
67762  27.641  -18.430  -18.695 0.2500000000
132188  28.108  -18.107  -18.946 0.2500000000
71680  13.109  -13.152  -12.818 0.1250000000
74505  15.184  -10.324  -13.877 0.2500000000
68834  28.812  -16.878  -19.333 0.2500000000
74521  16.788  -10.450  -15.457 0.2500000000
78408  16.577  -6.131  -19.326 0.2500000000
84635  15.546  0.003  -20.910 0.2500000000
73519  13.039  -11.697  -13.285 0.1250000000
70758  13.918  -14.241  -13.562 0.2500000000
64694  27.075  -21.384  -17.903 0.5000000000
60433  20.975  -24.435  -14.350 0.5000000000
61589  20.878  -23.728  -14.564 0.5000000000
61588  25.875  -24.253  -15.406 0.6250000000
61598  27.004  -23.132  -16.032 0.5000000000
62658  27.083  -22.574  -16.754 0.5000000000
67774  28.613  -17.605  -19.038 0.2500000000
62664  19.742  -22.821  -14.596 0.3750000000
62663  20.160  -22.704  -14.824 0.3750000000
114804  19.565  -20.676  -14.442 0.2500000000
59350  22.536  -25.303  -14.240 0.6250000000
66719  28.044  -19.147  -18.348 0.2500000000
60414  25.760  -25.416  -14.301 0.6250000000
60429  26.203  -24.699  -14.659 0.5000000000
62651  27.799  -22.796  -14.781 0.2500000000
132227  28.124  -22.777  -14.045 0.2500000000
128371  28.425  -21.653  -14.832 0.2500000000
63688  27.800  -22.052  -16.300 0.3750000000
130268  27.711  -21.204  -17.589 0.3750000000
60412  27.212  -24.328  -13.636 0.5000000000
61572  27.948  -23.794  -13.061 0.3750000000
59330  23.118  -26.044  -13.919 0.6250000000
60401  26.820  -25.066  -13.070 0.3750000000
59327  26.209  -25.677  -13.517 0.5000000000
66718  28.745  -18.766  -17.898 0.2500000000
71658  13.224  -13.470  -12.241 0.1250000000
57239  22.585  -27.167  -12.530 0.5000000000
59314  26.481  -25.721  -12.609 0.2500000000
116144  25.365  -26.790  -12.591 0.3750000000
133390  25.223  -26.649  -13.323 0.5000000000
57257  23.110  -27.097  -13.156 0.5000000000
58239  22.005  -26.498  -12.835 0.5000000000
58260  22.765  -26.556  -13.519 0.5000000000
57258  22.537  -26.738  -13.142 0.5000000000
59332  21.420  -25.537  -13.750 0.3750000000
59331  22.208  -25.863  -13.807 0.5000000000
56137  20.564  -27.807  -9.886 0.1250000000
57220  22.176  -27.450  -11.635 0.3750000000
59333  20.679  -25.051  -13.633 0.2500000000
55058  21.215  -29.434  -9.582 0.1250000000
56136  21.518  -28.184  -10.379 0.2500000000
56153  22.871  -28.236  -11.085 0.3750000000
112217  26.345  -26.374  -11.172 0.2500000000
57218  24.265  -27.616  -11.765 0.3750000000
57237  24.069  -27.499  -12.547 0.5000000000
56119  20.909  -28.607  -9.714 0.1250000000
56154  22.277  -28.048  -11.103 0.3750000000
119789  23.650  -27.686  -12.031 0.3750000000
57222  20.400  -26.855  -10.873 0.1250000000
58241  20.372  -25.903  -11.760 0.1250000000
78436  25.951  -6.884  -22.846 0.1250000000
130127  20.874  -25.021  -14.121 0.3750000000
58237  25.855  -26.278  -13.037 0.3750000000
58259  23.722  -26.812  -13.601 0.5000000000
58238  24.558  -27.128  -13.126 0.5000000000
60415  20.419  -24.131  -13.765 0.2500000000
59313  27.023  -25.211  -12.278 0.2500000000
57238  23.359  -27.460  -12.594 0.5000000000
57256  23.765  -27.313  -13.088 0.5000000000
57240  21.809  -26.761  -11.975 0.5000000000
58221  26.072  -26.296  -12.100 0.3750000000
58223  24.800  -27.258  -12.209 0.3750000000
57219  22.929  -27.787  -11.815 0.3750000000
58224  20.918  -26.469  -11.498 0.1250000000
58240  21.282  -26.059  -12.257 0.1250000000
58262  21.390  -25.791  -13.140 0.1250000000
58261  22.084  -26.200  -13.395 0.5000000000
56155  21.704  -27.694  -10.981 0.2500000000
57199  20.977  -27.427  -10.523 0.1250000000
57183  19.903  -27.342  -9.480 0.1250000000
57221  21.385  -27.082  -11.205 0.1250000000
58263  20.671  -25.412  -12.599 0.1250000000
55070  21.748  -28.930  -10.016 0.1250000000
56135  22.399  -28.621  -10.496 0.3750000000
57217  24.921  -27.371  -11.457 0.2500000000
58225  19.988  -26.441  -11.239 0.1250000000
56133  24.163  -28.319  -10.390 0.2500000000
63685  19.597  -21.684  -14.288 0.2500000000
58222  25.552  -26.885  -11.574 0.2500000000
55069  22.301  -29.006  -10.047 0.1250000000
57198  23.669  -28.040  -11.260 0.2500000000
56134  23.269  -28.549  -10.544 0.2500000000
56118  23.668  -28.866  -9.852 0.1250000000
114448  19.509  -22.251  -14.208 0.1250000000
80271  16.013  -3.697  -19.885 0.1250000000
80264  16.106  -4.569  -19.874 0.1250000000
81133  15.859  -3.099  -19.987 0.1250000000
113608  16.955  -3.911  -18.906 0.1250000000
111866  16.763  -3.950  -18.002 0.1250000000
82839  16.669  -2.060  -20.337 0.1250000000
82007  15.782  -2.595  -20.468 0.1250000000
81118  16.674  -3.050  -17.482 0.1250000000
81999  17.152  -2.607  -19.219 0.1250000000
119891  17.118  -1.039  -19.391 0.1250000000
80257  16.636  -4.881  -18.437 0.1250000000
112342  17.226  -1.865  -19.543 0.1250000000
81993  17.135  -2.117  -18.422 0.1250000000
82820  16.063  -1.675  -15.819 0.1250000000
78382  16.363  -6.632  -17.727 0.1250000000
79340  16.529  -5.939  -18.510 0.1250000000
74504  16.039  -10.339  -14.296 0.1250000000
61591  20.222  -23.359  -14.219 0.1250000000
133387  19.642  -22.673  -14.389 0.1250000000
75458  16.764  -9.364  -15.665 0.1250000000
78383  15.904  -6.468  -16.736 0.1250000000
79328  15.772  -5.686  -16.788 0.1250000000
80251  16.155  -4.834  -17.254 0.1250000000
80242  15.561  -4.295  -16.386 0.1250000000
81984  15.621  -2.625  -15.855 0.1250000000
111192  16.755  -1.282  -16.591 0.1250000000
130529  16.957  -0.505  -17.856 0.1250000000
64678  18.433  -20.186  -14.214 0.1250000000
114769  15.988  -1.628  -20.699 0.1250000000
82845  16.890  -1.290  -20.179 0.1250000000
112960  19.841  -22.740  -14.443 0.1250000000
64677  19.238  -20.612  -14.135 0.1250000000
122672  19.600  -22.644  -14.449 0.1250000000
63680  19.543  -21.817  -13.756 0.1250000000
62645  19.614  -22.491  -14.003 0.1250000000
132627  16.964  -2.612  -17.965 0.1250000000
81111  15.393  -3.488  -15.882 0.1250000000
82833  17.129  -1.182  -18.593 0.1250000000
81983  16.342  -2.337  -16.645 0.1250000000
111975  14.918  -4.150  -15.482 0.1250000000
82811  16.631  -0.881  -15.647 0.1250000000
60399  28.331  -24.049  -12.219 0.1250000000
61562  28.628  -23.353  -12.601 0.1250000000
62644  28.590  -22.353  -13.638 0.1250000000
64676  28.826  -20.922  -14.896 0.1250000000
64681  28.634  -20.817  -15.862 0.1250000000
65710  29.091  -20.049  -15.498 0.1250000000
64692  28.658  -20.345  -16.524 0.1250000000
66700  29.567  -18.541  -15.253 0.1250000000
66701  29.247  -18.645  -16.035 0.1250000000
65724  28.640  -19.786  -17.207 0.1250000000
128234  29.188  -17.334  -15.905 0.1250000000
67750  29.093  -17.986  -17.544 0.1250000000
118090  29.075  -17.082  -16.679 0.1250000000
68822  29.063  -16.825  -18.460 0.1250000000
58208  25.991  -26.841  -10.718 0.1250000000
57197  24.583  -27.742  -10.932 0.1250000000
59290  26.938  -25.981  -10.784 0.1250000000
59304  27.542  -25.093  -11.674 0.1250000000
61549  29.038  -23.669  -11.913 0.1250000000
60388  28.765  -24.351  -11.516 0.1250000000
62632  28.923  -22.650  -12.912 0.1250000000
63678  29.583  -21.191  -13.521 0.1250000000
64675  29.444  -20.202  -14.524 0.1250000000
65708  30.192  -19.046  -14.324 0.1250000000
68801  29.443  -17.151  -15.186 0.1250000000
69835  28.635  -15.873  -17.906 0.1250000000
69821  28.391  -15.597  -16.794 0.1250000000
69807  28.676  -16.144  -16.190 0.1250000000
69848  28.777  -16.097  -19.132 0.1250000000
120213  29.023  -17.598  -18.299 0.1250000000
63679  28.808  -21.540  -14.028 0.1250000000
66710  29.030  -18.878  -17.070 0.1250000000
59305  26.818  -25.713  -11.623 0.1250000000
59289  27.532  -25.529  -10.910 0.1250000000
57196  25.387  -27.327  -10.771 0.1250000000
60389  28.082  -24.597  -11.776 0.1250000000
62643  29.231  -21.931  -13.224 0.1250000000
64665  29.276  -20.840  -14.121 0.1250000000
65718  29.036  -19.494  -16.324 0.1250000000
67738  29.230  -17.953  -16.480 0.1250000000
65709  29.634  -19.314  -14.821 0.1250000000
67737  29.410  -17.881  -15.623 0.1250000000
68812  28.847  -16.452  -17.283 0.1250000000
68802  29.041  -16.652  -15.626 0.1250000000
118481  26.109  -27.281  -9.960 0.1250000000
58207  26.707  -26.536  -10.243 0.1250000000
62631  29.670  -22.363  -12.616 0.1250000000
59349  23.532  -25.322  -14.307 0.6250000000
61548  29.689  -23.373  -11.769 0.1250000000
62667  26.392  -22.561  -17.021 0.7500000000
62669  24.364  -22.443  -16.595 0.7500000000
62670  23.596  -22.602  -16.324 0.7500000000
63668  30.008  -21.623  -12.903 0.1250000000
64664  29.909  -20.453  -13.823 0.1250000000
64695  26.289  -21.287  -17.635 0.5000000000
64707  27.524  -20.652  -17.999 0.3750000000
65717  29.324  -19.209  -15.575 0.1250000000
66711  28.566  -19.332  -17.743 0.2500000000
67761  28.551  -18.283  -18.469 0.2500000000
67763  25.262  -17.698  -18.278 0.8750000000
67768  20.736  -17.189  -17.422 1.0000000000
67780  23.013  -17.086  -17.792 1.0000000000
68774  14.887  -16.834  -13.135 0.1250000000
68841  21.100  -16.086  -18.121 1.0000000000
68849  28.506  -16.510  -19.824 0.2500000000
68852  26.342  -16.552  -19.432 0.6250000000
68859  27.486  -16.139  -20.203 0.6250000000
69798  15.181  -15.539  -14.509 0.6250000000
69825  16.830  -14.829  -16.098 1.0000000000
69838  18.919  -14.965  -17.186 1.0000000000
69851  22.253  -15.675  -18.573 1.0000000000
69878  28.313  -15.427  -20.263 0.3750000000
69879  27.785  -15.562  -20.475 0.3750000000
70811  17.298  -14.261  -16.309 1.0000000000
70839  19.992  -14.167  -18.378 1.0000000000
71702  14.188  -13.582  -14.217 0.2500000000
71722  16.311  -13.461  -15.749 0.8750000000
71757  22.183  -13.290  -20.171 1.0000000000
71767  23.886  -13.163  -20.714 1.0000000000
71773  27.871  -12.790  -22.083 0.3750000000
71774  27.786  -13.322  -21.637 0.3750000000
71775  26.455  -13.415  -21.684 0.6250000000
71782  27.866  -12.326  -22.554 0.1250000000
71785  25.829  -12.824  -22.178 0.7500000000
72584  14.103  -13.071  -14.255 0.2500000000
72655  19.174  -12.505  -18.414 1.0000000000
72672  21.758  -12.082  -20.955 1.0000000000
72680  27.896  -11.969  -22.892 0.5000000000
72681  27.693  -12.045  -23.007 0.5000000000
72684  25.608  -11.661  -23.046 0.7500000000
72685  27.268  -11.503  -23.076 0.6250000000
72686  26.732  -11.264  -23.244 0.6250000000
73570  17.750  -11.905  -16.797 1.0000000000
73606  20.116  -10.976  -20.088 1.0000000000
73620  27.591  -11.491  -22.956 0.5000000000
73624  25.787  -11.085  -23.386 0.6250000000
73627  26.647  -11.063  -23.480 0.5000000000
73628  25.935  -10.834  -23.614 0.5000000000
74532  17.279  -10.479  -16.476 0.6250000000
74545  18.096  -10.934  -17.753 1.0000000000
74565  19.489  -10.481  -19.843 1.0000000000
74580  27.405  -10.868  -22.744 0.1250000000
74582  21.635  -10.854  -21.655 1.0000000000
74583  20.801  -10.525  -21.491 1.0000000000
74590  24.265  -11.192  -22.632 1.0000000000
74596  27.210  -10.866  -23.148 0.5000000000
74598  24.895  -10.688  -23.058 0.7500000000
74601  27.125  -10.738  -23.456 0.5000000000
74603  26.025  -10.568  -23.708 0.5000000000
75484  17.440  -9.513  -17.681 0.7500000000
75510  18.658  -9.357  -19.957 1.0000000000
75521  19.382  -9.634  -20.940 1.0000000000
75558  26.479  -9.743  -23.642 0.5000000000
75568  26.706  -10.403  -23.628 0.5000000000
75569  26.466  -10.400  -23.683 0.5000000000
76433  18.625  -8.523  -20.947 1.0000000000
76447  19.456  -8.818  -21.603 1.0000000000
76458  23.849  -8.245  -22.313 0.7500000000
76467  26.835  -9.093  -22.988 0.1250000000
77430  17.211  -7.043  -20.421 1.0000000000
78427  17.895  -6.348  -21.276 1.0000000000
78429  16.438  -5.621  -20.418 1.0000000000
79361  17.727  -5.410  -21.340 1.0000000000
79362  16.908  -5.210  -21.079 1.0000000000
80232  14.434  -4.860  -15.010 0.1250000000
80263  16.616  -4.359  -19.319 0.1250000000
80281  18.471  -5.039  -21.503 1.0000000000
80284  15.900  -4.401  -20.677 0.8750000000
81110  16.013  -3.285  -16.584 0.1250000000
81126  17.049  -3.084  -18.490 0.1250000000
81132  16.816  -3.280  -19.492 0.1250000000
81160  23.341  -3.569  -24.233 0.2500000000
81175  22.556  -3.565  -25.035 0.5000000000
81989  16.785  -2.114  -17.472 0.1250000000
82000  16.667  -2.630  -19.960 0.1250000000
82014  15.665  -2.761  -20.854 0.6250000000
82041  22.030  -2.760  -25.464 0.3750000000
82827  16.935  -1.234  -17.641 0.1250000000
82890  16.187  -2.156  -26.145 0.7500000000
82899  20.392  -1.203  -26.641 0.3750000000
83734  16.143  -0.688  -20.521 0.1250000000
83795  13.992  -0.647  -27.004 0.7500000000
83803  17.783  0.440  -28.728 0.3750000000
83810  14.802  -0.168  -28.603 0.6250000000
84649  15.111  0.518  -21.385 0.2500000000
84650  14.948  1.192  -20.977 0.3750000000
84687  21.625  0.603  -24.985 0.1250000000
84703  13.188  0.602  -25.658 0.6250000000
84718  13.018  0.540  -27.072 0.7500000000
84720  14.771  0.601  -28.560 0.3750000000
85544  13.028  2.230  -24.735 0.7500000000
85557  12.986  1.323  -25.165 0.7500000000
85568  12.885  1.866  -26.757 0.6250000000
85580  14.008  1.120  -28.154 0.3750000000
86329  21.749  2.442  -22.587 0.1250000000
86333  14.396  3.322  -21.758 0.2500000000
86357  13.175  3.020  -24.580 0.5000000000
86383  12.848  2.718  -26.272 0.3750000000
86393  13.895  2.064  -28.034 0.3750000000
87046  15.063  3.905  -21.186 0.2500000000
87071  23.250  3.498  -23.549 0.1250000000
87073  21.868  2.812  -23.336 0.1250000000
87077  14.092  4.488  -23.154 0.2500000000
87078  13.683  4.377  -23.702 0.2500000000
87119  13.898  3.058  -27.735 0.3750000000
87121  12.904  3.359  -26.658 0.5000000000
87754  15.531  4.476  -21.853 0.2500000000
87756  14.555  4.646  -22.082 0.2500000000
87780  15.863  4.858  -22.849 0.2500000000
87783  13.396  4.671  -24.030 0.3750000000
87792  15.297  5.947  -24.529 0.2500000000
87793  13.329  4.909  -24.608 0.3750000000
87805  13.935  5.163  -25.867 0.3750000000
87818  12.934  4.017  -26.511 0.5000000000
88491  14.642  5.840  -23.076 0.2500000000
88505  14.149  5.982  -24.385 0.2500000000
88513  14.283  5.765  -25.209 0.3750000000
110274  20.015  0.336  -29.084 0.2500000000
110278  19.743  1.541  -29.575 0.1250000000
110282  19.123  1.903  -29.406 0.3750000000
110840  19.665  3.364  -26.936 0.1250000000
111069  27.354  -10.853  -21.914 0.1250000000
111910  15.116  -16.215  -13.915 0.2500000000
112987  27.114  -23.952  -14.434 0.6250000000
114646  24.941  -25.873  -14.255 0.6250000000
114699  23.354  -12.390  -21.606 0.8750000000
114718  25.936  -16.071  -19.546 0.7500000000
117202  25.290  -12.276  -22.550 0.8750000000
117228  27.909  -13.902  -21.159 0.3750000000
117423  20.429  3.253  -26.558 0.1250000000
117566  18.743  -11.978  -18.175 1.0000000000
117735  24.770  -15.476  -19.238 1.0000000000
117905  12.936  1.877  -27.129 0.6250000000
118896  16.765  -6.797  -19.392 1.0000000000
119645  20.021  -7.655  -21.684 1.0000000000
120006  14.119  3.520  -28.028 0.3750000000
120488  19.598  -2.430  -22.279 0.8750000000
121197  16.216  -2.871  -21.371 0.8750000000
122245  29.125  -17.202  -17.700 0.1250000000
122642  26.294  -11.642  -23.119 0.6250000000
123167  19.203  1.261  -29.478 0.3750000000
123447  15.657  0.951  -20.564 0.1250000000
124621  25.281  -13.827  -20.611 0.8750000000
126431  27.183  -9.192  -22.115 0.1250000000
128202  26.739  -24.421  -14.338 0.5000000000
130017  15.386  -1.492  -26.607 0.7500000000
130133  22.475  -4.005  -24.874 0.5000000000
130687  20.888  -18.681  -16.625 1.0000000000
130719  25.620  -7.490  -23.222 0.3750000000
131343  19.722  2.164  -29.006 0.1250000000
131835  14.564  -11.094  -14.155 0.5000000000
131920  21.055  -14.077  -18.955 1.0000000000
132396  20.190  -14.852  -18.184 1.0000000000
132657  26.375  -7.398  -22.774 0.2500000000
133059  16.754  -3.813  -19.401 0.1250000000
133342  16.617  -17.403  -14.301 0.2500000000
