#!ascii label  , from subject sub-v1s13x0050015_ses-1 vox2ras=TkReg
1643
26316  35.631  -58.606  -1.619 0.6000000238
25325  36.682  -59.121  -1.117 0.5000000000
121139  35.145  -56.353  -1.284 0.6999999881
121142  35.068  -56.254  -2.157 0.6000000238
28117  35.475  -56.957  -3.191 0.6000000238
115858  35.171  -55.400  -2.604 0.6000000238
126628  35.781  -58.539  -0.911 0.6999999881
26304  35.464  -57.925  -1.240 0.6000000238
27236  35.378  -57.870  -2.171 0.5000000000
123856  35.388  -57.494  -2.875 0.5000000000
122790  35.603  -57.521  -3.526 0.5000000000
122742  35.362  -56.207  -3.117 0.6000000238
132587  35.707  -55.972  -3.765 0.6000000238
27214  35.734  -58.072  -0.435 0.5000000000
26315  36.004  -59.025  -1.213 0.5000000000
26330  35.496  -58.783  -2.430 0.6000000238
29000  35.567  -55.278  -3.618 0.6000000238
25351  38.406  -59.021  -2.428 0.5000000000
26329  38.957  -57.999  -2.180 0.5000000000
113899  35.289  -53.876  -1.488 0.6000000238
28977  35.449  -55.645  0.094 0.6000000238
28983  35.214  -55.593  -0.863 0.6999999881
115712  35.191  -54.797  -1.264 0.6000000238
29966  35.126  -54.653  -2.089 0.6000000238
120445  35.387  -56.457  -0.385 0.6000000238
124053  35.373  -57.236  -0.798 0.6999999881
29970  35.335  -54.514  -2.981 0.6000000238
27213  36.167  -58.150  0.175 0.5000000000
27201  35.761  -57.357  0.133 0.5000000000
29977  35.698  -54.302  -3.834 0.6000000238
26302  37.453  -58.544  -0.551 0.5000000000
29976  36.089  -54.794  -4.444 0.6000000238
29005  36.609  -55.189  -5.112 0.6000000238
30980  37.030  -53.203  -5.315 0.6999999881
29004  37.288  -54.702  -5.696 0.6000000238
30979  37.418  -53.782  -5.714 0.6999999881
29988  38.018  -54.196  -6.268 0.6000000238
30001  39.641  -54.227  -7.529 0.6000000238
29987  38.785  -54.650  -6.816 0.6000000238
31959  38.377  -52.875  -10.446 0.5000000000
31960  36.734  -52.042  -10.051 0.6999999881
31017  37.380  -52.899  -10.300 0.6000000238
31961  35.891  -51.582  -9.642 0.8000000119
31018  36.340  -52.469  -9.885 0.6999999881
124456  35.407  -52.160  -0.722 0.6000000238
122732  35.483  -52.186  -1.561 0.6999999881
128942  35.395  -54.823  0.215 0.6999999881
29954  35.367  -54.184  -0.151 0.6999999881
30944  35.355  -53.587  -0.635 0.6000000238
30958  35.314  -53.785  -2.449 0.6999999881
115709  35.382  -52.998  -1.985 0.6999999881
28964  35.451  -55.233  1.010 0.6000000238
29947  35.393  -54.249  0.670 0.6000000238
120593  35.479  -52.953  -2.841 0.8000000119
28951  35.692  -56.086  1.763 0.5000000000
28068  35.569  -56.102  0.888 0.5000000000
123097  35.756  -52.200  -3.208 0.8000000119
30963  35.547  -53.665  -3.306 0.6000000238
27178  36.583  -57.250  1.463 0.5000000000
28084  35.905  -56.882  1.101 0.5000000000
31910  36.269  -52.858  -4.300 0.8000000119
30972  35.946  -53.538  -4.053 0.6000000238
26301  38.357  -57.753  -0.712 0.5000000000
121202  36.650  -52.816  -4.866 0.8000000119
30971  36.420  -53.445  -4.703 0.6999999881
31919  37.641  -52.621  -5.763 0.6999999881
31920  37.119  -52.342  -5.231 0.6999999881
31925  38.821  -52.719  -7.074 0.6999999881
31926  38.193  -52.165  -6.460 0.6999999881
30987  38.074  -53.184  -6.239 0.6999999881
32842  38.566  -51.956  -7.393 0.6000000238
30986  38.835  -53.689  -6.882 0.6000000238
31951  39.770  -52.186  -9.023 0.6999999881
31937  40.205  -52.913  -8.707 0.6999999881
31001  39.641  -53.246  -7.708 0.6000000238
32882  38.307  -52.263  -9.967 0.6999999881
31957  39.962  -52.636  -9.965 0.6000000238
32883  37.146  -51.895  -10.009 0.8000000119
31958  39.244  -52.661  -10.326 0.6000000238
33854  35.103  -50.661  -9.662 0.8999999762
31952  35.540  -52.189  -9.360 0.6999999881
32884  35.224  -50.890  -9.671 0.8000000119
32776  35.422  -51.368  -0.214 0.6000000238
32783  35.484  -51.395  -1.135 0.6999999881
34765  35.661  -49.923  -1.181 0.6999999881
31885  35.342  -52.854  -0.424 0.6000000238
33756  35.621  -50.680  -1.568 0.6000000238
120603  35.477  -52.058  1.704 0.4000000060
30926  35.443  -53.533  1.232 0.6000000238
120877  35.474  -51.796  0.881 0.6000000238
32793  35.612  -51.426  -1.989 0.6999999881
31848  35.461  -52.894  1.886 0.6000000238
32805  35.793  -51.485  -2.801 0.8000000119
28937  35.763  -55.506  2.534 0.4000000060
29926  35.579  -54.601  2.418 0.5000000000
29940  35.452  -54.426  1.548 0.6000000238
28047  36.008  -56.256  2.485 0.5000000000
32804  36.102  -51.514  -3.548 0.8000000119
32816  36.530  -51.457  -4.300 0.8000000119
27199  37.300  -57.341  0.806 0.5000000000
32828  37.713  -51.691  -5.782 0.8000000119
33806  37.511  -49.902  -6.069 0.8000000119
32829  37.116  -51.475  -5.056 0.8000000119
119001  38.210  -51.457  -7.659 0.8000000119
32843  37.996  -51.208  -6.658 0.6999999881
33834  36.557  -50.571  -7.863 0.8999999762
133258  38.272  -51.673  -8.487 0.8999999762
33845  37.376  -51.248  -8.477 0.8999999762
32860  38.950  -51.866  -8.241 0.6999999881
32874  38.854  -51.869  -9.118 0.6000000238
115495  35.993  -51.369  -9.594 0.8999999762
33846  36.229  -51.031  -9.249 0.8999999762
31954  34.383  -51.255  -9.089 0.8000000119
122967  33.937  -50.731  -9.076 0.8000000119
32885  34.752  -50.641  -9.692 0.8000000119
31953  34.787  -52.112  -8.805 0.8000000119
33855  34.798  -50.371  -9.717 0.8000000119
31962  35.123  -51.359  -9.536 0.6999999881
33746  35.506  -50.625  -0.729 0.6999999881
34764  35.829  -49.094  -0.790 0.6000000238
125977  35.483  -50.599  0.007 0.5000000000
34781  36.016  -49.307  -1.803 0.6999999881
33721  35.759  -50.725  2.335 0.4000000060
32752  35.528  -51.255  1.534 0.5000000000
129713  35.484  -51.028  0.641 0.6000000238
33766  35.862  -50.663  -2.437 0.6999999881
116124  35.540  -52.302  2.669 0.5000000000
33781  36.087  -50.930  -3.159 0.6999999881
31841  36.227  -52.908  4.140 0.5000000000
126995  35.523  -53.158  2.614 0.6000000238
30887  36.644  -53.656  4.614 0.4000000060
30900  36.084  -53.809  3.796 0.4000000060
34814  37.103  -49.585  -4.579 0.8000000119
33780  36.416  -50.789  -3.823 0.8000000119
28912  36.622  -55.426  3.886 0.4000000060
33792  36.999  -50.546  -4.695 0.8000000119
122399  36.648  -50.090  -4.007 0.8000000119
28083  37.363  -57.112  1.546 0.3000000119
34828  37.354  -49.272  -5.741 0.8000000119
34813  37.413  -49.025  -5.140 0.8000000119
33807  37.583  -50.653  -5.743 0.8000000119
35853  36.881  -48.800  -5.965 0.8000000119
116475  35.916  -49.006  -6.606 0.8999999762
33820  37.113  -50.159  -6.769 0.8999999762
34841  35.890  -49.804  -7.334 0.8999999762
34842  35.439  -49.054  -7.476 0.8999999762
33835  35.538  -50.288  -8.779 0.8999999762
32861  33.906  -51.284  -8.105 0.8000000119
33847  35.283  -50.675  -9.672 0.8999999762
34867  34.718  -49.932  -9.735 0.8999999762
33856  34.481  -50.135  -9.719 0.8000000119
34875  35.163  -50.144  -9.835 0.8000000119
34746  35.806  -48.948  0.126 0.6000000238
36689  36.521  -47.660  -0.749 0.6000000238
34732  35.932  -48.949  0.944 0.6000000238
128013  36.277  -50.139  2.637 0.4000000060
33728  35.945  -49.898  1.984 0.4000000060
33729  35.618  -50.430  1.399 0.4000000060
34733  35.550  -50.154  0.604 0.5000000000
116381  36.034  -49.897  -2.423 0.6999999881
32742  35.574  -51.538  2.272 0.4000000060
112201  36.339  -49.278  -2.784 0.6999999881
32731  36.368  -51.406  3.758 0.5000000000
32741  35.769  -51.427  3.036 0.4000000060
32709  37.049  -51.416  4.421 0.5000000000
35821  37.209  -47.892  -4.189 0.8000000119
34800  36.678  -49.381  -3.710 0.8000000119
127110  37.331  -48.681  -5.485 0.8000000119
36763  36.275  -47.447  -5.857 0.8000000119
36774  35.628  -47.544  -6.671 0.8999999762
34840  36.893  -49.478  -6.364 0.8999999762
35855  35.508  -48.360  -7.041 0.8999999762
34854  35.079  -49.437  -8.655 0.8999999762
35865  35.049  -48.452  -8.385 1.0000000000
118652  33.557  -49.750  -9.102 0.8000000119
35877  34.327  -48.957  -9.659 1.0000000000
34869  33.825  -49.437  -9.663 0.8000000119
36799  34.293  -48.034  -9.699 1.0000000000
34868  34.104  -49.361  -9.713 0.8000000119
35878  33.650  -48.261  -9.881 0.8000000119
35774  36.141  -48.314  -0.335 0.6000000238
36706  36.870  -46.981  -1.130 0.6000000238
35758  36.341  -48.385  0.517 0.6000000238
34695  36.646  -49.563  2.372 0.4000000060
34716  36.286  -49.243  1.645 0.4000000060
34717  35.737  -49.642  1.220 0.4000000060
33719  36.980  -50.011  3.145 0.4000000060
36728  36.708  -47.679  -2.648 0.6999999881
33685  37.732  -50.781  4.330 0.5000000000
34671  37.888  -49.715  3.342 0.4000000060
35822  36.730  -48.432  -3.349 0.8000000119
37659  37.443  -46.232  -3.473 0.8000000119
37674  37.199  -46.626  -5.026 0.8000000119
35844  37.473  -48.172  -5.021 0.8000000119
37675  36.567  -46.637  -5.621 0.8000000119
35845  36.959  -48.153  -5.556 0.8000000119
35854  35.994  -48.264  -6.176 0.8999999762
36775  35.359  -47.738  -7.557 0.8999999762
38475  35.836  -45.964  -7.069 0.8999999762
36788  35.084  -47.547  -8.662 1.0000000000
35879  33.602  -48.685  -9.787 0.8000000119
111358  33.444  -49.687  -8.216 0.8000000119
37703  34.484  -47.212  -10.048 1.0000000000
36667  37.507  -47.395  0.526 0.6000000238
36668  36.720  -47.755  0.118 0.6000000238
36688  37.130  -47.145  -0.261 0.6000000238
36727  36.868  -46.949  -2.079 0.6999999881
38418  37.688  -45.561  -1.879 0.6999999881
34715  37.101  -48.961  1.973 0.4000000060
118593  37.531  -48.350  1.588 0.5000000000
35735  36.677  -48.613  1.276 0.5000000000
37649  37.291  -46.276  -2.464 0.8000000119
34694  37.468  -49.322  2.689 0.4000000060
115764  37.089  -46.975  -3.023 0.8000000119
34692  39.181  -49.223  2.954 0.4000000060
34693  38.329  -49.193  2.868 0.4000000060
37666  37.402  -46.496  -4.362 0.8000000119
115230  37.331  -47.101  -3.936 0.8000000119
36753  37.403  -47.313  -4.700 0.8000000119
38467  36.779  -45.847  -5.418 0.8000000119
37682  35.883  -46.671  -6.419 0.8999999762
129268  36.215  -45.347  -6.766 0.8000000119
37683  35.530  -46.877  -7.537 1.0000000000
38488  35.700  -46.171  -8.204 1.0000000000
38487  36.183  -45.342  -7.700 1.0000000000
37694  35.298  -46.860  -8.820 1.0000000000
38506  34.602  -46.108  -11.319 1.0000000000
36805  33.464  -47.457  -10.340 0.8999999762
35866  33.165  -48.293  -9.474 0.8000000119
36801  33.090  -47.718  -9.857 0.8999999762
37709  33.767  -46.837  -10.834 1.0000000000
37713  33.746  -46.374  -11.216 1.0000000000
37710  33.625  -46.775  -10.802 1.0000000000
38505  35.074  -45.487  -11.592 1.0000000000
39428  36.862  -45.013  -11.828 1.0000000000
133843  36.139  -44.395  -12.067 1.0000000000
39442  35.722  -44.361  -11.786 1.0000000000
123674  37.525  -45.089  -12.283 1.0000000000
39440  37.030  -44.594  -12.576 1.0000000000
37610  38.244  -46.104  -0.100 0.6999999881
37629  37.839  -45.785  -0.903 0.6999999881
38416  38.894  -44.767  -0.729 0.6999999881
37592  38.789  -46.546  0.559 0.6000000238
36687  37.874  -46.747  0.220 0.6000000238
37630  37.295  -46.319  -1.500 0.6999999881
36666  38.388  -47.164  0.878 0.6000000238
35734  38.395  -48.212  1.834 0.5000000000
39330  38.378  -44.467  -2.331 0.8000000119
35707  38.788  -48.720  2.397 0.4000000060
128647  37.584  -45.690  -2.778 0.8000000119
38455  37.557  -45.705  -4.112 0.8000000119
116316  37.045  -44.983  -5.210 0.8000000119
38466  37.236  -45.834  -4.736 0.8000000119
39361  36.547  -45.137  -6.061 0.6999999881
40429  36.900  -43.791  -6.955 0.8000000119
40437  37.079  -43.910  -7.731 1.0000000000
39382  36.684  -44.507  -7.694 1.0000000000
39399  36.426  -45.277  -8.892 1.0000000000
40455  36.968  -44.485  -8.318 1.0000000000
40474  37.875  -44.557  -9.168 1.0000000000
119985  35.846  -45.804  -8.896 1.0000000000
129484  37.459  -45.111  -9.749 1.0000000000
39412  37.867  -45.248  -10.174 1.0000000000
39413  36.902  -45.328  -10.547 1.0000000000
38507  33.887  -45.844  -11.499 1.0000000000
38508  33.599  -46.338  -10.869 1.0000000000
39427  38.069  -45.479  -11.206 1.0000000000
39430  34.809  -45.015  -11.801 1.0000000000
39431  34.230  -45.390  -11.734 1.0000000000
40487  35.953  -44.138  -11.834 1.0000000000
39448  37.700  -44.857  -12.839 1.0000000000
39441  36.445  -44.290  -12.221 1.0000000000
38400  38.588  -45.446  -0.425 0.6999999881
38417  38.256  -45.147  -1.191 0.6999999881
37591  39.767  -46.496  0.752 0.5000000000
37609  39.136  -45.876  0.252 0.6999999881
38435  38.161  -44.958  -1.896 0.6999999881
36664  40.252  -47.374  1.137 0.5000000000
36665  39.353  -47.151  1.092 0.5000000000
38444  37.950  -45.101  -2.613 0.8000000119
39340  38.137  -44.541  -3.279 0.8000000119
39341  37.763  -44.953  -4.026 0.6999999881
39349  38.024  -44.172  -4.088 0.8000000119
120336  37.296  -44.082  -5.329 0.8000000119
39350  37.560  -44.547  -4.644 0.8000000119
39360  36.823  -44.305  -6.075 0.6999999881
40436  37.535  -43.239  -7.452 0.8999999762
41557  38.425  -42.017  -7.271 0.8000000119
129958  38.984  -41.752  -7.589 0.8000000119
42632  40.143  -42.012  -8.057 0.8000000119
41576  38.068  -43.111  -8.003 0.8999999762
41558  38.090  -42.623  -7.571 0.8000000119
41575  38.750  -42.488  -8.079 0.8000000119
40454  37.584  -43.956  -8.306 1.0000000000
40452  39.237  -43.273  -8.812 0.8999999762
41574  39.695  -42.490  -8.481 0.8000000119
40453  38.383  -43.550  -8.572 0.8999999762
40473  38.708  -44.290  -9.313 1.0000000000
39426  39.154  -45.547  -11.085 1.0000000000
39439  38.380  -45.361  -12.129 1.0000000000
40486  36.578  -43.865  -12.168 1.0000000000
39438  39.563  -45.753  -12.055 1.0000000000
39447  38.857  -45.362  -12.761 1.0000000000
38520  40.285  -46.104  -12.728 1.0000000000
39446  39.732  -45.636  -13.039 1.0000000000
40494  38.932  -43.985  -12.832 1.0000000000
38397  41.248  -45.282  -0.186 0.6999999881
38398  40.314  -45.148  -0.055 0.6999999881
39299  39.702  -44.560  -0.502 0.6999999881
39316  39.231  -44.138  -1.118 0.6999999881
37608  40.811  -45.773  0.234 0.6000000238
39329  38.850  -43.869  -1.872 0.6999999881
37590  40.714  -46.636  0.589 0.5000000000
40386  38.609  -43.786  -2.755 0.8000000119
120347  38.387  -43.758  -3.526 0.6999999881
40402  38.324  -43.211  -4.186 0.6999999881
40415  37.961  -42.913  -5.050 0.6999999881
40416  37.572  -43.406  -5.421 0.6999999881
124337  37.386  -43.121  -6.680 0.6999999881
40428  37.230  -43.542  -6.068 0.6999999881
42604  38.991  -41.371  -6.798 0.8000000119
42603  39.965  -41.196  -6.762 0.8000000119
42619  40.541  -41.745  -7.411 0.8000000119
42620  39.642  -41.552  -7.481 0.8000000119
42631  41.044  -42.446  -8.017 0.8000000119
41593  40.186  -43.192  -9.101 0.8999999762
41573  40.602  -42.712  -8.576 0.8000000119
40471  40.762  -44.032  -9.767 1.0000000000
41592  41.221  -43.530  -9.160 0.8000000119
39411  38.918  -44.979  -10.178 1.0000000000
40472  39.645  -43.991  -9.578 1.0000000000
39425  40.478  -45.630  -11.224 1.0000000000
38519  41.618  -47.175  -12.878 1.0000000000
41614  37.367  -43.621  -12.306 1.0000000000
41607  36.366  -43.276  -11.237 1.0000000000
37721  41.939  -47.809  -13.760 1.0000000000
39445  40.889  -45.847  -13.278 1.0000000000
40501  39.618  -44.952  -13.190 1.0000000000
40500  40.966  -44.750  -13.187 1.0000000000
39297  41.407  -44.601  -0.525 0.6999999881
118463  41.041  -43.948  -0.791 0.6999999881
40372  39.574  -43.472  -1.508 0.6000000238
40384  39.959  -42.739  -1.860 0.6000000238
40385  39.201  -43.176  -2.303 0.6000000238
41489  39.577  -42.348  -2.634 0.6999999881
41499  38.814  -42.427  -3.967 0.6999999881
41498  39.337  -41.978  -3.446 0.6999999881
41510  38.515  -42.331  -4.656 0.6999999881
41522  38.277  -42.139  -5.459 0.6999999881
43680  40.294  -41.032  -6.059 0.8000000119
41539  38.243  -41.938  -6.368 0.6999999881
42618  41.654  -42.384  -7.270 0.8000000119
41556  41.976  -43.170  -8.002 0.8000000119
40451  42.229  -43.952  -9.078 0.8000000119
40470  42.263  -44.393  -9.845 0.8000000119
40484  41.355  -44.992  -10.541 1.0000000000
40483  42.273  -45.054  -10.747 1.0000000000
39424  41.892  -46.073  -11.447 1.0000000000
133262  42.665  -44.528  -10.510 0.8999999762
39436  42.357  -46.732  -12.361 1.0000000000
38517  42.492  -47.185  -13.032 1.0000000000
40498  42.634  -45.025  -13.011 1.0000000000
41594  36.283  -42.536  -9.934 1.0000000000
39449  42.210  -46.462  -13.575 1.0000000000
40499  42.151  -44.401  -13.262 1.0000000000
41613  38.356  -43.367  -12.211 1.0000000000
41606  37.228  -42.931  -11.275 1.0000000000
118351  40.104  -43.971  -12.874 1.0000000000
39315  40.058  -43.901  -0.837 0.6999999881
41497  40.029  -41.574  -2.950 0.6000000238
42573  39.868  -41.302  -3.757 0.6999999881
120158  39.346  -41.214  -5.125 0.6999999881
41509  39.182  -41.665  -4.341 0.6999999881
42592  38.779  -41.445  -5.778 0.6999999881
42590  40.211  -40.971  -5.220 0.8000000119
42602  40.863  -41.497  -6.621 0.6999999881
42601  41.726  -41.800  -6.349 0.6999999881
41571  42.791  -44.008  -8.548 0.6999999881
40450  43.108  -44.209  -9.200 0.6999999881
40469  43.146  -44.250  -9.851 0.8000000119
39423  42.512  -45.382  -11.492 0.8999999762
39435  42.777  -46.144  -12.585 1.0000000000
40493  42.777  -44.728  -12.074 1.0000000000
42663  36.953  -42.131  -10.202 1.0000000000
41612  39.282  -42.723  -12.167 1.0000000000
41620  41.309  -43.319  -12.946 1.0000000000
40370  41.546  -43.302  -1.166 0.6000000238
40383  40.963  -42.610  -1.674 0.6000000238
41487  41.417  -41.908  -2.114 0.6000000238
41488  40.429  -42.020  -2.257 0.6000000238
42565  40.918  -41.458  -2.743 0.6000000238
42572  40.525  -41.247  -3.381 0.6000000238
42579  40.626  -41.071  -4.216 0.6000000238
123625  39.827  -41.102  -4.510 0.6000000238
110992  41.048  -41.143  -4.992 0.6999999881
42600  42.596  -42.610  -6.774 0.6999999881
41555  42.976  -43.590  -7.723 0.6999999881
120096  43.766  -44.113  -8.613 0.6999999881
128616  43.461  -44.198  -8.864 0.6999999881
45853  48.689  -38.476  -8.908 0.3000000119
40468  43.422  -43.751  -9.965 0.6999999881
40449  43.755  -44.071  -9.202 0.6999999881
41580  33.451  -42.413  -7.766 0.8999999762
40482  42.934  -44.225  -10.806 1.0000000000
42633  35.396  -41.607  -8.652 1.0000000000
41577  36.024  -41.937  -8.955 1.0000000000
114401  42.398  -43.509  -12.985 1.0000000000
42679  41.242  -41.816  -12.882 1.0000000000
41621  40.177  -42.783  -12.534 1.0000000000
41605  38.163  -42.544  -11.293 1.0000000000
41474  41.987  -42.564  -1.648 0.6000000238
41486  42.265  -41.983  -2.185 0.6000000238
42564  41.874  -41.509  -2.723 0.6000000238
42569  43.020  -41.670  -3.626 0.6000000238
42577  42.628  -41.535  -4.190 0.6999999881
42571  41.325  -41.234  -3.437 0.6000000238
42588  42.683  -41.758  -5.141 0.6999999881
40412  48.191  -43.811  -6.113 0.3000000119
40424  47.524  -43.464  -6.162 0.3000000119
42589  41.765  -41.499  -5.453 0.6999999881
41538  43.525  -43.324  -7.140 0.6999999881
44766  48.657  -39.449  -8.516 0.3000000119
44767  48.022  -39.616  -7.893 0.4000000060
45854  48.226  -38.858  -8.190 0.4000000060
117729  47.937  -38.091  -8.312 0.4000000060
40441  32.130  -43.453  -7.093 0.6999999881
41561  31.530  -42.822  -7.642 0.6999999881
48913  46.501  -35.498  -8.821 0.3000000119
129064  48.210  -37.589  -9.051 0.3000000119
41591  43.944  -43.249  -9.536 0.6999999881
42635  33.718  -41.818  -8.138 0.8999999762
47885  47.074  -35.893  -9.249 0.3000000119
46873  47.461  -37.189  -8.550 0.3000000119
41604  43.175  -43.030  -10.916 0.8000000119
42634  34.587  -41.763  -8.316 0.8999999762
47876  47.382  -36.499  -9.038 0.3000000119
120155  42.873  -42.573  -12.701 1.0000000000
42662  37.798  -41.575  -10.416 1.0000000000
41624  42.864  -41.641  -13.841 1.0000000000
42673  38.948  -41.842  -11.549 1.0000000000
42661  38.479  -41.483  -10.865 1.0000000000
41619  42.350  -42.573  -13.276 1.0000000000
42672  39.877  -41.648  -12.169 1.0000000000
43771  40.188  -40.759  -12.621 1.0000000000
43770  41.415  -40.955  -13.684 1.0000000000
41495  43.842  -42.152  -3.538 0.6999999881
42576  43.342  -41.822  -4.400 0.6999999881
40413  47.632  -43.799  -5.445 0.3000000119
40414  46.903  -43.380  -5.345 0.4000000060
130758  43.555  -42.124  -5.265 0.6999999881
111109  42.418  -41.964  -6.006 0.6999999881
40425  46.823  -43.244  -6.354 0.4000000060
40435  47.245  -43.352  -7.211 0.3000000119
119064  45.028  -43.740  -7.688 0.6999999881
41554  44.330  -43.882  -7.984 0.6999999881
41550  47.317  -43.137  -7.999 0.5000000000
42628  47.932  -41.541  -8.161 0.4000000060
120456  46.647  -41.234  -7.474 0.6000000238
43699  46.962  -40.579  -7.349 0.5000000000
41570  44.607  -43.796  -8.869 0.6999999881
43714  48.386  -40.417  -8.291 0.3000000119
48900  44.707  -35.415  -6.485 0.4000000060
44754  46.786  -39.260  -7.132 0.4000000060
41581  31.053  -42.327  -8.370 0.6999999881
48907  45.186  -35.110  -7.196 0.4000000060
45843  47.538  -38.799  -7.640 0.4000000060
40442  30.974  -43.535  -7.290 0.6000000238
48914  45.955  -35.077  -8.392 0.3000000119
48905  46.212  -35.778  -8.083 0.3000000119
48906  45.681  -35.424  -7.671 0.4000000060
46864  47.264  -37.834  -7.760 0.4000000060
45844  46.790  -38.408  -7.219 0.4000000060
42659  43.632  -42.216  -10.112 0.6999999881
42643  43.816  -41.940  -9.665 0.6999999881
41560  32.671  -42.745  -7.510 0.6999999881
114872  45.870  -36.044  -7.487 0.4000000060
130545  46.676  -37.713  -7.352 0.4000000060
46865  46.217  -38.031  -6.841 0.4000000060
47877  46.815  -36.339  -8.478 0.3000000119
46874  46.772  -37.132  -7.873 0.3000000119
118962  46.246  -37.246  -7.220 0.4000000060
42660  43.339  -41.892  -10.924 0.8000000119
42644  37.056  -40.906  -9.741 1.0000000000
43742  43.278  -40.963  -11.067 0.8999999762
42677  43.251  -41.659  -13.303 1.0000000000
43758  39.356  -40.937  -11.772 1.0000000000
43777  42.329  -40.831  -14.521 1.0000000000
42678  42.384  -41.501  -13.959 1.0000000000
42681  43.222  -41.165  -14.253 1.0000000000
43772  39.146  -40.271  -12.065 1.0000000000
43779  40.520  -40.130  -13.776 1.0000000000
44815  39.614  -39.798  -13.043 1.0000000000
41507  44.757  -42.473  -4.044 0.6000000238
41520  45.056  -42.474  -4.749 0.6000000238
41508  44.264  -42.243  -4.756 0.6999999881
41505  46.174  -42.983  -4.770 0.5000000000
41519  45.647  -42.676  -5.180 0.6000000238
41518  46.274  -43.000  -5.693 0.4000000060
41521  43.321  -42.534  -6.180 0.6999999881
41535  45.751  -42.960  -6.163 0.6000000238
41536  45.194  -43.336  -6.807 0.6999999881
40426  46.560  -43.246  -7.276 0.6000000238
41537  44.310  -43.387  -6.986 0.6999999881
41551  46.871  -43.140  -7.813 0.6000000238
41569  45.198  -43.639  -8.243 0.6999999881
118451  47.182  -41.412  -7.700 0.5000000000
114838  46.283  -41.476  -7.523 0.6000000238
42616  46.105  -42.349  -7.817 0.6000000238
42629  45.224  -42.884  -8.675 0.6000000238
47854  43.855  -36.378  -5.747 0.4000000060
44753  47.303  -39.783  -7.426 0.4000000060
118229  46.710  -39.987  -7.091 0.4000000060
43700  46.300  -40.588  -7.126 0.5000000000
43701  45.766  -41.034  -7.398 0.6000000238
48892  44.108  -35.626  -5.865 0.4000000060
44741  46.199  -39.735  -6.816 0.5000000000
42630  44.441  -42.636  -9.237 0.6999999881
47863  45.306  -35.960  -6.911 0.4000000060
45833  46.182  -38.893  -6.741 0.4000000060
42647  33.152  -41.323  -8.614 0.8999999762
126138  31.908  -42.284  -8.049 0.6999999881
47870  46.301  -36.509  -7.698 0.4000000060
46866  45.638  -37.516  -6.670 0.4000000060
43730  43.368  -41.248  -10.161 0.6999999881
132622  43.514  -41.177  -9.622 0.6999999881
47871  45.769  -36.676  -7.054 0.4000000060
43733  35.242  -40.664  -9.126 0.8999999762
43757  43.412  -41.127  -12.287 0.8999999762
43732  36.188  -40.538  -9.523 0.8999999762
43759  38.784  -40.736  -11.189 1.0000000000
43744  37.548  -40.339  -10.329 1.0000000000
43769  43.478  -40.790  -13.619 1.0000000000
43743  38.256  -40.846  -10.598 1.0000000000
42684  42.836  -40.787  -14.612 1.0000000000
44802  38.359  -39.933  -11.680 1.0000000000
43760  38.136  -40.292  -10.922 1.0000000000
43782  42.220  -40.233  -14.773 1.0000000000
46942  40.502  -37.927  -14.780 0.8999999762
45916  40.540  -38.546  -15.054 1.0000000000
128759  40.543  -39.517  -14.648 1.0000000000
44830  39.046  -39.035  -13.743 1.0000000000
44816  38.726  -39.446  -12.644 1.0000000000
44835  39.750  -38.981  -14.820 1.0000000000
44836  39.211  -38.836  -14.483 1.0000000000
45907  38.648  -38.585  -14.273 0.8999999762
45921  39.474  -38.206  -15.243 1.0000000000
124667  45.046  -42.601  -5.574 0.6999999881
42587  44.277  -42.613  -5.897 0.6999999881
41553  45.615  -43.571  -7.798 0.6999999881
40427  45.948  -43.359  -7.215 0.6000000238
41552  46.216  -43.191  -7.738 0.6000000238
41568  45.762  -43.219  -8.122 0.6000000238
42617  45.549  -41.943  -8.023 0.6000000238
50120  43.459  -34.462  -5.570 0.3000000119
42615  46.686  -42.288  -7.797 0.6000000238
114855  42.796  -35.841  -5.436 0.4000000060
48894  42.296  -35.556  -5.413 0.4000000060
43687  45.769  -40.192  -6.880 0.6000000238
120454  45.172  -40.800  -7.522 0.6000000238
43688  45.227  -40.185  -6.985 0.5000000000
117438  44.707  -41.039  -8.058 0.6000000238
44742  45.457  -39.426  -6.665 0.4000000060
43716  44.432  -41.621  -8.768 0.6000000238
46844  43.501  -36.965  -5.783 0.5000000000
45834  44.587  -38.794  -6.482 0.4000000060
46852  45.490  -38.441  -6.543 0.4000000060
43702  43.642  -40.437  -8.316 0.6000000238
46854  44.241  -37.166  -6.016 0.5000000000
46853  44.851  -37.836  -6.339 0.4000000060
43718  42.970  -40.257  -8.871 0.6000000238
45835  44.135  -38.014  -6.219 0.4000000060
43720  33.918  -41.164  -8.629 0.8999999762
43734  34.169  -40.617  -9.228 0.8999999762
130045  36.209  -39.878  -10.021 0.8999999762
44790  36.670  -39.662  -10.648 0.8999999762
43745  36.777  -40.144  -9.913 0.8999999762
43776  43.248  -40.618  -14.329 1.0000000000
44834  41.387  -39.598  -14.832 1.0000000000
46944  38.945  -37.937  -15.150 1.0000000000
45919  38.454  -38.185  -14.576 1.0000000000
45908  38.000  -38.300  -13.872 0.8999999762
120846  39.200  -37.154  -15.183 1.0000000000
46945  38.429  -37.298  -14.770 0.8999999762
50121  42.599  -34.270  -5.332 0.3000000119
48895  41.606  -35.563  -5.530 0.3000000119
47856  42.187  -36.305  -5.536 0.5000000000
47857  41.239  -36.292  -5.782 0.4000000060
43689  44.608  -40.108  -7.210 0.5000000000
44743  44.760  -39.604  -6.746 0.5000000000
44755  43.850  -39.933  -7.446 0.5000000000
46845  42.702  -37.201  -5.807 0.5000000000
44744  44.043  -39.423  -6.761 0.5000000000
46855  42.876  -37.961  -6.182 0.5000000000
45836  43.544  -38.531  -6.424 0.5000000000
43717  43.726  -41.191  -9.154 0.6000000238
44779  42.359  -39.988  -9.393 0.6999999881
45838  41.689  -38.355  -6.762 0.5000000000
45837  42.577  -38.533  -6.581 0.5000000000
44788  42.685  -40.352  -10.390 0.6000000238
119172  42.920  -40.338  -11.601 0.8999999762
44800  43.293  -40.228  -12.849 0.8999999762
44814  42.634  -39.431  -13.179 0.8999999762
46932  40.401  -37.311  -13.975 0.8999999762
45906  41.132  -38.476  -14.661 0.8999999762
45905  41.817  -38.939  -14.508 0.8999999762
44828  42.533  -39.458  -14.220 1.0000000000
44817  37.678  -39.216  -12.339 0.8999999762
44789  37.544  -39.740  -11.216 0.8999999762
44831  38.251  -38.795  -13.360 0.8999999762
46943  39.886  -37.286  -14.899 0.8000000119
47935  39.354  -36.343  -14.745 0.6999999881
44818  36.727  -38.836  -12.402 0.8999999762
46933  37.826  -37.777  -14.074 0.8999999762
45892  37.493  -38.494  -12.979 0.8999999762
51146  43.193  -33.621  -5.455 0.3000000119
50122  41.686  -34.113  -5.403 0.3000000119
51148  41.441  -33.226  -5.498 0.3000000119
113345  41.244  -34.823  -5.592 0.3000000119
131187  40.824  -34.841  -5.859 0.4000000060
47858  40.907  -35.463  -5.831 0.4000000060
46857  41.294  -37.606  -6.401 0.5000000000
46858  40.661  -37.191  -6.763 0.4000000060
44745  43.190  -39.192  -6.984 0.5000000000
45846  41.325  -38.673  -7.550 0.5000000000
43703  42.849  -39.869  -8.299 0.5000000000
45845  42.237  -39.078  -7.320 0.5000000000
44756  42.409  -39.516  -7.995 0.5000000000
44757  41.750  -39.264  -8.129 0.5000000000
44768  42.291  -39.711  -8.608 0.5000000000
44780  41.750  -39.513  -10.052 0.6000000238
45867  40.992  -38.753  -10.232 0.6999999881
45879  41.601  -39.153  -11.120 0.6999999881
44801  42.406  -39.609  -11.997 0.6999999881
45885  41.621  -38.832  -12.334 0.8000000119
44803  36.706  -39.366  -11.796 0.8999999762
45891  41.175  -38.325  -13.144 0.8999999762
122160  41.982  -38.798  -13.623 0.8999999762
45893  36.822  -38.226  -12.700 0.8999999762
45909  37.329  -37.944  -13.272 0.8999999762
47936  38.793  -36.375  -15.023 1.0000000000
51149  40.874  -33.016  -5.867 0.3000000119
50123  40.811  -34.050  -5.869 0.4000000060
52105  40.684  -32.233  -6.255 0.3000000119
47865  40.605  -36.190  -6.422 0.4000000060
50141  40.305  -34.108  -6.753 0.3000000119
48901  40.493  -35.016  -6.382 0.4000000060
50147  40.138  -34.774  -7.346 0.4000000060
46867  40.913  -38.007  -7.063 0.4000000060
47872  40.254  -36.609  -7.402 0.4000000060
48908  40.218  -35.633  -7.260 0.4000000060
46868  40.417  -37.533  -7.607 0.4000000060
45856  40.387  -37.931  -8.470 0.4000000060
45855  40.972  -38.771  -8.510 0.5000000000
45880  40.813  -38.372  -11.259 0.6000000238
45886  40.836  -38.238  -12.231 0.8000000119
46917  40.501  -37.683  -12.824 0.6999999881
47921  39.931  -36.595  -13.948 0.6999999881
47922  37.669  -36.890  -14.104 0.8999999762
46934  37.108  -37.332  -13.345 0.8999999762
48969  38.376  -35.455  -15.037 0.8999999762
124575  37.878  -35.533  -14.891 0.8000000119
48973  38.235  -34.666  -15.184 0.6999999881
50205  38.478  -34.070  -15.109 0.8000000119
52941  40.802  -31.227  -6.410 0.3000000119
52124  40.282  -32.604  -7.182 0.3000000119
116396  40.032  -34.113  -7.591 0.3000000119
115851  39.985  -32.942  -7.954 0.4000000060
48915  39.905  -35.220  -7.948 0.4000000060
50152  39.831  -34.544  -8.156 0.4000000060
48916  39.678  -35.200  -8.796 0.5000000000
129548  39.969  -36.979  -8.437 0.5000000000
47878  39.689  -36.177  -9.075 0.5000000000
112851  39.541  -35.502  -9.845 0.5000000000
47886  39.801  -36.911  -9.327 0.5000000000
47887  39.649  -36.464  -9.959 0.5000000000
46884  39.961  -37.327  -10.035 0.5000000000
46898  40.187  -37.586  -11.000 0.6000000238
46911  40.424  -37.807  -11.812 0.6999999881
46912  39.950  -37.108  -11.923 0.6999999881
47912  39.628  -36.285  -12.627 0.6999999881
120617  39.465  -35.355  -12.750 0.6999999881
48954  39.554  -35.826  -13.783 0.6999999881
127679  39.428  -34.591  -12.767 0.6999999881
48968  38.986  -35.558  -15.012 0.8000000119
50188  39.248  -34.044  -14.254 0.6999999881
133331  40.583  -30.922  -7.049 0.3000000119
52963  40.403  -31.033  -7.752 0.4000000060
122643  40.430  -31.664  -7.212 0.3000000119
52131  40.025  -32.123  -8.097 0.4000000060
51191  39.819  -33.682  -8.269 0.4000000060
50153  39.629  -34.288  -8.923 0.4000000060
51192  39.602  -33.588  -9.063 0.3000000119
118627  39.544  -34.734  -9.512 0.5000000000
47895  39.541  -35.998  -10.728 0.6000000238
50159  39.504  -33.992  -9.761 0.3000000119
113712  39.478  -34.698  -10.234 0.5000000000
50165  39.457  -34.107  -10.525 0.4000000060
46899  39.748  -36.826  -10.842 0.6999999881
47906  39.620  -36.368  -11.530 0.6999999881
48942  39.473  -35.541  -11.625 0.6000000238
46918  40.060  -36.993  -13.025 0.6999999881
128917  39.425  -34.805  -12.044 0.6999999881
52979  40.087  -31.294  -8.565 0.3000000119
52132  39.708  -32.843  -8.779 0.3000000119
52139  39.614  -32.467  -9.465 0.3000000119
52138  39.775  -31.986  -9.008 0.3000000119
52993  39.667  -31.862  -9.795 0.3000000119
52998  39.861  -31.120  -10.080 0.3000000119
52143  39.534  -32.541  -10.183 0.3000000119
111919  39.434  -33.864  -11.081 0.5000000000
51204  39.464  -33.377  -10.488 0.5000000000
52152  39.510  -32.649  -11.047 0.5000000000
51215  39.446  -33.335  -11.301 0.6000000238
111129  39.397  -33.896  -12.050 0.6000000238
56074  40.679  -28.857  -7.414 0.4000000060
113624  40.502  -28.938  -8.364 0.3000000119
53997  40.365  -30.436  -8.328 0.3000000119
55035  40.381  -29.699  -8.850 0.3000000119
56093  40.434  -28.925  -9.277 0.3000000119
54012  40.101  -30.555  -9.342 0.3000000119
55054  40.278  -29.640  -9.782 0.3000000119
54021  40.121  -30.321  -10.335 0.3000000119
52999  39.698  -31.768  -10.744 0.4000000060
54032  40.363  -30.192  -11.195 0.4000000060
111279  39.514  -32.872  -11.947 0.6000000238
129400  39.898  -31.339  -11.533 0.4000000060
126481  40.298  -30.753  -11.782 0.4000000060
53007  39.690  -32.023  -11.730 0.5000000000
51221  39.480  -33.087  -12.945 0.6000000238
51243  38.705  -33.363  -14.869 0.6999999881
50202  37.246  -34.342  -15.014 0.8000000119
111078  40.600  -28.143  -7.963 0.4000000060
128121  40.493  -28.318  -8.805 0.3000000119
118447  40.470  -28.113  -9.611 0.3000000119
56113  40.445  -28.829  -10.198 0.3000000119
56148  40.662  -28.843  -11.070 0.4000000060
55078  40.731  -29.529  -11.475 0.4000000060
118030  40.768  -30.115  -11.945 0.4000000060
53022  40.073  -31.369  -12.458 0.4000000060
52163  39.649  -32.215  -12.707 0.5000000000
54043  40.730  -30.610  -12.626 0.4000000060
52162  39.980  -31.685  -13.429 0.4000000060
52178  39.329  -32.472  -14.298 0.6999999881
52177  39.811  -31.824  -14.164 0.4000000060
54052  40.752  -30.589  -13.488 0.4000000060
53036  39.968  -31.347  -14.487 0.5000000000
122919  39.434  -31.887  -14.538 0.6000000238
51244  38.248  -33.403  -15.128 0.6999999881
52187  37.976  -32.814  -15.081 0.6999999881
58170  40.613  -26.590  -8.138 0.3000000119
57177  40.507  -27.237  -9.871 0.3000000119
56130  40.610  -27.978  -10.691 0.3000000119
57193  41.120  -27.619  -11.449 0.3000000119
56129  40.981  -28.309  -11.481 0.4000000060
56147  41.251  -28.923  -11.782 0.3000000119
57212  43.005  -27.407  -11.660 0.3000000119
56165  41.742  -28.896  -12.233 0.3000000119
56164  42.264  -28.284  -12.280 0.3000000119
54051  41.257  -30.104  -12.959 0.4000000060
55089  41.527  -29.496  -12.640 0.3000000119
56174  42.160  -28.435  -12.789 0.3000000119
133349  41.464  -29.685  -13.033 0.3000000119
55097  41.633  -29.193  -13.075 0.3000000119
54062  41.153  -29.808  -13.372 0.3000000119
55104  41.091  -29.195  -13.664 0.4000000060
120834  39.955  -30.532  -14.623 0.5000000000
53037  39.451  -31.284  -14.857 0.5000000000
53048  38.351  -32.115  -14.803 0.5000000000
59271  40.506  -25.763  -9.463 0.3000000119
58202  40.542  -26.403  -10.104 0.3000000119
58201  40.773  -26.209  -10.927 0.3000000119
58218  41.289  -26.852  -11.393 0.3000000119
57211  43.520  -27.175  -11.801 0.3000000119
57233  43.491  -27.289  -12.040 0.3000000119
57248  43.171  -27.124  -12.577 0.3000000119
57249  42.330  -27.676  -13.100 0.3000000119
55105  40.400  -29.148  -14.165 0.4000000060
54071  38.851  -31.324  -14.946 0.5000000000
55106  39.632  -29.653  -14.506 0.5000000000
53038  38.010  -31.451  -14.653 0.5000000000
59283  40.584  -25.721  -10.313 0.3000000119
59282  40.831  -25.322  -11.083 0.3000000119
59299  41.514  -26.087  -11.443 0.3000000119
59298  42.845  -25.989  -11.424 0.3000000119
130478  43.605  -26.594  -11.617 0.3000000119
58234  44.276  -26.146  -12.122 0.3000000119
58252  43.616  -26.245  -12.785 0.3000000119
56183  41.018  -28.399  -13.869 0.4000000060
56184  40.391  -28.172  -14.112 0.4000000060
120707  39.860  -28.773  -14.269 0.4000000060
56185  39.678  -28.023  -14.070 0.4000000060
54065  38.451  -30.635  -14.643 0.5000000000
55107  38.800  -29.812  -14.566 0.4000000060
127624  40.639  -24.409  -8.954 0.3000000119
60358  40.546  -24.947  -9.903 0.3000000119
117467  41.789  -25.398  -11.536 0.3000000119
60382  42.909  -25.072  -11.646 0.3000000119
59297  43.901  -25.632  -11.607 0.3000000119
58216  44.323  -26.013  -11.818 0.3000000119
127648  44.182  -24.941  -13.114 0.3000000119
118893  42.611  -26.657  -13.188 0.3000000119
59323  42.738  -25.668  -13.453 0.3000000119
58253  41.590  -26.889  -13.577 0.3000000119
57263  40.926  -27.541  -13.970 0.4000000060
58273  40.861  -26.733  -14.033 0.3000000119
60371  40.735  -24.464  -10.802 0.3000000119
61543  41.573  -23.448  -12.053 0.3000000119
60383  41.484  -24.515  -11.618 0.3000000119
61542  42.899  -24.083  -12.032 0.3000000119
61541  43.968  -23.811  -12.103 0.3000000119
62626  43.673  -22.837  -12.956 0.3000000119
60396  44.333  -24.074  -12.152 0.3000000119
60408  44.428  -24.746  -12.566 0.3000000119
61569  44.004  -23.192  -13.074 0.3000000119
60410  43.411  -24.841  -13.508 0.3000000119
116430  40.919  -22.988  -11.187 0.3000000119
62628  41.916  -22.698  -12.479 0.3000000119
61557  43.196  -23.196  -12.504 0.3000000119
60409  44.106  -24.096  -13.238 0.3000000119
60422  43.319  -24.062  -14.023 0.3000000119
60423  42.543  -24.849  -14.057 0.3000000119
62613  41.157  -22.552  -11.786 0.3000000119
112634  41.488  -21.946  -12.418 0.3000000119
63664  42.282  -21.621  -13.108 0.3000000119
62639  43.009  -22.248  -13.367 0.3000000119
62638  43.514  -22.682  -13.377 0.3000000119
62647  43.477  -22.733  -13.750 0.3000000119
131596  42.251  -20.724  -13.969 0.4000000060
63675  42.035  -20.935  -13.286 0.4000000060
63674  42.535  -21.415  -13.811 0.4000000060
64640  41.250  -20.538  -12.785 0.3000000119
64671  42.145  -20.171  -14.426 0.4000000060
120358  34.276  -46.607  -10.902 1.0000000000
39414  36.173  -45.390  -10.549 1.0000000000
129057  39.325  -35.487  -14.524 0.6999999881
48972  38.719  -34.794  -15.081 0.8000000119
50201  38.895  -34.081  -14.812 0.8000000119
51227  39.375  -33.197  -13.909 0.6999999881
28991  35.056  -55.506  -1.726 0.6000000238
26291  36.911  -58.251  0.318 0.5000000000
30936  35.349  -53.320  0.246 0.6000000238
32876  36.889  -51.461  -9.635 0.8999999762
31862  35.478  -52.631  0.998 0.5000000000
28936  36.214  -55.853  3.133 0.4000000060
30910  35.629  -53.870  2.980 0.5000000000
28046  36.583  -56.615  2.757 0.4000000060
33765  36.259  -50.147  -3.199 0.6999999881
126550  37.692  -50.447  -6.448 0.8999999762
35788  36.188  -48.399  -1.275 0.6999999881
117559  35.909  -52.164  3.613 0.5000000000
31823  36.825  -52.782  4.865 0.5000000000
36744  36.990  -47.617  -3.444 0.8000000119
28935  36.917  -56.217  3.513 0.4000000060
35806  36.398  -48.465  -2.256 0.6999999881
32730  36.979  -50.743  3.775 0.4000000060
38474  36.255  -45.897  -6.179 0.8000000119
122988  33.353  -48.074  -10.007 0.8000000119
34714  37.926  -48.723  2.272 0.4000000060
34670  38.740  -49.609  3.496 0.4000000060
38445  37.740  -45.373  -3.406 0.8000000119
38499  35.233  -46.462  -9.866 1.0000000000
35733  39.274  -48.316  1.950 0.5000000000
126095  37.957  -47.744  1.234 0.5000000000
38513  34.219  -45.632  -11.742 1.0000000000
38385  40.056  -45.794  0.363 0.6999999881
39398  37.065  -44.971  -9.312 1.0000000000
38498  35.604  -45.852  -10.302 1.0000000000
40495  37.783  -44.318  -12.727 1.0000000000
40502  38.535  -44.918  -12.909 1.0000000000
41572  41.571  -43.266  -8.565 0.8000000119
40485  40.016  -44.785  -10.363 1.0000000000
111854  40.984  -41.232  -5.779 0.6999999881
112414  42.648  -43.573  -12.718 1.0000000000
42671  43.140  -42.197  -12.014 1.0000000000
42570  42.273  -41.419  -3.476 0.6000000238
42578  41.766  -41.293  -4.399 0.6999999881
41579  34.361  -42.650  -7.924 1.0000000000
42646  35.920  -41.188  -8.986 1.0000000000
43715  47.657  -40.546  -7.733 0.4000000060
43778  41.444  -40.225  -14.569 1.0000000000
42614  47.265  -42.381  -7.996 0.5000000000
47864  44.577  -36.255  -6.184 0.4000000060
120681  45.100  -36.906  -6.442 0.4000000060
44829  39.745  -39.347  -14.183 1.0000000000
47937  38.174  -36.283  -14.766 0.8000000119
46856  42.091  -37.857  -6.158 0.5000000000
119335  43.021  -39.621  -7.708 0.5000000000
120786  41.616  -39.446  -8.995 0.5000000000
130975  42.258  -39.779  -11.009 0.6999999881
126279  41.115  -38.998  -9.417 0.6000000238
46875  40.113  -37.550  -9.220 0.5000000000
127132  40.417  -38.041  -10.262 0.5000000000
120553  39.890  -35.972  -8.146 0.5000000000
114928  39.429  -34.884  -13.776 0.6999999881
50181  39.395  -33.959  -13.306 0.6999999881
52169  39.579  -32.377  -13.661 0.6000000238
57213  42.050  -27.409  -11.662 0.3000000119
30000  40.443  -54.908  -8.381 0.5000000000
31000  40.456  -53.892  -8.578 0.5000000000
31950  40.373  -52.856  -9.533 0.5000000000
28139  40.606  -56.601  -8.730 0.5000000000
29027  41.148  -55.777  -9.395 0.5000000000
28140  39.381  -56.476  -7.472 0.5000000000
119831  39.543  -55.035  -7.416 0.5000000000
28134  38.407  -56.473  -6.616 0.5000000000
28126  36.937  -56.550  -5.416 0.4000000060
123893  37.963  -55.889  -6.293 0.5000000000
119333  37.265  -55.710  -5.686 0.5000000000
28120  35.821  -56.644  -3.886 0.5000000000
132161  36.602  -55.966  -5.112 0.5000000000
36777  32.279  -47.287  -6.259 0.6999999881
36765  31.242  -48.178  -5.936 0.6999999881
121043  32.482  -47.931  -6.392 0.8000000119
36789  32.982  -47.697  -8.596 0.8000000119
35857  32.868  -48.395  -6.806 0.8000000119
124143  33.038  -47.219  -9.099 0.8999999762
37685  31.760  -46.562  -6.199 0.6999999881
118534  33.034  -46.880  -7.773 0.8999999762
37684  33.160  -46.000  -7.359 0.8999999762
37695  33.243  -46.455  -8.588 0.8999999762
38500  33.760  -45.595  -10.489 0.8999999762
39372  32.421  -44.966  -6.625 0.6000000238
38477  32.814  -45.654  -6.754 0.8000000119
38489  33.483  -45.601  -8.073 0.8999999762
39401  33.806  -45.186  -8.788 0.8999999762
39416  34.125  -45.143  -11.188 0.8999999762
39415  34.630  -44.839  -11.522 0.8999999762
126997  43.356  -44.423  -1.893 0.5000000000
112580  42.806  -44.312  -1.370 0.5000000000
40369  42.506  -43.391  -1.348 0.5000000000
39296  41.856  -45.007  -0.550 0.6000000238
39314  42.050  -44.209  -0.787 0.5000000000
39386  31.751  -44.185  -6.762 0.6000000238
39384  33.454  -44.327  -7.326 0.8999999762
126773  33.626  -44.901  -7.769 0.8999999762
38476  33.230  -45.097  -7.124 0.8999999762
39400  34.332  -44.557  -9.233 0.8999999762
40477  34.729  -44.293  -10.336 0.8999999762
40476  35.141  -43.941  -10.807 0.8999999762
39326  44.321  -43.270  -2.621 0.5000000000
41484  44.211  -42.681  -2.847 0.5000000000
39338  44.666  -43.778  -2.891 0.5000000000
39328  43.292  -43.591  -1.775 0.5000000000
40382  42.972  -42.593  -1.979 0.5000000000
39339  44.270  -44.768  -2.925 0.5000000000
39327  43.947  -43.976  -2.328 0.5000000000
41559  33.682  -43.140  -7.522 0.8999999762
39385  32.725  -44.225  -6.883 0.6999999881
40457  34.808  -43.503  -8.727 0.8999999762
40456  35.207  -43.436  -9.496 0.8999999762
40391  44.736  -43.064  -3.102 0.5000000000
41496  42.884  -41.822  -2.809 0.5000000000
39337  45.072  -44.418  -3.355 0.5000000000
111385  35.186  -42.528  -8.568 0.8999999762
41578  35.680  -42.865  -9.512 0.8999999762
41494  44.555  -42.628  -3.417 0.5000000000
40401  45.803  -43.227  -4.063 0.5000000000
41493  45.161  -42.850  -3.680 0.5000000000
40390  45.271  -43.505  -3.462 0.5000000000
40400  46.491  -43.619  -4.538 0.4000000060
42637  31.644  -41.737  -8.697 0.6000000238
42649  31.344  -41.141  -9.577 0.6000000238
42648  32.298  -41.213  -9.070 0.8000000119
43736  31.935  -40.609  -10.119 0.6999999881
119188  31.222  -40.221  -10.961 0.6999999881
43761  30.769  -39.798  -11.452 0.6999999881
43748  33.507  -40.243  -10.141 0.8000000119
111586  32.651  -40.321  -10.363 0.6999999881
43749  31.986  -40.090  -10.999 0.6999999881
133567  31.404  -39.776  -11.474 0.6999999881
44806  32.088  -39.620  -11.643 0.6999999881
115263  32.255  -39.231  -12.218 0.6999999881
44792  34.792  -39.589  -10.727 0.8000000119
44804  34.142  -39.331  -11.509 0.8000000119
44791  35.723  -39.576  -10.662 0.8000000119
44820  33.006  -38.950  -12.415 0.6999999881
115611  34.035  -38.814  -12.253 0.6999999881
115881  35.119  -38.795  -12.221 0.8000000119
120326  35.994  -39.382  -11.402 0.8000000119
45895  34.799  -38.270  -12.491 0.6999999881
47913  35.140  -36.911  -12.527 0.6000000238
44819  35.876  -39.102  -12.108 0.8000000119
45894  35.897  -38.394  -12.447 0.8000000119
48948  34.828  -36.093  -12.711 0.6000000238
48957  35.552  -35.334  -13.097 0.6000000238
46935  36.170  -37.042  -12.778 0.8000000119
47924  35.893  -36.183  -12.826 0.6000000238
46919  36.491  -37.731  -12.750 0.8000000119
50189  36.024  -34.703  -13.574 0.6000000238
47923  36.872  -36.459  -13.373 0.6999999881
48956  36.631  -35.402  -13.540 0.6000000238
51238  37.235  -33.617  -15.207 0.6999999881
118621  36.609  -33.824  -14.865 0.6000000238
50203  36.647  -34.517  -14.222 0.6000000238
52188  37.211  -32.888  -15.126 0.6000000238
48955  37.527  -35.911  -14.121 0.6999999881
48970  37.835  -34.866  -15.136 0.6999999881
131970  36.118  -57.530  -4.395 0.4000000060
28119  36.377  -56.603  -4.728 0.5000000000
28999  36.098  -55.777  -4.398 0.5000000000
29015  37.957  -55.132  -6.291 0.5000000000
29014  38.820  -55.629  -6.916 0.5000000000
43747  34.497  -40.116  -9.975 0.8000000119
28135  37.638  -56.509  -5.980 0.5000000000
121784  32.673  -46.507  -6.693 0.8000000119
44793  33.795  -39.707  -10.857 0.8000000119
44794  32.831  -39.879  -10.996 0.6999999881
115909  35.081  -39.232  -11.661 0.8000000119
131418  33.998  -38.165  -12.649 0.6999999881
46921  34.468  -37.620  -12.595 0.6999999881
35756  40.564  -48.695  1.221 0.4000000060
35755  40.918  -49.147  0.464 0.4000000060
36663  40.808  -47.970  0.623 0.4000000060
122208  41.203  -47.247  0.164 0.5000000000
35787  41.549  -49.497  -0.642 0.4000000060
34763  41.864  -50.102  -0.533 0.4000000060
121102  42.199  -46.390  -1.073 0.5000000000
38396  41.843  -45.829  -0.511 0.5000000000
130755  41.997  -47.235  -1.132 0.5000000000
36705  41.715  -48.382  -1.121 0.4000000060
35786  41.886  -49.817  -1.240 0.4000000060
35805  42.319  -49.877  -2.032 0.4000000060
123111  41.231  -48.577  -0.176 0.4000000060
34780  42.390  -50.282  -1.410 0.4000000060
38415  42.403  -45.235  -1.019 0.5000000000
36725  42.527  -48.799  -2.669 0.4000000060
35804  42.554  -50.004  -2.811 0.4000000060
33790  43.797  -51.806  -4.448 0.4000000060
34812  42.981  -51.256  -3.607 0.4000000060
34799  42.745  -50.940  -2.960 0.4000000060
33789  44.367  -52.030  -4.771 0.4000000060
33779  43.289  -51.656  -3.720 0.4000000060
38434  42.616  -46.027  -1.620 0.5000000000
37648  42.375  -47.205  -1.693 0.5000000000
114834  42.696  -47.652  -2.391 0.4000000060
32881  48.907  -52.503  -10.209 0.3000000119
32871  48.467  -52.772  -9.515 0.3000000119
35820  42.796  -50.033  -3.551 0.4000000060
32872  47.411  -53.165  -8.660 0.3000000119
32858  46.394  -53.045  -7.719 0.3000000119
32841  45.498  -52.468  -6.633 0.3000000119
33805  44.304  -51.919  -5.244 0.4000000060
129805  43.332  -51.662  -3.956 0.4000000060
32839  46.708  -53.250  -7.805 0.3000000119
126558  45.366  -52.533  -6.233 0.3000000119
32815  44.352  -52.101  -5.116 0.4000000060
37647  43.057  -46.314  -2.351 0.4000000060
37658  43.281  -47.360  -3.138 0.4000000060
33842  48.766  -51.654  -10.264 0.3000000119
34852  46.775  -50.407  -8.413 0.3000000119
113104  47.713  -52.601  -9.480 0.3000000119
33830  46.606  -51.523  -8.551 0.3000000119
33832  45.565  -51.705  -7.373 0.3000000119
34839  44.599  -51.366  -6.060 0.4000000060
124868  43.948  -50.896  -5.399 0.4000000060
34811  43.348  -51.127  -4.394 0.4000000060
33844  46.926  -52.796  -8.883 0.3000000119
33819  45.089  -51.819  -6.546 0.3000000119
115740  42.987  -45.206  -1.777 0.4000000060
35851  46.286  -48.651  -7.027 0.3000000119
36760  44.908  -47.850  -5.800 0.3000000119
36761  44.278  -48.314  -5.424 0.4000000060
36750  44.571  -47.440  -5.181 0.4000000060
36742  43.578  -47.717  -4.057 0.4000000060
34851  47.564  -49.620  -8.262 0.3000000119
34836  46.649  -49.492  -7.796 0.3000000119
35842  45.378  -48.466  -6.418 0.3000000119
35843  44.412  -49.059  -5.872 0.4000000060
36751  43.789  -48.253  -4.792 0.4000000060
34837  45.838  -49.729  -7.481 0.3000000119
35852  45.496  -49.303  -6.910 0.3000000119
34827  44.763  -49.853  -6.368 0.4000000060
35831  43.737  -49.529  -5.126 0.4000000060
36752  43.242  -48.836  -4.093 0.4000000060
34853  46.079  -50.768  -8.016 0.3000000119
34838  45.256  -50.548  -6.924 0.3000000119
35832  43.219  -49.823  -4.319 0.4000000060
38441  45.308  -45.198  -3.889 0.4000000060
131918  45.393  -45.852  -4.375 0.4000000060
38442  44.518  -45.496  -3.555 0.4000000060
38433  43.589  -45.096  -2.395 0.4000000060
37673  45.432  -47.016  -5.311 0.3000000119
37664  45.023  -46.590  -4.758 0.4000000060
37657  44.002  -46.554  -3.853 0.4000000060
38443  43.807  -45.915  -3.069 0.4000000060
36759  45.860  -47.506  -5.869 0.4000000060
37665  44.236  -47.044  -4.564 0.4000000060
113108  32.510  -38.724  -12.632 0.6000000238
118502  31.733  -39.053  -12.441 0.6000000238
47914  34.159  -36.842  -12.575 0.5000000000
46922  33.546  -37.588  -12.727 0.5000000000
48949  33.905  -36.000  -12.766 0.5000000000
48958  34.564  -35.223  -12.977 0.5000000000
50204  35.837  -33.924  -14.145 0.5000000000
51239  36.092  -33.269  -14.791 0.5000000000
53049  37.586  -32.207  -14.873 0.4000000060
62652  42.184  -22.313  -15.209 0.3000000119
63694  41.347  -21.240  -15.673 0.3000000119
126113  40.723  -21.746  -15.511 0.3000000119
63681  42.489  -21.485  -14.466 0.3000000119
64679  42.324  -20.597  -15.189 0.3000000119
63686  42.305  -21.568  -15.079 0.3000000119
64687  41.696  -20.320  -16.031 0.3000000119
64702  40.727  -19.589  -16.922 0.3000000119
64689  40.008  -20.219  -16.232 0.3000000119
64714  39.397  -19.698  -17.936 0.3000000119
65704  42.436  -19.978  -15.088 0.3000000119
65714  42.285  -19.948  -15.720 0.3000000119
64686  42.156  -20.329  -15.786 0.3000000119
64701  41.346  -19.457  -16.805 0.3000000119
64712  41.301  -19.383  -17.672 0.3000000119
64713  40.576  -19.569  -17.818 0.3000000119
65739  38.780  -19.745  -18.661 0.3000000119
64719  37.634  -20.418  -18.919 0.3000000119
66707  41.834  -19.122  -16.528 0.3000000119
65729  41.587  -19.257  -16.811 0.3000000119
66727  41.677  -18.809  -18.010 0.3000000119
65737  41.108  -19.219  -18.144 0.3000000119
123896  40.472  -18.813  -18.576 0.3000000119
65742  39.948  -18.864  -19.001 0.3000000119
65743  39.212  -19.212  -19.182 0.3000000119
65745  37.300  -20.289  -19.700 0.3000000119
124840  41.661  -18.777  -15.170 0.3000000119
123232  41.595  -18.599  -16.810 0.3000000119
66716  41.751  -18.927  -17.540 0.3000000119
66728  40.998  -18.457  -18.379 0.3000000119
66734  39.445  -18.376  -19.391 0.3000000119
66735  38.706  -18.994  -19.783 0.3000000119
66739  38.221  -18.534  -20.305 0.3000000119
67734  41.304  -17.939  -16.383 0.3000000119
67759  41.112  -17.145  -17.658 0.3000000119
67758  41.385  -17.915  -18.048 0.3000000119
67771  40.682  -17.646  -18.569 0.3000000119
67785  38.435  -17.595  -20.255 0.3000000119
67747  40.970  -17.208  -16.808 0.3000000119
124284  40.916  -17.123  -18.179 0.3000000119
68831  39.774  -16.079  -18.503 0.3000000119
68845  39.327  -16.400  -19.338 0.3000000119
117632  40.608  -16.658  -17.206 0.3000000119
68820  39.757  -15.933  -17.845 0.3000000119
68809  39.967  -16.116  -17.188 0.3000000119
33764  43.004  -51.416  -2.942 0.4000000060
35732  40.098  -48.684  1.932 0.4000000060
35773  41.466  -49.766  0.072 0.4000000060
34779  42.726  -50.759  -2.152 0.4000000060
34762  42.117  -50.370  -0.805 0.4000000060
34810  44.854  -51.620  -4.313 0.4000000060
33778  43.888  -51.836  -3.985 0.4000000060
34798  43.562  -51.367  -3.189 0.4000000060
32869  50.073  -52.854  -9.960 0.3000000119
112416  48.961  -52.897  -9.308 0.3000000119
32838  47.547  -53.425  -7.977 0.3000000119
33817  47.211  -52.812  -7.136 0.3000000119
33818  46.355  -52.907  -6.933 0.3000000119
32826  44.920  -52.285  -5.542 0.3000000119
32870  49.210  -52.986  -9.981 0.3000000119
34865  48.091  -51.199  -9.627 0.3000000119
35850  47.529  -48.482  -7.301 0.3000000119
131689  47.856  -50.308  -8.862 0.3000000119
38453  46.058  -45.147  -4.295 0.4000000060
37663  46.011  -46.098  -4.764 0.4000000060
36758  46.796  -47.197  -5.949 0.3000000119
36773  46.273  -47.889  -6.377 0.3000000119
39348  45.937  -44.130  -3.915 0.4000000060
112000  31.334  -39.426  -11.902 0.6000000238
66681  41.155  -18.984  -14.399 0.3000000119
66698  41.098  -18.093  -15.518 0.3000000119
67735  40.625  -17.350  -15.872 0.3000000119
68808  40.145  -16.546  -16.326 0.3000000119
127509  39.892  -16.809  -15.282 0.3000000119
33853  49.442  -51.796  -10.450 0.3000000119
36645  39.766  -47.922  1.534 0.4000000060
37607  41.334  -46.263  0.019 0.5000000000
36743  42.915  -48.791  -3.438 0.4000000060
34866  47.272  -51.229  -9.002 0.3000000119
65715  42.124  -19.382  -15.640 0.3000000119
65748  37.852  -19.460  -20.108 0.3000000119
67781  39.935  -17.475  -19.182 0.3000000119
67782  39.135  -17.423  -19.727 0.3000000119
69817  39.453  -15.746  -16.443 0.3000000119
35706  39.629  -48.904  2.431 0.3000000119
34713  40.747  -49.344  1.665 0.3000000119
31014  35.075  -52.872  -8.570 0.6000000238
31939  34.502  -52.762  -8.114 0.6999999881
116235  34.095  -53.030  -7.544 0.6999999881
131474  41.519  -49.934  0.428 0.3000000119
29906  37.126  -55.121  4.623 0.3000000119
29887  37.127  -54.361  5.015 0.3000000119
32845  33.104  -51.581  -6.053 0.6999999881
115962  39.990  -49.326  2.999 0.3000000119
32844  33.681  -51.947  -6.921 0.6999999881
31927  33.581  -52.855  -7.007 0.6999999881
120431  40.948  -49.390  2.224 0.3000000119
34712  41.159  -49.608  1.507 0.3000000119
31940  34.135  -52.223  -7.937 0.6999999881
34730  41.571  -49.780  0.972 0.3000000119
35785  43.500  -49.542  -1.146 0.3000000119
128926  42.154  -49.665  0.758 0.3000000119
34745  41.925  -50.183  0.031 0.3000000119
35803  44.173  -49.425  -1.876 0.3000000119
34760  43.185  -50.384  -1.710 0.3000000119
34744  42.336  -50.204  -0.582 0.3000000119
30854  37.545  -52.576  5.400 0.3000000119
32830  33.172  -50.555  -6.079 0.6999999881
34669  39.582  -49.569  3.609 0.3000000119
33706  38.309  -50.152  3.978 0.3000000119
112954  33.626  -50.973  -7.007 0.6999999881
34691  40.706  -49.258  3.018 0.3000000119
34711  41.532  -49.185  2.120 0.3000000119
35754  42.706  -49.441  0.103 0.3000000119
34761  42.640  -50.334  -1.168 0.3000000119
36724  45.291  -48.389  -2.197 0.3000000119
32708  37.863  -51.595  5.101 0.4000000060
33808  32.368  -50.042  -5.610 0.6999999881
33684  39.587  -50.281  4.784 0.3000000119
33705  39.159  -49.978  4.178 0.3000000119
133454  41.216  -49.097  2.880 0.3000000119
34668  40.423  -49.434  3.739 0.3000000119
33821  33.529  -50.028  -7.110 0.6999999881
35730  42.791  -48.577  1.096 0.3000000119
34778  43.355  -50.790  -2.470 0.3000000119
127665  45.502  -49.670  -3.314 0.3000000119
34777  44.611  -49.955  -2.753 0.3000000119
34844  33.131  -49.604  -6.249 0.6999999881
34645  40.867  -49.620  4.556 0.3000000119
34843  33.272  -49.134  -7.310 0.6999999881
35688  42.783  -48.562  3.552 0.3000000119
34690  41.929  -48.716  3.231 0.3000000119
34796  45.729  -50.160  -3.929 0.3000000119
34644  41.864  -49.486  4.733 0.3000000119
35856  33.095  -48.352  -8.012 0.6999999881
34797  44.638  -50.894  -3.545 0.3000000119
38465  46.906  -45.760  -5.073 0.3000000119
30010  35.922  -53.960  -8.959 0.5000000000
30004  34.065  -54.216  -7.313 0.6999999881
30011  35.218  -53.662  -8.371 0.6000000238
126420  34.757  -54.120  -7.740 0.6000000238
31013  35.753  -53.103  -9.247 0.6000000238
112540  32.298  -52.110  -5.770 0.6999999881
30886  37.307  -53.503  5.340 0.3000000119
32831  32.102  -51.158  -5.596 0.6999999881
31822  38.309  -52.308  5.705 0.4000000060
34829  32.431  -49.189  -5.833 0.6999999881
32685  38.934  -51.604  5.591 0.4000000060
32707  38.757  -50.733  4.765 0.4000000060
33683  40.325  -50.201  5.099 0.3000000119
122877  41.327  -50.241  5.312 0.3000000119
33665  41.915  -50.775  5.558 0.3000000119
121357  40.380  -49.169  2.385 0.3000000119
35846  32.441  -48.508  -6.117 0.6999999881
31002  34.466  -53.494  -7.798 0.6000000238
32684  39.930  -51.701  6.068 0.3000000119
30007  41.196  -54.723  -9.873 0.5000000000
31016  38.670  -53.675  -10.586 0.5000000000
30013  39.771  -54.663  -10.778 0.5000000000
31011  40.759  -53.658  -9.634 0.4000000060
25377  33.249  -59.261  -4.724 0.4000000060
24391  32.149  -60.179  -3.794 0.5000000000
30016  39.811  -53.898  -10.744 0.4000000060
31015  40.471  -53.515  -10.288 0.5000000000
30014  38.519  -54.403  -10.453 0.5000000000
23453  30.098  -61.644  -4.062 0.4000000060
22481  29.470  -62.258  -4.296 0.4000000060
25367  32.596  -59.423  -3.965 0.5000000000
31012  36.585  -53.403  -9.782 0.4000000060
121011  28.430  -62.114  -4.630 0.4000000060
22482  28.815  -62.921  -4.417 0.4000000060
122477  30.519  -60.953  -3.821 0.4000000060
25368  31.830  -59.383  -3.599 0.5000000000
24392  31.478  -59.995  -3.603 0.4000000060
26349  33.281  -58.281  -4.553 0.5000000000
28128  33.798  -56.371  -5.354 0.4000000060
29032  34.726  -54.795  -7.251 0.4000000060
29006  34.208  -55.358  -6.497 0.4000000060
30003  35.432  -54.373  -8.032 0.4000000060
22483  27.729  -62.938  -4.666 0.4000000060
23463  24.795  -62.769  -5.497 0.4000000060
24403  29.785  -60.250  -4.199 0.4000000060
24414  26.000  -60.359  -5.830 0.4000000060
26343  31.289  -58.558  -3.744 0.5000000000
25369  30.909  -59.343  -3.692 0.4000000060
25386  26.436  -59.414  -5.732 0.4000000060
26342  32.231  -58.658  -3.756 0.5000000000
26359  27.406  -57.760  -5.313 0.4000000060
119450  27.015  -58.612  -5.558 0.4000000060
27247  33.110  -57.249  -4.395 0.5000000000
28121  33.146  -56.419  -4.809 0.5000000000
27259  27.399  -56.900  -5.339 0.4000000060
111349  27.585  -56.335  -5.715 0.4000000060
120616  33.658  -56.971  -4.979 0.5000000000
130009  33.198  -55.933  -5.308 0.6000000238
111664  25.853  -62.487  -5.520 0.4000000060
124071  25.267  -61.475  -5.730 0.4000000060
23455  28.200  -61.213  -5.096 0.4000000060
26351  30.140  -58.470  -4.096 0.5000000000
25379  29.967  -59.426  -4.132 0.4000000060
24413  26.964  -60.303  -5.620 0.4000000060
130066  31.792  -57.797  -3.860 0.5000000000
121783  27.833  -58.728  -5.231 0.4000000060
25385  27.420  -59.494  -5.468 0.4000000060
132945  32.309  -57.206  -4.009 0.5000000000
29007  32.772  -55.529  -5.793 0.5000000000
29010  27.733  -55.843  -6.070 0.4000000060
29018  33.181  -55.181  -6.451 0.6000000238
29033  33.678  -54.757  -6.908 0.6000000238
25380  29.099  -59.576  -4.634 0.4000000060
126881  27.410  -61.012  -5.483 0.4000000060
24412  27.877  -60.340  -5.313 0.4000000060
121318  28.552  -58.958  -4.906 0.4000000060
111226  31.392  -56.807  -4.174 0.5000000000
27251  28.737  -57.339  -4.772 0.4000000060
27252  27.951  -57.306  -5.045 0.4000000060
29001  32.515  -55.852  -4.982 0.5000000000
28130  28.659  -55.913  -5.736 0.4000000060
31003  33.559  -53.695  -7.186 0.6000000238
126043  33.327  -54.341  -7.021 0.6000000238
29989  32.789  -54.693  -6.735 0.6000000238
23456  27.250  -62.037  -5.244 0.4000000060
25381  28.269  -59.591  -5.083 0.4000000060
27249  30.775  -57.668  -4.071 0.5000000000
128739  29.220  -58.033  -4.508 0.5000000000
116265  30.343  -56.922  -4.386 0.5000000000
28124  29.370  -56.603  -4.898 0.5000000000
29002  31.569  -55.921  -4.747 0.5000000000
28123  30.508  -56.223  -4.765 0.5000000000
28129  29.741  -55.911  -5.315 0.5000000000
29008  31.839  -55.444  -5.616 0.6000000238
29022  29.202  -55.142  -6.272 0.5000000000
29023  28.262  -55.302  -6.313 0.4000000060
30988  32.796  -53.459  -6.602 0.6000000238
30989  32.660  -54.171  -6.860 0.6000000238
29020  31.234  -55.025  -6.223 0.6000000238
29009  30.656  -55.533  -5.528 0.5000000000
127652  29.656  -55.461  -5.804 0.5000000000
29990  31.786  -54.509  -6.535 0.6000000238
29991  30.679  -54.482  -6.460 0.6000000238
29021  30.173  -54.980  -6.164 0.5000000000
30990  31.865  -53.853  -6.561 0.6000000238
34845  29.859  -49.822  -6.123 0.5000000000
33810  30.361  -50.488  -5.876 0.6000000238
128870  30.051  -51.160  -6.171 0.5000000000
32832  30.887  -51.226  -5.695 0.6000000238
32847  30.296  -51.898  -6.199 0.6000000238
112176  29.695  -52.446  -6.700 0.5000000000
30993  29.300  -53.785  -6.846 0.5000000000
30992  30.190  -53.957  -6.687 0.5000000000
29992  29.720  -54.477  -6.526 0.5000000000
29993  28.817  -54.572  -6.608 0.5000000000
34831  30.727  -49.705  -5.723 0.5000000000
35858  30.346  -48.484  -6.029 0.5000000000
35847  31.818  -48.699  -5.800 0.6000000238
33809  31.327  -50.352  -5.560 0.6000000238
127807  30.575  -53.547  -6.581 0.6000000238
114309  29.930  -53.268  -6.741 0.5000000000
32846  31.340  -52.093  -5.733 0.6000000238
31930  30.654  -52.860  -6.295 0.6000000238
30008  37.811  -54.739  -9.838 0.4000000060
30002  36.283  -54.715  -8.449 0.4000000060
30015  37.584  -53.852  -10.175 0.4000000060
114311  31.173  -53.517  -6.413 0.6000000238
29034  41.309  -54.875  -10.818 0.5000000000
29036  39.063  -56.038  -10.403 0.5000000000
29039  40.991  -55.293  -11.048 0.5000000000
29041  38.904  -55.208  -10.421 0.5000000000
26350  32.882  -58.742  -4.109 0.5000000000
129099  29.659  -60.942  -4.236 0.4000000060
24404  28.847  -60.463  -4.744 0.4000000060
131171  25.744  -59.705  -5.839 0.4000000060
26352  29.229  -58.763  -4.557 0.4000000060
30991  31.024  -54.020  -6.630 0.6000000238
24416  24.398  -61.125  -5.631 0.3000000119
26360  26.596  -57.850  -5.546 0.3000000119
24415  25.071  -60.132  -5.882 0.3000000119
28131  26.801  -56.574  -5.691 0.3000000119
25387  25.481  -59.049  -5.831 0.3000000119
27261  26.015  -57.207  -5.575 0.3000000119
26362  24.748  -58.361  -5.563 0.3000000119
21546  28.225  -63.623  -4.525 0.4000000060
23454  29.103  -61.422  -4.467 0.4000000060
23462  26.486  -61.266  -5.662 0.4000000060
24402  30.707  -60.143  -3.744 0.4000000060
25335  37.712  -58.911  -1.617 0.5000000000
25337  35.812  -59.255  -1.988 0.6000000238
26303  36.321  -58.704  -0.391 0.5000000000
26314  38.348  -58.131  -1.335 0.5000000000
26353  28.375  -58.094  -4.884 0.4000000060
26361  25.720  -58.023  -5.627 0.3000000119
27200  36.351  -57.638  0.735 0.5000000000
27212  37.837  -57.692  0.037 0.5000000000
27248  32.654  -57.984  -4.026 0.5000000000
27250  29.735  -57.497  -4.398 0.5000000000
27260  26.816  -57.144  -5.458 0.3000000119
28045  37.424  -56.835  3.010 0.4000000060
28066  36.969  -57.170  2.248 0.3000000119
28067  36.239  -56.782  2.013 0.5000000000
28085  35.586  -56.517  0.383 0.5000000000
28103  35.208  -57.104  -1.681 0.6999999881
28112  35.264  -56.974  -2.526 0.5000000000
28122  32.386  -56.469  -4.347 0.5000000000
28911  37.391  -55.795  4.158 0.3000000119
29019  32.251  -55.079  -6.345 0.6000000238
29028  40.045  -55.757  -7.955 0.5000000000
29035  41.351  -55.627  -10.656 0.5000000000
29888  36.547  -54.551  4.247 0.4000000060
29925  35.930  -54.835  3.350 0.4000000060
29982  36.662  -54.169  -5.096 0.6999999881
30009  36.820  -54.307  -9.394 0.4000000060
30012  40.709  -54.355  -10.810 0.5000000000
30911  35.480  -53.741  2.119 0.6000000238
31010  41.048  -54.278  -10.458 0.4000000060
31019  40.110  -53.633  -10.667 0.4000000060
31020  39.371  -53.284  -10.606 0.6000000238
31876  35.370  -52.231  0.149 0.6000000238
31894  35.562  -52.202  -2.403 0.8000000119
31900  36.156  -52.192  -3.946 0.8000000119
31901  35.842  -52.905  -3.605 0.8000000119
31909  36.619  -52.199  -4.629 0.8000000119
31928  32.968  -52.548  -6.232 0.6000000238
31929  31.881  -53.015  -6.009 0.6999999881
31931  29.202  -52.931  -7.014 0.5000000000
31938  39.390  -52.398  -8.011 0.6000000238
31963  39.899  -53.085  -10.470 0.6000000238
32825  45.716  -52.535  -6.079 0.3000000119
32827  44.866  -52.248  -5.831 0.3000000119
32840  45.949  -52.951  -7.005 0.3000000119
32856  49.688  -52.626  -9.188 0.3000000119
32857  48.372  -53.046  -8.474 0.3000000119
32859  45.951  -52.723  -7.371 0.3000000119
32873  46.685  -53.172  -8.301 0.3000000119
32875  37.774  -51.795  -9.333 0.6999999881
32886  34.040  -50.581  -9.350 0.8000000119
33666  40.573  -50.872  5.700 0.3000000119
33667  39.687  -50.862  5.425 0.4000000060
33707  37.580  -50.269  3.714 0.4000000060
33720  36.276  -50.694  3.170 0.4000000060
33788  45.247  -52.110  -5.055 0.4000000060
33791  37.362  -49.807  -5.386 0.8000000119
33831  46.258  -52.490  -8.110 0.3000000119
33833  37.653  -50.758  -7.218 0.8999999762
33836  33.652  -50.399  -8.387 0.8000000119
33843  48.323  -52.358  -10.045 0.3000000119
33848  33.928  -50.093  -9.524 0.8000000119
34646  39.995  -49.812  4.341 0.3000000119
34666  42.357  -48.914  4.117 0.3000000119
34667  41.322  -49.107  3.796 0.3000000119
34731  41.116  -49.662  0.852 0.3000000119
34747  35.590  -49.821  -0.212 0.6999999881
34782  35.798  -50.089  -1.890 0.6000000238
34830  31.620  -49.478  -5.620 0.6000000238
34855  33.360  -49.071  -8.993 0.8000000119
34876  34.523  -50.021  -9.709 0.8000000119
34877  34.220  -49.778  -9.730 0.8000000119
35731  42.128  -49.034  1.590 0.3000000119
35757  37.103  -48.005  0.890 0.6000000238
35772  42.963  -49.835  -0.609 0.3000000119
35833  37.149  -48.737  -4.372 0.8000000119
35848  31.015  -48.943  -5.765 0.5000000000
36646  38.879  -47.688  1.465 0.5000000000
36686  41.659  -47.090  -0.520 0.5000000000
36707  36.535  -47.672  -1.688 0.6999999881
36726  42.165  -48.687  -1.914 0.4000000060
36762  37.119  -47.416  -5.270 0.8000000119
36764  31.994  -47.973  -6.000 0.6000000238
36776  32.788  -47.558  -7.120 0.8000000119
36778  31.500  -47.383  -6.049 0.6999999881
36800  33.723  -47.540  -10.292 0.8999999762
37611  37.501  -46.485  -0.587 0.6999999881
37704  33.200  -46.960  -10.122 1.0000000000
37708  33.928  -46.215  -11.419 1.0000000000
37717  41.988  -47.701  -13.580 1.0000000000
37718  41.967  -47.785  -13.717 1.0000000000
37719  41.979  -47.828  -13.773 1.0000000000
37720  41.991  -47.840  -13.755 1.0000000000
38399  39.417  -45.221  -0.132 0.6999999881
38454  44.715  -46.132  -4.192 0.4000000060
38478  32.070  -45.727  -6.395 0.6000000238
38501  33.441  -46.066  -9.595 0.8999999762
38518  42.156  -47.483  -12.985 1.0000000000
38521  42.212  -47.334  -13.455 1.0000000000
38522  41.473  -46.826  -13.288 1.0000000000
38523  42.200  -46.979  -13.557 1.0000000000
38524  41.904  -46.956  -13.643 1.0000000000
39298  40.624  -44.543  -0.446 0.6999999881
39317  38.596  -44.530  -1.490 0.6999999881
39371  36.487  -44.654  -6.881 0.8000000119
39373  31.356  -44.952  -6.574 0.6000000238
39383  33.958  -44.386  -7.947 0.8999999762
39429  35.892  -44.819  -11.603 1.0000000000
39437  41.004  -46.356  -12.101 1.0000000000
39443  42.488  -46.521  -13.323 1.0000000000
39444  41.849  -45.763  -13.578 1.0000000000
40371  40.495  -43.288  -1.265 0.6000000238
40381  43.793  -43.041  -2.261 0.5000000000
40392  38.849  -42.943  -3.246 0.6999999881
40399  47.137  -43.848  -4.907 0.3000000119
40403  37.781  -43.745  -4.768 0.6999999881
40438  34.239  -43.656  -7.975 0.8999999762
40439  33.734  -43.810  -7.503 0.8999999762
40440  33.101  -43.589  -7.214 0.8999999762
40475  35.693  -43.576  -11.024 0.8999999762
40488  35.274  -44.453  -11.625 0.8999999762
40496  37.018  -44.350  -12.566 1.0000000000
40504  42.302  -45.741  -13.451 1.0000000000
41485  43.560  -42.419  -2.652 0.5000000000
41506  45.466  -42.729  -4.363 0.6000000238
41523  37.703  -42.744  -5.977 0.6999999881
41540  37.816  -42.530  -6.905 0.8000000119
41603  43.480  -42.847  -10.256 0.6999999881
41611  42.880  -43.364  -11.854 1.0000000000
41618  42.694  -42.478  -13.178 1.0000000000
42580  38.772  -41.695  -5.053 0.6999999881
42591  39.555  -41.052  -5.957 0.8000000119
42621  39.405  -41.944  -7.986 0.8000000119
42636  32.698  -41.891  -8.176 0.8999999762
42645  36.469  -41.451  -9.386 1.0000000000
42682  42.858  -41.193  -14.432 1.0000000000
43719  34.701  -41.104  -8.657 0.8999999762
43731  43.108  -40.629  -9.576 0.6000000238
43735  33.081  -40.711  -9.381 0.8000000119
43746  35.473  -39.990  -9.922 0.8999999762
43781  42.783  -40.172  -14.605 1.0000000000
44805  33.138  -39.394  -11.791 0.6999999881
44813  43.242  -40.068  -13.892 1.0000000000
44833  42.042  -39.632  -14.786 1.0000000000
45828  43.509  -37.643  -6.042 0.5000000000
45847  40.724  -38.234  -7.796 0.4000000060
45868  40.550  -38.300  -9.393 0.5000000000
45896  33.297  -38.400  -12.689 0.6000000238
45915  41.275  -39.081  -14.947 1.0000000000
45917  39.876  -38.605  -15.177 1.0000000000
45918  39.103  -38.555  -14.890 1.0000000000
45920  40.040  -37.997  -15.275 0.8999999762
46846  41.698  -37.080  -5.881 0.5000000000
46920  35.482  -37.691  -12.568 0.8000000119
46931  40.942  -37.927  -13.962 0.8999999762
47855  43.099  -36.419  -5.563 0.5000000000
48893  42.906  -35.137  -5.400 0.3000000119
48929  39.479  -35.264  -10.695 0.5000000000
48971  37.376  -35.061  -14.539 0.6999999881
50175  39.435  -34.597  -11.152 0.5000000000
50190  35.215  -34.528  -13.427 0.5000000000
50206  37.868  -34.057  -15.255 0.8000000119
51169  40.477  -33.240  -6.455 0.3000000119
51187  40.141  -33.449  -7.350 0.3000000119
51198  39.536  -33.137  -9.620 0.3000000119
51237  39.065  -33.277  -14.538 0.8000000119
51245  37.738  -33.355  -15.235 0.6999999881
52185  38.983  -32.586  -14.628 0.6999999881
52186  38.541  -32.730  -14.852 0.6000000238
52992  39.848  -31.357  -9.360 0.3000000119
53021  40.410  -31.128  -13.217 0.4000000060
53031  40.290  -31.286  -13.905 0.4000000060
53047  38.941  -31.970  -14.693 0.5000000000
54063  40.604  -30.007  -14.080 0.5000000000
54064  39.215  -30.538  -14.888 0.5000000000
55065  40.406  -29.552  -10.679 0.3000000119
55077  41.244  -29.520  -12.120 0.3000000119
55088  41.894  -28.891  -12.587 0.3000000119
56146  43.001  -27.707  -11.939 0.3000000119
56175  41.623  -28.489  -13.278 0.3000000119
57157  40.511  -27.456  -8.727 0.3000000119
57194  40.710  -27.028  -10.814 0.3000000119
57210  43.957  -26.711  -11.869 0.3000000119
57234  42.758  -27.729  -12.383 0.3000000119
57250  41.476  -27.796  -13.508 0.4000000060
58217  42.519  -26.787  -11.502 0.3000000119
58235  43.754  -26.728  -12.211 0.3000000119
59296  44.436  -25.285  -11.861 0.3000000119
59311  44.523  -25.408  -12.075 0.3000000119
59321  44.245  -25.489  -12.607 0.3000000119
59322  43.703  -25.464  -13.148 0.3000000119
60332  40.594  -25.110  -8.756 0.3000000119
60381  44.081  -24.610  -11.803 0.3000000119
60395  44.532  -24.654  -12.092 0.3000000119
61532  40.844  -23.716  -11.055 0.3000000119
61555  44.325  -23.991  -12.523 0.3000000119
61556  44.057  -23.516  -12.529 0.3000000119
62627  42.724  -22.356  -12.898 0.3000000119
63665  41.471  -21.131  -12.554 0.3000000119
63673  43.027  -22.206  -13.842 0.3000000119
63693  42.023  -20.969  -15.575 0.3000000119
64660  41.665  -20.379  -13.637 0.4000000060
64670  42.363  -20.712  -14.538 0.4000000060
64688  41.027  -20.320  -16.253 0.3000000119
64700  41.938  -19.839  -16.257 0.3000000119
64703  39.686  -19.658  -16.965 0.3000000119
65705  42.053  -19.470  -14.834 0.3000000119
65722  42.046  -19.562  -16.215 0.3000000119
65730  41.555  -19.185  -17.659 0.3000000119
65738  39.916  -19.249  -18.400 0.3000000119
65744  38.246  -19.702  -19.373 0.3000000119
66733  40.303  -18.286  -18.930 0.3000000119
66738  38.867  -18.224  -19.970 0.3000000119
67746  41.481  -18.026  -17.350 0.3000000119
68819  40.469  -16.504  -17.926 0.3000000119
68830  40.281  -16.809  -18.673 0.3000000119
113902  35.318  -54.269  -0.817 0.6000000238
115136  41.698  -18.634  -15.999 0.3000000119
115710  35.317  -54.873  -0.484 0.6999999881
116042  39.979  -30.897  -10.943 0.4000000060
116697  35.732  -53.024  3.340 0.5000000000
116741  26.288  -58.559  -5.678 0.4000000060
117046  35.391  -52.954  -1.136 0.6000000238
117360  40.371  -30.800  -14.179 0.5000000000
117367  39.050  -28.860  -14.118 0.4000000060
117506  42.025  -34.912  -5.351 0.3000000119
118404  43.426  -35.760  -5.548 0.4000000060
118991  42.038  -28.128  -11.902 0.3000000119
119708  41.012  -36.913  -6.164 0.4000000060
120004  40.536  -39.078  -15.055 1.0000000000
120359  41.954  -46.980  -12.317 1.0000000000
120892  37.428  -45.218  -4.527 0.8000000119
121296  32.915  -48.939  -6.372 0.6999999881
121370  39.143  -34.823  -14.681 0.8000000119
123218  37.544  -52.429  -10.171 0.8000000119
126042  41.940  -26.143  -13.639 0.3000000119
126057  37.090  -52.059  4.909 0.4000000060
126270  36.505  -52.094  4.354 0.5000000000
126559  43.684  -23.337  -13.657 0.3000000119
126912  33.660  -55.707  -5.838 0.6000000238
127105  41.493  -38.411  -14.045 0.8999999762
127919  28.201  -56.690  -5.244 0.4000000060
128048  41.302  -50.940  5.739 0.3000000119
128395  39.312  -52.251  -9.706 0.6000000238
129555  46.280  -43.205  -6.584 0.6000000238
129657  41.169  -29.996  -12.480 0.4000000060
129863  39.522  -37.713  -15.273 1.0000000000
129956  37.541  -53.201  -5.740 0.6999999881
130475  46.626  -45.266  -4.669 0.3000000119
130828  35.548  -55.185  1.861 0.5000000000
131328  40.248  -37.802  -9.721 0.5000000000
131499  40.177  -29.873  -14.367 0.4000000060
131679  41.909  -21.702  -15.453 0.3000000119
131787  35.434  -51.599  0.352 0.6000000238
131978  35.628  -42.170  -8.760 1.0000000000
132319  45.642  -50.583  -7.510 0.3000000119
132623  35.667  -49.474  0.549 0.6000000238
132765  36.706  -33.249  -15.067 0.6000000238
132972  40.242  -31.533  -7.921 0.4000000060
133103  36.125  -54.050  -4.453 0.6000000238
133114  44.849  -48.384  -1.697 0.3000000119
133152  30.262  -49.185  -5.948 0.5000000000
133353  41.647  -18.525  -17.826 0.3000000119
