#!ascii label  , from subject sub-v1s13x0050015_ses-1 vox2ras=TkReg
1715
26213  31.597  -58.173  5.252 0.8999999762
122659  31.791  -58.787  4.982 0.8000000119
26228  32.632  -58.260  4.079 0.8000000119
24299  32.232  -60.363  3.695 0.6999999881
25286  32.290  -59.673  2.535 0.8000000119
26214  30.758  -58.149  5.478 0.8999999762
27129  32.436  -57.630  4.441 1.0000000000
27149  32.619  -57.423  3.766 1.0000000000
27162  32.573  -58.231  3.117 0.8999999762
26264  32.543  -59.099  2.967 0.8000000119
25297  31.777  -59.406  1.817 0.8000000119
26265  32.137  -58.814  2.389 0.8999999762
24331  31.471  -59.979  1.258 0.8000000119
25314  31.086  -59.701  0.643 0.6999999881
24342  31.099  -60.526  0.645 0.6999999881
26216  28.921  -58.087  5.316 0.8000000119
27114  30.438  -57.379  5.735 0.8999999762
27992  30.096  -56.577  6.031 0.8999999762
27115  29.473  -57.300  5.702 0.8999999762
27131  27.245  -58.097  4.921 0.8999999762
27130  32.051  -57.487  5.034 0.8999999762
28022  32.321  -56.553  3.516 1.0000000000
27163  31.927  -57.905  2.229 0.8999999762
28069  31.530  -57.019  2.002 1.0000000000
27179  31.282  -57.687  1.457 0.8999999762
26274  31.565  -58.542  1.644 0.8999999762
25298  31.321  -59.148  1.076 0.8000000119
25327  30.033  -59.587  -0.733 0.6999999881
124114  30.636  -55.986  6.063 0.8999999762
27993  29.117  -56.471  5.963 0.8999999762
130350  28.295  -56.376  5.816 0.8999999762
27117  26.959  -57.328  5.181 0.8999999762
27991  31.003  -56.655  5.844 0.8999999762
119759  31.993  -56.092  4.903 0.8999999762
28048  31.751  -56.227  2.554 1.0000000000
27180  30.652  -57.491  0.814 0.8000000119
26292  30.385  -58.109  0.174 0.8000000119
116853  29.807  -58.891  -0.777 0.8000000119
27225  29.104  -57.750  -1.488 0.8000000119
26318  28.869  -58.555  -1.609 0.8000000119
27226  28.472  -57.887  -1.997 0.8000000119
28879  28.668  -55.720  6.131 0.8999999762
27995  26.726  -56.648  5.355 0.8999999762
28008  25.441  -56.830  4.935 0.8999999762
28877  30.716  -55.216  6.089 0.8999999762
27996  26.060  -56.179  5.281 0.8999999762
123298  25.326  -56.060  4.917 0.8000000119
123946  24.800  -57.409  4.586 0.8000000119
116154  31.412  -55.807  5.596 0.8999999762
28882  25.604  -55.330  5.078 0.6999999881
28009  24.742  -56.467  4.609 0.6999999881
28023  23.918  -56.920  4.232 0.6999999881
28894  31.898  -55.224  4.715 0.8999999762
119838  23.524  -56.016  3.839 0.6999999881
28049  22.179  -56.783  3.094 0.6999999881
114008  31.947  -55.228  3.634 1.0000000000
28025  22.768  -55.940  3.322 0.6000000238
129725  32.045  -55.836  3.297 1.0000000000
29928  31.280  -54.716  2.119 1.0000000000
28939  31.171  -55.462  1.915 1.0000000000
28086  30.354  -56.166  1.120 1.0000000000
124610  30.314  -56.769  0.803 0.8999999762
28952  30.549  -55.590  1.397 1.0000000000
28966  29.776  -55.402  0.393 0.8999999762
28087  29.833  -56.193  0.452 0.8000000119
27202  30.056  -57.157  0.280 0.8000000119
27215  29.577  -57.637  -0.892 0.8000000119
28985  28.938  -56.154  -1.694 0.8000000119
28105  28.689  -57.068  -1.827 0.8000000119
28113  28.200  -56.446  -2.177 0.8000000119
129519  28.429  -55.744  -2.237 0.8000000119
28114  27.327  -56.626  -2.424 0.8000000119
28878  29.765  -55.661  6.257 0.8999999762
118624  27.782  -55.822  5.862 0.8999999762
29861  29.982  -54.689  6.363 0.8999999762
28859  29.028  -54.916  6.338 0.8999999762
28860  28.089  -55.037  6.168 0.8999999762
28881  26.408  -55.267  5.484 0.8999999762
28876  31.398  -54.806  5.564 0.8999999762
28895  24.840  -55.486  4.470 0.6999999881
29889  31.754  -54.292  4.899 0.8999999762
28914  24.070  -55.326  3.871 0.6000000238
29907  31.889  -54.501  3.984 1.0000000000
28953  22.158  -55.244  2.234 0.5000000000
29927  31.698  -54.615  3.009 1.0000000000
29942  22.192  -54.395  2.005 0.5000000000
121883  30.973  -54.232  1.698 1.0000000000
29941  30.507  -54.836  1.421 1.0000000000
28965  29.966  -55.441  0.989 1.0000000000
29949  29.802  -55.058  -0.058 0.8999999762
28096  29.638  -56.812  -0.452 0.8000000119
29956  29.898  -54.983  -0.918 0.8999999762
28984  29.500  -55.537  -1.372 0.8000000119
28104  29.457  -56.271  -1.115 0.8000000119
29962  29.718  -54.710  -1.706 0.8999999762
29967  29.432  -54.431  -2.245 0.8000000119
114030  29.351  -53.928  -2.573 0.8999999762
29969  28.099  -55.066  -2.703 0.8000000119
29972  27.211  -54.605  -3.165 0.8000000119
30966  27.213  -53.709  -3.506 0.8000000119
29973  26.243  -54.341  -3.485 0.8000000119
28880  27.234  -55.145  5.835 0.8999999762
29860  30.799  -54.341  6.065 0.8999999762
30857  30.115  -53.863  6.323 0.8999999762
29863  25.984  -54.519  5.252 0.6999999881
30855  31.391  -53.187  5.411 0.8999999762
29891  24.574  -54.634  3.900 0.6999999881
29908  23.844  -54.559  3.442 0.6000000238
28940  22.686  -55.164  2.863 0.6000000238
113473  24.293  -54.012  3.469 0.6999999881
30903  23.708  -53.738  2.981 0.6000000238
128237  23.114  -53.957  2.602 0.5000000000
30913  31.509  -53.962  2.394 1.0000000000
30915  23.305  -53.206  2.444 0.5000000000
30916  22.721  -53.746  2.218 0.5000000000
111382  30.560  -54.074  1.189 1.0000000000
30938  30.740  -53.828  0.363 1.0000000000
29948  30.036  -54.700  0.660 1.0000000000
29961  30.297  -54.243  -1.299 0.8999999762
30937  31.446  -53.086  0.644 1.0000000000
30952  31.281  -53.060  -1.215 0.8999999762
30946  30.856  -53.756  -0.767 0.8999999762
30954  29.969  -53.880  -2.148 0.8999999762
30953  30.655  -53.485  -1.647 0.8999999762
30960  29.576  -53.189  -2.889 0.8999999762
30964  28.796  -52.991  -3.529 0.8999999762
30965  28.162  -53.518  -3.388 0.8999999762
30959  30.416  -53.024  -2.408 0.8999999762
31902  29.495  -52.381  -3.631 0.8999999762
31903  27.915  -52.932  -3.866 0.8999999762
32807  28.914  -51.412  -4.444 0.8999999762
29840  29.296  -54.118  6.397 0.8999999762
29841  28.405  -54.238  6.365 0.8999999762
29862  26.727  -54.435  5.703 0.8999999762
30836  27.865  -53.512  6.387 0.8999999762
30858  26.939  -53.466  5.988 1.0000000000
113505  26.326  -53.851  5.445 0.8000000119
31798  30.091  -53.080  6.216 0.8999999762
29890  25.283  -54.465  4.541 0.6999999881
115441  31.882  -53.645  4.227 0.8999999762
125231  31.867  -52.968  4.830 0.8999999762
30889  25.293  -53.571  4.319 0.6999999881
30902  24.368  -53.221  3.295 0.6999999881
30914  23.960  -52.735  2.644 0.5000000000
30912  31.892  -53.372  3.184 1.0000000000
31851  23.604  -52.407  2.084 0.5000000000
30929  22.899  -52.875  2.012 0.5000000000
30927  31.688  -53.180  2.229 1.0000000000
31863  31.489  -53.031  1.444 1.0000000000
31877  31.980  -52.317  1.089 1.0000000000
30945  31.481  -53.184  -0.312 1.0000000000
31886  32.049  -52.533  0.062 1.0000000000
32769  32.409  -51.785  0.385 1.0000000000
31889  31.802  -52.461  -0.824 0.8999999762
31895  30.810  -52.237  -2.405 0.8999999762
32794  30.438  -51.385  -2.892 0.8999999762
32865  25.631  -50.885  -7.488 0.6999999881
33839  25.059  -50.152  -7.641 0.8000000119
32850  24.640  -51.334  -6.465 0.8000000119
33825  24.497  -50.508  -6.801 0.8000000119
31797  30.789  -52.711  5.788 0.8999999762
116515  29.907  -52.182  6.011 1.0000000000
31777  29.229  -52.824  6.331 1.0000000000
31800  27.817  -52.100  6.030 1.0000000000
31801  26.871  -52.366  5.707 0.6999999881
30859  26.229  -53.075  5.341 0.6999999881
31842  32.141  -52.799  4.013 0.8999999762
31796  31.519  -52.292  5.288 0.8999999762
30901  24.961  -52.929  3.806 0.6999999881
31849  32.172  -52.614  3.001 1.0000000000
31824  32.098  -52.288  4.647 0.8999999762
32758  23.202  -51.853  1.228 0.4000000060
116563  32.007  -52.465  2.025 1.0000000000
124101  32.192  -51.118  -0.721 1.0000000000
33758  31.458  -50.637  -1.719 1.0000000000
33757  31.846  -50.724  -1.094 1.0000000000
33796  25.326  -50.194  -5.215 0.8999999762
32863  27.280  -51.507  -7.581 0.6000000238
113451  26.478  -50.959  -7.737 0.6000000238
33838  26.070  -50.309  -7.963 0.8000000119
33840  24.385  -49.983  -7.180 0.8000000119
32820  24.490  -51.170  -5.981 0.8999999762
32819  24.922  -51.221  -5.310 0.8999999762
32711  32.037  -51.466  4.903 0.8999999762
123923  30.766  -51.994  5.692 0.8999999762
31825  26.582  -51.642  4.902 0.8000000119
30888  25.617  -52.786  4.542 0.6999999881
31826  25.330  -52.078  3.712 0.6999999881
32745  25.176  -51.460  2.013 0.6000000238
127005  24.499  -51.006  1.415 0.4000000060
32744  32.476  -51.864  2.754 1.0000000000
32733  32.439  -51.912  3.906 0.8999999762
32754  32.379  -51.763  1.818 1.0000000000
123443  32.423  -51.615  1.119 1.0000000000
32768  32.697  -51.077  0.698 1.0000000000
32777  32.554  -51.118  -0.099 1.0000000000
33748  32.235  -50.334  -0.531 1.0000000000
34750  31.077  -49.142  -1.057 1.0000000000
129862  26.639  -50.620  -4.634 0.8999999762
34817  26.477  -49.214  -4.673 0.8999999762
34818  25.569  -49.299  -5.040 0.8999999762
35849  23.885  -48.657  -6.239 0.8999999762
34819  24.892  -49.380  -5.545 0.8999999762
113561  28.551  -49.135  -6.890 0.6000000238
34847  28.284  -49.966  -7.303 0.6000000238
33837  27.062  -50.523  -7.895 0.6000000238
34857  26.698  -49.765  -8.010 0.8000000119
34858  25.515  -49.499  -7.895 0.8000000119
34848  24.016  -49.299  -6.772 0.8999999762
32687  30.258  -51.373  5.703 0.8999999762
31799  28.803  -52.077  6.075 0.8999999762
32690  27.408  -51.496  5.377 0.6999999881
33670  29.748  -50.557  5.520 0.8999999762
32689  28.312  -51.388  5.635 0.8999999762
127438  25.896  -51.860  4.358 0.6000000238
32710  32.515  -51.114  4.254 1.0000000000
33686  32.159  -50.559  4.713 1.0000000000
32686  31.165  -51.430  5.470 1.0000000000
32714  25.718  -51.434  3.632 0.6000000238
121514  25.419  -51.459  2.862 0.6000000238
122372  25.481  -50.911  1.925 0.5000000000
32732  32.715  -51.162  3.437 1.0000000000
33722  33.057  -50.478  3.114 1.0000000000
32743  32.725  -51.140  2.444 1.0000000000
33739  33.072  -50.406  1.096 1.0000000000
33747  32.809  -50.359  0.251 1.0000000000
34748  32.588  -49.504  -0.070 1.0000000000
115824  31.289  -48.685  -0.577 1.0000000000
35789  30.405  -48.661  -1.613 1.0000000000
34767  31.109  -49.675  -1.861 1.0000000000
35807  29.953  -48.607  -2.521 1.0000000000
34784  29.799  -49.352  -3.091 1.0000000000
35823  28.980  -48.098  -3.233 1.0000000000
35824  28.388  -48.279  -3.711 0.8999999762
34801  29.090  -49.063  -3.658 0.8999999762
33794  27.164  -50.021  -4.587 0.8999999762
35837  24.756  -48.622  -5.160 0.8999999762
35861  23.659  -48.763  -6.819 0.8999999762
35859  29.599  -48.021  -6.321 0.6000000238
122465  29.445  -48.997  -6.316 0.6000000238
35860  28.183  -48.285  -7.131 0.6000000238
113580  27.895  -49.185  -7.462 0.6000000238
35870  24.418  -48.851  -7.547 0.8000000119
33669  30.582  -50.161  5.355 0.8999999762
33671  28.741  -50.655  5.415 0.6999999881
32712  27.109  -50.941  4.653 0.6000000238
33690  26.815  -50.364  4.174 0.6000000238
34673  32.351  -49.666  4.532 0.8999999762
33709  26.305  -50.381  3.514 0.6000000238
33710  25.928  -50.411  2.765 0.5000000000
33708  32.771  -50.468  4.029 1.0000000000
34672  33.094  -49.731  3.726 0.8999999762
34718  33.296  -49.670  1.638 1.0000000000
34734  33.171  -49.585  0.677 1.0000000000
35775  32.026  -48.640  -0.206 1.0000000000
35776  31.116  -47.801  -0.193 1.0000000000
35777  30.524  -48.286  -0.699 1.0000000000
35790  29.616  -47.837  -1.749 1.0000000000
35808  29.387  -47.917  -2.627 1.0000000000
36755  26.818  -47.445  -3.866 0.8999999762
35835  26.634  -48.356  -4.346 0.8999999762
35836  25.606  -48.479  -4.670 0.8999999762
36766  23.719  -47.344  -5.154 0.8999999762
114203  29.841  -47.140  -6.412 0.6000000238
131253  28.861  -48.385  -6.621 0.6000000238
36781  28.155  -47.409  -7.150 0.6000000238
36790  27.605  -47.805  -7.344 0.6999999881
36791  26.969  -47.326  -7.379 0.6999999881
36792  26.026  -47.689  -7.469 0.6999999881
36794  23.626  -48.397  -6.920 0.8000000119
36782  23.771  -47.440  -6.223 0.8999999762
36779  30.566  -47.654  -6.135 0.6000000238
37698  26.095  -46.794  -7.265 0.6999999881
36793  24.640  -47.918  -7.340 0.8000000119
111384  25.224  -46.329  -6.817 0.8999999762
33689  27.536  -50.251  4.631 0.6999999881
34652  26.615  -49.737  3.914 0.6000000238
34647  31.381  -49.134  4.874 0.8999999762
34633  29.824  -49.821  5.306 0.8000000119
34649  29.446  -49.242  5.091 0.6999999881
129128  32.109  -48.871  4.623 0.8000000119
34697  33.311  -49.729  2.718 1.0000000000
35709  33.310  -48.942  3.309 0.8000000119
34696  33.430  -48.910  2.244 0.8999999762
35737  33.429  -48.815  1.194 1.0000000000
35760  32.919  -48.600  0.407 1.0000000000
35761  32.127  -47.785  0.197 1.0000000000
36671  31.378  -46.991  0.209 1.0000000000
36692  29.695  -46.940  -0.237 1.0000000000
36708  29.360  -47.084  -1.054 1.0000000000
36729  28.981  -47.142  -1.956 1.0000000000
116280  28.286  -47.469  -3.224 1.0000000000
130959  26.792  -46.926  -3.656 0.8999999762
36747  25.968  -46.857  -3.898 0.8999999762
36756  25.598  -47.584  -4.210 0.8999999762
37668  24.283  -46.631  -4.886 0.8999999762
37676  23.989  -46.763  -5.558 0.8999999762
125081  30.842  -45.836  -6.404 0.6000000238
37697  26.938  -46.321  -7.408 0.6999999881
38493  25.888  -45.716  -7.389 0.6999999881
33688  28.286  -50.089  5.001 0.6999999881
34651  27.190  -49.786  4.322 0.6000000238
34648  30.443  -49.376  5.143 0.8000000119
131025  29.991  -48.908  5.059 0.8000000119
117888  28.694  -48.861  4.845 0.6999999881
123977  27.887  -49.450  4.676 0.6999999881
35708  33.493  -48.150  2.847 0.6999999881
36647  33.442  -47.209  1.457 0.8000000119
36669  33.040  -47.171  0.801 0.8000000119
116353  32.815  -47.759  0.558 0.8000000119
37594  32.651  -46.588  0.446 0.8000000119
36670  32.303  -47.159  0.439 0.8999999762
37595  31.819  -46.613  0.278 0.8999999762
36690  30.380  -46.823  0.074 1.0000000000
37631  29.641  -46.524  -0.821 1.0000000000
36730  28.429  -46.786  -2.741 1.0000000000
37660  27.896  -46.480  -3.322 1.0000000000
38422  29.475  -46.050  -1.509 1.0000000000
37650  29.104  -46.503  -1.791 1.0000000000
36746  27.494  -46.990  -3.386 1.0000000000
37667  27.013  -46.534  -3.781 1.0000000000
125934  26.228  -46.307  -4.176 0.8999999762
38459  25.963  -45.794  -4.729 0.8999999762
111746  25.242  -46.454  -4.412 0.8999999762
38460  25.093  -45.994  -5.131 0.8999999762
37686  30.065  -46.399  -6.471 0.6000000238
37687  29.231  -46.552  -6.735 0.6000000238
37696  27.707  -46.785  -7.300 0.6999999881
38468  24.627  -46.160  -5.605 0.8999999762
124991  24.829  -45.904  -6.454 0.8999999762
39390  27.054  -44.731  -8.204 0.6999999881
38494  24.843  -45.401  -7.044 0.8999999762
128481  24.416  -44.563  -7.272 0.8999999762
35676  30.530  -48.662  4.906 0.6999999881
35677  29.631  -48.423  4.890 0.6000000238
36607  28.742  -47.919  4.740 0.6000000238
35679  27.073  -49.028  4.323 0.6000000238
36617  32.462  -47.479  4.344 0.6999999881
36605  30.498  -47.799  4.748 0.6000000238
36616  33.065  -47.206  3.844 0.6999999881
36615  33.420  -47.518  3.299 0.6999999881
36629  33.613  -47.252  2.496 0.6999999881
38387  33.093  -46.043  0.225 0.8000000119
37612  32.059  -46.205  0.070 0.8000000119
38403  31.557  -45.849  -0.287 0.8000000119
37613  30.962  -46.254  0.146 0.8000000119
128119  30.252  -45.887  -1.067 1.0000000000
38421  31.307  -45.605  -1.088 0.8000000119
39345  29.609  -45.423  -3.705 1.0000000000
37651  28.596  -46.279  -2.754 1.0000000000
38450  27.656  -46.073  -3.801 1.0000000000
38456  28.919  -45.481  -3.981 1.0000000000
38449  28.294  -45.978  -3.491 1.0000000000
39354  27.589  -44.957  -4.767 1.0000000000
39363  27.274  -44.335  -5.397 1.0000000000
39355  26.582  -45.045  -5.040 1.0000000000
39356  25.439  -45.089  -5.388 0.8999999762
38480  28.751  -45.911  -7.081 0.6000000238
38461  24.862  -45.466  -5.671 0.8999999762
38479  29.644  -45.755  -6.755 0.6000000238
38491  28.257  -45.365  -7.620 0.6999999881
39375  24.389  -44.241  -6.723 0.8999999762
39389  27.962  -44.565  -8.162 0.6999999881
39403  26.270  -44.173  -8.359 0.6999999881
39404  25.017  -43.961  -8.221 0.8999999762
37544  28.381  -47.159  4.688 0.5000000000
36604  31.559  -47.616  4.618 0.6000000238
119301  29.997  -46.971  4.613 0.5000000000
115995  32.592  -46.831  4.259 0.6999999881
37541  31.888  -46.863  4.571 0.6999999881
37564  33.763  -46.450  2.789 0.6999999881
37553  33.471  -46.820  3.327 0.6999999881
38386  33.796  -45.540  0.689 0.6999999881
38402  32.653  -45.791  -0.370 0.8000000119
39320  32.987  -45.048  -1.755 0.8000000119
38436  31.956  -45.125  -1.867 0.8000000119
39333  32.656  -44.781  -2.539 0.8000000119
39334  31.742  -45.096  -2.781 0.8000000119
38446  30.804  -45.400  -2.950 0.8999999762
38447  29.860  -45.640  -3.015 1.0000000000
39343  31.512  -44.932  -3.648 0.8000000119
39344  30.505  -45.121  -3.878 0.8999999762
39352  29.651  -44.797  -4.364 1.0000000000
39353  28.740  -44.848  -4.548 1.0000000000
129835  28.193  -44.901  -4.664 1.0000000000
119246  26.894  -43.557  -5.915 1.0000000000
39364  26.049  -44.247  -5.680 0.8999999762
132684  25.240  -44.464  -5.836 0.8999999762
40421  24.305  -43.821  -6.656 0.8999999762
41531  25.014  -42.924  -6.583 0.8999999762
41547  23.731  -42.984  -7.165 0.8999999762
39374  30.116  -44.857  -6.863 0.6000000238
39388  29.323  -44.412  -7.534 0.6000000238
40462  25.983  -43.324  -8.646 0.8000000119
40464  24.149  -43.283  -7.858 0.8999999762
124924  30.827  -44.269  -6.903 0.6000000238
40459  28.859  -43.292  -8.397 0.6999999881
39402  27.127  -43.910  -8.485 0.6999999881
40463  24.946  -43.103  -8.372 0.8000000119
41564  23.838  -42.995  -7.535 0.8999999762
40461  27.045  -42.944  -8.860 0.6999999881
41587  24.715  -42.553  -8.017 0.8999999762
37542  30.934  -46.935  4.635 0.5000000000
37543  29.515  -46.209  4.589 0.5000000000
37555  32.304  -46.155  4.425 0.6999999881
123734  30.408  -46.195  4.604 0.5000000000
37554  33.053  -46.411  3.945 0.6999999881
38365  34.006  -45.657  2.591 0.6999999881
38356  33.588  -45.991  3.428 0.6999999881
115840  34.365  -44.967  2.037 0.6999999881
39280  34.338  -44.960  1.209 0.6999999881
39301  34.092  -44.820  -0.577 0.6999999881
38401  33.547  -45.411  -0.116 0.6999999881
39332  33.561  -44.565  -2.309 0.8000000119
116608  32.369  -44.609  -3.348 0.8000000119
39351  31.194  -44.394  -4.350 0.8000000119
113117  30.436  -44.434  -4.508 0.8999999762
40418  28.847  -43.617  -5.515 1.0000000000
40419  27.929  -43.667  -5.687 1.0000000000
40396  32.050  -44.211  -4.058 0.8000000119
40407  30.718  -43.668  -4.910 0.8000000119
41527  29.212  -42.812  -5.851 0.8999999762
41528  28.433  -43.045  -5.898 1.0000000000
41529  27.603  -42.897  -6.155 1.0000000000
41543  28.479  -42.271  -6.349 0.8999999762
41530  26.332  -42.679  -6.410 1.0000000000
114493  25.887  -43.449  -6.172 1.0000000000
42597  25.325  -42.181  -6.938 1.0000000000
41563  24.381  -42.676  -7.485 0.8999999762
40444  28.713  -44.087  -8.095 0.6999999881
43695  25.179  -41.065  -7.961 0.8999999762
39387  30.086  -43.990  -7.312 0.6000000238
40443  29.449  -43.703  -7.880 0.6000000238
42625  25.183  -41.660  -8.274 0.8999999762
40460  28.014  -43.612  -8.522 0.6999999881
132292  27.283  -42.386  -9.115 0.6999999881
114734  26.095  -42.513  -8.945 0.6999999881
41586  25.564  -41.741  -9.211 0.8000000119
41585  26.554  -42.147  -9.274 0.6999999881
42639  24.855  -41.066  -9.037 0.8000000119
42654  24.837  -40.614  -9.306 0.8999999762
41598  26.303  -41.414  -9.782 0.6999999881
38358  31.796  -45.258  4.577 0.5000000000
115604  33.715  -45.068  3.436 0.6999999881
38357  32.950  -45.394  4.177 0.5000000000
39279  34.485  -44.380  1.617 0.6999999881
39289  34.627  -44.263  0.918 0.6999999881
40335  34.574  -43.561  1.550 0.6999999881
39300  34.718  -44.090  -0.018 0.6999999881
39318  34.557  -44.201  -1.081 0.6999999881
39331  34.330  -44.185  -1.983 0.6999999881
40388  33.983  -43.998  -2.774 0.8000000119
39342  33.202  -44.323  -3.063 0.8000000119
40394  33.580  -43.715  -3.456 0.8000000119
40395  32.833  -43.976  -3.723 0.8000000119
40406  31.652  -43.553  -4.618 0.8000000119
41512  33.105  -42.722  -4.460 0.8000000119
41524  31.699  -42.134  -5.385 0.8000000119
41515  30.575  -42.967  -5.403 0.8000000119
41542  29.537  -42.041  -6.245 0.8999999762
41544  27.303  -42.080  -6.585 1.0000000000
42596  31.235  -41.557  -5.916 0.8000000119
41525  30.882  -42.284  -5.612 0.8000000119
41545  26.278  -41.869  -6.823 1.0000000000
42609  26.904  -41.331  -7.040 1.0000000000
41562  30.549  -42.884  -7.935 0.6000000238
42610  25.757  -41.307  -7.405 1.0000000000
41583  29.158  -42.507  -8.729 0.6999999881
41596  28.622  -41.883  -9.286 0.6999999881
43710  24.862  -40.555  -8.496 0.8999999762
43709  25.222  -40.192  -7.771 1.0000000000
41597  27.452  -41.845  -9.487 0.6999999881
42652  27.293  -41.211  -10.041 0.8000000119
42669  26.110  -40.791  -9.977 0.8000000119
40343  34.830  -43.598  0.765 0.6999999881
41449  34.846  -42.865  1.076 0.6999999881
40356  35.000  -43.412  -0.659 0.6999999881
40373  34.851  -43.543  -1.558 0.6999999881
124320  35.058  -42.818  -2.749 0.6999999881
40393  34.333  -43.365  -3.196 0.6999999881
41502  33.860  -43.104  -3.887 0.8000000119
40404  33.191  -43.412  -3.992 0.8000000119
42584  32.558  -42.061  -5.104 0.8000000119
42583  33.440  -41.922  -4.871 0.8000000119
42595  32.157  -41.379  -5.704 0.8000000119
119431  29.914  -41.379  -6.617 0.8999999762
42607  29.025  -41.486  -6.673 0.8999999762
122066  30.773  -41.095  -6.524 0.8000000119
124168  29.440  -41.011  -6.971 0.8999999762
42608  28.025  -41.474  -6.847 0.8999999762
41582  30.105  -42.379  -8.573 0.6000000238
43722  28.674  -40.049  -8.105 0.8999999762
43707  28.138  -40.377  -7.627 0.8999999762
42624  26.372  -40.547  -7.432 1.0000000000
41581  31.053  -42.327  -8.370 0.6000000238
131597  25.941  -39.807  -7.643 0.8999999762
42666  28.865  -40.777  -10.430 0.6999999881
45863  25.551  -39.064  -8.820 0.8999999762
42668  26.860  -40.821  -10.389 0.8000000119
43738  25.465  -40.633  -9.752 0.8999999762
44796  26.081  -39.366  -9.962 0.8000000119
112093  35.048  -43.135  0.261 0.6999999881
41463  35.284  -42.522  -0.283 0.6999999881
131449  35.125  -43.019  -1.958 0.6999999881
41501  34.631  -42.731  -3.606 0.6999999881
41500  35.222  -42.335  -3.294 0.6999999881
42582  34.432  -41.627  -4.752 0.6999999881
122470  31.277  -40.652  -6.733 0.8000000119
43694  30.141  -40.845  -7.027 0.8000000119
43693  30.794  -40.639  -6.995 0.8000000119
43705  30.416  -40.373  -7.575 0.8000000119
123200  26.985  -40.063  -7.623 0.8999999762
41595  29.598  -41.837  -9.164 0.6000000238
43721  29.642  -40.167  -8.068 0.8000000119
44771  29.239  -39.605  -8.601 0.8999999762
43723  27.483  -39.736  -8.036 0.8999999762
43708  26.271  -39.455  -7.918 0.8999999762
42638  30.600  -41.668  -9.139 0.6000000238
42650  29.194  -41.299  -9.794 0.6999999881
45862  26.169  -38.903  -9.039 0.8999999762
42667  27.861  -40.778  -10.481 0.6999999881
45875  26.107  -39.010  -9.417 0.8000000119
43765  27.088  -39.800  -11.287 0.6999999881
44795  26.398  -39.535  -10.795 0.8000000119
41462  35.600  -41.966  -0.853 0.6999999881
42566  35.878  -41.548  -2.331 0.6999999881
42574  35.700  -41.692  -3.333 0.6999999881
43692  31.945  -40.393  -6.696 0.8000000119
44750  31.954  -40.011  -7.171 0.8000000119
119590  31.306  -39.535  -8.283 0.8000000119
44770  30.363  -39.765  -8.355 0.8000000119
44783  28.646  -38.848  -9.193 0.8999999762
127830  29.954  -41.319  -9.693 0.6000000238
45861  27.287  -38.675  -9.231 0.8999999762
42665  29.748  -40.797  -10.327 0.6999999881
43751  29.467  -40.266  -10.978 0.6999999881
121791  27.259  -37.872  -9.716 0.8999999762
43764  28.136  -39.969  -11.446 0.6999999881
120195  26.718  -38.891  -11.490 0.8000000119
45881  26.365  -37.776  -10.802 0.8000000119
44810  27.664  -39.360  -11.798 0.6999999881
45887  26.337  -37.751  -11.606 0.8000000119
45888  26.386  -38.558  -10.874 0.8000000119
45900  27.141  -38.397  -12.237 0.8000000119
42553  35.821  -41.372  -1.421 0.6999999881
43672  36.186  -40.926  -2.816 0.6000000238
43737  31.064  -40.663  -10.385 0.6000000238
44782  29.842  -39.143  -9.078 0.8000000119
45873  28.340  -38.013  -9.612 0.8999999762
130013  27.901  -38.353  -9.415 0.8999999762
43750  30.380  -40.306  -10.860 0.6000000238
46892  27.645  -37.148  -9.968 0.8999999762
43763  29.149  -39.963  -11.451 0.8000000119
46893  26.588  -37.216  -10.429 0.8999999762
44823  29.129  -39.225  -12.216 0.6999999881
45901  26.471  -37.312  -12.240 0.8000000119
46927  26.555  -36.413  -12.381 0.8000000119
43762  30.002  -39.842  -11.395 0.6999999881
45872  29.467  -38.381  -9.584 0.8000000119
44807  30.471  -39.493  -11.779 0.5000000000
44808  29.657  -39.581  -11.755 0.6000000238
44822  30.064  -39.207  -12.154 0.6000000238
47891  27.006  -36.526  -10.543 0.8000000119
45899  29.426  -38.668  -12.715 0.6000000238
46924  29.894  -37.984  -13.118 0.6000000238
46926  27.208  -37.478  -12.775 0.6999999881
112579  27.368  -36.605  -12.999 0.8000000119
46905  26.212  -37.151  -11.238 0.8000000119
46925  28.478  -37.522  -13.150 0.6000000238
46891  28.984  -37.463  -9.975 0.8000000119
47899  28.999  -35.783  -10.661 0.8000000119
124283  27.867  -35.532  -10.951 0.8999999762
44821  30.921  -39.179  -12.242 0.6000000238
47917  27.264  -35.659  -12.785 0.8000000119
47907  26.707  -35.652  -12.093 0.8000000119
48937  27.410  -35.251  -11.652 0.8000000119
47916  28.093  -36.167  -13.296 0.6000000238
46904  29.670  -36.906  -10.442 0.8000000119
48936  28.394  -34.979  -11.219 0.8000000119
45898  30.453  -38.765  -12.648 0.6000000238
46937  30.659  -37.342  -13.262 0.6000000238
48943  27.501  -35.243  -12.418 0.8000000119
46938  29.329  -36.803  -13.402 0.6000000238
48950  27.770  -35.039  -12.926 0.6999999881
50177  28.057  -34.716  -12.029 0.8000000119
48961  29.472  -35.182  -13.670 0.6000000238
48962  28.639  -34.661  -13.441 0.6000000238
50196  28.736  -33.906  -13.360 0.6999999881
47927  31.196  -36.563  -13.354 0.6000000238
47928  30.023  -36.148  -13.590 0.6000000238
48934  31.005  -35.567  -10.788 0.8000000119
45910  32.053  -37.824  -13.043 0.6000000238
48935  29.705  -35.031  -10.866 0.8000000119
46923  32.698  -37.946  -12.933 0.5000000000
51217  28.764  -33.528  -12.419 0.8000000119
50171  28.827  -34.161  -11.581 0.8000000119
47926  32.175  -37.049  -13.023 0.6000000238
46936  31.573  -37.386  -13.154 0.6000000238
51223  29.111  -33.167  -13.208 0.6000000238
47915  33.365  -36.680  -12.701 0.5000000000
114189  31.826  -36.003  -13.290 0.6000000238
50195  29.520  -34.194  -13.712 0.6000000238
116633  32.504  -35.348  -13.215 0.6000000238
119772  31.549  -35.132  -13.519 0.6000000238
50194  30.760  -34.305  -13.756 0.6000000238
121256  30.011  -33.252  -13.856 0.6000000238
50169  30.863  -33.950  -11.279 0.8000000119
50170  29.890  -34.257  -11.237 0.8000000119
111379  31.771  -33.638  -11.326 0.8000000119
51210  31.046  -33.101  -11.652 0.6999999881
133201  30.166  -33.142  -11.837 0.6999999881
48959  32.668  -36.384  -12.927 0.6000000238
51222  29.661  -32.484  -13.591 0.6000000238
52173  30.063  -31.883  -13.873 0.6000000238
51216  29.426  -32.913  -12.498 0.6999999881
112324  33.573  -35.042  -13.077 0.5000000000
51233  29.919  -32.299  -13.920 0.6000000238
123093  33.693  -34.028  -13.469 0.5000000000
50193  31.824  -34.366  -13.579 0.6000000238
51232  31.015  -33.313  -14.037 0.6000000238
50191  34.365  -34.397  -13.331 0.5000000000
51209  32.608  -33.632  -11.198 0.6999999881
52157  31.197  -32.371  -12.014 0.6000000238
52172  30.354  -31.525  -13.660 0.6000000238
52158  30.243  -32.511  -12.328 0.6000000238
53033  30.775  -31.001  -14.011 0.6000000238
53024  31.207  -31.209  -13.155 0.6000000238
51229  34.004  -33.324  -13.840 0.5000000000
51230  32.964  -33.223  -13.981 0.6000000238
52171  32.618  -32.179  -14.544 0.6000000238
51231  31.721  -32.495  -14.359 0.6000000238
52184  30.356  -31.599  -14.205 0.6000000238
53023  31.613  -30.749  -13.789 0.6000000238
51241  34.526  -32.759  -14.374 0.6000000238
52170  33.547  -32.410  -14.412 0.6000000238
51240  35.385  -33.134  -14.481 0.5000000000
52180  35.312  -32.272  -14.706 0.5000000000
52179  36.285  -32.664  -14.875 0.4000000060
53040  35.880  -31.929  -14.759 0.5000000000
52156  32.135  -32.259  -11.856 0.6000000238
53011  32.157  -31.462  -12.359 0.6000000238
52182  31.930  -31.423  -14.703 0.6000000238
54070  31.973  -30.866  -14.616 0.6000000238
120368  32.159  -30.751  -12.978 0.6000000238
52181  32.887  -31.376  -14.820 0.6000000238
53042  33.157  -30.558  -14.911 0.6000000238
53041  35.061  -31.218  -14.798 0.6000000238
113156  35.969  -31.238  -14.670 0.5000000000
53050  36.693  -32.125  -14.818 0.4000000060
54066  37.349  -30.631  -14.350 0.4000000060
54069  32.691  -30.467  -14.689 0.6000000238
54046  32.500  -30.417  -13.665 0.5000000000
54036  32.911  -30.446  -12.938 0.5000000000
53010  33.010  -31.054  -12.329 0.5000000000
53043  32.282  -30.844  -14.815 0.6000000238
54054  33.044  -30.094  -14.335 0.5000000000
54068  35.033  -30.106  -14.854 0.6000000238
54067  36.190  -30.411  -14.546 0.5000000000
55108  37.763  -29.873  -14.098 0.4000000060
54035  33.735  -30.435  -12.404 0.4000000060
121763  34.185  -29.482  -15.008 0.6000000238
55111  34.167  -28.907  -14.756 0.5000000000
126735  35.464  -29.349  -14.740 0.4000000060
132413  35.021  -28.713  -14.839 0.6000000238
56177  34.308  -28.356  -14.467 0.4000000060
55109  36.542  -29.582  -14.360 0.4000000060
116660  37.060  -28.742  -14.078 0.4000000060
56176  34.638  -27.716  -14.305 0.4000000060
56187  35.638  -28.445  -14.591 0.4000000060
56188  34.675  -28.283  -14.652 0.4000000060
113962  38.188  -29.240  -13.923 0.4000000060
118946  36.186  -27.628  -14.337 0.4000000060
55081  35.154  -29.472  -12.076 0.4000000060
56166  34.846  -27.693  -13.556 0.4000000060
57255  35.176  -27.342  -14.381 0.4000000060
58255  38.497  -27.000  -13.368 0.4000000060
123774  37.146  -27.884  -13.985 0.4000000060
57265  36.764  -27.080  -14.155 0.4000000060
56152  34.940  -28.612  -12.756 0.4000000060
57235  35.545  -26.514  -13.666 0.4000000060
57236  34.976  -26.932  -14.115 0.4000000060
59325  38.166  -26.140  -13.671 0.3000000119
57266  35.894  -26.724  -14.291 0.4000000060
57254  35.516  -26.554  -14.115 0.4000000060
57216  35.503  -27.298  -13.047 0.4000000060
32833  24.349  -51.825  -6.085 0.8000000119
123815  24.442  -52.037  -5.620 0.8999999762
32808  25.626  -51.685  -4.748 0.8999999762
123957  24.787  -52.166  -4.978 0.8999999762
31904  25.803  -52.905  -4.250 0.8999999762
32785  31.182  -51.442  -2.131 0.8999999762
33767  30.844  -50.482  -2.415 1.0000000000
31911  28.711  -52.206  -4.252 0.8999999762
32795  30.004  -51.771  -3.583 0.8999999762
117565  29.939  -51.003  -3.744 0.8999999762
34783  30.453  -49.477  -2.484 1.0000000000
31912  27.632  -52.267  -4.345 0.8999999762
32806  29.517  -51.635  -4.173 0.8999999762
33793  28.404  -50.704  -4.509 0.8999999762
33768  30.133  -50.295  -3.018 1.0000000000
118118  26.558  -51.323  -4.597 0.8999999762
34815  28.279  -49.109  -4.185 0.8999999762
54045  33.280  -29.956  -13.471 0.4000000060
55091  33.853  -29.166  -14.185 0.4000000060
54044  33.915  -29.663  -13.012 0.4000000060
54034  34.560  -29.996  -12.204 0.4000000060
27113  31.331  -57.429  5.526 0.8999999762
27150  32.221  -57.213  2.868 1.0000000000
26305  30.333  -58.943  -0.308 0.8000000119
27116  28.419  -57.213  5.539 0.8999999762
28913  32.181  -55.935  4.118 1.0000000000
27203  29.864  -57.605  -0.255 0.8000000119
29859  31.366  -53.961  5.527 0.8999999762
29955  30.302  -54.456  -0.360 0.8999999762
28978  29.599  -55.765  -0.434 0.8000000119
28992  29.065  -55.176  -2.134 0.8000000119
28993  27.641  -55.874  -2.504 0.8000000119
30928  31.173  -53.662  1.625 1.0000000000
29968  28.844  -54.417  -2.623 0.8999999762
29971  28.085  -54.178  -3.073 0.8000000119
30973  26.873  -52.932  -4.060 0.8999999762
32817  28.109  -51.566  -4.502 0.8999999762
30835  28.755  -53.490  6.428 0.8999999762
31778  28.298  -52.775  6.383 1.0000000000
31843  24.719  -52.192  2.933 0.6000000238
31864  23.923  -51.837  1.576 0.4000000060
31850  24.384  -51.952  2.013 0.4000000060
32784  31.768  -51.512  -1.264 1.0000000000
31932  24.513  -52.431  -6.149 0.6999999881
34860  23.872  -49.383  -7.112 0.8000000119
114457  25.830  -50.839  -4.818 0.8999999762
33797  24.781  -50.275  -5.842 0.8999999762
33672  27.890  -50.776  5.130 0.6999999881
32755  25.022  -51.013  1.676 0.4000000060
123759  27.432  -50.904  -4.558 0.8999999762
36767  23.867  -48.140  -5.441 0.8999999762
36783  23.641  -48.097  -6.128 0.8999999762
119944  27.241  -49.155  -7.754 0.6999999881
35868  26.893  -48.339  -7.599 0.6999999881
34634  29.075  -49.940  5.268 0.8000000119
33687  31.444  -49.910  5.059 0.8999999762
36691  29.766  -47.748  -0.758 1.0000000000
123512  28.864  -49.939  -4.291 0.8999999762
35834  27.589  -48.319  -4.076 0.8999999762
34816  27.417  -49.157  -4.427 0.8999999762
122308  28.040  -49.888  -4.480 0.8999999762
116297  24.459  -47.807  -4.698 0.8999999762
35689  32.810  -48.933  4.154 0.8000000119
35691  26.377  -49.097  3.840 0.5000000000
114204  24.599  -47.035  -4.298 0.8999999762
120402  33.081  -48.081  3.814 0.6999999881
35736  33.518  -48.060  1.807 0.8000000119
35759  33.334  -47.956  0.949 0.8999999762
130067  27.606  -45.207  -7.916 0.6999999881
38482  24.505  -45.027  -6.725 0.8999999762
39391  26.020  -44.812  -7.966 0.8000000119
35678  27.900  -48.555  4.655 0.6000000238
35675  31.376  -48.381  4.727 0.8000000119
36606  29.591  -47.628  4.722 0.6000000238
37578  33.746  -46.442  1.962 0.6999999881
37593  33.441  -46.375  0.981 0.6999999881
38438  29.936  -45.631  -2.007 1.0000000000
39393  24.153  -43.950  -7.180 0.8999999762
115698  29.125  -47.025  4.673 0.6000000238
36608  27.831  -47.709  4.649 0.5000000000
38376  34.000  -45.673  1.566 0.6999999881
38437  30.932  -45.287  -1.913 0.8999999762
39290  34.205  -44.829  0.356 0.6999999881
38419  33.317  -45.368  -0.976 0.8000000119
41546  24.272  -42.598  -7.005 0.8999999762
133162  31.046  -44.825  4.468 0.5000000000
122346  34.125  -44.801  2.757 0.6999999881
40417  29.833  -43.438  -5.385 0.8999999762
41513  32.123  -42.780  -4.838 0.8000000119
41514  31.289  -42.899  -5.173 0.8000000119
44785  24.785  -39.912  -8.891 0.8999999762
39261  32.365  -44.538  4.404 0.5000000000
39259  33.797  -44.168  3.208 0.6999999881
40387  34.627  -43.508  -2.392 0.6999999881
41541  30.411  -41.792  -6.115 0.8999999762
42622  28.628  -40.929  -7.144 0.8999999762
43753  27.477  -40.341  -10.942 0.8000000119
43754  26.596  -40.282  -10.632 0.8000000119
41476  35.266  -42.796  -1.187 0.6999999881
41490  35.530  -42.162  -2.724 0.6999999881
43691  32.946  -40.262  -6.424 0.8000000119
45874  26.389  -38.171  -9.842 0.8999999762
41475  35.554  -42.276  -1.879 0.6999999881
121752  28.253  -38.517  -12.679 0.6999999881
118776  28.116  -36.389  -10.436 0.8999999762
47930  28.010  -35.172  -13.194 0.6999999881
47929  28.837  -35.628  -13.522 0.6000000238
50182  28.455  -33.997  -12.982 0.8000000119
51234  29.395  -33.111  -13.525 0.6000000238
51211  29.553  -33.565  -11.751 0.6999999881
50192  32.806  -34.293  -13.456 0.6000000238
52183  30.985  -31.483  -14.562 0.6000000238
54055  32.159  -30.631  -14.300 0.6000000238
56167  34.396  -28.322  -13.845 0.4000000060
56151  35.562  -28.214  -12.413 0.4000000060
59346  37.152  -25.873  -14.213 0.4000000060
31913  26.497  -52.189  -4.465 0.8999999762
20492  27.107  -64.215  7.838 0.4000000060
21390  26.580  -63.506  8.545 0.4000000060
21377  24.448  -63.910  9.587 0.4000000060
21432  28.106  -63.865  6.567 0.4000000060
22322  26.056  -62.732  8.721 0.4000000060
21392  24.796  -63.254  9.250 0.4000000060
21430  29.741  -63.444  4.930 0.3000000119
21406  27.270  -63.304  7.803 0.4000000060
21445  30.271  -63.567  4.108 0.4000000060
21472  30.752  -63.457  2.490 0.4000000060
22414  31.099  -62.851  1.102 0.4000000060
122559  30.884  -62.571  0.235 0.4000000060
22333  26.678  -62.461  8.123 0.5000000000
22324  24.184  -62.621  8.735 0.4000000060
21417  28.499  -63.057  6.536 0.4000000060
22332  27.412  -62.582  7.557 0.4000000060
130724  30.767  -63.087  4.066 0.5000000000
21471  31.248  -62.994  2.683 0.4000000060
22413  31.482  -62.443  1.574 0.4000000060
23393  30.955  -61.699  0.115 0.5000000000
23405  30.334  -61.411  -0.647 0.5000000000
23406  29.855  -60.883  -1.074 0.6000000238
23418  29.834  -61.600  -1.260 0.5000000000
24376  28.528  -60.279  -1.938 0.6000000238
24377  27.875  -60.467  -2.476 0.4000000060
22334  25.695  -62.007  8.392 0.5000000000
22335  24.640  -61.911  8.336 0.5000000000
22336  23.629  -62.055  8.029 0.5000000000
22337  22.679  -62.351  7.642 0.5000000000
22347  28.723  -62.214  6.232 0.6000000238
22348  27.960  -62.224  6.971 0.6000000238
22361  29.842  -62.703  5.275 0.5000000000
22360  30.150  -61.942  5.133 0.6000000238
22375  31.225  -62.571  3.946 0.5000000000
22389  31.431  -62.694  3.180 0.5000000000
115733  31.755  -61.719  1.664 0.4000000060
23392  31.312  -61.359  0.853 0.6000000238
24351  30.644  -60.850  0.007 0.6000000238
24352  30.200  -60.455  -0.631 0.6000000238
24362  29.629  -60.145  -1.160 0.6000000238
25339  28.655  -59.306  -1.739 0.6000000238
26331  28.237  -58.701  -2.125 0.6000000238
122107  28.961  -59.928  -1.548 0.6000000238
25355  28.111  -59.587  -2.203 0.6000000238
26332  27.409  -58.868  -2.554 0.6000000238
26333  26.456  -58.499  -2.860 0.6000000238
23288  26.176  -61.502  7.762 0.5000000000
23289  25.145  -61.320  7.809 0.5000000000
23290  24.144  -61.363  7.613 0.5000000000
21407  21.760  -62.661  7.311 0.5000000000
23319  29.453  -61.325  5.342 0.6000000238
23299  28.166  -61.528  6.400 0.6000000238
119579  30.959  -61.990  4.598 0.6000000238
112067  29.977  -61.018  5.092 0.6000000238
113875  31.804  -62.093  3.315 0.5000000000
24280  31.223  -61.189  4.547 0.6000000238
129168  32.032  -61.028  2.087 0.6000000238
23380  31.605  -60.824  1.418 0.6000000238
120078  26.976  -58.059  -2.582 0.6000000238
27239  26.137  -57.594  -2.716 0.6999999881
23302  25.615  -60.828  7.147 0.6000000238
23291  23.163  -61.542  7.133 0.5000000000
22349  22.172  -61.918  6.926 0.5000000000
114517  28.702  -61.197  5.699 0.6000000238
23300  27.461  -61.281  6.778 0.6000000238
23301  26.585  -60.993  7.058 0.6000000238
23305  22.535  -61.354  6.331 0.5000000000
22363  20.988  -61.895  5.990 0.5000000000
24256  29.164  -60.496  5.136 0.6000000238
24314  32.322  -60.598  2.801 0.6000000238
27238  27.083  -57.381  -2.453 0.6999999881
24241  26.960  -60.594  6.268 0.6000000238
23303  24.641  -60.826  7.081 0.6000000238
122242  23.857  -60.983  6.926 0.6000000238
23320  27.803  -60.799  6.033 0.6000000238
24243  25.103  -60.490  6.294 0.6000000238
24244  24.160  -60.619  6.275 0.6000000238
23321  22.765  -60.882  5.612 0.6000000238
23322  21.494  -61.430  5.454 0.6000000238
24257  28.141  -60.233  5.264 0.6000000238
22377  19.934  -61.951  4.811 0.5000000000
122364  30.072  -60.244  5.010 0.6000000238
23337  20.587  -61.495  4.225 0.6000000238
28115  26.391  -56.801  -2.605 0.6999999881
24258  27.280  -60.227  5.481 0.6000000238
24261  24.598  -60.273  5.264 0.6000000238
25231  28.065  -59.484  4.910 0.6000000238
120377  26.850  -59.834  5.026 0.6000000238
24260  25.613  -60.156  5.441 0.6000000238
24263  23.062  -60.549  4.778 0.6000000238
23335  22.153  -60.908  4.906 0.6000000238
115795  29.634  -59.610  5.091 0.6000000238
24284  22.671  -60.572  3.958 0.6000000238
127787  30.458  -59.512  5.138 0.6000000238
25271  32.352  -59.645  3.914 0.6000000238
28997  26.026  -55.568  -3.138 0.6999999881
116658  25.487  -54.967  -3.474 0.6999999881
121252  28.765  -59.643  5.037 0.6000000238
25233  26.169  -59.663  4.781 0.6999999881
24281  25.292  -59.760  4.585 0.6999999881
25230  31.075  -58.939  5.274 0.6000000238
30968  25.089  -53.525  -4.205 0.6999999881
25251  26.870  -59.319  4.660 0.6999999881
121157  29.299  -58.876  5.214 0.6999999881
122184  28.440  -58.885  4.972 0.6999999881
25252  25.720  -59.171  4.232 0.6999999881
24282  24.553  -59.898  4.254 0.6999999881
115200  23.895  -60.264  4.596 0.6000000238
120661  24.045  -60.030  3.881 0.6999999881
25272  24.225  -59.451  3.619 0.6000000238
24302  23.188  -60.239  3.063 0.5000000000
31915  24.385  -52.844  -5.268 0.8000000119
26217  28.033  -58.123  5.127 0.6999999881
26230  26.772  -58.696  4.589 0.6999999881
26231  26.041  -58.570  4.458 0.6999999881
26232  25.141  -58.452  4.279 0.6999999881
24317  23.044  -60.209  1.943 0.5000000000
26253  24.519  -58.791  3.835 0.6999999881
121079  24.163  -58.008  4.189 0.6000000238
26254  23.749  -58.640  3.494 0.6000000238
44781  30.803  -39.175  -8.951 0.6999999881
42593  34.278  -41.028  -5.329 0.6999999881
43684  32.905  -40.917  -5.777 0.6999999881
44749  32.405  -39.991  -6.924 0.6999999881
42581  35.437  -41.435  -4.307 0.6000000238
43677  35.081  -41.026  -5.060 0.6000000238
44769  32.086  -39.316  -8.139 0.6999999881
120961  31.673  -39.025  -8.852 0.6999999881
119497  31.135  -38.550  -9.506 0.6999999881
46890  30.331  -37.923  -10.015 0.6999999881
43676  35.883  -40.760  -4.661 0.6000000238
43682  34.608  -40.547  -5.690 0.6000000238
44748  33.595  -39.718  -6.834 0.6999999881
45850  32.869  -39.107  -8.031 0.6999999881
121033  36.110  -40.966  -3.791 0.6000000238
46889  31.505  -37.938  -10.086 0.6999999881
47898  30.335  -36.210  -10.622 0.6999999881
118605  35.550  -40.412  -5.424 0.6000000238
44758  35.058  -39.339  -6.812 0.6000000238
45849  33.698  -38.916  -7.953 0.6999999881
45860  32.493  -38.811  -8.722 0.6999999881
46888  32.478  -37.865  -10.047 0.6999999881
46902  31.949  -37.240  -10.426 0.6999999881
47897  31.462  -36.465  -10.634 0.6999999881
43681  36.281  -40.097  -5.018 0.6000000238
44737  35.983  -39.804  -5.780 0.6000000238
45840  35.903  -38.975  -6.814 0.5000000000
132645  34.432  -38.708  -7.902 0.6000000238
45858  33.805  -38.112  -9.201 0.5000000000
46901  32.867  -37.100  -10.372 0.6999999881
48932  33.120  -36.114  -10.591 0.6999999881
48933  31.600  -34.941  -10.927 0.6999999881
115520  41.230  -26.035  -14.073 0.3000000119
58274  40.371  -26.144  -14.038 0.3000000119
56186  38.018  -28.438  -13.581 0.3000000119
20478  26.073  -64.182  9.106 0.4000000060
21376  25.319  -63.978  9.527 0.3000000119
20464  23.125  -64.733  9.666 0.4000000060
112892  27.580  -64.632  6.380 0.3000000119
20479  23.310  -64.027  9.352 0.4000000060
20527  29.604  -64.113  3.802 0.4000000060
116574  22.783  -63.584  8.757 0.4000000060
21473  30.034  -63.974  2.189 0.4000000060
21500  30.569  -63.357  0.602 0.4000000060
22425  30.410  -63.110  -0.390 0.4000000060
22446  30.222  -62.001  -0.995 0.5000000000
118997  28.569  -61.102  -2.151 0.4000000060
21394  22.227  -63.131  8.035 0.4000000060
25356  27.455  -59.729  -2.614 0.5000000000
21408  21.249  -63.575  7.581 0.5000000000
21419  21.034  -62.979  6.822 0.5000000000
22351  20.815  -62.497  6.298 0.5000000000
22364  20.290  -62.423  5.660 0.5000000000
129145  25.566  -56.927  -2.812 0.6000000238
23323  20.705  -61.673  5.191 0.5000000000
23338  19.833  -61.762  3.855 0.4000000060
28995  25.696  -56.289  -2.974 0.6999999881
23347  21.346  -61.106  3.555 0.5000000000
133115  24.654  -53.930  -4.278 0.6999999881
24303  22.330  -60.693  2.885 0.5000000000
30974  24.397  -53.600  -4.796 0.8000000119
30975  24.201  -53.443  -5.570 0.6999999881
24332  22.656  -60.479  1.182 0.5000000000
25299  22.983  -59.899  1.418 0.6000000238
39270  34.266  -44.064  2.365 0.6000000238
44736  36.498  -39.303  -5.302 0.5000000000
45848  36.212  -38.282  -7.240 0.5000000000
46870  35.777  -37.944  -7.932 0.5000000000
46878  34.637  -37.866  -8.958 0.5000000000
48924  34.197  -35.980  -10.406 0.5000000000
50167  33.276  -34.321  -10.874 0.5000000000
59343  41.500  -24.847  -14.319 0.3000000119
59344  40.794  -25.386  -14.210 0.3000000119
58254  39.058  -26.340  -13.326 0.3000000119
25250  31.516  -59.511  4.846 0.6000000238
124043  31.391  -60.367  4.611 0.6000000238
23346  32.078  -61.240  3.473 0.6000000238
27133  25.665  -57.732  4.742 0.8000000119
27237  27.715  -58.022  -2.333 0.6999999881
28994  26.681  -56.074  -2.722 0.6999999881
30967  26.027  -53.584  -3.812 0.6999999881
43683  33.689  -40.663  -5.803 0.6999999881
57251  39.391  -27.200  -13.563 0.3000000119
29984  24.258  -53.897  -5.805 0.6999999881
122984  32.922  -39.761  -6.973 0.6999999881
131350  29.148  -63.803  5.358 0.3000000119
22362  29.227  -63.044  5.797 0.5000000000
22325  23.198  -62.840  8.399 0.5000000000
22447  29.927  -62.614  -1.255 0.3000000119
127537  27.932  -61.313  -2.507 0.4000000060
24316  23.452  -59.912  2.646 0.6000000238
45870  32.056  -38.467  -9.482 0.6999999881
46903  30.915  -37.196  -10.467 0.6999999881
43690  34.016  -40.153  -6.308 0.6999999881
44738  35.038  -39.937  -6.179 0.6000000238
44759  34.225  -39.250  -7.330 0.6999999881
45859  33.325  -38.607  -8.610 0.6999999881
44747  35.690  -39.473  -6.351 0.6000000238
128448  35.223  -38.700  -7.493 0.5000000000
126323  34.153  -38.435  -8.498 0.6000000238
45869  32.943  -38.297  -9.368 0.6999999881
123175  32.062  -35.816  -10.732 0.6999999881
44746  36.325  -39.171  -6.127 0.5000000000
45857  34.957  -38.245  -8.269 0.5000000000
46900  33.780  -36.839  -10.213 0.5000000000
121913  33.696  -35.215  -10.629 0.5000000000
112096  32.674  -35.126  -10.782 0.6999999881
45829  36.759  -38.532  -5.645 0.5000000000
47880  35.781  -36.768  -8.795 0.5000000000
47889  35.461  -36.271  -9.417 0.5000000000
50166  34.209  -34.519  -10.642 0.5000000000
122803  24.495  -54.996  -3.937 0.6000000238
29979  24.185  -54.005  -5.301 0.6000000238
30996  25.928  -53.961  -6.471 0.5000000000
29996  24.868  -54.312  -6.149 0.6000000238
29997  24.452  -53.685  -6.072 0.6000000238
31943  27.757  -52.420  -7.231 0.5000000000
31944  26.869  -52.395  -7.197 0.5000000000
31007  25.687  -53.202  -6.552 0.6000000238
129311  21.949  -57.176  2.221 0.5000000000
132464  25.195  -51.712  -6.802 0.6000000238
31942  28.524  -52.612  -7.151 0.5000000000
31941  28.961  -52.117  -7.124 0.5000000000
122073  22.305  -55.822  2.714 0.4000000060
28071  21.643  -56.612  1.808 0.4000000060
28954  21.501  -55.721  1.657 0.4000000060
33824  28.033  -50.825  -7.607 0.5000000000
33822  29.551  -50.611  -6.455 0.5000000000
33823  28.803  -50.715  -7.058 0.5000000000
119902  21.713  -54.924  1.794 0.4000000060
34846  29.014  -49.901  -6.655 0.5000000000
29943  21.586  -54.282  1.542 0.4000000060
34674  26.116  -49.700  3.193 0.4000000060
133741  25.869  -50.034  2.606 0.4000000060
128456  25.352  -49.896  1.996 0.4000000060
33732  24.657  -50.466  1.542 0.3000000119
38347  29.946  -45.456  4.428 0.4000000060
123927  28.514  -46.258  4.653 0.4000000060
132207  27.241  -48.218  4.499 0.4000000060
36618  26.440  -48.239  4.203 0.4000000060
38348  29.099  -45.395  4.421 0.4000000060
36609  27.020  -47.489  4.587 0.4000000060
35692  25.791  -48.734  3.403 0.4000000060
36610  26.184  -47.228  4.435 0.4000000060
34698  25.601  -49.549  2.548 0.4000000060
34699  24.928  -49.326  2.164 0.4000000060
37545  27.689  -46.862  4.706 0.4000000060
39248  30.346  -44.796  4.282 0.4000000060
38349  28.205  -45.259  4.464 0.4000000060
122479  27.537  -45.949  4.713 0.4000000060
37546  26.830  -46.601  4.694 0.4000000060
121348  26.650  -45.717  4.737 0.4000000060
37547  25.963  -46.311  4.622 0.4000000060
36630  25.215  -48.117  3.348 0.4000000060
38351  25.821  -45.430  4.717 0.4000000060
37557  24.564  -46.631  3.950 0.4000000060
35710  25.126  -48.713  2.764 0.4000000060
39260  33.114  -44.305  3.941 0.4000000060
39263  29.287  -44.008  3.728 0.4000000060
39250  28.770  -44.613  4.036 0.4000000060
39251  27.894  -44.425  4.064 0.4000000060
40312  32.142  -43.594  4.035 0.4000000060
39247  31.536  -44.332  4.402 0.4000000060
39262  30.142  -44.037  3.869 0.4000000060
39264  28.496  -43.857  3.652 0.4000000060
39265  27.649  -43.640  3.602 0.4000000060
38350  27.289  -45.058  4.543 0.4000000060
117322  26.485  -44.955  4.626 0.4000000060
39253  25.743  -44.509  4.491 0.4000000060
37548  25.044  -45.934  4.478 0.4000000060
40324  34.089  -42.989  2.331 0.5000000000
40325  33.801  -43.506  2.863 0.5000000000
41403  32.890  -42.733  2.946 0.5000000000
41404  32.245  -42.792  3.314 0.4000000060
41406  30.378  -43.217  3.453 0.4000000060
120810  29.693  -43.488  3.482 0.4000000060
39252  26.851  -44.203  4.150 0.4000000060
118743  33.463  -42.959  2.834 0.5000000000
41405  31.308  -42.928  3.480 0.4000000060
41407  29.667  -42.849  3.059 0.4000000060
40314  29.049  -43.335  3.328 0.4000000060
41419  32.363  -42.293  2.659 0.4000000060
132668  31.818  -41.879  2.339 0.4000000060
42495  31.098  -41.798  2.284 0.4000000060
41421  30.544  -42.417  2.798 0.4000000060
42497  29.545  -42.114  2.343 0.4000000060
42502  32.670  -41.281  1.589 0.4000000060
43593  32.065  -40.767  1.156 0.4000000060
43594  31.173  -40.800  1.136 0.4000000060
112437  30.728  -41.358  1.623 0.4000000060
43604  30.252  -40.853  0.975 0.4000000060
120259  35.070  -42.210  0.606 0.5000000000
42501  33.658  -41.370  1.372 0.5000000000
43592  32.899  -40.808  1.131 0.4000000060
43603  31.552  -40.215  0.556 0.4000000060
128210  30.798  -40.407  0.627 0.4000000060
43605  29.632  -40.558  0.550 0.3000000119
42493  33.236  -41.728  1.941 0.5000000000
42494  32.500  -41.758  2.154 0.4000000060
42496  30.352  -41.788  2.160 0.4000000060
122283  29.868  -41.479  1.594 0.4000000060
42503  31.700  -41.382  1.735 0.4000000060
43600  34.608  -40.706  0.180 0.5000000000
43601  33.603  -40.543  0.655 0.5000000000
43602  32.540  -40.270  0.669 0.4000000060
44661  32.151  -39.690  0.152 0.4000000060
43630  30.200  -40.238  0.343 0.3000000119
42540  35.505  -41.112  -0.649 0.5000000000
43629  33.988  -39.890  -0.015 0.5000000000
44660  33.046  -39.721  0.197 0.4000000060
44662  31.436  -39.689  0.010 0.4000000060
44663  30.841  -39.912  0.150 0.3000000119
44680  30.134  -39.607  -0.287 0.3000000119
43631  29.498  -40.064  0.066 0.3000000119
43628  34.937  -40.314  -0.516 0.5000000000
43664  36.062  -40.743  -1.916 0.4000000060
44677  33.367  -39.310  -0.488 0.3000000119
44678  32.536  -39.256  -0.360 0.4000000060
114194  30.965  -39.369  -0.387 0.3000000119
45774  29.712  -39.094  -0.772 0.3000000119
44681  29.279  -39.534  -0.474 0.3000000119
44675  35.171  -39.729  -1.139 0.3000000119
43653  35.891  -39.925  -1.669 0.4000000060
44724  36.401  -39.595  -2.782 0.4000000060
43675  36.348  -40.239  -4.149 0.4000000060
45771  33.578  -38.728  -1.138 0.3000000119
45772  32.847  -38.850  -0.786 0.3000000119
116645  32.133  -38.733  -0.789 0.3000000119
45791  30.555  -38.237  -1.287 0.3000000119
45773  30.398  -38.905  -0.792 0.3000000119
44703  28.032  -38.971  -1.023 0.3000000119
44683  27.514  -39.575  -0.602 0.3000000119
44702  34.613  -38.991  -1.320 0.3000000119
45792  29.773  -38.469  -1.203 0.3000000119
45775  28.950  -38.884  -1.037 0.3000000119
45794  27.603  -38.503  -1.307 0.3000000119
44701  35.479  -39.187  -1.584 0.3000000119
44725  36.088  -39.214  -2.118 0.3000000119
45813  36.402  -38.861  -2.823 0.3000000119
44733  36.523  -39.433  -4.408 0.4000000060
120099  36.820  -37.736  -6.784 0.4000000060
46869  36.507  -37.486  -7.506 0.4000000060
47890  34.654  -36.568  -9.862 0.4000000060
45795  26.819  -38.435  -1.328 0.3000000119
45787  34.230  -38.212  -1.547 0.3000000119
131391  35.686  -38.752  -1.852 0.3000000119
116603  36.483  -38.041  -3.024 0.3000000119
45826  36.756  -38.470  -4.594 0.3000000119
46848  37.025  -37.704  -5.138 0.4000000060
46847  37.262  -37.052  -5.614 0.3000000119
46860  37.038  -37.830  -6.024 0.4000000060
47866  37.090  -36.984  -6.971 0.4000000060
47879  36.372  -36.508  -8.363 0.4000000060
47888  36.220  -36.030  -8.892 0.4000000060
48922  35.864  -35.358  -9.510 0.4000000060
48923  35.034  -35.728  -9.999 0.4000000060
48931  34.579  -35.168  -10.404 0.4000000060
45814  35.876  -38.154  -2.183 0.3000000119
46859  37.376  -36.537  -6.213 0.3000000119
127206  37.319  -36.048  -7.059 0.3000000119
48917  36.589  -35.240  -8.797 0.4000000060
50160  36.409  -34.602  -9.301 0.4000000060
48930  35.312  -34.933  -10.126 0.4000000060
52145  35.776  -32.541  -10.606 0.4000000060
52146  35.241  -33.261  -10.651 0.4000000060
124795  34.336  -33.180  -11.022 0.4000000060
52147  33.613  -32.787  -11.320 0.5000000000
114420  37.523  -35.688  -6.035 0.3000000119
50148  37.453  -34.617  -7.356 0.3000000119
48909  37.113  -34.950  -8.104 0.3000000119
50155  36.873  -34.541  -8.674 0.4000000060
51194  36.864  -33.809  -9.020 0.4000000060
51200  36.602  -33.193  -9.631 0.4000000060
51205  36.016  -33.285  -10.230 0.4000000060
52144  36.431  -32.531  -10.086 0.3000000119
53008  34.788  -31.680  -11.365 0.3000000119
52154  34.150  -32.270  -11.344 0.3000000119
52155  33.137  -32.015  -11.716 0.4000000060
123269  34.626  -30.833  -11.674 0.3000000119
53009  33.916  -31.379  -11.733 0.3000000119
50142  37.533  -34.290  -6.515 0.3000000119
117509  37.511  -33.218  -7.459 0.3000000119
51193  37.294  -33.172  -8.374 0.3000000119
51199  37.027  -33.022  -9.048 0.3000000119
52141  36.912  -32.458  -9.408 0.3000000119
52995  36.802  -31.780  -9.838 0.3000000119
118918  36.723  -31.128  -10.294 0.3000000119
54024  36.063  -31.008  -10.943 0.3000000119
53001  35.555  -31.799  -10.989 0.3000000119
122613  35.432  -30.357  -11.525 0.3000000119
54033  36.196  -30.246  -11.166 0.3000000119
51170  37.439  -33.306  -6.477 0.3000000119
52133  37.471  -32.463  -7.846 0.3000000119
52994  37.235  -31.750  -9.066 0.3000000119
54013  37.243  -30.983  -9.560 0.3000000119
54022  37.322  -30.229  -9.891 0.3000000119
54023  36.747  -30.385  -10.573 0.3000000119
55079  36.554  -29.653  -11.005 0.3000000119
55080  35.920  -29.637  -11.545 0.3000000119
56150  36.293  -28.847  -11.507 0.3000000119
121848  35.619  -28.998  -12.021 0.3000000119
57215  36.267  -27.003  -12.456 0.3000000119
41435  33.964  -42.116  1.950 0.5000000000
41434  34.480  -42.703  1.691 0.5000000000
28998  24.885  -55.788  -3.545 0.6000000238
29003  24.352  -55.734  -4.283 0.5000000000
111984  24.295  -55.178  -4.844 0.5000000000
118821  25.780  -54.820  -6.365 0.5000000000
29026  25.156  -55.296  -5.947 0.5000000000
30994  27.595  -53.896  -6.759 0.5000000000
30995  26.860  -53.782  -6.704 0.5000000000
27152  22.884  -58.117  3.374 0.6000000238
131757  22.633  -57.476  3.455 0.6000000238
27164  22.265  -57.971  2.902 0.5000000000
26277  21.850  -58.754  1.647 0.5000000000
27181  21.433  -57.574  1.701 0.5000000000
27182  20.627  -57.404  1.111 0.5000000000
28072  20.994  -56.542  1.375 0.4000000060
28955  20.654  -55.649  0.890 0.4000000060
28967  21.100  -54.925  1.312 0.4000000060
29950  20.900  -54.216  0.987 0.4000000060
32757  23.869  -51.269  1.165 0.3000000119
33733  24.004  -50.519  1.251 0.3000000119
34719  24.787  -49.857  1.745 0.4000000060
37565  24.174  -47.214  3.270 0.4000000060
35711  24.368  -48.616  2.407 0.4000000060
38359  24.230  -45.895  4.175 0.4000000060
40315  28.289  -43.167  3.197 0.4000000060
40306  24.441  -43.932  4.334 0.4000000060
40316  26.781  -43.308  3.517 0.4000000060
41408  28.869  -42.696  2.806 0.4000000060
40327  26.683  -42.650  2.918 0.4000000060
42519  29.346  -41.073  0.982 0.4000000060
41436  28.566  -42.130  2.229 0.4000000060
114115  28.971  -41.620  1.610 0.4000000060
131628  28.847  -39.956  -0.143 0.3000000119
44682  28.450  -39.521  -0.570 0.3000000119
43633  27.309  -40.285  -0.119 0.3000000119
32848  29.402  -51.490  -6.757 0.5000000000
31867  21.606  -52.874  1.187 0.4000000060
37558  23.808  -46.350  3.587 0.4000000060
38353  24.364  -45.211  4.483 0.4000000060
41422  28.094  -42.603  2.668 0.4000000060
40326  27.497  -42.936  3.096 0.4000000060
31866  22.546  -52.523  1.497 0.4000000060
32864  26.237  -51.653  -7.339 0.5000000000
43671  36.376  -40.263  -3.251 0.5000000000
40303  30.796  -44.324  4.219 0.4000000060
42541  35.196  -41.534  -0.013 0.5000000000
119738  34.009  -33.893  -10.846 0.4000000060
51206  35.496  -34.091  -10.289 0.4000000060
31005  27.317  -53.136  -6.963 0.5000000000
120836  28.431  -53.902  -6.825 0.5000000000
37556  25.361  -46.892  4.250 0.4000000060
36620  24.911  -47.435  3.647 0.4000000060
36631  24.605  -47.995  3.010 0.4000000060
40311  33.128  -43.363  3.421 0.5000000000
40313  31.034  -43.689  3.980 0.4000000060
40304  25.986  -43.654  3.932 0.4000000060
39254  24.743  -44.502  4.535 0.4000000060
41418  33.257  -42.312  2.463 0.5000000000
42500  34.551  -42.036  1.344 0.5000000000
131037  35.129  -40.906  -0.207 0.5000000000
44676  34.265  -39.469  -0.770 0.4000000060
44730  36.503  -39.534  -3.516 0.4000000060
45822  36.596  -38.724  -3.669 0.3000000119
48910  36.871  -35.849  -8.106 0.4000000060
51201  36.235  -33.950  -9.759 0.4000000060
48902  37.526  -35.140  -6.715 0.3000000119
126633  37.308  -35.329  -7.487 0.3000000119
53000  36.251  -31.814  -10.500 0.3000000119
52153  34.995  -32.476  -11.022 0.4000000060
51188  37.546  -33.896  -7.167 0.3000000119
50154  37.313  -34.044  -8.051 0.3000000119
52106  37.503  -32.448  -6.959 0.3000000119
52140  37.255  -32.441  -8.671 0.3000000119
113953  37.528  -31.043  -8.573 0.3000000119
116698  36.265  -27.851  -11.912 0.3000000119
40305  25.158  -43.853  4.229 0.4000000060
23348  20.577  -61.423  3.135 0.4000000060
23366  21.567  -61.197  2.319 0.4000000060
23367  20.765  -61.531  1.878 0.4000000060
23382  20.794  -61.586  0.884 0.3000000119
24318  22.346  -60.856  1.506 0.4000000060
23394  21.378  -61.258  0.666 0.3000000119
115448  25.895  -58.906  -3.240 0.5000000000
25300  22.422  -60.368  1.032 0.5000000000
25315  21.842  -60.721  0.682 0.3000000119
26334  25.508  -58.182  -3.119 0.5000000000
27241  24.634  -57.996  -3.525 0.5000000000
26335  24.949  -58.788  -3.612 0.5000000000
26276  22.786  -58.988  1.900 0.5000000000
122189  22.453  -59.596  1.380 0.4000000060
28116  24.861  -56.660  -3.290 0.5000000000
133052  24.405  -58.367  -3.856 0.5000000000
27254  24.000  -57.748  -4.624 0.3000000119
28118  24.305  -56.421  -4.014 0.4000000060
28125  24.314  -56.337  -4.729 0.4000000060
27262  24.867  -57.443  -5.434 0.3000000119
27253  24.201  -57.075  -4.789 0.3000000119
28132  25.961  -56.594  -5.644 0.3000000119
28133  24.938  -56.712  -5.365 0.3000000119
29011  26.988  -56.025  -6.085 0.3000000119
116012  26.494  -56.856  -5.566 0.3000000119
29012  26.066  -56.080  -5.911 0.4000000060
29013  24.861  -56.005  -5.300 0.4000000060
28073  20.384  -56.558  0.691 0.3000000119
29994  27.884  -54.650  -6.567 0.4000000060
29024  27.333  -55.387  -6.350 0.4000000060
29025  26.348  -55.462  -6.306 0.4000000060
35738  24.063  -49.191  1.789 0.3000000119
36632  23.886  -47.863  2.601 0.3000000119
37566  23.367  -46.993  2.734 0.3000000119
39255  23.807  -44.403  4.394 0.3000000119
41409  25.896  -42.911  3.375 0.3000000119
127880  25.151  -42.958  3.452 0.3000000119
40318  24.646  -43.399  3.800 0.3000000119
41411  23.834  -43.210  3.571 0.3000000119
40320  22.542  -43.912  3.670 0.3000000119
125855  27.886  -42.156  2.227 0.3000000119
41423  27.366  -42.410  2.521 0.3000000119
41424  25.886  -42.379  2.692 0.3000000119
121379  25.239  -42.575  3.022 0.3000000119
42520  28.431  -41.146  0.966 0.3000000119
42504  27.966  -41.658  1.639 0.3000000119
41438  26.574  -42.019  2.213 0.3000000119
116111  25.609  -41.867  2.103 0.3000000119
125987  25.243  -42.222  2.519 0.3000000119
116094  26.990  -41.511  1.513 0.3000000119
42505  26.038  -41.434  1.512 0.3000000119
42506  25.112  -41.429  1.533 0.3000000119
42521  27.487  -41.125  0.915 0.3000000119
42522  26.487  -40.947  0.762 0.3000000119
25357  26.671  -59.484  -3.007 0.5000000000
29995  26.821  -54.636  -6.543 0.4000000060
28968  20.576  -54.829  0.554 0.3000000119
40319  23.254  -43.770  3.994 0.3000000119
41437  27.371  -41.938  2.059 0.3000000119
25301  21.555  -59.702  1.029 0.3000000119
26278  20.932  -58.443  1.243 0.3000000119
27204  20.266  -58.096  0.785 0.3000000119
20493  21.096  -64.441  8.081 0.4000000060
19496  19.853  -65.693  7.122 0.4000000060
19508  20.155  -65.038  6.829 0.4000000060
18550  18.626  -66.076  5.470 0.4000000060
19534  19.158  -65.005  5.231 0.3000000119
20506  20.210  -64.411  6.646 0.4000000060
20507  19.763  -64.884  6.038 0.4000000060
20518  19.497  -64.192  5.560 0.4000000060
118252  29.189  -61.813  -1.752 0.3000000119
21420  20.431  -63.176  6.234 0.4000000060
21446  18.914  -63.534  4.650 0.3000000119
21459  18.819  -62.954  4.077 0.3000000119
21434  19.324  -63.543  5.125 0.4000000060
21474  18.254  -63.178  2.589 0.3000000119
132102  18.075  -63.919  3.318 0.3000000119
22403  18.703  -62.585  1.748 0.3000000119
117841  19.202  -63.050  4.694 0.4000000060
117695  19.301  -62.284  3.612 0.3000000119
123963  19.739  -61.849  2.706 0.3000000119
18534  19.380  -66.031  6.514 0.4000000060
19509  19.687  -65.471  6.427 0.4000000060
22402  19.384  -62.298  0.934 0.3000000119
21395  21.837  -63.900  8.449 0.3000000119
22416  18.627  -62.616  0.514 0.3000000119
19478  26.602  -64.544  8.449 0.4000000060
19495  20.521  -65.211  7.726 0.4000000060
19524  19.261  -65.662  5.772 0.4000000060
19525  18.737  -65.568  5.093 0.3000000119
20461  25.643  -64.683  9.523 0.4000000060
20463  23.933  -64.395  9.763 0.4000000060
20494  20.583  -64.375  7.320 0.4000000060
20504  27.580  -63.996  7.169 0.4000000060
20515  28.055  -64.524  5.789 0.3000000119
20517  20.002  -63.964  6.189 0.4000000060
20528  29.188  -64.191  4.568 0.4000000060
21391  25.740  -63.340  9.100 0.4000000060
21393  23.786  -63.402  9.144 0.4000000060
21409  20.542  -63.734  6.830 0.4000000060
21418  27.860  -63.158  7.168 0.4000000060
21431  28.682  -63.806  5.959 0.4000000060
21433  19.846  -63.363  5.664 0.5000000000
21447  18.474  -63.893  4.210 0.3000000119
21457  30.888  -63.219  3.406 0.4000000060
21458  30.192  -63.830  3.163 0.4000000060
21460  18.409  -63.279  3.495 0.3000000119
21485  31.252  -63.003  1.949 0.4000000060
21486  30.664  -63.482  1.571 0.4000000060
22323  25.201  -62.596  8.838 0.5000000000
22350  21.388  -62.226  6.635 0.5000000000
22365  19.631  -62.765  5.103 0.4000000060
22376  30.484  -62.815  4.640 0.5000000000
22378  19.413  -62.424  4.384 0.4000000060
22390  18.871  -62.559  2.919 0.3000000119
22401  31.688  -62.412  2.417 0.4000000060
22424  31.354  -62.131  0.870 0.5000000000
22434  30.533  -62.258  -0.562 0.5000000000
23287  27.088  -61.813  7.451 0.5000000000
23304  23.316  -60.938  6.320 0.5000000000
23306  21.749  -61.655  6.213 0.5000000000
23333  31.601  -61.705  4.059 0.6000000238
23334  30.614  -61.387  4.854 0.6000000238
23336  21.341  -61.218  4.583 0.6000000238
23365  32.069  -61.563  2.625 0.6000000238
23368  20.072  -61.936  1.380 0.4000000060
23381  21.649  -61.321  1.143 0.3000000119
24242  26.062  -60.452  6.361 0.6000000238
24254  30.850  -59.975  4.946 0.6000000238
24255  30.695  -60.712  4.875 0.6000000238
24259  26.485  -60.148  5.538 0.6000000238
24262  23.601  -60.548  5.501 0.6000000238
24279  31.983  -59.971  4.305 0.6000000238
24283  23.488  -60.295  3.906 0.6999999881
24285  21.904  -60.813  4.015 0.6000000238
24300  31.804  -60.831  4.161 0.6000000238
24301  23.748  -59.944  3.310 0.6000000238
24315  31.996  -60.268  1.960 0.8000000119
24333  22.091  -60.979  0.775 0.3000000119
24363  29.227  -60.817  -1.568 0.5000000000
25232  27.461  -59.711  4.915 0.6000000238
25249  32.238  -59.066  4.418 0.8000000119
25253  24.968  -59.257  4.021 0.6999999881
25285  32.469  -59.748  3.272 0.8000000119
25287  23.582  -59.456  3.027 0.6000000238
25288  23.275  -59.600  2.151 0.6000000238
25326  30.638  -59.860  -0.039 0.6999999881
25338  29.332  -59.259  -1.231 0.6000000238
26215  29.845  -58.109  5.482 0.6999999881
26229  32.197  -58.231  4.753 1.0000000000
26252  32.576  -59.015  3.648 0.6000000238
26266  23.191  -58.851  2.743 0.6000000238
26275  31.049  -58.321  0.885 0.8000000119
26306  29.904  -58.266  -0.525 0.8000000119
26317  29.449  -58.397  -1.096 0.8000000119
27132  26.478  -57.937  4.830 0.6999999881
27151  23.315  -57.666  3.811 0.6999999881
27240  25.085  -57.422  -3.087 0.5000000000
27244  24.323  -57.308  -3.868 0.4000000060
27245  24.188  -58.107  -4.145 0.5000000000
27990  31.780  -56.702  5.301 0.8999999762
27994  27.528  -56.685  5.521 0.8999999762
28006  32.347  -56.808  4.495 0.8999999762
28007  26.194  -57.112  5.115 0.8000000119
28024  22.997  -56.795  3.698 0.6999999881
28070  31.075  -56.213  1.659 1.0000000000
28915  23.314  -55.223  3.409 0.6000000238
28938  31.669  -55.335  2.723 1.0000000000
28996  27.037  -55.359  -2.924 0.6999999881
29842  27.514  -54.320  6.148 0.8999999762
29909  23.182  -54.500  2.979 0.6000000238
29929  22.657  -54.502  2.474 0.5000000000
29974  25.092  -54.214  -3.839 0.6999999881
29978  24.397  -54.347  -4.536 0.6000000238
29983  24.386  -54.583  -5.515 0.6999999881
30005  25.005  -53.564  -6.310 0.6000000238
30834  29.501  -53.468  6.374 0.8999999762
30856  30.811  -53.523  5.936 0.8999999762
30860  25.770  -53.716  4.930 0.6999999881
30890  24.835  -53.842  3.838 0.6999999881
30930  22.140  -53.488  1.713 0.4000000060
30931  21.393  -53.658  1.258 0.4000000060
30961  28.802  -53.696  -2.977 0.8999999762
30981  24.286  -53.288  -5.913 0.6999999881
30997  24.535  -53.213  -6.138 0.6000000238
31004  28.096  -53.195  -6.994 0.5000000000
31006  26.476  -53.159  -6.776 0.5000000000
31008  25.063  -52.781  -6.428 0.6000000238
31865  23.289  -52.254  1.662 0.4000000060
31890  31.356  -52.274  -1.682 0.8999999762
31896  30.157  -52.360  -3.007 0.8999999762
31914  24.901  -52.906  -4.633 0.6999999881
31921  24.262  -52.698  -5.817 0.8000000119
31945  25.941  -52.466  -6.829 0.6000000238
32688  29.284  -51.356  5.743 0.8999999762
32713  26.264  -51.034  4.083 0.6000000238
32734  25.872  -50.914  3.137 0.6000000238
32753  32.710  -51.092  1.541 1.0000000000
32756  24.581  -51.472  1.602 0.4000000060
32778  32.245  -51.823  -0.419 1.0000000000
32818  27.281  -51.678  -4.505 0.8999999762
32849  28.666  -51.388  -7.230 0.5000000000
32862  28.230  -51.789  -7.361 0.5000000000
32866  24.824  -50.729  -7.076 0.8000000119
33668  31.408  -50.698  5.269 0.8999999762
33723  25.685  -50.351  2.192 0.4000000060
33730  33.042  -50.448  2.086 1.0000000000
33731  25.248  -50.443  1.804 0.4000000060
33782  29.536  -50.083  -3.702 0.8999999762
33783  29.296  -50.812  -4.323 0.8999999762
33795  26.170  -50.027  -4.801 0.8999999762
33811  24.506  -50.209  -6.551 0.8999999762
34650  28.645  -49.505  4.987 0.6999999881
34749  31.795  -49.420  -0.618 1.0000000000
34766  31.607  -49.994  -1.164 1.0000000000
34832  24.423  -49.361  -6.183 0.8999999762
34856  27.568  -49.909  -7.781 0.6000000238
34859  24.383  -49.471  -7.461 0.8000000119
35690  32.274  -48.227  4.455 0.6999999881
35712  23.695  -48.463  2.077 0.3000000119
35838  24.347  -48.788  -5.714 0.8999999762
35867  27.590  -48.571  -7.492 0.6999999881
35869  25.723  -48.573  -7.734 0.6999999881
35871  23.752  -48.989  -7.220 0.8000000119
36619  25.635  -47.770  3.916 0.4000000060
36745  28.755  -47.379  -2.703 1.0000000000
36754  27.737  -47.644  -3.658 1.0000000000
36780  28.840  -47.489  -6.715 0.6000000238
37614  29.982  -46.164  0.111 1.0000000000
37688  28.449  -46.700  -7.053 0.6000000238
37689  24.372  -46.574  -6.284 0.8999999762
37699  24.985  -47.094  -6.972 0.8999999762
38346  30.803  -45.450  4.549 0.5000000000
38352  25.111  -45.133  4.682 0.4000000060
38404  30.649  -45.781  -0.105 0.8000000119
38420  32.343  -45.532  -1.101 0.8000000119
38439  29.125  -45.913  -2.198 1.0000000000
38448  28.990  -45.831  -3.152 1.0000000000
38457  28.082  -45.466  -4.249 1.0000000000
38458  27.027  -45.740  -4.323 1.0000000000
38469  24.679  -45.289  -6.192 0.8999999762
38481  24.642  -46.133  -6.074 0.8999999762
38490  29.090  -45.155  -7.271 0.6000000238
38492  26.916  -45.458  -7.801 0.6999999881
39249  29.591  -44.721  4.086 0.4000000060
39319  33.901  -44.795  -1.503 0.6999999881
39362  28.298  -44.404  -5.156 1.0000000000
39365  24.726  -44.594  -6.086 0.8999999762
39392  24.932  -44.726  -7.609 0.8999999762
39405  24.247  -43.903  -7.612 0.8999999762
40317  25.380  -43.352  3.732 0.3000000119
40405  32.497  -43.440  -4.291 0.8000000119
40408  29.996  -44.114  -4.872 0.8999999762
40409  29.251  -44.222  -5.017 1.0000000000
40420  24.988  -43.821  -6.293 0.8999999762
40430  23.872  -43.413  -7.011 0.8999999762
40445  23.812  -43.295  -7.387 0.8999999762
40458  29.692  -43.023  -8.191 0.6000000238
41420  31.546  -42.335  2.806 0.4000000060
41511  34.103  -42.403  -4.294 0.8000000119
41526  30.084  -42.539  -5.780 0.8999999762
41532  24.038  -43.153  -6.784 0.8999999762
41584  28.079  -42.643  -8.897 0.6999999881
42518  34.495  -41.360  0.737 0.5000000000
42575  34.971  -42.090  -3.969 0.6999999881
42594  33.604  -41.283  -5.335 0.8000000119
42605  32.276  -40.741  -6.178 0.8000000119
42606  31.594  -40.946  -6.296 0.8000000119
42611  25.127  -42.037  -7.622 0.8999999762
42623  27.567  -40.767  -7.284 0.8999999762
42651  28.231  -41.276  -9.908 0.6999999881
42653  25.369  -41.124  -9.582 0.8000000119
42664  30.518  -40.955  -10.025 0.6000000238
43606  28.820  -40.519  0.385 0.3000000119
43627  35.655  -40.543  -1.177 0.5000000000
43632  28.126  -40.111  -0.119 0.3000000119
43663  36.282  -40.112  -2.370 0.5000000000
43704  31.324  -40.293  -7.237 0.8000000119
43706  29.333  -40.579  -7.497 0.8999999762
43724  24.580  -40.402  -8.819 0.8999999762
43752  28.515  -40.327  -11.004 0.8000000119
44679  31.734  -39.250  -0.387 0.4000000060
44704  27.348  -38.958  -1.076 0.3000000119
44760  33.282  -39.392  -7.412 0.6999999881
44761  32.443  -39.605  -7.446 0.6999999881
44762  31.702  -39.784  -7.654 0.8000000119
44763  25.302  -39.435  -7.920 0.8999999762
44772  28.063  -39.365  -8.626 0.8999999762
44773  26.798  -39.195  -8.547 0.8999999762
44774  25.069  -39.317  -8.449 0.8999999762
44775  24.734  -39.846  -8.301 0.8999999762
44784  25.398  -39.446  -9.109 0.8999999762
44797  25.336  -40.062  -9.542 0.8000000119
44809  28.738  -39.626  -11.821 0.6999999881
44824  28.215  -39.120  -12.209 0.6999999881
45786  35.155  -38.490  -1.664 0.3000000119
45839  36.580  -38.468  -6.482 0.4000000060
45871  30.342  -38.660  -9.461 0.8000000119
45882  26.373  -38.520  -10.244 0.8000000119
45897  31.283  -38.733  -12.703 0.6000000238
45911  31.469  -38.073  -13.060 0.6000000238
45912  30.806  -38.270  -13.009 0.6000000238
46876  36.124  -37.168  -8.182 0.5000000000
46877  35.406  -37.538  -8.596 0.5000000000
46885  35.067  -37.100  -9.256 0.5000000000
46886  34.245  -37.400  -9.608 0.4000000060
46887  33.377  -37.657  -9.874 0.5000000000
46913  26.183  -36.814  -11.837 0.8000000119
47873  36.750  -36.684  -7.722 0.4000000060
47896  32.320  -36.561  -10.572 0.6999999881
47900  26.877  -35.843  -11.212 0.8000000119
47901  26.371  -36.542  -11.204 0.8000000119
47908  26.288  -36.145  -11.825 0.8000000119
47925  32.902  -37.155  -12.795 0.5000000000
48960  30.639  -35.387  -13.653 0.6000000238
48963  28.202  -34.534  -13.165 0.6999999881
50161  35.870  -34.598  -9.816 0.4000000060
50168  32.161  -34.292  -11.043 0.6000000238
50176  28.351  -34.131  -12.377 0.8000000119
50183  28.054  -34.639  -12.750 0.8000000119
51207  34.719  -33.931  -10.677 0.4000000060
51208  33.464  -33.474  -11.117 0.5000000000
51228  34.810  -33.690  -13.800 0.5000000000
51242  30.548  -32.196  -14.308 0.6000000238
52148  32.842  -32.880  -11.410 0.4000000060
52149  31.965  -33.008  -11.537 0.6000000238
52164  30.556  -31.816  -12.779 0.6000000238
52165  29.784  -32.260  -13.270 0.6000000238
53012  31.420  -31.782  -12.381 0.6000000238
53032  31.355  -30.907  -14.350 0.6000000238
53039  36.994  -31.430  -14.585 0.4000000060
53044  31.466  -31.037  -14.626 0.6000000238
53045  30.779  -31.163  -14.348 0.6000000238
54053  33.545  -29.734  -14.805 0.6000000238
55090  34.407  -29.164  -12.978 0.4000000060
55110  34.658  -29.044  -14.919 0.6000000238
56132  36.905  -29.052  -10.806 0.3000000119
57252  38.775  -27.914  -13.431 0.3000000119
57253  37.806  -27.543  -13.597 0.4000000060
57264  40.228  -27.198  -14.046 0.3000000119
58256  37.446  -26.653  -13.932 0.4000000060
58273  40.861  -26.733  -14.033 0.3000000119
58275  39.585  -25.890  -13.600 0.3000000119
58276  36.499  -26.255  -14.231 0.4000000060
111559  25.686  -50.955  2.326 0.5000000000
111839  31.765  -54.010  3.350 1.0000000000
114501  25.440  -42.462  -8.624 0.8000000119
115078  39.814  -26.572  -13.824 0.3000000119
115613  25.270  -41.770  -8.626 0.8999999762
115644  29.398  -62.102  5.631 0.6000000238
115879  32.100  -33.577  -13.813 0.6000000238
116579  32.930  -41.507  -5.364 0.8000000119
117051  19.332  -62.191  1.935 0.3000000119
117247  26.938  -55.957  5.589 0.8999999762
117377  34.085  -31.514  -14.752 0.6000000238
117621  22.124  -61.232  5.715 0.6000000238
117917  30.117  -43.405  -7.707 0.6000000238
118162  27.610  -45.843  -7.522 0.6999999881
118260  22.075  -58.098  2.079 0.5000000000
118900  30.860  -56.887  1.298 1.0000000000
119013  34.100  -30.320  -14.963 0.6000000238
119237  26.476  -49.092  -7.858 0.8000000119
119371  28.132  -46.099  -7.282 0.6999999881
119540  27.954  -57.235  -2.242 0.8000000119
120453  30.852  -59.004  0.362 0.6999999881
120889  30.797  -46.801  -6.196 0.6000000238
121451  31.361  -46.146  4.617 0.5000000000
121690  27.580  -58.922  4.700 0.6999999881
121800  30.181  -58.866  5.325 0.8999999762
121924  28.651  -44.726  -7.773 0.6999999881
121948  30.641  -50.819  5.516 0.8999999762
122234  24.220  -56.051  4.227 0.6999999881
122498  31.718  -53.609  5.042 0.8999999762
122711  23.957  -43.706  4.133 0.3000000119
123090  21.981  -56.210  2.219 0.4000000060
123311  29.305  -56.958  -1.304 0.8000000119
123325  24.518  -51.057  -6.424 0.8000000119
123461  30.636  -34.761  -11.002 0.8000000119
123860  35.314  -31.155  -11.300 0.3000000119
124097  32.013  -38.456  -12.843 0.6000000238
124377  26.006  -40.182  -10.089 0.8999999762
126643  30.956  -53.507  1.096 1.0000000000
127074  25.494  -52.372  -4.582 0.8999999762
127203  30.925  -52.820  -1.905 0.8999999762
127279  28.734  -53.282  -7.008 0.5000000000
127561  34.354  -39.666  -6.688 0.6999999881
128239  30.416  -31.392  -14.102 0.6000000238
128317  30.155  -47.498  -0.280 1.0000000000
128584  34.891  -34.547  -10.464 0.5000000000
128826  37.168  -37.241  -6.332 0.4000000060
128839  26.347  -59.101  4.400 0.6999999881
129116  24.230  -49.819  -6.953 0.8000000119
129223  26.415  -54.965  -3.236 0.6999999881
129468  25.708  -39.155  -8.366 0.8999999762
129715  26.198  -52.334  5.017 0.6999999881
129915  20.059  -57.331  0.459 0.3000000119
129989  27.506  -52.813  6.245 1.0000000000
130330  30.277  -32.723  -14.086 0.6000000238
130510  29.499  -48.598  -3.077 1.0000000000
130559  30.980  -61.112  0.414 0.6000000238
130870  29.724  -63.863  4.382 0.4000000060
130877  41.334  -25.455  -14.153 0.3000000119
131292  23.872  -63.905  9.499 0.4000000060
131590  34.244  -33.864  -13.557 0.5000000000
131632  27.629  -57.489  5.268 0.8999999762
131743  18.748  -65.238  4.855 0.3000000119
131790  33.186  -35.926  -12.885 0.6000000238
131973  30.992  -59.488  5.119 0.6000000238
132023  28.545  -59.775  -1.831 0.6000000238
132141  27.780  -50.379  -4.541 0.8999999762
132222  31.062  -40.003  -7.831 0.8000000119
132247  37.046  -30.696  -10.116 0.3000000119
132636  35.792  -32.821  -14.748 0.4000000060
133247  31.256  -38.654  -0.858 0.3000000119
