#!ascii label  , from subject sub-v1s13x0050045_ses-1 vox2ras=TkReg
707
25482  -34.149  -63.523  -32.679 0.6999999881
26449  -34.382  -62.539  -33.143 0.6000000238
26434  -33.735  -62.045  -31.875 0.6000000238
27362  -31.287  -61.592  -29.825 0.4000000060
26363  -23.656  -62.689  -27.587 0.6999999881
26377  -23.124  -62.625  -28.478 0.6999999881
26364  -24.992  -62.551  -27.310 0.6999999881
26378  -24.271  -62.599  -28.377 0.6000000238
26396  -25.741  -62.556  -29.191 0.6999999881
156225  -24.773  -62.463  -29.353 0.6000000238
26397  -26.215  -62.813  -29.809 0.6000000238
26414  -25.816  -62.523  -30.532 0.6000000238
25466  -28.506  -63.342  -31.484 0.6000000238
26432  -26.806  -62.765  -31.577 0.6000000238
135112  -27.499  -62.337  -33.097 0.5000000000
25477  -28.844  -62.983  -32.185 0.5000000000
137325  -28.295  -62.346  -33.547 0.5000000000
26448  -30.711  -62.473  -33.722 0.6000000238
25485  -32.918  -63.113  -33.492 0.6000000238
137518  -31.737  -62.387  -34.125 0.6000000238
26467  -33.359  -62.120  -34.657 0.6000000238
27402  -34.358  -62.188  -33.834 0.6000000238
142468  -22.730  -62.574  -27.871 0.6000000238
140885  -22.808  -62.320  -29.771 0.6000000238
26412  -23.676  -62.455  -30.085 0.6000000238
138733  -24.406  -62.096  -31.270 0.6000000238
26442  -24.981  -61.885  -32.046 0.6000000238
26431  -25.350  -62.290  -31.226 0.6000000238
137394  -25.962  -62.248  -31.851 0.6000000238
154100  -26.884  -61.962  -33.447 0.6000000238
26455  -27.579  -61.916  -34.005 0.6000000238
26457  -29.761  -62.401  -33.675 0.6000000238
140611  -28.406  -61.999  -34.232 0.6999999881
26464  -30.085  -61.920  -34.443 0.6000000238
26465  -31.314  -61.915  -34.575 0.6000000238
27383  -33.603  -61.358  -32.650 0.5000000000
27374  -32.878  -61.384  -31.518 0.5000000000
26361  -21.469  -62.026  -27.311 0.6000000238
26393  -22.086  -62.020  -28.678 0.6000000238
146310  -22.460  -61.722  -30.044 0.6000000238
26428  -22.960  -61.576  -31.237 0.6000000238
26429  -23.530  -61.842  -31.261 0.6000000238
27382  -23.266  -61.330  -31.898 0.6000000238
27390  -24.194  -61.284  -32.559 0.6000000238
27399  -25.487  -61.089  -33.602 0.6000000238
26443  -25.775  -61.894  -32.555 0.6000000238
162893  -26.118  -61.150  -33.880 0.6000000238
27405  -27.330  -61.205  -34.469 0.6999999881
27410  -33.057  -61.481  -34.961 0.6000000238
28473  -33.584  -61.210  -34.653 0.6000000238
27373  -32.108  -61.511  -30.673 0.4000000060
27337  -21.945  -61.451  -27.729 0.6000000238
27350  -22.023  -61.693  -28.358 0.6000000238
28440  -22.448  -61.072  -29.746 0.6000000238
28452  -22.625  -60.758  -31.443 0.6000000238
28467  -22.907  -60.192  -32.672 0.5000000000
28468  -23.512  -60.259  -33.214 0.6000000238
27403  -25.835  -60.701  -34.044 0.6999999881
28483  -29.043  -60.523  -35.302 0.6000000238
26462  -28.204  -61.467  -34.615 0.6000000238
27407  -29.907  -61.277  -35.089 0.6000000238
27413  -30.790  -60.716  -35.475 0.6000000238
27414  -31.704  -60.886  -35.387 0.6000000238
28472  -33.207  -60.586  -34.408 0.6000000238
28461  -33.807  -61.208  -33.881 0.6000000238
28444  -32.048  -60.708  -31.157 0.4000000060
28454  -32.589  -60.681  -32.090 0.5000000000
28382  -21.448  -61.243  -26.308 0.5000000000
28400  -23.195  -60.421  -27.614 0.6000000238
28415  -22.909  -60.552  -28.479 0.6000000238
28441  -22.804  -60.376  -30.294 0.6000000238
151465  -22.525  -60.934  -30.646 0.5000000000
29478  -23.187  -59.550  -30.598 0.5000000000
28458  -22.613  -60.122  -32.055 0.5000000000
29498  -23.897  -59.664  -33.638 0.6000000238
30539  -24.911  -58.346  -33.774 0.6000000238
29499  -24.707  -59.313  -33.914 0.6999999881
154079  -26.794  -60.055  -34.763 0.6999999881
28479  -27.058  -60.611  -34.645 0.6999999881
30548  -28.497  -58.381  -34.934 0.6000000238
28480  -28.015  -60.789  -34.981 0.6999999881
28482  -28.290  -60.000  -35.195 0.6000000238
29512  -30.054  -59.245  -35.504 0.6000000238
28484  -30.163  -60.127  -35.532 0.6000000238
28485  -31.218  -60.032  -35.669 0.6000000238
29515  -32.413  -59.999  -35.388 0.6000000238
28459  -31.990  -60.180  -32.740 0.5000000000
155952  -31.288  -59.748  -32.242 0.4000000060
29433  -23.759  -60.105  -26.708 0.6000000238
29459  -24.340  -59.358  -28.384 0.6000000238
29469  -23.773  -59.583  -29.171 0.5000000000
153446  -23.361  -59.828  -29.874 0.6000000238
141215  -22.935  -59.061  -31.407 0.5000000000
29485  -22.635  -59.369  -32.064 0.6000000238
31536  -23.060  -57.690  -32.197 0.5000000000
30537  -22.935  -58.934  -33.028 0.6000000238
31543  -23.014  -58.142  -32.768 0.5000000000
31552  -23.947  -57.901  -33.504 0.5000000000
31553  -25.639  -57.509  -33.704 0.5000000000
30545  -25.483  -59.128  -34.218 0.6000000238
32548  -27.295  -56.698  -33.834 0.5000000000
31563  -26.735  -57.595  -33.991 0.5000000000
30546  -26.766  -58.563  -34.433 0.6000000238
154107  -27.618  -57.288  -34.231 0.4000000060
30547  -27.495  -58.896  -34.802 0.6999999881
145630  -28.736  -55.970  -34.554 0.4000000060
31564  -29.247  -57.506  -35.104 0.5000000000
30550  -29.821  -58.276  -35.324 0.6000000238
135008  -30.653  -56.994  -35.499 0.5000000000
30551  -30.926  -58.518  -35.556 0.6000000238
31568  -31.202  -57.187  -35.410 0.5000000000
30552  -31.682  -58.850  -35.444 0.6000000238
29486  -30.685  -59.125  -32.234 0.5000000000
147499  -31.395  -57.833  -35.304 0.6000000238
137478  -31.760  -58.269  -34.721 0.6000000238
29493  -31.457  -59.479  -33.239 0.6000000238
30489  -24.845  -59.136  -27.567 0.5000000000
30505  -24.391  -58.853  -29.152 0.5000000000
31529  -24.239  -58.311  -29.903 0.5000000000
154457  -23.345  -57.413  -31.561 0.4000000060
31544  -23.214  -57.185  -32.704 0.4000000060
155384  -23.895  -57.149  -33.343 0.5000000000
136141  -24.655  -57.346  -33.502 0.5000000000
33542  -25.350  -56.037  -33.252 0.5000000000
34607  -28.366  -54.382  -33.878 0.4000000060
33552  -27.875  -55.857  -33.848 0.4000000060
33553  -28.583  -55.164  -34.205 0.4000000060
33554  -29.426  -55.304  -34.885 0.5000000000
32550  -29.615  -56.115  -35.095 0.5000000000
33556  -30.396  -55.526  -35.312 0.5000000000
32552  -30.518  -56.314  -35.403 0.5000000000
32553  -31.246  -56.575  -35.377 0.5000000000
142790  -30.605  -57.101  -32.842 0.5000000000
29492  -30.917  -58.801  -33.067 0.5000000000
31566  -31.619  -57.518  -35.059 0.6000000238
30532  -31.468  -58.766  -33.838 0.5000000000
32538  -24.337  -56.455  -33.272 0.4000000060
33530  -25.582  -55.309  -32.902 0.5000000000
33543  -26.333  -55.718  -33.212 0.5000000000
34606  -27.479  -54.482  -33.180 0.5000000000
34613  -29.258  -54.452  -34.651 0.4000000060
34617  -31.301  -55.003  -35.451 0.5000000000
32527  -30.403  -56.376  -32.483 0.5000000000
31538  -29.657  -56.980  -31.806 0.3000000119
34615  -31.429  -54.258  -35.479 0.5000000000
33555  -32.340  -55.377  -35.016 0.5000000000
32542  -31.819  -56.457  -34.397 0.5000000000
34597  -25.869  -54.767  -32.606 0.4000000060
33545  -27.918  -55.034  -33.659 0.4000000060
35624  -27.320  -53.709  -32.639 0.4000000060
36610  -29.175  -52.063  -34.199 0.4000000060
141537  -28.576  -52.810  -33.852 0.4000000060
35635  -30.365  -53.705  -35.148 0.4000000060
36615  -30.432  -52.030  -35.037 0.4000000060
139657  -31.270  -52.792  -35.358 0.5000000000
33518  -30.361  -55.011  -32.076 0.4000000060
33531  -29.923  -55.881  -31.887 0.4000000060
34616  -32.436  -54.576  -35.177 0.5000000000
33532  -30.800  -55.603  -32.665 0.5000000000
35637  -32.561  -53.777  -35.220 0.5000000000
34608  -32.247  -54.800  -34.071 0.5000000000
33547  -32.086  -55.572  -34.359 0.5000000000
37694  -29.767  -51.202  -34.487 0.4000000060
36616  -31.886  -51.971  -35.459 0.4000000060
34583  -30.699  -54.329  -32.267 0.4000000060
34599  -31.373  -54.713  -32.981 0.5000000000
136125  -32.561  -52.798  -35.328 0.5000000000
35626  -32.333  -53.179  -33.715 0.5000000000
38784  -31.041  -50.621  -35.117 0.4000000060
35612  -30.572  -53.719  -32.013 0.4000000060
35611  -29.881  -53.568  -31.171 0.3000000119
36617  -32.757  -51.742  -35.277 0.5000000000
36611  -32.853  -52.346  -34.614 0.5000000000
141312  -31.434  -53.839  -32.856 0.5000000000
38781  -31.171  -49.793  -34.952 0.4000000060
36595  -30.924  -52.423  -32.097 0.3000000119
36594  -30.138  -52.677  -31.249 0.3000000119
37699  -32.146  -51.117  -35.441 0.4000000060
36604  -32.037  -52.346  -33.231 0.5000000000
38782  -33.177  -50.725  -34.596 0.4000000060
37689  -32.801  -51.517  -33.940 0.5000000000
37680  -31.581  -51.463  -32.518 0.5000000000
39804  -32.038  -49.105  -34.951 0.4000000060
37679  -30.500  -51.841  -31.398 0.3000000119
37670  -30.055  -51.329  -30.646 0.3000000119
38785  -32.358  -50.104  -35.257 0.4000000060
38775  -31.673  -50.435  -32.364 0.4000000060
149610  -33.102  -49.747  -34.277 0.4000000060
146376  -32.587  -50.625  -33.463 0.4000000060
41822  -31.221  -47.358  -34.036 0.5000000000
37671  -30.844  -50.950  -31.450 0.3000000119
38757  -30.290  -50.467  -30.696 0.4000000060
39769  -29.384  -49.524  -29.272 0.4000000060
38749  -29.153  -50.345  -29.238 0.4000000060
40868  -32.467  -48.597  -34.471 0.4000000060
38766  -31.809  -49.650  -32.338 0.5000000000
38765  -31.072  -50.040  -31.497 0.4000000060
39798  -32.456  -48.938  -33.082 0.5000000000
38776  -32.519  -49.762  -33.196 0.5000000000
40857  -31.895  -48.269  -32.503 0.5000000000
39789  -31.422  -49.044  -31.723 0.4000000060
40842  -30.042  -48.346  -29.920 0.4000000060
159893  -29.590  -48.843  -29.373 0.4000000060
39746  -29.157  -49.140  -27.697 0.3000000119
40867  -32.049  -47.922  -34.118 0.5000000000
40864  -32.341  -48.143  -33.666 0.5000000000
42768  -29.844  -46.710  -28.884 0.4000000060
42758  -29.745  -46.773  -27.945 0.3000000119
43826  -30.889  -45.366  -33.574 0.5000000000
41793  -30.163  -46.726  -29.788 0.4000000060
41794  -30.304  -47.518  -30.105 0.4000000060
160041  -29.863  -47.864  -29.578 0.4000000060
41784  -29.597  -47.516  -28.461 0.4000000060
41776  -29.638  -47.695  -27.424 0.3000000119
42812  -31.130  -46.327  -33.717 0.5000000000
156135  -31.669  -47.850  -32.188 0.5000000000
40856  -31.326  -48.122  -31.468 0.5000000000
42809  -31.471  -46.714  -33.558 0.5000000000
42780  -30.069  -45.927  -29.471 0.4000000060
161271  -29.871  -45.494  -27.876 0.4000000060
43825  -30.385  -44.856  -33.715 0.5000000000
41777  -29.943  -46.897  -27.019 0.3000000119
42808  -31.330  -45.967  -33.375 0.5000000000
42801  -31.398  -45.888  -32.563 0.5000000000
42791  -31.022  -45.964  -31.445 0.5000000000
147121  -30.721  -46.728  -30.715 0.5000000000
149640  -31.340  -46.669  -31.769 0.5000000000
141395  -29.810  -45.008  -28.267 0.4000000060
45918  -29.548  -43.776  -33.180 0.5000000000
44836  -30.391  -44.018  -31.131 0.5000000000
149351  -30.286  -44.894  -26.436 0.3000000119
158308  -30.193  -45.600  -26.709 0.3000000119
45913  -30.287  -43.677  -32.846 0.5000000000
45906  -30.412  -43.641  -32.123 0.5000000000
44848  -30.824  -44.533  -31.989 0.5000000000
25486  -33.746  -63.135  -33.461 0.6000000238
26417  -33.040  -62.258  -30.952 0.5000000000
25465  -27.676  -63.185  -31.511 0.6000000238
28470  -25.127  -60.534  -33.769 0.6999999881
28481  -32.957  -60.477  -35.046 0.6000000238
29505  -25.997  -59.745  -34.522 0.6999999881
29500  -32.077  -59.319  -34.583 0.6000000238
29507  -27.452  -59.680  -34.959 0.6999999881
148775  -28.323  -57.431  -34.665 0.5000000000
29513  -31.082  -59.388  -35.653 0.6000000238
31554  -26.244  -56.626  -33.521 0.5000000000
33544  -27.224  -55.353  -33.337 0.5000000000
136443  -27.575  -58.042  -34.459 0.4000000060
32551  -31.871  -56.685  -34.945 0.5000000000
31555  -31.352  -57.030  -33.731 0.5000000000
35631  -28.946  -53.605  -34.343 0.4000000060
35630  -28.044  -53.612  -33.472 0.4000000060
39770  -29.993  -49.182  -29.996 0.4000000060
40832  -29.346  -48.331  -28.098 0.3000000119
44859  -30.715  -44.690  -33.404 0.5000000000
145956  -30.503  -44.697  -30.917 0.5000000000
155051  -28.794  -69.876  -29.237 0.5000000000
159886  -31.068  -69.792  -28.674 0.5000000000
19329  -30.580  -69.758  -29.160 0.5000000000
20251  -30.082  -68.157  -25.375 0.5000000000
162077  -30.032  -69.578  -26.322 0.5000000000
20274  -30.719  -69.509  -27.200 0.4000000060
20288  -29.692  -68.615  -29.089 0.5000000000
20289  -32.108  -68.951  -29.026 0.6000000238
20301  -30.857  -69.029  -29.587 0.6000000238
20259  -30.584  -68.611  -26.310 0.5000000000
20260  -31.532  -68.618  -27.267 0.5000000000
21267  -29.715  -66.588  -24.365 0.4000000060
150068  -25.310  -68.499  -27.218 0.6999999881
21314  -27.288  -67.817  -27.562 0.6999999881
21339  -30.396  -67.995  -29.506 0.6999999881
20290  -32.463  -68.405  -29.466 0.5000000000
21340  -31.361  -68.248  -29.966 0.6999999881
22393  -30.984  -66.903  -25.948 0.5000000000
21316  -32.109  -67.710  -27.245 0.5000000000
21317  -32.781  -67.638  -28.046 0.5000000000
23444  -29.764  -65.718  -24.700 0.5000000000
21284  -30.328  -67.184  -25.199 0.5000000000
22391  -23.716  -67.123  -25.839 0.5000000000
21297  -24.034  -67.816  -26.484 0.6999999881
22406  -25.152  -67.035  -26.937 0.6999999881
137187  -24.766  -67.754  -26.964 0.6999999881
21313  -26.467  -67.229  -27.514 0.6999999881
21327  -28.779  -67.740  -28.198 0.6000000238
21342  -33.007  -67.844  -29.821 0.6999999881
22443  -31.703  -67.462  -30.376 0.6000000238
22394  -31.747  -66.715  -26.639 0.5000000000
143957  -32.433  -66.946  -27.332 0.6000000238
149960  -33.391  -67.247  -28.533 0.6000000238
22378  -30.397  -66.166  -25.366 0.5000000000
23460  -29.549  -64.973  -24.525 0.5000000000
22377  -24.177  -66.335  -25.486 0.5000000000
22392  -24.539  -66.984  -26.206 0.6999999881
22409  -27.319  -66.990  -27.772 0.6999999881
146219  -27.355  -66.317  -28.169 0.6999999881
22408  -26.496  -66.225  -27.918 0.6999999881
22442  -30.808  -67.209  -29.813 0.8000000119
142683  -30.283  -66.076  -29.345 0.6999999881
22428  -34.116  -66.598  -29.392 0.6000000238
21353  -32.700  -67.399  -30.488 0.6999999881
23491  -32.516  -65.496  -27.702 0.6999999881
23506  -33.263  -65.677  -28.301 0.6000000238
23461  -30.021  -65.170  -25.250 0.6000000238
23476  -31.471  -65.553  -26.647 0.6000000238
25394  -29.838  -63.619  -25.666 0.6000000238
22375  -21.472  -66.747  -24.909 0.5000000000
23456  -23.047  -65.792  -24.676 0.6000000238
140716  -22.463  -66.548  -25.151 0.5000000000
23457  -23.886  -65.698  -24.897 0.6000000238
23473  -24.896  -65.899  -25.879 0.6000000238
23489  -25.904  -65.547  -27.312 0.6999999881
23520  -27.607  -65.235  -29.043 0.6999999881
23502  -26.348  -65.285  -28.262 0.6000000238
23505  -29.362  -65.922  -28.714 0.6999999881
23521  -28.560  -65.202  -29.057 0.6999999881
22453  -31.999  -66.723  -30.716 0.6999999881
24456  -32.717  -64.799  -28.111 0.6999999881
24444  -30.949  -64.665  -26.427 0.6999999881
24455  -32.080  -64.697  -27.557 0.6999999881
22362  -21.261  -65.995  -24.079 0.5000000000
24431  -24.934  -64.377  -24.956 0.6000000238
24432  -25.634  -64.302  -25.720 0.6000000238
24454  -26.312  -64.564  -27.588 0.6000000238
23523  -30.557  -65.201  -29.721 0.8000000119
24478  -30.779  -64.290  -30.266 0.5000000000
24475  -27.772  -64.621  -29.647 0.6000000238
23539  -33.307  -65.983  -31.052 0.6999999881
24494  -32.818  -65.289  -31.386 0.6999999881
25430  -33.513  -64.321  -29.152 0.6999999881
24479  -34.274  -64.731  -30.557 0.6999999881
25415  -30.728  -63.444  -26.976 0.5000000000
25416  -31.578  -63.920  -27.392 0.6999999881
26368  -31.103  -63.083  -27.659 0.5000000000
23438  -20.304  -66.001  -23.864 0.5000000000
23439  -21.937  -65.151  -23.746 0.5000000000
25377  -23.804  -63.724  -24.139 0.6000000238
23440  -22.817  -65.038  -23.936 0.6000000238
25391  -24.494  -63.637  -24.698 0.6000000238
25401  -25.957  -63.604  -26.207 0.6000000238
26349  -25.479  -62.917  -26.299 0.6000000238
24443  -26.378  -63.670  -26.949 0.6000000238
26366  -26.162  -62.823  -27.983 0.6000000238
25456  -31.398  -63.840  -31.252 0.6000000238
25455  -30.191  -63.657  -30.872 0.5000000000
25439  -26.461  -63.374  -29.406 0.5000000000
24504  -33.988  -64.685  -31.699 0.6000000238
24493  -32.547  -64.468  -31.603 0.6000000238
25457  -34.148  -63.883  -30.697 0.6000000238
25458  -34.326  -64.295  -31.252 0.6000000238
26399  -32.684  -62.904  -29.596 0.5000000000
138501  -21.016  -65.142  -23.692 0.5000000000
25376  -22.976  -63.608  -23.970 0.6000000238
25400  -24.582  -63.088  -25.450 0.6000000238
24491  -28.349  -64.117  -30.205 0.5000000000
25464  -27.212  -63.398  -30.892 0.5000000000
135341  -31.478  -63.410  -32.273 0.4000000060
25468  -30.456  -63.363  -31.831 0.5000000000
25467  -29.434  -63.337  -31.574 0.5000000000
25470  -34.200  -63.535  -31.626 0.6000000238
137635  -19.941  -64.945  -23.627 0.5000000000
139918  -20.880  -64.166  -23.641 0.6000000238
25389  -22.272  -63.007  -24.657 0.6000000238
147025  -23.629  -62.791  -25.751 0.6000000238
25484  -31.767  -62.907  -33.304 0.5000000000
25478  -29.717  -62.982  -32.397 0.4000000060
136611  -17.854  -65.159  -23.795 0.5000000000
134869  -19.998  -63.739  -23.774 0.5000000000
25388  -21.231  -62.842  -24.713 0.6000000238
26347  -22.856  -62.643  -26.876 0.6000000238
24416  -17.429  -64.305  -24.072 0.5000000000
25372  -18.620  -63.613  -23.813 0.5000000000
156955  -20.585  -62.624  -24.678 0.6000000238
26346  -21.740  -62.350  -26.728 0.6000000238
25370  -16.992  -63.536  -24.514 0.5000000000
25371  -17.837  -63.359  -23.949 0.5000000000
147604  -19.193  -62.684  -24.203 0.5000000000
26329  -20.280  -62.088  -24.870 0.6000000238
26330  -20.885  -62.255  -25.410 0.6000000238
26311  -17.315  -62.655  -24.497 0.5000000000
26313  -18.684  -62.188  -24.237 0.5000000000
26328  -16.937  -62.054  -25.136 0.5000000000
26345  -21.201  -62.068  -26.404 0.5000000000
27293  -18.134  -61.527  -24.263 0.5000000000
26314  -19.470  -62.135  -24.476 0.5000000000
27310  -16.561  -61.511  -25.893 0.5000000000
28352  -17.665  -60.862  -24.558 0.5000000000
27295  -19.751  -61.428  -24.650 0.5000000000
26344  -20.892  -61.889  -25.746 0.4000000060
28364  -17.309  -60.333  -25.098 0.5000000000
28354  -19.218  -60.711  -24.575 0.5000000000
28365  -20.757  -60.516  -24.985 0.4000000060
27313  -21.016  -61.335  -25.717 0.4000000060
29402  -18.709  -59.987  -24.657 0.4000000060
29413  -20.170  -59.643  -24.735 0.4000000060
156293  -21.873  -59.567  -25.125 0.4000000060
147887  -33.364  -63.563  -32.974 0.6000000238
26418  -33.672  -63.077  -30.818 0.5000000000
26382  -31.414  -62.737  -28.439 0.4000000060
24490  -27.508  -63.939  -30.275 0.6000000238
28366  -21.571  -60.443  -25.487 0.4000000060
29417  -23.956  -59.671  -25.969 0.4000000060
22426  -29.109  -66.767  -28.318 0.6999999881
23537  -31.388  -65.374  -30.371 0.6999999881
23507  -33.955  -65.813  -29.005 0.6999999881
23540  -34.008  -66.015  -30.546 0.6999999881
24476  -28.870  -64.572  -29.598 0.6000000238
140060  -26.455  -64.438  -28.447 0.6000000238
25429  -32.781  -64.039  -28.556 0.6999999881
148349  -31.879  -64.753  -30.889 0.6999999881
23554  -33.951  -65.351  -31.116 0.6999999881
25440  -33.133  -63.626  -29.299 0.6000000238
26383  -32.304  -63.179  -28.848 0.6000000238
19312  -31.493  -69.336  -28.333 0.5000000000
19320  -29.227  -69.392  -29.102 0.5000000000
19321  -30.701  -70.239  -28.839 0.5000000000
19322  -31.341  -69.480  -29.134 0.6000000238
19328  -29.723  -70.159  -29.304 0.5000000000
20273  -27.976  -68.226  -27.841 0.6000000238
20275  -32.210  -68.505  -28.122 0.5000000000
20276  -32.601  -68.352  -28.734 0.5000000000
20302  -31.802  -68.823  -29.660 0.5000000000
21298  -30.702  -67.667  -25.865 0.5000000000
21299  -31.346  -67.697  -26.496 0.5000000000
21312  -25.618  -67.562  -27.282 0.6999999881
21315  -27.968  -67.515  -27.751 0.6999999881
21328  -29.600  -67.576  -28.785 0.6000000238
21329  -33.103  -67.892  -28.983 0.6000000238
21330  -33.731  -67.286  -29.378 0.6000000238
21341  -32.207  -68.185  -30.139 0.6999999881
21354  -33.528  -67.355  -30.120 0.6999999881
22363  -29.317  -66.313  -23.483 0.4000000060
22376  -23.340  -66.460  -25.299 0.5000000000
22407  -25.735  -66.627  -27.383 0.6999999881
22410  -28.187  -66.839  -27.952 0.6999999881
22411  -32.176  -66.089  -27.234 0.6999999881
22412  -32.961  -66.536  -27.908 0.6000000238
22427  -33.733  -66.584  -28.686 0.6000000238
22441  -29.944  -66.890  -29.016 0.8000000119
22444  -34.080  -66.831  -30.046 0.6000000238
22452  -31.193  -66.313  -30.146 0.6999999881
22454  -32.761  -66.639  -30.824 0.6999999881
22455  -33.522  -66.802  -30.532 0.6999999881
23441  -23.626  -64.949  -24.348 0.6000000238
23442  -24.280  -64.905  -24.704 0.6000000238
23455  -22.185  -65.933  -24.331 0.5000000000
23458  -24.590  -65.388  -25.215 0.6000000238
23459  -25.171  -65.011  -25.567 0.6000000238
23474  -25.537  -65.226  -26.270 0.6000000238
23475  -30.713  -65.365  -25.946 0.6000000238
23488  -25.274  -66.245  -26.689 0.6999999881
23490  -31.922  -65.298  -27.253 0.6999999881
23503  -26.952  -65.552  -28.636 0.6999999881
23504  -28.182  -65.941  -28.474 0.6999999881
23522  -29.615  -65.151  -29.216 0.6999999881
23524  -34.244  -66.009  -29.789 0.6999999881
23525  -34.254  -65.432  -30.243 0.6999999881
23538  -32.223  -65.921  -30.982 0.6999999881
23541  -34.202  -65.280  -30.766 0.6999999881
23553  -33.564  -65.261  -31.360 0.6999999881
24417  -18.277  -64.292  -23.765 0.5000000000
24418  -19.157  -64.172  -23.706 0.5000000000
24419  -21.659  -64.464  -23.612 0.5000000000
24420  -22.494  -64.288  -23.651 0.5000000000
24421  -23.393  -64.208  -23.861 0.6000000238
24422  -24.160  -64.224  -24.311 0.6000000238
24433  -29.686  -64.303  -25.102 0.6000000238
24434  -30.270  -64.488  -25.793 0.6000000238
24445  -31.523  -64.685  -27.018 0.6999999881
24453  -26.088  -64.409  -26.568 0.6000000238
24464  -26.588  -64.213  -29.138 0.6000000238
24465  -26.986  -64.863  -29.272 0.6000000238
24466  -33.473  -64.905  -28.705 0.6999999881
24467  -34.060  -65.032  -29.565 0.6999999881
24474  -26.953  -64.205  -29.814 0.6000000238
24477  -29.827  -64.415  -29.703 0.5000000000
24492  -29.818  -63.912  -30.212 0.5000000000
24503  -33.377  -64.834  -31.670 0.6000000238
24505  -34.244  -64.783  -31.247 0.6000000238
24511  -33.408  -64.178  -32.293 0.6000000238
24512  -34.076  -64.085  -32.317 0.6999999881
24513  -34.246  -64.112  -31.942 0.6999999881
25373  -19.257  -63.306  -23.924 0.5000000000
25374  -20.737  -63.295  -24.151 0.6000000238
25375  -21.801  -63.621  -23.923 0.6000000238
25390  -23.556  -63.173  -24.741 0.6000000238
25392  -25.305  -63.603  -25.446 0.6000000238
25399  -22.537  -62.680  -25.698 0.6000000238
25402  -30.474  -63.873  -26.342 0.5000000000
25403  -31.100  -64.095  -26.808 0.6999999881
25413  -26.108  -63.151  -26.777 0.6000000238
25414  -26.314  -63.152  -27.456 0.6000000238
25417  -32.235  -64.161  -27.919 0.6999999881
25427  -26.414  -63.335  -28.377 0.5000000000
25428  -31.906  -63.516  -28.127 0.6000000238
25441  -33.859  -64.147  -29.859 0.6000000238
25452  -26.805  -63.513  -30.227 0.5000000000
25453  -28.022  -63.646  -30.857 0.6000000238
25454  -29.034  -63.721  -30.741 0.5000000000
25469  -32.272  -63.864  -31.981 0.6000000238
25476  -28.129  -63.016  -32.021 0.6000000238
25479  -30.646  -62.950  -32.741 0.5000000000
25480  -32.525  -63.527  -32.731 0.4000000060
25481  -33.930  -63.643  -32.847 0.6999999881
25483  -34.265  -63.280  -32.524 0.6999999881
25487  -34.199  -63.097  -33.312 0.6000000238
25488  -34.356  -63.011  -33.118 0.6000000238
26312  -17.960  -62.367  -24.076 0.5000000000
26331  -21.503  -62.466  -25.673 0.6000000238
26348  -24.299  -62.724  -26.463 0.6999999881
26362  -22.029  -62.325  -27.650 0.6000000238
26365  -25.879  -62.781  -27.296 0.6000000238
26375  -21.805  -62.025  -28.063 0.6000000238
26376  -22.325  -62.303  -28.483 0.6000000238
26379  -25.557  -62.565  -28.285 0.6999999881
26380  -26.148  -62.805  -28.787 0.6000000238
26394  -22.360  -62.084  -29.234 0.6000000238
26395  -23.484  -62.580  -29.229 0.6999999881
26398  -31.766  -62.442  -29.282 0.4000000060
26400  -33.477  -63.371  -30.045 0.5000000000
26411  -22.990  -62.062  -30.626 0.6000000238
26413  -24.770  -62.361  -30.453 0.6000000238
26415  -26.528  -62.903  -30.719 0.6000000238
26416  -32.265  -62.262  -30.110 0.5000000000
26430  -24.060  -61.692  -31.807 0.6000000238
26433  -27.485  -62.716  -32.239 0.6000000238
26435  -34.172  -62.728  -32.249 0.6000000238
26444  -26.629  -62.259  -32.604 0.6000000238
26445  -28.224  -62.661  -32.673 0.5000000000
26446  -29.107  -62.648  -33.089 0.6000000238
26447  -29.960  -62.679  -33.101 0.4000000060
26454  -26.102  -61.629  -33.317 0.6000000238
26456  -29.088  -62.215  -33.984 0.6999999881
26458  -32.618  -62.559  -34.130 0.6000000238
26459  -33.514  -62.635  -34.084 0.6000000238
26460  -34.081  -62.611  -33.921 0.6000000238
26461  -34.278  -62.554  -33.633 0.6000000238
26463  -29.082  -61.661  -34.603 0.6999999881
26466  -32.412  -61.971  -34.688 0.6000000238
26468  -34.212  -62.174  -34.230 0.6000000238
27292  -17.536  -61.742  -24.531 0.5000000000
27294  -18.931  -61.459  -24.452 0.5000000000
27311  -17.103  -61.155  -25.049 0.5000000000
27312  -20.464  -61.368  -25.035 0.4000000060
27326  -21.244  -61.839  -26.710 0.4000000060
27336  -21.578  -61.879  -27.609 0.5000000000
27360  -22.264  -61.663  -29.174 0.6000000238
27372  -22.633  -61.405  -30.924 0.6000000238
27381  -22.767  -61.174  -31.523 0.6000000238
27384  -34.216  -62.077  -32.671 0.5000000000
27388  -22.790  -60.742  -32.059 0.6000000238
27389  -23.381  -60.771  -32.613 0.6000000238
27391  -25.192  -61.466  -32.936 0.6000000238
27392  -34.291  -61.855  -33.470 0.6000000238
27397  -23.984  -60.741  -33.094 0.6000000238
27398  -24.704  -60.919  -33.284 0.6999999881
27400  -26.747  -61.452  -33.926 0.6999999881
27401  -34.153  -61.775  -34.257 0.6000000238
27404  -26.535  -60.909  -34.275 0.6999999881
27406  -28.971  -61.107  -35.061 0.6000000238
27408  -30.974  -61.329  -35.063 0.6000000238
27409  -32.066  -61.359  -35.064 0.6000000238
27411  -33.795  -61.738  -34.681 0.6000000238
27412  -29.738  -60.820  -35.366 0.6000000238
27415  -32.586  -60.757  -35.250 0.6000000238
28353  -18.372  -60.719  -24.463 0.5000000000
28355  -20.012  -60.622  -24.691 0.4000000060
28363  -16.876  -60.730  -25.666 0.5000000000
28367  -22.212  -60.675  -26.354 0.5000000000
28383  -23.004  -60.496  -26.791 0.6000000238
28398  -21.652  -61.395  -27.084 0.6000000238
28399  -22.347  -60.900  -27.301 0.5000000000
28414  -22.432  -61.006  -28.093 0.6000000238
28426  -22.456  -61.051  -28.882 0.6000000238
28427  -23.028  -60.371  -29.286 0.6000000238
28443  -31.398  -60.804  -30.432 0.4000000060
28460  -33.016  -60.628  -33.286 0.6000000238
28469  -24.310  -60.364  -33.530 0.6000000238
28471  -32.405  -60.072  -33.917 0.6000000238
28476  -24.811  -59.996  -33.894 0.6999999881
28477  -25.551  -60.206  -34.163 0.6999999881
28478  -26.267  -60.393  -34.431 0.6999999881
28486  -31.850  -60.308  -35.556 0.6000000238
29401  -17.910  -60.031  -24.701 0.4000000060
29403  -19.487  -60.057  -24.653 0.5000000000
29410  -17.586  -59.536  -25.339 0.5000000000
29411  -18.259  -59.282  -24.992 0.4000000060
29412  -19.194  -59.363  -24.856 0.4000000060
29414  -21.127  -59.583  -24.882 0.4000000060
29415  -22.503  -60.008  -25.518 0.4000000060
29416  -23.221  -60.199  -26.040 0.4000000060
29434  -24.482  -59.474  -26.723 0.5000000000
29447  -24.102  -59.790  -27.565 0.6000000238
29458  -23.601  -60.037  -28.420 0.5000000000
29468  -23.798  -59.137  -29.896 0.6000000238
29477  -22.706  -60.083  -31.306 0.5000000000
29491  -22.752  -59.521  -32.618 0.6000000238
29497  -23.131  -59.625  -33.163 0.6000000238
29501  -32.642  -60.071  -34.807 0.6000000238
29504  -25.309  -59.722  -34.160 0.6999999881
29506  -26.740  -59.363  -34.725 0.6999999881
29508  -32.059  -58.949  -35.226 0.6000000238
29509  -32.479  -59.681  -35.199 0.6000000238
29510  -28.110  -59.264  -35.064 0.6000000238
29511  -28.986  -59.196  -35.251 0.6000000238
29514  -31.861  -59.628  -35.614 0.6000000238
30516  -23.223  -58.151  -31.457 0.4000000060
30517  -23.548  -58.654  -30.664 0.5000000000
30526  -22.803  -58.528  -32.131 0.6000000238
30531  -22.776  -58.891  -32.553 0.6000000238
30538  -23.354  -58.382  -33.284 0.5000000000
30540  -31.041  -57.979  -33.458 0.5000000000
30549  -31.630  -58.298  -35.200 0.6000000238
31539  -30.159  -57.828  -32.352 0.3000000119
31551  -23.395  -57.530  -33.141 0.5000000000
31556  -31.651  -57.294  -34.541 0.6000000238
31562  -25.942  -58.373  -34.106 0.6000000238
31565  -29.824  -56.840  -35.352 0.5000000000
31567  -30.085  -57.427  -35.409 0.5000000000
32537  -23.566  -56.732  -33.048 0.4000000060
32539  -25.245  -56.776  -33.454 0.5000000000
32540  -27.020  -56.059  -33.475 0.5000000000
32541  -31.306  -56.237  -33.379 0.5000000000
32549  -28.141  -56.667  -34.324 0.4000000060
32554  -31.568  -56.974  -35.190 0.5000000000
33546  -31.615  -55.392  -33.453 0.5000000000
33557  -31.283  -55.787  -35.365 0.5000000000
33558  -32.003  -55.219  -35.304 0.5000000000
34598  -26.622  -54.374  -32.515 0.4000000060
34600  -32.347  -54.015  -33.901 0.5000000000
34605  -26.538  -55.010  -32.927 0.5000000000
34609  -32.708  -54.231  -34.762 0.5000000000
34614  -30.325  -54.683  -35.243 0.5000000000
34618  -32.016  -54.621  -35.481 0.5000000000
34619  -32.246  -54.132  -35.473 0.5000000000
35625  -31.281  -53.108  -32.560 0.5000000000
35632  -29.701  -52.815  -34.716 0.4000000060
35633  -32.818  -53.387  -34.752 0.5000000000
35636  -31.974  -53.554  -35.500 0.5000000000
37695  -33.163  -51.449  -34.853 0.5000000000
37698  -31.038  -51.391  -35.208 0.4000000060
37700  -32.927  -50.873  -35.180 0.4000000060
38756  -29.574  -50.833  -29.979 0.4000000060
38786  -33.074  -50.121  -34.990 0.4000000060
39762  -29.273  -48.975  -28.634 0.3000000119
39776  -29.781  -49.991  -30.005 0.4000000060
39777  -30.522  -49.587  -30.750 0.4000000060
39805  -32.847  -48.835  -34.169 0.4000000060
39806  -32.807  -49.361  -34.821 0.4000000060
40841  -29.525  -48.173  -29.066 0.4000000060
40845  -30.659  -48.733  -30.722 0.4000000060
40866  -31.653  -48.319  -34.398 0.4000000060
41801  -31.026  -47.428  -31.054 0.5000000000
41812  -31.542  -47.395  -32.024 0.5000000000
41813  -31.896  -47.587  -32.897 0.5000000000
41819  -31.802  -47.397  -33.623 0.5000000000
41823  -31.535  -47.195  -33.784 0.5000000000
42748  -30.275  -46.314  -26.497 0.3000000119
42759  -29.974  -46.006  -27.417 0.3000000119
42802  -31.632  -46.744  -32.958 0.5000000000
42811  -30.489  -45.598  -33.837 0.5000000000
43769  -29.930  -45.075  -27.378 0.3000000119
43802  -30.719  -45.284  -31.170 0.5000000000
43813  -31.141  -45.294  -32.122 0.5000000000
43820  -31.159  -45.048  -33.030 0.5000000000
43824  -29.886  -45.177  -33.840 0.5000000000
44853  -29.572  -44.490  -33.527 0.5000000000
44854  -30.253  -44.100  -33.348 0.5000000000
44855  -30.711  -44.210  -32.941 0.5000000000
135958  -33.807  -62.743  -31.492 0.6000000238
136740  -18.816  -65.133  -23.696 0.5000000000
138343  -31.856  -56.079  -35.138 0.5000000000
138377  -23.960  -58.785  -33.671 0.5000000000
140001  -30.682  -48.045  -30.616 0.4000000060
141821  -22.729  -62.438  -29.077 0.6000000238
142524  -30.512  -58.451  -32.561 0.5000000000
142610  -29.280  -59.867  -35.378 0.6000000238
145647  -28.957  -56.746  -34.893 0.5000000000
145950  -30.117  -69.454  -29.324 0.5000000000
145993  -27.153  -53.148  -32.093 0.4000000060
146435  -30.779  -57.662  -35.457 0.6000000238
146924  -32.500  -54.879  -34.763 0.5000000000
147050  -18.568  -62.920  -23.974 0.5000000000
148534  -26.476  -63.738  -27.728 0.6000000238
149449  -19.920  -62.811  -24.288 0.6000000238
149493  -23.381  -59.086  -33.396 0.5000000000
149557  -26.117  -62.534  -31.177 0.6000000238
149666  -25.532  -62.486  -29.857 0.6000000238
150117  -30.740  -70.258  -28.039 0.4000000060
150792  -32.057  -56.012  -34.838 0.5000000000
151025  -29.889  -45.851  -28.446 0.4000000060
151244  -27.495  -60.265  -34.925 0.6999999881
151267  -30.493  -53.102  -31.792 0.4000000060
151414  -33.035  -62.746  -30.262 0.5000000000
151970  -29.150  -64.097  -30.041 0.6000000238
154185  -29.821  -47.420  -29.298 0.4000000060
154619  -26.528  -64.989  -28.911 0.6000000238
156491  -31.726  -60.173  -31.663 0.4000000060
156831  -33.937  -62.243  -34.442 0.6000000238
158818  -33.312  -61.113  -34.960 0.6000000238
159816  -26.146  -59.057  -34.501 0.6000000238
160522  -23.814  -62.228  -30.758 0.6000000238
160538  -32.536  -48.337  -34.207 0.4000000060
160700  -20.662  -67.175  -25.064 0.5000000000
160977  -32.889  -49.275  -33.755 0.5000000000
161296  -32.173  -59.406  -35.394 0.6000000238
161343  -31.678  -66.118  -30.609 0.6999999881
162219  -31.091  -66.141  -26.116 0.5000000000
