#!ascii label  , from subject sub-v1s13x0050045_ses-1 vox2ras=TkReg
654
7766  -36.418  -81.722  -14.989 0.0000000000
17209  -37.860  -71.432  -18.861 0.0000000000
15160  -38.426  -73.058  -14.326 0.0000000000
138739  -31.651  -77.857  -18.062 0.0000000000
20144  -34.954  -68.623  -15.927 0.0000000000
13292  -43.418  -75.758  -12.703 0.0000000000
21128  -43.176  -68.023  -9.872 0.0000000000
22139  -47.100  -66.985  -6.150 0.0000000000
20124  -38.689  -68.270  -12.794 0.0000000000
140036  -36.667  -70.952  -15.244 0.0000000000
153758  -36.241  -66.245  -12.148 0.0000000000
17142  -44.364  -71.536  -12.948 0.0000000000
19124  -46.135  -69.536  -9.906 0.0000000000
24248  -48.109  -64.195  -7.386 0.0000000000
24238  -44.644  -64.273  -6.085 0.0000000000
6219  -32.440  -83.547  -16.084 0.0000000000
13364  -34.141  -75.527  -19.524 0.0000000000
10427  -34.455  -78.493  -19.624 0.0000000000
145110  -37.771  -76.228  -19.438 0.0000000000
12318  -37.793  -77.159  -14.784 0.0000000000
8586  -34.025  -80.460  -16.218 0.0000000000
15178  -32.688  -73.603  -17.461 0.0000000000
18240  -34.663  -70.791  -18.214 0.0000000000
14234  -41.170  -74.730  -13.626 0.0000000000
19162  -41.601  -69.976  -12.353 0.0000000000
22205  -40.072  -66.107  -9.828 0.0000000000
19061  -46.267  -69.726  -5.224 0.0000000000
162191  -43.254  -67.746  -6.608 0.0000000000
24247  -41.325  -64.949  -6.909 0.0000000000
25162  -39.103  -62.798  -6.548 0.0000000000
139122  -31.244  -81.928  -18.483 0.0000000000
24332  -40.443  -63.980  -15.182 0.0000000000
20182  -40.552  -68.606  -18.438 0.0000000000
19217  -43.990  -69.190  -17.906 0.0000000000
22216  -38.017  -66.051  -10.927 0.0000000000
159223  -37.460  -67.385  -12.697 0.0000000000
7000  -34.558  -82.966  -15.614 0.0000000000
155549  -35.925  -73.546  -19.361 0.0000000000
160081  -35.781  -75.887  -19.516 0.0000000000
14298  -37.363  -74.432  -19.432 0.0000000000
162567  -39.408  -74.824  -19.355 0.0000000000
16175  -39.366  -72.112  -19.051 0.0000000000
149137  -38.362  -75.114  -14.316 0.0000000000
143347  -36.931  -73.991  -14.651 0.0000000000
18203  -34.970  -70.518  -15.549 0.0000000000
15169  -34.428  -72.720  -15.767 0.0000000000
17184  -33.637  -71.497  -16.303 0.0000000000
17205  -33.457  -71.765  -18.040 0.0000000000
18210  -33.789  -70.046  -17.040 0.0000000000
12305  -41.076  -76.757  -13.784 0.0000000000
135118  -42.865  -75.503  -13.600 0.0000000000
19147  -43.780  -69.859  -11.664 0.0000000000
160955  -43.214  -70.445  -12.368 0.0000000000
20111  -42.429  -68.911  -10.981 0.0000000000
20109  -40.608  -68.679  -11.362 0.0000000000
21126  -41.603  -67.711  -10.187 0.0000000000
138176  -45.989  -68.189  -5.407 0.0000000000
19074  -44.614  -69.264  -6.298 0.0000000000
21066  -44.690  -67.200  -5.591 0.0000000000
162311  -43.262  -62.608  -6.230 0.0000000000
141825  -42.815  -64.263  -6.086 0.0000000000
139928  -41.557  -62.943  -6.131 0.0000000000
25178  -40.149  -63.742  -6.899 0.0000000000
10393  -32.841  -78.806  -16.779 0.0000000000
8584  -31.902  -81.028  -17.166 0.0000000000
8604  -31.472  -80.160  -18.475 0.0000000000
135629  -34.728  -81.178  -19.500 0.0000000000
25254  -41.159  -63.078  -14.854 0.0000000000
23363  -40.239  -65.794  -18.227 0.0000000000
21194  -43.499  -67.479  -17.557 0.0000000000
19181  -38.946  -69.991  -14.030 0.0000000000
139079  -37.930  -71.731  -14.703 0.0000000000
19180  -38.237  -69.655  -14.391 0.0000000000
20141  -37.209  -68.515  -14.474 0.0000000000
20140  -36.476  -67.964  -14.763 0.0000000000
156587  -44.646  -73.318  -13.100 0.0000000000
19149  -46.017  -69.771  -11.239 0.0000000000
20089  -44.503  -68.660  -9.651 0.0000000000
23228  -47.298  -65.650  -6.751 0.0000000000
157182  -45.360  -65.545  -5.948 0.0000000000
24240  -46.341  -64.146  -6.499 0.0000000000
26118  -45.558  -62.350  -6.406 0.0000000000
28129  -44.159  -60.457  -6.794 0.0000000000
12364  -32.652  -75.914  -19.120 0.0000000000
10425  -32.324  -78.237  -19.250 0.0000000000
11359  -34.670  -77.097  -19.568 0.0000000000
143609  -35.937  -77.853  -19.564 0.0000000000
11361  -38.173  -78.157  -19.298 0.0000000000
141252  -39.743  -76.256  -19.190 0.0000000000
153505  -41.460  -75.111  -18.823 0.0000000000
159717  -42.760  -73.187  -18.631 0.0000000000
10363  -37.453  -79.108  -14.709 0.0000000000
8574  -34.986  -80.761  -15.800 0.0000000000
156069  -34.379  -78.272  -16.150 0.0000000000
11330  -33.351  -77.241  -16.501 0.0000000000
14260  -35.452  -74.306  -15.367 0.0000000000
14270  -34.047  -74.783  -16.076 0.0000000000
13346  -32.130  -75.786  -17.909 0.0000000000
14281  -32.623  -74.240  -18.619 0.0000000000
16191  -34.472  -72.908  -19.099 0.0000000000
17208  -36.322  -71.350  -18.747 0.0000000000
11312  -38.672  -77.798  -14.334 0.0000000000
13325  -39.236  -75.307  -14.032 0.0000000000
15143  -39.903  -73.570  -13.815 0.0000000000
148771  -42.558  -72.881  -13.507 0.0000000000
17158  -41.542  -71.689  -13.367 0.0000000000
18190  -40.371  -70.685  -13.295 0.0000000000
20138  -39.798  -69.301  -12.853 0.0000000000
22232  -39.184  -66.905  -11.054 0.0000000000
23250  -38.807  -65.177  -9.695 0.0000000000
19094  -45.602  -70.183  -7.509 0.0000000000
142368  -44.273  -69.065  -7.841 0.0000000000
21106  -43.038  -67.717  -8.447 0.0000000000
23208  -43.793  -65.704  -5.766 0.0000000000
21083  -42.460  -66.950  -7.099 0.0000000000
22193  -41.893  -66.617  -8.531 0.0000000000
23242  -40.737  -65.516  -8.435 0.0000000000
24255  -39.609  -64.325  -8.397 0.0000000000
7775  -33.409  -81.780  -16.159 0.0000000000
154654  -31.086  -83.158  -16.817 0.0000000000
9489  -32.927  -79.997  -19.595 0.0000000000
7047  -32.594  -82.288  -19.354 0.0000000000
21198  -35.534  -67.588  -18.041 0.0000000000
146651  -36.731  -69.012  -18.522 0.0000000000
146700  -37.828  -68.990  -18.604 0.0000000000
159190  -39.243  -67.965  -18.546 0.0000000000
156584  -38.927  -70.286  -18.605 0.0000000000
18246  -41.025  -70.587  -18.462 0.0000000000
18248  -42.550  -70.975  -18.381 0.0000000000
24284  -37.107  -64.788  -10.102 0.0000000000
23280  -37.202  -65.880  -11.188 0.0000000000
6206  -35.156  -83.627  -15.382 0.0000000000
7001  -35.241  -82.565  -15.437 0.0000000000
16193  -36.620  -73.006  -19.249 0.0000000000
141218  -36.630  -73.950  -19.404 0.0000000000
15205  -37.460  -73.611  -19.358 0.0000000000
15206  -38.280  -73.299  -19.334 0.0000000000
16174  -38.264  -72.319  -19.139 0.0000000000
148735  -38.305  -73.816  -14.263 0.0000000000
14248  -37.778  -74.456  -14.443 0.0000000000
15159  -37.650  -73.497  -14.467 0.0000000000
160720  -35.015  -69.859  -15.542 0.0000000000
17176  -34.084  -70.857  -15.939 0.0000000000
18202  -34.374  -70.035  -15.843 0.0000000000
157819  -33.609  -70.417  -16.845 0.0000000000
20155  -34.453  -68.987  -16.439 0.0000000000
11289  -42.394  -77.240  -12.676 0.0000000000
11303  -42.485  -76.739  -13.144 0.0000000000
12306  -41.965  -76.926  -13.500 0.0000000000
13309  -43.053  -76.060  -13.245 0.0000000000
20100  -43.765  -68.505  -10.337 0.0000000000
19146  -42.822  -69.446  -11.415 0.0000000000
20099  -42.903  -68.381  -10.448 0.0000000000
20098  -42.004  -68.318  -10.554 0.0000000000
21127  -42.444  -67.866  -10.041 0.0000000000
21085  -48.162  -67.202  -6.319 0.0000000000
145823  -48.622  -67.840  -5.718 0.0000000000
21069  -47.476  -67.757  -5.708 0.0000000000
155421  -46.822  -68.230  -5.298 0.0000000000
21068  -46.466  -67.549  -5.684 0.0000000000
145486  -45.126  -68.017  -5.490 0.0000000000
21067  -45.572  -67.332  -5.630 0.0000000000
26115  -43.009  -61.824  -6.278 0.0000000000
143333  -42.554  -62.745  -6.171 0.0000000000
149082  -41.237  -61.763  -6.065 0.0000000000
27092  -41.765  -60.764  -6.190 0.0000000000
10406  -32.022  -78.290  -17.429 0.0000000000
9470  -31.977  -79.221  -17.364 0.0000000000
10405  -31.615  -78.797  -17.943 0.0000000000
23349  -41.787  -65.720  -17.438 0.0000000000
22288  -42.909  -66.704  -17.473 0.0000000000
22289  -43.627  -66.718  -17.037 0.0000000000
20137  -39.107  -68.905  -13.229 0.0000000000
18198  -38.396  -70.466  -14.466 0.0000000000
20136  -38.367  -68.564  -13.551 0.0000000000
22240  -36.704  -66.874  -12.589 0.0000000000
20135  -37.613  -68.212  -13.849 0.0000000000
159666  -37.032  -67.551  -13.390 0.0000000000
20146  -36.706  -68.736  -14.981 0.0000000000
22255  -36.217  -66.900  -13.412 0.0000000000
19134  -45.321  -69.315  -10.785 0.0000000000
20090  -45.332  -69.160  -10.170 0.0000000000
23229  -48.367  -65.871  -7.252 0.0000000000
143634  -47.719  -65.007  -7.123 0.0000000000
23227  -46.821  -64.908  -6.649 0.0000000000
24241  -47.237  -64.160  -6.844 0.0000000000
26117  -44.617  -62.203  -6.343 0.0000000000
5505  -30.921  -84.922  -16.800 0.0000000000
12365  -33.445  -76.143  -19.428 0.0000000000
11358  -33.681  -77.039  -19.513 0.0000000000
12366  -34.362  -76.349  -19.542 0.0000000000
156284  -36.986  -76.026  -19.470 0.0000000000
12368  -36.267  -76.419  -19.515 0.0000000000
12369  -37.064  -76.610  -19.486 0.0000000000
11360  -37.673  -77.211  -19.435 0.0000000000
151928  -38.572  -77.552  -19.300 0.0000000000
15188  -40.292  -73.905  -19.265 0.0000000000
14283  -40.064  -74.661  -19.254 0.0000000000
161907  -41.145  -74.035  -19.041 0.0000000000
14285  -42.057  -74.524  -18.734 0.0000000000
15189  -41.637  -73.462  -18.876 0.0000000000
10381  -37.081  -78.457  -14.998 0.0000000000
144785  -36.717  -79.090  -15.111 0.0000000000
11331  -34.229  -77.575  -16.176 0.0000000000
12338  -34.092  -76.790  -16.208 0.0000000000
17179  -37.177  -71.717  -14.985 0.0000000000
16136  -36.796  -72.397  -14.924 0.0000000000
16149  -36.088  -72.754  -15.065 0.0000000000
151787  -33.860  -73.961  -16.156 0.0000000000
14269  -33.297  -74.423  -16.582 0.0000000000
160155  -32.906  -74.750  -16.880 0.0000000000
13342  -32.507  -75.024  -17.390 0.0000000000
136972  -32.279  -74.981  -18.317 0.0000000000
17206  -34.300  -71.562  -18.403 0.0000000000
16170  -33.912  -72.295  -18.651 0.0000000000
16171  -34.922  -72.196  -18.862 0.0000000000
17207  -35.322  -71.457  -18.623 0.0000000000
13307  -41.039  -75.721  -13.700 0.0000000000
13306  -40.165  -75.990  -13.917 0.0000000000
14233  -40.205  -75.054  -13.721 0.0000000000
14250  -39.533  -74.373  -13.864 0.0000000000
142629  -40.322  -74.264  -13.690 0.0000000000
17161  -44.643  -72.220  -13.170 0.0000000000
15146  -44.043  -73.556  -13.326 0.0000000000
17160  -43.838  -72.080  -13.318 0.0000000000
18173  -42.404  -70.531  -12.646 0.0000000000
18192  -42.121  -71.122  -13.135 0.0000000000
18191  -41.216  -70.940  -13.201 0.0000000000
17157  -40.620  -71.459  -13.424 0.0000000000
19175  -40.918  -70.305  -12.888 0.0000000000
19174  -40.116  -69.963  -13.131 0.0000000000
19161  -40.585  -69.680  -12.527 0.0000000000
22219  -40.424  -66.794  -10.143 0.0000000000
21138  -40.253  -67.962  -11.023 0.0000000000
22218  -39.622  -66.516  -10.430 0.0000000000
22217  -38.815  -66.262  -10.691 0.0000000000
23268  -39.246  -65.847  -10.084 0.0000000000
18069  -46.029  -70.358  -5.817 0.0000000000
20045  -44.065  -68.526  -6.160 0.0000000000
19093  -44.686  -69.583  -7.176 0.0000000000
20055  -43.506  -68.223  -6.803 0.0000000000
20071  -43.622  -68.364  -7.933 0.0000000000
21100  -42.953  -67.675  -7.321 0.0000000000
24225  -45.035  -64.903  -5.972 0.0000000000
23209  -44.639  -65.630  -5.784 0.0000000000
24224  -44.186  -64.914  -5.834 0.0000000000
23223  -41.884  -65.268  -6.575 0.0000000000
23224  -42.476  -65.634  -6.206 0.0000000000
23236  -42.034  -66.187  -6.967 0.0000000000
22194  -42.192  -66.738  -7.872 0.0000000000
23244  -41.782  -66.259  -7.763 0.0000000000
23243  -41.362  -65.933  -8.096 0.0000000000
24257  -40.976  -65.246  -7.641 0.0000000000
25163  -39.925  -63.119  -6.430 0.0000000000
24245  -39.933  -64.024  -7.620 0.0000000000
25177  -39.453  -63.493  -7.009 0.0000000000
24254  -38.814  -63.952  -8.685 0.0000000000
7776  -34.231  -81.282  -16.010 0.0000000000
158248  -33.542  -80.983  -16.316 0.0000000000
156333  -31.257  -81.494  -17.700 0.0000000000
7773  -31.618  -81.862  -17.078 0.0000000000
7021  -30.963  -82.036  -18.050 0.0000000000
6241  -30.994  -83.373  -18.273 0.0000000000
155611  -31.560  -82.635  -18.831 0.0000000000
10426  -33.384  -78.302  -19.567 0.0000000000
136596  -32.678  -79.113  -19.493 0.0000000000
157599  -33.832  -79.367  -19.664 0.0000000000
152182  -35.248  -82.310  -19.350 0.0000000000
7804  -34.205  -81.904  -19.509 0.0000000000
149538  -35.142  -67.602  -17.370 0.0000000000
21191  -35.487  -66.911  -17.486 0.0000000000
20179  -37.045  -68.177  -18.616 0.0000000000
146703  -37.243  -69.802  -18.620 0.0000000000
153636  -37.885  -68.084  -18.647 0.0000000000
21203  -40.634  -67.608  -18.427 0.0000000000
150351  -39.575  -67.223  -18.543 0.0000000000
21202  -39.911  -68.025  -18.460 0.0000000000
20181  -39.570  -68.646  -18.482 0.0000000000
146698  -40.039  -69.384  -18.452 0.0000000000
143605  -40.245  -70.746  -18.560 0.0000000000
19229  -40.923  -69.427  -18.424 0.0000000000
19216  -43.227  -69.022  -18.120 0.0000000000
141163  -42.596  -69.996  -18.275 0.0000000000
19232  -43.393  -69.730  -18.138 0.0000000000
22242  -38.135  -66.954  -11.806 0.0000000000
21148  -38.224  -67.528  -12.328 0.0000000000
22230  -37.712  -66.459  -11.547 0.0000000000
22229  -36.923  -66.380  -11.834 0.0000000000
23279  -36.274  -65.728  -11.497 0.0000000000
25171  -47.679  -63.287  -7.005 0.0000000000
26120  -47.948  -62.266  -7.366 0.0000000000
155703  -33.319  -83.408  -15.878 0.0000000000
14296  -34.895  -74.951  -19.512 0.0000000000
13365  -35.033  -75.747  -19.532 0.0000000000
144343  -35.758  -75.222  -19.515 0.0000000000
14297  -36.553  -74.818  -19.481 0.0000000000
14299  -37.956  -74.807  -19.443 0.0000000000
13368  -38.270  -75.449  -19.432 0.0000000000
137095  -38.689  -74.744  -19.422 0.0000000000
15187  -39.204  -73.933  -19.389 0.0000000000
142440  -39.816  -73.071  -19.264 0.0000000000
140667  -37.981  -76.326  -14.671 0.0000000000
13323  -37.660  -75.510  -14.667 0.0000000000
13322  -36.785  -75.649  -15.077 0.0000000000
14261  -36.187  -75.024  -15.178 0.0000000000
143854  -35.762  -70.956  -15.398 0.0000000000
16148  -35.224  -72.286  -15.462 0.0000000000
17177  -35.045  -71.368  -15.541 0.0000000000
16157  -33.636  -72.235  -16.255 0.0000000000
144185  -33.180  -72.647  -16.707 0.0000000000
16160  -32.871  -72.769  -17.381 0.0000000000
17189  -33.276  -71.317  -17.352 0.0000000000
141377  -33.555  -70.626  -17.182 0.0000000000
18224  -34.115  -70.292  -17.598 0.0000000000
143157  -41.760  -76.276  -13.637 0.0000000000
14235  -42.239  -74.802  -13.677 0.0000000000
18174  -44.080  -70.717  -12.480 0.0000000000
19163  -42.619  -69.971  -11.990 0.0000000000
19145  -41.986  -69.443  -11.590 0.0000000000
19144  -41.029  -69.368  -11.770 0.0000000000
20110  -41.485  -68.894  -11.090 0.0000000000
20097  -41.078  -68.232  -10.703 0.0000000000
22206  -40.867  -66.431  -9.525 0.0000000000
20031  -46.714  -68.966  -4.939 0.0000000000
19060  -45.323  -69.548  -5.756 0.0000000000
20030  -45.673  -68.830  -5.398 0.0000000000
19059  -44.802  -68.691  -5.672 0.0000000000
21065  -43.850  -67.174  -5.751 0.0000000000
138546  -43.800  -64.030  -6.036 0.0000000000
25166  -43.098  -63.395  -6.135 0.0000000000
25165  -42.268  -63.676  -6.212 0.0000000000
24237  -41.457  -64.139  -6.485 0.0000000000
24246  -40.684  -64.391  -7.127 0.0000000000
25164  -40.724  -63.532  -6.459 0.0000000000
26114  -40.599  -62.574  -6.135 0.0000000000
26113  -39.743  -62.127  -6.199 0.0000000000
9458  -33.538  -79.667  -16.455 0.0000000000
8585  -33.142  -80.384  -16.539 0.0000000000
9457  -32.602  -79.762  -16.868 0.0000000000
8595  -31.434  -80.587  -17.857 0.0000000000
7791  -31.347  -81.165  -18.420 0.0000000000
9490  -34.724  -80.133  -19.638 0.0000000000
24333  -41.275  -64.060  -15.142 0.0000000000
157474  -40.885  -64.259  -15.662 0.0000000000
24365  -40.132  -64.648  -17.269 0.0000000000
23348  -40.873  -65.224  -17.556 0.0000000000
22287  -41.107  -66.112  -18.093 0.0000000000
21192  -41.605  -67.495  -18.314 0.0000000000
20183  -41.475  -68.872  -18.397 0.0000000000
20170  -42.927  -68.261  -18.111 0.0000000000
20171  -43.777  -68.383  -17.798 0.0000000000
18199  -39.068  -70.835  -14.040 0.0000000000
16138  -38.532  -72.176  -14.423 0.0000000000
17169  -38.485  -71.312  -14.463 0.0000000000
17168  -37.681  -70.924  -14.904 0.0000000000
18197  -37.773  -70.111  -14.770 0.0000000000
21162  -37.904  -67.933  -13.105 0.0000000000
19179  -37.376  -69.339  -14.796 0.0000000000
18205  -37.028  -70.147  -15.145 0.0000000000
19188  -36.422  -69.366  -15.213 0.0000000000
20145  -35.860  -68.477  -15.364 0.0000000000
14219  -43.868  -74.794  -12.936 0.0000000000
17143  -45.107  -71.884  -12.816 0.0000000000
17130  -46.198  -71.114  -11.585 0.0000000000
18175  -44.983  -71.083  -12.436 0.0000000000
19148  -45.079  -69.735  -11.435 0.0000000000
20113  -44.371  -69.126  -10.886 0.0000000000
20088  -43.844  -68.266  -9.735 0.0000000000
22157  -47.720  -66.432  -6.644 0.0000000000
22156  -46.778  -66.182  -6.357 0.0000000000
22138  -46.156  -66.706  -5.966 0.0000000000
162081  -46.546  -65.507  -6.419 0.0000000000
23226  -45.933  -64.987  -6.222 0.0000000000
24239  -45.430  -64.162  -6.260 0.0000000000
25170  -46.808  -63.324  -6.636 0.0000000000
25169  -45.899  -63.302  -6.403 0.0000000000
25168  -44.825  -63.339  -6.221 0.0000000000
26116  -43.789  -61.971  -6.362 0.0000000000
27094  -43.577  -60.957  -6.406 0.0000000000
11346  -31.905  -77.204  -18.469 0.0000000000
11356  -31.849  -77.921  -18.748 0.0000000000
11357  -32.268  -77.361  -19.062 0.0000000000
158989  -33.497  -77.657  -19.530 0.0000000000
10428  -35.475  -78.540  -19.606 0.0000000000
10430  -37.686  -78.942  -19.289 0.0000000000
13369  -39.148  -75.465  -19.371 0.0000000000
137481  -40.643  -76.171  -18.887 0.0000000000
148361  -41.481  -75.990  -18.654 0.0000000000
13354  -42.261  -75.612  -18.548 0.0000000000
146704  -43.092  -74.446  -18.557 0.0000000000
9435  -37.167  -79.931  -14.749 0.0000000000
142496  -35.965  -80.792  -15.343 0.0000000000
9449  -36.365  -79.922  -15.239 0.0000000000
9448  -35.475  -79.835  -15.666 0.0000000000
10379  -35.009  -78.857  -15.921 0.0000000000
10380  -35.581  -78.310  -15.635 0.0000000000
10394  -34.004  -78.905  -16.322 0.0000000000
139952  -33.561  -78.091  -16.431 0.0000000000
11329  -32.644  -77.773  -16.902 0.0000000000
12336  -32.539  -76.878  -17.005 0.0000000000
15158  -36.869  -73.138  -14.725 0.0000000000
158501  -36.330  -74.364  -14.964 0.0000000000
15170  -35.326  -73.232  -15.361 0.0000000000
157427  -34.571  -74.341  -15.779 0.0000000000
157277  -33.965  -76.088  -16.213 0.0000000000
137907  -32.534  -75.990  -17.159 0.0000000000
12346  -32.109  -76.602  -17.677 0.0000000000
13351  -32.300  -75.794  -18.592 0.0000000000
13362  -32.602  -75.061  -18.972 0.0000000000
14294  -33.099  -74.363  -19.191 0.0000000000
16169  -33.101  -72.634  -18.257 0.0000000000
15185  -33.620  -72.973  -18.890 0.0000000000
141843  -34.709  -74.238  -19.444 0.0000000000
151238  -35.037  -73.599  -19.345 0.0000000000
16172  -35.988  -72.160  -18.964 0.0000000000
16173  -37.113  -72.049  -19.020 0.0000000000
9436  -37.927  -79.851  -14.392 0.0000000000
11311  -37.834  -78.290  -14.649 0.0000000000
12319  -38.647  -76.807  -14.429 0.0000000000
12320  -39.612  -77.427  -14.098 0.0000000000
142476  -39.375  -76.357  -14.163 0.0000000000
13324  -38.532  -75.888  -14.399 0.0000000000
14249  -38.689  -74.446  -14.139 0.0000000000
16139  -39.362  -72.721  -14.076 0.0000000000
14237  -43.708  -74.384  -13.322 0.0000000000
15145  -43.072  -73.721  -13.535 0.0000000000
15144  -41.918  -73.411  -13.564 0.0000000000
17159  -42.642  -72.016  -13.370 0.0000000000
16128  -41.769  -72.508  -13.480 0.0000000000
137579  -40.908  -73.684  -13.601 0.0000000000
138631  -40.358  -72.864  -13.706 0.0000000000
16126  -40.013  -72.039  -13.702 0.0000000000
17170  -39.212  -71.719  -14.092 0.0000000000
18189  -39.614  -70.355  -13.605 0.0000000000
19173  -39.393  -69.602  -13.481 0.0000000000
20125  -39.457  -68.627  -12.481 0.0000000000
20126  -40.193  -69.023  -12.114 0.0000000000
20108  -39.824  -68.337  -11.716 0.0000000000
21149  -39.077  -67.946  -12.058 0.0000000000
22231  -38.439  -66.638  -11.296 0.0000000000
23267  -38.397  -65.623  -10.309 0.0000000000
19075  -45.282  -69.978  -6.449 0.0000000000
19109  -45.024  -69.541  -8.302 0.0000000000
20072  -44.389  -68.742  -8.799 0.0000000000
21107  -43.781  -68.137  -9.062 0.0000000000
21121  -43.057  -67.769  -9.224 0.0000000000
22137  -45.215  -66.368  -5.751 0.0000000000
22136  -44.252  -66.414  -5.688 0.0000000000
22135  -43.413  -66.449  -5.845 0.0000000000
142188  -43.200  -65.033  -5.872 0.0000000000
22155  -42.670  -66.400  -6.324 0.0000000000
21084  -43.083  -67.191  -6.347 0.0000000000
22176  -42.589  -67.237  -7.946 0.0000000000
22209  -42.531  -67.198  -8.601 0.0000000000
142735  -42.666  -67.652  -9.546 0.0000000000
22207  -41.649  -66.778  -9.269 0.0000000000
23253  -41.202  -66.156  -8.859 0.0000000000
23252  -40.463  -65.760  -9.183 0.0000000000
24256  -40.313  -64.809  -7.999 0.0000000000
23241  -40.012  -65.107  -8.770 0.0000000000
23251  -39.659  -65.440  -9.466 0.0000000000
24268  -39.243  -64.697  -9.103 0.0000000000
24267  -38.429  -64.358  -9.378 0.0000000000
7764  -34.898  -81.662  -15.690 0.0000000000
6999  -33.785  -82.762  -15.855 0.0000000000
7009  -32.819  -82.621  -16.135 0.0000000000
7774  -32.340  -81.801  -16.585 0.0000000000
7008  -31.749  -82.674  -16.546 0.0000000000
6218  -31.499  -83.738  -16.414 0.0000000000
6217  -30.859  -83.928  -16.834 0.0000000000
9487  -31.854  -79.035  -19.099 0.0000000000
8613  -31.648  -80.489  -19.016 0.0000000000
7801  -31.717  -81.474  -19.082 0.0000000000
136099  -33.833  -80.411  -19.639 0.0000000000
7802  -32.542  -81.378  -19.448 0.0000000000
23264  -35.850  -65.051  -10.977 0.0000000000
22262  -35.969  -66.777  -14.115 0.0000000000
21168  -35.955  -67.085  -14.833 0.0000000000
161846  -35.849  -67.632  -15.326 0.0000000000
141566  -35.321  -67.795  -15.975 0.0000000000
20156  -34.770  -68.125  -16.767 0.0000000000
20169  -34.958  -68.216  -17.579 0.0000000000
19228  -35.000  -69.892  -18.085 0.0000000000
22294  -36.011  -66.673  -18.137 0.0000000000
20178  -36.083  -68.261  -18.419 0.0000000000
145942  -35.898  -69.980  -18.440 0.0000000000
18242  -36.622  -70.479  -18.625 0.0000000000
156020  -37.111  -71.205  -18.770 0.0000000000
18243  -37.576  -70.627  -18.682 0.0000000000
141765  -40.003  -65.132  -17.940 0.0000000000
23362  -39.313  -65.500  -18.320 0.0000000000
21201  -38.480  -67.461  -18.617 0.0000000000
20180  -38.671  -68.429  -18.580 0.0000000000
146702  -38.175  -69.996  -18.605 0.0000000000
18244  -38.424  -70.826  -18.689 0.0000000000
143606  -39.344  -71.032  -18.688 0.0000000000
17211  -40.164  -71.534  -18.762 0.0000000000
17212  -40.954  -71.815  -18.701 0.0000000000
18247  -41.780  -70.396  -18.398 0.0000000000
138578  -41.677  -72.033  -18.641 0.0000000000
17214  -42.419  -71.892  -18.519 0.0000000000
5492  -32.130  -84.611  -16.010 0.0000000000
6228  -30.733  -83.650  -17.595 0.0000000000
7007  -31.060  -82.429  -17.343 0.0000000000
7020  -30.803  -83.167  -17.264 0.0000000000
7033  -30.838  -82.836  -17.816 0.0000000000
7034  -31.019  -82.518  -18.271 0.0000000000
7048  -33.671  -82.494  -19.470 0.0000000000
7763  -34.357  -82.144  -15.770 0.0000000000
7765  -35.611  -81.660  -15.388 0.0000000000
7803  -33.305  -81.675  -19.530 0.0000000000
8575  -36.897  -80.935  -14.794 0.0000000000
8614  -32.259  -80.638  -19.402 0.0000000000
8615  -33.084  -80.832  -19.604 0.0000000000
9459  -34.542  -79.740  -16.087 0.0000000000
9469  -31.563  -79.680  -17.911 0.0000000000
9476  -31.529  -79.325  -18.483 0.0000000000
9488  -32.088  -79.825  -19.309 0.0000000000
10414  -31.624  -78.550  -18.544 0.0000000000
10424  -31.833  -78.434  -18.989 0.0000000000
11302  -41.952  -77.486  -13.165 0.0000000000
11319  -34.968  -77.948  -15.885 0.0000000000
11337  -31.774  -77.086  -17.989 0.0000000000
11338  -32.042  -77.394  -17.549 0.0000000000
12288  -42.906  -76.569  -12.685 0.0000000000
12304  -40.164  -76.827  -13.969 0.0000000000
12337  -33.253  -76.383  -16.559 0.0000000000
12345  -31.987  -76.497  -18.246 0.0000000000
12353  -32.266  -76.583  -18.824 0.0000000000
12371  -39.373  -77.210  -19.189 0.0000000000
13308  -41.955  -75.555  -13.658 0.0000000000
13310  -43.443  -75.253  -13.324 0.0000000000
13352  -39.961  -75.437  -19.194 0.0000000000
13353  -40.746  -75.329  -19.015 0.0000000000
13363  -33.239  -75.262  -19.350 0.0000000000
13366  -36.466  -75.611  -19.493 0.0000000000
13367  -37.332  -75.337  -19.464 0.0000000000
14236  -43.069  -74.689  -13.627 0.0000000000
14247  -36.938  -74.834  -14.807 0.0000000000
14259  -34.558  -73.619  -15.733 0.0000000000
14268  -32.734  -74.228  -17.142 0.0000000000
14282  -33.068  -73.521  -18.808 0.0000000000
14284  -40.838  -74.593  -19.098 0.0000000000
14295  -33.975  -74.648  -19.466 0.0000000000
15128  -44.263  -73.928  -13.013 0.0000000000
15147  -44.392  -72.816  -13.310 0.0000000000
15161  -39.026  -73.654  -14.071 0.0000000000
15171  -36.161  -73.635  -14.969 0.0000000000
15186  -38.985  -72.941  -19.309 0.0000000000
15190  -42.492  -73.672  -18.694 0.0000000000
15203  -33.930  -73.703  -19.288 0.0000000000
15204  -35.668  -74.336  -19.466 0.0000000000
16127  -40.888  -72.246  -13.500 0.0000000000
16129  -43.454  -72.842  -13.454 0.0000000000
16137  -37.636  -72.528  -14.630 0.0000000000
16147  -34.275  -71.807  -15.839 0.0000000000
16156  -33.199  -71.871  -16.880 0.0000000000
16176  -40.367  -72.383  -18.987 0.0000000000
16178  -42.187  -72.776  -18.678 0.0000000000
16192  -35.512  -72.891  -19.188 0.0000000000
16194  -37.564  -72.862  -19.236 0.0000000000
17141  -43.242  -71.194  -12.958 0.0000000000
17144  -45.567  -71.452  -12.195 0.0000000000
17156  -39.793  -71.183  -13.650 0.0000000000
17178  -36.129  -71.781  -15.236 0.0000000000
17183  -33.509  -70.926  -16.693 0.0000000000
17190  -33.793  -71.024  -17.815 0.0000000000
17210  -38.649  -71.540  -18.884 0.0000000000
17213  -41.594  -71.246  -18.513 0.0000000000
18157  -44.744  -70.381  -11.976 0.0000000000
18158  -45.676  -70.516  -11.789 0.0000000000
18172  -41.654  -70.562  -12.872 0.0000000000
18204  -35.921  -70.154  -15.373 0.0000000000
18211  -33.888  -70.181  -16.479 0.0000000000
18241  -35.651  -70.665  -18.478 0.0000000000
18245  -39.674  -70.150  -18.529 0.0000000000
18249  -43.558  -70.680  -18.199 0.0000000000
19123  -45.195  -69.216  -9.406 0.0000000000
19172  -38.706  -69.246  -13.859 0.0000000000
19185  -34.247  -69.608  -16.256 0.0000000000
19186  -34.660  -69.375  -15.842 0.0000000000
19187  -35.447  -69.280  -15.492 0.0000000000
19197  -34.089  -69.500  -16.788 0.0000000000
19214  -34.324  -69.557  -17.391 0.0000000000
19215  -34.894  -68.965  -17.792 0.0000000000
20028  -43.615  -67.826  -6.104 0.0000000000
20029  -44.340  -67.897  -5.683 0.0000000000
20056  -44.042  -68.897  -7.001 0.0000000000
20101  -44.557  -68.786  -10.250 0.0000000000
20112  -43.369  -68.983  -10.952 0.0000000000
20142  -37.970  -68.895  -14.213 0.0000000000
20168  -34.488  -68.856  -17.154 0.0000000000
20177  -35.353  -68.388  -18.097 0.0000000000
21120  -42.033  -67.376  -9.640 0.0000000000
21124  -39.941  -67.229  -10.729 0.0000000000
21125  -40.745  -67.503  -10.426 0.0000000000
21136  -38.749  -67.270  -11.649 0.0000000000
21137  -39.496  -67.621  -11.366 0.0000000000
21169  -36.453  -67.393  -14.097 0.0000000000
21170  -36.970  -67.927  -14.122 0.0000000000
21200  -37.430  -67.381  -18.597 0.0000000000
22208  -42.373  -67.205  -9.141 0.0000000000
22220  -41.239  -67.082  -9.858 0.0000000000
22241  -37.515  -66.942  -12.130 0.0000000000
22275  -43.265  -65.981  -16.751 0.0000000000
22285  -35.794  -66.102  -17.562 0.0000000000
22297  -38.723  -66.391  -18.543 0.0000000000
22298  -39.648  -66.320  -18.464 0.0000000000
22299  -40.403  -66.668  -18.403 0.0000000000
22300  -41.157  -66.897  -18.301 0.0000000000
23210  -45.988  -65.871  -6.103 0.0000000000
23225  -43.062  -65.845  -5.891 0.0000000000
23235  -41.529  -65.667  -7.295 0.0000000000
23249  -37.961  -64.962  -9.908 0.0000000000
23266  -37.552  -65.448  -10.513 0.0000000000
23331  -40.902  -64.580  -16.563 0.0000000000
24253  -37.937  -63.777  -8.835 0.0000000000
24351  -40.053  -64.204  -16.192 0.0000000000
25167  -43.893  -62.946  -6.184 0.0000000000
25187  -39.111  -63.746  -7.817 0.0000000000
25269  -41.599  -63.790  -14.995 0.0000000000
26112  -38.938  -62.024  -6.371 0.0000000000
27095  -44.406  -61.175  -6.484 0.0000000000
135003  -32.766  -81.047  -16.575 0.0000000000
135630  -33.823  -81.171  -19.574 0.0000000000
138579  -36.610  -77.280  -19.521 0.0000000000
138821  -32.782  -76.758  -19.283 0.0000000000
140035  -33.059  -72.022  -17.574 0.0000000000
140359  -34.714  -76.321  -15.894 0.0000000000
141995  -31.917  -80.108  -17.366 0.0000000000
142447  -41.708  -74.136  -13.611 0.0000000000
142968  -41.146  -72.930  -13.541 0.0000000000
143194  -38.163  -74.125  -19.411 0.0000000000
144577  -42.455  -76.223  -13.476 0.0000000000
145502  -35.740  -69.155  -18.310 0.0000000000
146699  -38.991  -69.412  -18.552 0.0000000000
146701  -40.512  -70.045  -18.445 0.0000000000
147946  -41.254  -68.182  -18.410 0.0000000000
148021  -42.444  -64.943  -6.111 0.0000000000
148320  -31.653  -79.766  -18.954 0.0000000000
149331  -33.047  -73.487  -16.768 0.0000000000
150115  -45.926  -69.700  -9.021 0.0000000000
150888  -36.453  -69.688  -18.525 0.0000000000
153060  -42.076  -64.511  -6.307 0.0000000000
153913  -33.322  -75.372  -16.558 0.0000000000
154032  -34.118  -77.733  -19.588 0.0000000000
155125  -32.923  -77.549  -19.423 0.0000000000
157167  -32.429  -80.450  -16.877 0.0000000000
157969  -36.556  -77.887  -19.520 0.0000000000
159057  -41.675  -64.731  -6.575 0.0000000000
159405  -42.891  -69.469  -18.223 0.0000000000
161673  -40.784  -71.175  -18.574 0.0000000000
162156  -41.363  -74.557  -18.937 0.0000000000
162232  -42.404  -74.145  -13.627 0.0000000000
