#!ascii label  , from subject sub-v1s13x0050019_ses-1 vox2ras=TkReg
1169
78027  -25.528  -7.009  -36.309 0.4285714328
139113  -26.226  -4.791  -36.574 0.2857142985
78975  -25.651  -5.356  -36.609 0.4285714328
139112  -27.142  -5.071  -36.407 0.4285714328
78977  -28.146  -4.957  -36.433 0.4285714328
139007  -26.112  -3.975  -36.790 0.2857142985
79941  -26.787  -4.276  -36.555 0.4285714328
80941  -27.639  -3.106  -36.579 0.4285714328
166363  -26.752  -2.026  -37.170 0.4285714328
81945  -27.687  -2.383  -36.650 0.4285714328
83958  -27.171  -0.869  -37.436 0.4285714328
83959  -27.959  -0.384  -37.066 0.4285714328
84943  -26.846  0.372  -38.320 0.5714285970
84929  -27.411  -0.018  -37.755 0.5714285970
84916  -28.834  0.838  -36.822 0.2857142985
84944  -27.572  0.867  -38.068 0.7142857313
147467  -28.292  1.077  -37.507 0.7142857313
86798  -29.121  2.551  -37.382 0.7142857313
87702  -29.740  2.876  -36.897 0.4285714328
85886  -28.097  1.653  -38.036 0.7142857313
85874  -28.819  1.699  -37.278 0.5714285970
87716  -30.052  3.965  -37.111 0.5714285970
87714  -28.638  2.999  -38.037 0.5714285970
156726  -29.479  4.157  -37.645 0.5714285970
88622  -29.294  4.709  -38.085 0.5714285970
88613  -29.887  4.735  -37.507 0.5714285970
87726  -28.809  3.936  -38.204 0.5714285970
88614  -30.530  4.712  -36.988 0.4285714328
89562  -29.799  5.941  -38.182 0.5714285970
90461  -30.821  7.204  -37.366 0.5714285970
89573  -28.841  5.961  -39.228 0.7142857313
90460  -30.315  6.506  -37.792 0.7142857313
91387  -30.236  7.397  -38.200 0.7142857313
91375  -30.624  8.228  -37.742 0.5714285970
151131  -29.384  6.173  -38.798 0.5714285970
145798  -27.257  5.851  -39.602 0.5714285970
91396  -29.723  7.559  -39.094 0.8571428657
92330  -31.071  8.886  -37.118 0.5714285970
165109  -29.312  7.485  -39.567 0.7142857313
146221  -28.897  7.392  -39.893 0.5714285970
93212  -30.458  9.683  -38.149 0.7142857313
93213  -30.860  9.671  -37.370 0.5714285970
164005  -29.780  8.199  -39.279 0.7142857313
92340  -30.298  8.922  -38.478 0.7142857313
94088  -30.628  10.454  -37.717 0.5714285970
94939  -30.847  11.318  -37.230 0.5714285970
92350  -29.822  8.814  -39.372 0.5714285970
93221  -30.029  9.608  -39.013 0.7142857313
94096  -30.195  10.407  -38.575 0.7142857313
95827  -30.337  12.657  -37.725 0.7142857313
94948  -29.844  11.158  -38.984 0.7142857313
95841  -29.957  12.108  -38.473 0.7142857313
97522  -30.192  14.156  -37.277 0.7142857313
160566  -30.665  12.986  -37.169 0.5714285970
94116  -29.414  10.329  -40.852 0.5714285970
97523  -30.873  14.502  -36.560 0.5714285970
165921  -30.688  15.320  -36.556 0.5714285970
95840  -29.419  12.709  -39.241 0.8571428657
95852  -29.254  12.019  -40.030 0.8571428657
98433  -30.138  14.907  -37.040 0.7142857313
98441  -29.464  15.211  -37.636 0.7142857313
96704  -29.300  13.535  -38.885 0.8571428657
153397  -29.730  14.544  -37.639 0.7142857313
100267  -29.706  17.582  -36.756 0.8571428657
153248  -30.447  16.604  -36.542 0.5714285970
159630  -29.423  15.975  -37.346 0.8571428657
148831  -28.942  15.775  -37.995 0.8571428657
164747  -29.147  14.111  -38.734 0.8571428657
145002  -29.563  18.983  -36.629 0.8571428657
102029  -29.771  19.649  -36.339 0.8571428657
146909  -29.285  20.942  -35.720 0.8571428657
99357  -28.986  16.478  -37.553 0.8571428657
102028  -28.893  19.770  -36.621 0.8571428657
102042  -28.110  19.540  -37.289 1.0000000000
101145  -28.530  17.939  -37.435 0.8571428657
102892  -28.602  20.786  -36.279 1.0000000000
103754  -27.981  21.485  -36.340 1.0000000000
104673  -26.890  23.037  -36.647 0.7142857313
103741  -28.603  21.645  -35.662 1.0000000000
102891  -27.849  21.069  -36.733 1.0000000000
104655  -28.183  22.628  -35.461 1.0000000000
109065  -28.363  27.285  -34.506 1.0000000000
108228  -27.223  26.609  -35.304 0.8571428657
146564  -27.864  29.119  -34.611 0.8571428657
109841  -27.802  28.169  -34.630 1.0000000000
113025  -28.156  32.958  -33.804 0.8571428657
112171  -28.075  31.505  -34.201 0.8571428657
111344  -28.067  30.788  -34.363 1.0000000000
113924  -27.700  33.859  -33.740 0.8571428657
114759  -28.480  34.570  -33.499 0.8571428657
114758  -27.188  34.865  -33.721 0.7142857313
113039  -25.331  32.725  -34.761 0.5714285970
115645  -25.974  35.635  -34.094 0.7142857313
145249  -26.534  36.387  -34.052 0.5714285970
112166  -23.249  32.312  -34.097 0.5714285970
143591  -24.405  32.909  -34.646 0.5714285970
113024  -23.270  33.076  -33.816 0.4285714328
115643  -23.384  34.739  -34.395 0.4285714328
115657  -23.982  35.722  -34.385 0.4285714328
113009  -23.400  32.333  -31.481 0.2857142985
160170  -23.953  32.989  -31.694 0.2857142985
113016  -23.297  32.949  -32.217 0.2857142985
112999  -24.333  31.913  -31.020 0.2857142985
89550  -29.690  5.282  -37.924 0.5714285970
92329  -30.677  9.067  -37.755 0.5714285970
97532  -29.655  13.924  -38.091 0.7142857313
99347  -29.731  16.737  -36.915 0.8571428657
101131  -30.050  18.277  -36.530 0.8571428657
102893  -29.492  20.302  -36.102 0.8571428657
105596  -27.758  23.484  -35.515 0.8571428657
112133  -26.403  31.430  -29.754 0.1428571492
79940  -25.370  -4.523  -36.916 0.2857142985
158157  -26.014  -3.077  -37.096 0.2857142985
139111  -26.837  -3.492  -36.663 0.2857142985
138884  -28.157  -1.869  -36.570 0.4285714328
81961  -26.231  -2.210  -37.368 0.2857142985
81944  -26.919  -2.565  -36.876 0.4285714328
83941  -27.935  -1.109  -36.754 0.4285714328
83957  -26.338  -0.869  -37.977 0.5714285970
85885  -27.351  1.699  -38.613 0.2857142985
86797  -28.524  2.261  -37.876 0.7142857313
87715  -29.391  3.411  -37.451 0.4285714328
87725  -28.093  3.403  -38.724 0.5714285970
89537  -31.017  5.372  -36.804 0.4285714328
151200  -28.189  4.144  -38.854 0.7142857313
89560  -28.540  5.309  -39.119 0.7142857313
89551  -30.313  5.542  -37.447 0.7142857313
90448  -30.910  6.251  -37.085 0.4285714328
153317  -30.109  8.173  -38.710 0.7142857313
142908  -27.865  6.073  -39.739 0.5714285970
90483  -28.511  6.455  -39.673 0.5714285970
94918  -31.279  11.875  -36.549 0.5714285970
91407  -28.989  8.213  -40.179 0.5714285970
94089  -31.093  10.383  -36.957 0.5714285970
94106  -29.744  10.335  -39.507 0.7142857313
95828  -30.778  12.284  -37.136 0.5714285970
93232  -29.566  9.611  -39.899 0.8571428657
96705  -29.822  13.087  -38.328 0.7142857313
100268  -30.443  17.463  -36.446 0.5714285970
151362  -28.607  16.297  -38.222 1.0000000000
101144  -28.007  18.649  -37.712 1.0000000000
104674  -27.586  22.279  -36.246 0.8571428657
106518  -26.524  24.117  -36.507 0.7142857313
107361  -27.835  25.042  -35.179 1.0000000000
106486  -28.692  24.888  -34.621 1.0000000000
107347  -27.577  25.876  -35.257 0.7142857313
107348  -28.366  25.713  -34.734 1.0000000000
107360  -27.044  25.293  -35.746 0.7142857313
109057  -28.747  28.018  -34.295 0.8571428657
112170  -27.389  31.298  -34.671 0.8571428657
111336  -28.718  30.261  -34.065 1.0000000000
110572  -28.689  29.384  -34.173 1.0000000000
113923  -26.466  34.009  -33.947 0.7142857313
114754  -23.312  34.358  -34.234 0.7142857313
139982  -24.129  34.264  -34.629 0.7142857313
114756  -25.070  35.122  -34.425 0.7142857313
112156  -22.941  31.666  -33.496 0.4285714328
113904  -23.941  33.597  -32.176 0.2857142985
114755  -23.332  34.720  -33.929 0.4285714328
115659  -25.366  36.648  -34.407 0.4285714328
116580  -24.041  36.716  -34.191 0.4285714328
113010  -24.486  32.670  -31.249 0.2857142985
114747  -23.783  34.365  -32.929 0.4285714328
87724  -27.370  3.114  -39.021 0.4285714328
87737  -27.495  3.963  -39.049 0.4285714328
114746  -23.340  34.150  -33.651 0.4285714328
114769  -23.674  34.451  -34.675 0.7142857313
113915  -23.393  33.616  -32.964 0.2857142985
159602  -25.862  -5.846  -36.454 0.4285714328
78976  -26.340  -5.569  -36.405 0.4285714328
78974  -24.849  -5.319  -36.881 0.2857142985
80940  -25.479  -3.729  -37.101 0.2857142985
82926  -26.570  -1.558  -37.483 0.2857142985
82927  -27.305  -1.760  -36.951 0.4285714328
83974  -26.788  -0.313  -38.026 0.4285714328
142459  -26.898  1.105  -38.570 0.2857142985
84930  -28.134  0.378  -37.330 0.4285714328
86810  -27.903  2.471  -38.575 0.5714285970
88621  -28.652  4.720  -38.699 0.5714285970
89561  -29.183  5.441  -38.584 0.5714285970
90471  -29.789  6.728  -38.568 0.7142857313
89572  -28.178  5.619  -39.512 0.7142857313
90470  -29.243  6.800  -39.333 0.7142857313
88633  -27.971  4.768  -39.272 0.7142857313
91395  -29.388  8.221  -39.784 0.5714285970
155784  -30.461  11.931  -37.715 0.7142857313
92361  -29.191  8.963  -40.373 0.7142857313
96685  -30.237  13.413  -37.557 0.7142857313
94959  -29.479  11.074  -40.022 0.8571428657
99358  -30.078  15.810  -36.846 0.8571428657
100279  -29.080  17.302  -37.194 0.8571428657
101146  -29.238  18.140  -36.856 0.8571428657
98456  -28.894  15.157  -38.562 0.8571428657
102043  -28.740  18.856  -37.079 1.0000000000
103753  -27.258  21.784  -36.875 1.0000000000
105613  -26.984  23.594  -36.253 0.8571428657
113939  -26.999  33.108  -34.052 0.8571428657
113938  -25.848  33.330  -34.366 0.7142857313
114757  -25.944  34.761  -34.001 0.7142857313
114771  -25.130  34.273  -34.356 0.5714285970
113037  -23.753  32.952  -34.382 0.5714285970
139047  -22.873  32.372  -33.130 0.4285714328
113015  -22.998  33.011  -33.013 0.4285714328
115656  -23.640  34.849  -34.570 0.4285714328
112145  -24.305  31.175  -30.734 0.2857142985
113008  -22.826  32.364  -32.187 0.2857142985
112146  -25.048  31.539  -30.435 0.2857142985
112147  -25.835  31.871  -30.173 0.1428571492
86809  -27.026  2.474  -38.997 0.2857142985
114770  -24.139  34.952  -34.723 0.5714285970
118975  -24.270  39.869  -33.641 0.2857142985
119835  -24.792  40.207  -32.765 0.1428571492
118173  -24.059  38.584  -33.992 0.2857142985
119851  -24.383  40.031  -34.104 0.2857142985
118170  -25.057  38.720  -32.433 0.1428571492
118977  -25.391  39.414  -32.234 0.1428571492
114737  -24.285  35.039  -32.415 0.1428571492
116573  -23.983  36.934  -33.586 0.2857142985
115636  -24.598  36.620  -32.469 0.1428571492
119852  -25.159  40.741  -34.692 0.2857142985
118980  -24.132  39.194  -34.043 0.2857142985
119011  -28.233  39.133  -38.063 0.2857142985
118999  -27.878  39.593  -34.989 0.2857142985
117389  -25.944  37.605  -31.620 0.1428571492
117411  -24.237  37.329  -34.324 0.2857142985
117406  -28.392  37.624  -33.917 0.2857142985
143462  -25.197  39.445  -34.559 0.2857142985
154132  -24.230  37.987  -34.116 0.2857142985
116603  -30.017  36.849  -35.767 0.1428571492
144917  -28.259  38.899  -34.673 0.2857142985
118990  -27.560  39.212  -34.528 0.2857142985
116566  -25.209  37.159  -32.008 0.1428571492
117404  -26.621  37.945  -34.195 0.2857142985
117412  -24.650  37.946  -34.465 0.2857142985
114805  -29.199  34.989  -38.767 0.1428571492
116613  -29.626  36.558  -37.844 0.1428571492
117422  -29.509  37.655  -35.321 0.4285714328
116581  -26.521  37.120  -34.120 0.2857142985
113941  -31.324  33.686  -34.400 0.2857142985
115648  -30.039  35.639  -33.839 0.4285714328
116582  -28.365  37.002  -33.601 0.2857142985
116592  -24.342  36.639  -34.423 0.2857142985
113051  -31.789  32.649  -35.709 0.1428571492
115668  -30.840  35.452  -35.220 0.2857142985
116583  -28.945  36.622  -33.532 0.4285714328
113926  -29.887  33.803  -33.458 0.5714285970
151645  -28.344  35.459  -33.456 0.7142857313
112181  -32.002  31.529  -35.615 0.1428571492
113043  -31.679  32.555  -34.926 0.1428571492
160655  -29.319  35.143  -33.453 0.7142857313
115646  -27.330  35.879  -33.723 0.4285714328
147659  -30.416  33.086  -33.641 0.4285714328
111346  -32.160  29.856  -35.125 0.2857142985
111345  -31.751  30.012  -34.543 0.7142857313
113925  -28.842  33.737  -33.566 0.7142857313
109842  -28.430  28.661  -34.344 0.8571428657
111338  -30.314  30.543  -33.664 0.8571428657
109074  -32.357  27.744  -35.288 0.2857142985
109844  -32.290  28.493  -35.024 0.2857142985
113027  -30.172  32.351  -33.631 0.7142857313
140639  -26.656  31.016  -35.157 0.5714285970
112157  -28.865  31.150  -33.867 0.8571428657
155434  -32.230  27.095  -34.971 0.1428571492
109836  -31.226  28.518  -34.037 0.7142857313
108229  -32.411  26.509  -35.417 0.1428571492
101180  -26.651  18.040  -40.684 0.5714285970
158418  -27.576  20.163  -37.499 0.8571428657
102904  -27.301  21.031  -37.361 0.8571428657
102915  -26.936  20.456  -37.974 0.4285714328
103765  -26.732  21.844  -37.471 0.5714285970
108217  -28.877  26.449  -34.449 0.8571428657
106487  -29.589  24.725  -34.305 0.8571428657
154457  -29.444  28.090  -34.088 0.8571428657
107351  -31.911  25.437  -34.751 0.2857142985
108218  -29.837  26.349  -34.211 0.8571428657
109059  -30.089  27.891  -33.949 0.8571428657
145314  -29.721  31.114  -33.647 0.8571428657
106503  -32.562  24.922  -35.153 0.4285714328
108219  -30.736  26.273  -34.216 0.7142857313
109060  -30.861  27.807  -34.000 0.7142857313
100326  -26.400  17.156  -41.230 0.2857142985
102041  -27.399  19.435  -38.069 0.5714285970
102053  -26.939  18.943  -38.991 0.5714285970
102905  -28.051  20.372  -36.917 0.8571428657
105597  -28.777  23.309  -34.765 0.8571428657
106501  -28.176  24.187  -35.013 0.8571428657
107349  -29.276  25.582  -34.367 0.8571428657
106489  -31.461  24.060  -34.452 0.4285714328
106488  -30.622  24.534  -34.270 0.8571428657
107350  -30.216  25.469  -34.199 0.8571428657
140050  -32.241  23.727  -34.633 0.4285714328
94977  -28.152  11.369  -41.299 0.7142857313
96729  -27.458  13.133  -40.947 0.4285714328
94979  -28.800  11.380  -41.078 0.7142857313
145885  -28.548  14.133  -40.157 0.8571428657
97598  -27.695  14.533  -40.752 0.5714285970
99419  -27.045  16.059  -41.112 0.5714285970
98493  -26.343  15.963  -40.989 0.4285714328
158186  -28.495  15.209  -39.571 0.8571428657
99400  -27.662  16.102  -40.557 0.5714285970
101181  -27.149  17.640  -40.360 0.5714285970
99356  -28.403  17.013  -37.941 0.8571428657
101161  -27.652  17.603  -38.983 0.7142857313
100297  -27.516  17.421  -39.738 0.5714285970
102878  -30.086  20.698  -35.647 0.7142857313
104656  -29.175  22.314  -34.974 0.7142857313
104641  -29.844  22.913  -34.498 0.8571428657
103727  -32.524  21.624  -34.948 0.2857142985
104643  -31.575  22.358  -34.786 0.4285714328
92360  -28.768  8.734  -40.424 0.4285714328
93250  -28.372  10.048  -41.194 0.4285714328
94976  -27.584  11.579  -41.086 0.4285714328
96714  -29.068  13.340  -39.539 0.7142857313
96722  -28.853  13.540  -39.749 0.7142857313
97565  -28.850  13.956  -39.442 0.7142857313
99363  -28.224  16.512  -38.811 0.8571428657
102030  -30.512  19.131  -36.191 0.7142857313
102880  -31.666  20.159  -35.617 0.2857142985
102895  -30.966  19.828  -35.878 0.5714285970
102894  -30.310  20.024  -36.027 0.5714285970
91406  -28.527  7.765  -40.111 0.4285714328
164949  -27.509  8.861  -39.990 0.5714285970
93251  -28.918  10.081  -41.199 0.5714285970
94128  -28.524  10.660  -41.310 0.5714285970
147602  -29.015  12.841  -40.029 0.7142857313
147763  -31.089  16.912  -36.158 0.4285714328
101133  -31.263  18.588  -35.897 0.4285714328
102015  -31.386  19.354  -35.783 0.4285714328
89571  -27.437  5.259  -39.429 0.5714285970
93203  -31.310  9.597  -36.694 0.4285714328
155198  -31.388  11.012  -36.515 0.4285714328
98434  -31.428  15.355  -36.050 0.4285714328
96669  -30.745  13.616  -36.889 0.4285714328
98420  -32.213  15.755  -35.497 0.4285714328
99348  -30.902  16.067  -36.315 0.4285714328
83943  -29.154  -0.544  -36.432 0.1428571492
95811  -31.194  12.851  -36.550 0.4285714328
96670  -31.379  13.704  -36.259 0.4285714328
97511  -31.680  14.454  -35.927 0.4285714328
85864  -30.086  1.521  -36.278 0.1428571492
149852  -30.762  4.037  -36.650 0.2857142985
91344  -32.402  8.155  -35.628 0.2857142985
94053  -33.206  10.239  -34.769 0.2857142985
93184  -32.265  9.568  -35.539 0.2857142985
145762  -31.467  6.869  -36.685 0.4285714328
94893  -32.851  11.100  -34.954 0.2857142985
94062  -31.964  10.229  -35.773 0.2857142985
92319  -31.542  8.841  -36.400 0.2857142985
94903  -32.307  11.776  -35.449 0.2857142985
95805  -31.745  12.312  -35.959 0.4285714328
84917  -29.411  0.224  -36.413 0.1428571492
141805  -29.576  0.918  -36.429 0.1428571492
83942  -28.659  -0.015  -36.757 0.1428571492
86786  -30.257  2.437  -36.444 0.2857142985
86787  -30.895  2.796  -36.278 0.2857142985
88603  -32.502  4.772  -35.961 0.2857142985
90432  -32.727  6.484  -35.738 0.2857142985
90449  -32.032  6.476  -36.253 0.2857142985
89538  -31.575  5.968  -36.565 0.2857142985
91365  -32.076  7.356  -36.071 0.2857142985
84918  -30.256  0.542  -36.074 0.1428571492
86774  -32.365  2.726  -35.663 0.2857142985
85850  -30.781  1.170  -35.892 0.2857142985
87688  -32.016  3.432  -35.984 0.2857142985
88602  -31.772  4.213  -36.260 0.2857142985
139110  -27.639  -4.086  -36.494 0.2857142985
140385  -28.860  -2.050  -36.460 0.1428571492
155955  -29.562  -1.104  -36.307 0.1428571492
77142  -26.344  -7.226  -36.056 0.2857142985
81946  -28.451  -2.704  -36.509 0.2857142985
78007  -26.864  -6.732  -36.101 0.1428571492
77140  -24.971  -7.690  -36.389 0.2857142985
76265  -25.268  -8.483  -36.182 0.1428571492
148446  -31.920  2.006  -35.631 0.2857142985
88587  -32.400  3.992  -35.901 0.2857142985
91345  -32.874  7.401  -35.489 0.2857142985
89539  -32.278  5.712  -36.130 0.2857142985
92299  -32.629  8.892  -35.339 0.2857142985
94078  -31.538  10.260  -36.330 0.4285714328
150538  -32.164  10.935  -35.562 0.2857142985
95806  -32.417  12.795  -35.374 0.2857142985
153844  -27.891  13.158  -41.146 0.7142857313
96662  -32.057  13.690  -35.670 0.4285714328
144075  -27.816  16.903  -39.402 0.5714285970
101132  -30.704  18.258  -36.229 0.4285714328
149163  -31.844  18.870  -35.646 0.2857142985
103744  -32.140  20.887  -35.287 0.2857142985
163111  -31.442  20.828  -35.413 0.5714285970
110579  -27.980  29.961  -34.506 0.7142857313
146427  -30.071  22.197  -34.764 0.7142857313
113040  -26.374  32.504  -34.604 0.4285714328
153378  -26.639  31.726  -34.896 0.5714285970
113042  -28.565  32.080  -33.856 0.7142857313
140623  -32.282  22.888  -34.655 0.2857142985
109834  -29.803  28.588  -33.871 0.8571428657
109843  -31.815  28.517  -34.488 0.5714285970
113948  -31.633  33.363  -35.203 0.4285714328
113940  -31.107  34.319  -34.313 0.4285714328
116567  -25.947  36.780  -31.408 0.1428571492
117425  -29.548  37.506  -36.384 0.2857142985
116610  -30.366  36.141  -36.514 0.1428571492
119853  -26.401  40.457  -34.846 0.2857142985
78029  -26.991  -6.008  -36.176 0.1428571492
140263  -25.287  -6.109  -36.555 0.2857142985
83921  -30.790  -0.109  -35.849 0.1428571492
84905  -32.016  0.493  -35.516 0.1428571492
87703  -30.391  3.297  -36.642 0.2857142985
87704  -31.241  3.515  -36.329 0.2857142985
151931  -31.736  5.105  -36.412 0.2857142985
161188  -33.356  6.828  -35.349 0.2857142985
88601  -31.173  4.595  -36.581 0.2857142985
92300  -33.183  8.201  -35.105 0.2857142985
92359  -28.159  8.822  -40.364 0.5714285970
94114  -26.530  10.893  -39.716 0.2857142985
95796  -33.015  12.064  -34.845 0.2857142985
96663  -32.775  13.692  -34.981 0.2857142985
94990  -28.289  12.643  -40.931 0.7142857313
95861  -28.869  12.233  -40.541 0.5714285970
97574  -26.222  14.554  -40.573 0.4285714328
96737  -27.034  14.085  -40.928 0.5714285970
101201  -25.978  17.745  -41.148 0.2857142985
99408  -26.757  16.620  -41.182 0.5714285970
97512  -32.377  14.420  -35.350 0.2857142985
98486  -27.957  15.493  -40.403 0.7142857313
102070  -26.232  18.791  -40.350 0.2857142985
100255  -31.851  17.196  -35.700 0.4285714328
155935  -32.756  18.177  -35.115 0.1428571492
101120  -32.447  18.783  -35.334 0.1428571492
102879  -30.890  20.443  -35.673 0.5714285970
162906  -32.206  22.157  -34.861 0.2857142985
105585  -31.524  23.205  -34.580 0.5714285970
153804  -31.112  25.455  -34.336 0.7142857313
151576  -29.846  29.833  -33.676 0.8571428657
107376  -32.812  26.077  -36.049 0.2857142985
109080  -32.496  26.856  -36.116 0.1428571492
108220  -31.509  26.275  -34.498 0.4285714328
107362  -32.483  25.740  -35.284 0.4285714328
109851  -32.453  28.389  -35.805 0.1428571492
112160  -31.183  31.655  -34.044 0.5714285970
110590  -32.323  29.135  -36.498 0.1428571492
111353  -32.018  30.715  -35.139 0.1428571492
145983  -31.929  32.077  -35.948 0.1428571492
151061  -25.315  36.425  -31.749 0.1428571492
113028  -30.851  32.378  -33.832 0.5714285970
112188  -31.933  31.588  -36.393 0.1428571492
113957  -31.625  33.287  -36.188 0.1428571492
150017  -29.569  37.003  -34.107 0.2857142985
153667  -30.240  36.542  -34.961 0.2857142985
114789  -31.263  34.763  -35.757 0.2857142985
141272  -30.988  34.912  -36.643 0.1428571492
115681  -30.210  35.303  -37.708 0.1428571492
115690  -29.645  35.692  -38.226 0.1428571492
118193  -28.728  38.842  -36.451 0.2857142985
118197  -28.670  38.619  -37.487 0.2857142985
117428  -28.961  37.857  -37.912 0.1428571492
117433  -29.156  37.086  -38.289 0.1428571492
78957  -28.812  -5.632  -36.303 0.1428571492
82915  -30.283  -1.433  -36.173 0.1428571492
92285  -33.155  8.969  -34.928 0.2857142985
115706  -28.224  35.899  -39.272 0.1428571492
118201  -28.064  38.812  -38.964 0.2857142985
78026  -24.659  -6.864  -36.603 0.2857142985
78028  -26.172  -6.352  -36.278 0.2857142985
79942  -28.575  -4.211  -36.496 0.1428571492
80942  -28.293  -3.506  -36.509 0.1428571492
158781  -28.487  -0.657  -36.654 0.1428571492
86785  -29.543  2.093  -36.784 0.2857142985
165865  -29.879  3.398  -36.986 0.4285714328
85863  -29.351  1.422  -36.681 0.1428571492
91376  -31.346  7.940  -36.774 0.4285714328
156076  -29.247  10.893  -40.959 0.5714285970
93241  -29.090  9.534  -40.850 0.4285714328
94958  -29.210  11.345  -40.645 0.7142857313
99364  -28.533  15.815  -38.836 0.7142857313
145884  -29.800  21.472  -35.192 0.7142857313
101153  -27.954  17.762  -38.166 0.8571428657
113041  -27.463  32.165  -34.302 0.5714285970
148444  -27.474  36.701  -33.737 0.2857142985
157711  -24.686  37.231  -34.516 0.2857142985
82913  -28.799  -1.294  -36.465 0.1428571492
88632  -27.302  4.561  -39.206 0.5714285970
94902  -31.739  11.451  -35.987 0.4285714328
101152  -27.532  18.410  -38.544 0.5714285970
156942  -29.236  29.831  -33.883 0.8571428657
141508  -23.782  36.001  -33.976 0.2857142985
117413  -25.522  37.528  -34.454 0.2857142985
117403  -24.021  37.421  -34.072 0.2857142985
115635  -24.151  35.941  -32.970 0.2857142985
118168  -24.089  38.899  -33.630 0.2857142985
118976  -24.518  39.270  -32.922 0.1428571492
118169  -24.410  38.418  -32.977 0.2857142985
117388  -25.184  37.986  -32.305 0.1428571492
117398  -24.101  37.992  -33.659 0.2857142985
159510  -24.680  40.055  -34.446 0.2857142985
117399  -24.447  37.529  -32.833 0.1428571492
118987  -24.450  39.339  -34.313 0.2857142985
118190  -28.586  38.959  -35.426 0.2857142985
162340  -27.222  40.155  -34.971 0.2857142985
118183  -27.721  38.715  -34.335 0.2857142985
118174  -27.588  38.166  -34.104 0.2857142985
118191  -28.912  38.314  -34.969 0.2857142985
117415  -29.173  37.613  -34.394 0.2857142985
140886  -25.607  38.246  -34.457 0.2857142985
118182  -26.541  38.968  -34.398 0.2857142985
146217  -29.855  37.089  -34.735 0.2857142985
117429  -29.421  37.323  -37.411 0.1428571492
116609  -29.854  36.736  -36.917 0.1428571492
115689  -28.944  35.810  -38.848 0.1428571492
116618  -29.242  36.381  -38.478 0.1428571492
118198  -29.161  38.113  -36.944 0.1428571492
114790  -31.547  33.973  -35.770 0.1428571492
114760  -29.366  34.393  -33.463 0.5714285970
115660  -30.642  35.354  -34.434 0.4285714328
116584  -29.472  36.504  -33.791 0.5714285970
113966  -31.341  33.109  -37.050 0.1428571492
150873  -31.843  32.111  -35.383 0.1428571492
116604  -30.479  36.089  -35.559 0.2857142985
115682  -30.584  35.447  -37.021 0.2857142985
114772  -30.642  34.789  -34.039 0.4285714328
113927  -30.740  33.949  -33.799 0.5714285970
113026  -29.376  32.840  -33.594 0.7142857313
145740  -31.462  30.860  -34.323 0.4285714328
113029  -31.345  32.418  -34.295 0.5714285970
110580  -31.496  29.268  -34.229 0.5714285970
110575  -30.876  29.225  -33.815 0.7142857313
149075  -30.473  29.776  -33.709 0.7142857313
112159  -30.448  31.559  -33.689 0.7142857313
109067  -32.069  27.787  -34.726 0.5714285970
108221  -32.093  26.350  -34.868 0.4285714328
108208  -30.380  27.111  -34.130 0.8571428657
101160  -27.278  18.089  -39.449 0.5714285970
102914  -26.431  20.816  -38.531 0.4285714328
102058  -26.348  19.566  -39.633 0.4285714328
105583  -29.728  23.822  -34.316 0.8571428657
166076  -31.457  24.800  -34.489 0.4285714328
150182  -32.085  24.523  -34.715 0.5714285970
108209  -31.175  27.053  -34.262 0.8571428657
105584  -30.668  23.519  -34.405 0.7142857313
94127  -27.738  10.662  -41.099 0.5714285970
95871  -27.847  12.170  -41.128 0.4285714328
96730  -28.215  13.545  -40.790 0.7142857313
97587  -28.168  14.257  -40.735 0.7142857313
98487  -28.278  14.776  -40.297 0.7142857313
97586  -26.913  14.694  -40.878 0.4285714328
98502  -27.309  15.262  -40.862 0.5714285970
100316  -27.171  17.071  -40.884 0.5714285970
97595  -26.730  15.442  -40.954 0.4285714328
97584  -26.210  15.415  -40.779 0.2857142985
98476  -28.074  16.111  -39.761 0.7142857313
100282  -27.964  17.125  -38.643 0.8571428657
103742  -30.789  21.106  -35.295 0.5714285970
104657  -30.804  21.839  -34.897 0.7142857313
93240  -28.601  9.493  -40.899 0.5714285970
93239  -27.802  9.617  -40.647 0.5714285970
100269  -31.210  17.760  -35.985 0.4285714328
102881  -32.494  20.170  -35.307 0.2857142985
93183  -31.733  9.558  -36.053 0.2857142985
161995  -31.737  10.778  -36.017 0.4285714328
155929  -32.074  15.032  -35.620 0.4285714328
99332  -31.652  16.321  -35.864 0.4285714328
166660  -31.238  4.093  -36.451 0.2857142985
92298  -32.000  8.868  -35.783 0.2857142985
150637  -31.831  8.225  -36.091 0.2857142985
94063  -32.534  10.275  -35.276 0.2857142985
83944  -30.061  -0.473  -36.139 0.1428571492
85865  -30.987  1.997  -35.973 0.2857142985
84904  -31.141  0.520  -35.727 0.1428571492
86773  -31.573  2.744  -35.983 0.2857142985
77141  -25.777  -7.831  -36.075 0.1428571492
78008  -27.589  -6.626  -36.093 0.1428571492
101119  -32.022  18.117  -35.584 0.2857142985
78978  -28.871  -4.872  -36.473 0.1428571492
114739  -25.678  34.929  -31.319 0.1428571492
110577  -26.479  29.482  -35.383 0.5714285970
148232  -26.259  27.155  -35.683 0.4285714328
161113  -26.480  27.794  -35.424 0.4285714328
109840  -27.112  28.866  -35.121 0.5714285970
109073  -26.817  27.260  -35.366 0.4285714328
110578  -27.199  29.703  -34.977 0.4285714328
151991  -26.981  26.045  -35.672 0.4285714328
146690  -25.854  25.015  -36.744 0.4285714328
108227  -26.616  26.566  -35.728 0.5714285970
109064  -27.485  27.308  -34.908 0.5714285970
109850  -26.971  28.023  -35.179 0.5714285970
104688  -26.645  22.375  -37.297 0.5714285970
94054  -33.999  10.115  -34.202 0.1428571492
161816  -33.459  11.543  -34.528 0.1428571492
84942  -26.220  0.898  -38.532 0.2857142985
93173  -32.860  9.573  -35.069 0.1428571492
93176  -35.737  9.481  -33.415 0.1428571492
93175  -34.344  9.266  -34.159 0.1428571492
94056  -35.740  10.497  -33.201 0.1428571492
94055  -35.043  10.000  -33.480 0.1428571492
94042  -36.289  10.868  -33.402 0.1428571492
83973  -26.220  -0.090  -38.337 0.2857142985
91346  -33.596  7.386  -35.074 0.1428571492
92287  -34.615  8.384  -34.268 0.1428571492
93177  -36.441  9.321  -33.520 0.1428571492
142510  -35.295  8.944  -33.758 0.1428571492
152762  -37.707  11.230  -36.260 0.1428571492
93163  -37.740  10.895  -34.117 0.1428571492
94904  -37.732  11.883  -35.541 0.1428571492
83956  -25.597  -0.638  -38.188 0.2857142985
83955  -24.816  -0.288  -38.074 0.2857142985
146120  -33.247  4.767  -35.554 0.1428571492
89521  -33.953  5.172  -35.191 0.1428571492
154222  -33.579  6.120  -35.315 0.1428571492
91337  -35.495  7.188  -34.269 0.1428571492
90434  -34.857  6.729  -34.537 0.1428571492
143345  -36.194  8.704  -33.565 0.1428571492
91336  -34.788  7.564  -34.411 0.1428571492
92289  -36.937  8.878  -33.878 0.1428571492
158158  -37.962  9.502  -36.003 0.1428571492
94079  -37.586  10.614  -36.960 0.1428571492
165765  -37.913  10.441  -35.364 0.1428571492
82925  -24.627  -1.806  -37.703 0.2857142985
86775  -33.206  2.739  -35.386 0.1428571492
87690  -33.528  3.485  -35.344 0.1428571492
88589  -33.782  4.259  -35.265 0.1428571492
90435  -35.860  6.565  -34.261 0.1428571492
142012  -34.436  5.969  -34.835 0.1428571492
91349  -37.297  7.225  -34.373 0.1428571492
92302  -37.947  8.755  -35.373 0.1428571492
147968  -37.737  7.931  -34.675 0.1428571492
94940  -37.337  11.542  -37.997 0.1428571492
164025  -37.421  10.894  -37.693 0.1428571492
85853  -33.746  2.006  -35.116 0.1428571492
144515  -35.322  3.703  -34.643 0.1428571492
86776  -34.127  2.791  -35.085 0.1428571492
89524  -36.923  5.261  -34.382 0.1428571492
88590  -34.649  4.398  -34.874 0.1428571492
90437  -37.267  5.933  -34.418 0.1428571492
89523  -35.967  5.212  -34.429 0.1428571492
90436  -36.816  6.547  -34.240 0.1428571492
152828  -37.715  9.760  -36.804 0.1428571492
92303  -38.111  7.905  -35.477 0.1428571492
151010  -37.451  10.088  -37.803 0.1428571492
140235  -33.299  1.260  -35.161 0.1428571492
85851  -31.522  1.248  -35.650 0.1428571492
86777  -35.699  2.388  -34.518 0.1428571492
85854  -34.867  2.007  -34.762 0.1428571492
146790  -35.063  2.918  -34.739 0.1428571492
89525  -37.682  5.373  -34.789 0.1428571492
157777  -37.392  4.664  -34.693 0.1428571492
165648  -37.886  6.010  -34.941 0.1428571492
91351  -38.205  7.415  -36.024 0.1428571492
93204  -37.926  8.958  -36.525 0.1428571492
162110  -37.656  6.577  -34.647 0.1428571492
85856  -36.825  1.514  -34.642 0.1428571492
139532  -35.242  1.055  -34.498 0.1428571492
139821  -34.252  1.221  -34.832 0.1428571492
87693  -37.493  3.299  -35.040 0.1428571492
86778  -37.304  2.355  -34.974 0.1428571492
154782  -37.920  4.833  -35.281 0.1428571492
90451  -38.198  6.172  -36.583 0.1428571492
87692  -36.917  3.103  -34.559 0.1428571492
149045  -34.392  3.592  -34.993 0.1428571492
88575  -36.592  4.548  -34.456 0.1428571492
142686  -35.384  5.918  -34.456 0.1428571492
89520  -33.027  5.504  -35.642 0.1428571492
150010  -37.291  10.834  -38.410 0.1428571492
94950  -37.127  11.542  -38.811 0.1428571492
94064  -37.874  10.336  -36.012 0.1428571492
93178  -37.595  10.118  -34.315 0.1428571492
94895  -34.445  10.879  -33.817 0.1428571492
81960  -25.414  -2.425  -37.548 0.2857142985
92320  -38.104  8.184  -36.278 0.1428571492
93214  -37.668  9.150  -37.455 0.1428571492
94961  -37.099  10.852  -39.242 0.1428571492
94949  -36.905  12.152  -39.069 0.1428571492
105612  -26.357  23.676  -36.973 0.4285714328
95829  -37.421  12.335  -37.388 0.1428571492
94057  -37.863  11.085  -35.341 0.1428571492
159427  -37.520  11.443  -37.135 0.1428571492
94034  -37.852  10.920  -33.704 0.1428571492
94919  -37.609  12.063  -36.428 0.1428571492
95797  -33.921  12.239  -34.103 0.1428571492
96651  -33.310  12.965  -34.574 0.1428571492
111342  -26.548  30.280  -35.300 0.4285714328
111352  -25.933  30.844  -35.562 0.4285714328
118207  -27.631  38.324  -39.505 0.1428571492
111343  -27.313  30.512  -34.850 0.4285714328
163093  -25.691  -1.538  -37.826 0.2857142985
119010  -27.773  39.663  -38.634 0.1428571492
88588  -33.009  4.120  -35.595 0.1428571492
85852  -32.807  2.003  -35.391 0.1428571492
143129  -32.396  1.260  -35.419 0.1428571492
87689  -32.740  3.416  -35.649 0.1428571492
97513  -33.090  14.489  -34.673 0.1428571492
98421  -32.683  15.165  -35.087 0.1428571492
92286  -33.760  8.698  -34.607 0.1428571492
93174  -33.525  9.479  -34.630 0.1428571492
94894  -33.639  10.887  -34.440 0.1428571492
93161  -36.192  10.542  -33.604 0.1428571492
94896  -35.301  11.131  -33.255 0.1428571492
94882  -35.732  11.404  -33.185 0.1428571492
94043  -36.976  10.598  -33.370 0.1428571492
90433  -33.995  6.717  -34.984 0.1428571492
91347  -34.225  7.256  -34.739 0.1428571492
91335  -33.980  7.904  -34.653 0.1428571492
156279  -37.154  9.655  -33.757 0.1428571492
92290  -37.552  9.272  -34.450 0.1428571492
92288  -35.676  7.968  -34.005 0.1428571492
94058  -37.819  11.319  -34.410 0.1428571492
91348  -36.352  7.217  -34.129 0.1428571492
92301  -36.849  8.018  -34.020 0.1428571492
148833  -37.479  8.552  -34.376 0.1428571492
89522  -34.978  5.185  -34.694 0.1428571492
143451  -36.360  5.900  -34.305 0.1428571492
91350  -38.011  7.257  -35.067 0.1428571492
87691  -36.008  3.037  -34.459 0.1428571492
88591  -35.618  4.473  -34.552 0.1428571492
161857  -36.515  2.331  -34.494 0.1428571492
160592  -36.298  3.795  -34.467 0.1428571492
89526  -38.160  5.609  -35.648 0.1428571492
90438  -38.171  6.569  -35.617 0.1428571492
90450  -38.167  6.911  -36.569 0.1428571492
88592  -37.153  3.906  -34.634 0.1428571492
76263  -23.529  -8.280  -36.676 0.1428571492
77138  -22.754  -7.692  -36.701 0.1428571492
77139  -24.122  -7.570  -36.632 0.1428571492
78025  -23.728  -6.745  -36.837 0.1428571492
140219  -24.333  -6.049  -36.868 0.1428571492
79939  -24.498  -4.603  -37.200 0.1428571492
79938  -23.745  -4.527  -37.239 0.1428571492
80955  -24.288  -3.264  -37.410 0.1428571492
80939  -24.824  -3.896  -37.291 0.1428571492
80956  -25.117  -3.174  -37.368 0.1428571492
79937  -22.925  -4.290  -36.868 0.1428571492
80938  -23.586  -3.723  -37.214 0.1428571492
81959  -24.714  -2.641  -37.525 0.1428571492
82912  -23.286  -1.417  -37.065 0.1428571492
139022  -24.476  -0.972  -37.790 0.1428571492
84928  -24.188  0.399  -37.724 0.2857142985
83972  -25.546  0.241  -38.356 0.1428571492
84941  -25.528  1.085  -38.447 0.1428571492
84940  -24.907  0.777  -38.204 0.2857142985
86808  -26.277  2.827  -38.913 0.2857142985
90480  -26.718  6.198  -39.476 0.4285714328
91394  -27.890  7.326  -40.073 0.4285714328
92348  -27.515  8.023  -39.948 0.4285714328
103779  -26.462  21.498  -38.058 0.2857142985
104672  -26.294  23.099  -37.394 0.2857142985
108234  -25.120  26.320  -36.647 0.2857142985
109072  -25.888  27.799  -35.659 0.2857142985
109849  -26.388  28.610  -35.426 0.2857142985
109848  -25.774  28.736  -35.564 0.4285714328
145302  -25.039  -1.078  -37.991 0.1428571492
85873  -24.317  1.549  -37.855 0.1428571492
85882  -25.133  1.760  -38.403 0.2857142985
85884  -26.500  1.895  -38.806 0.1428571492
141221  -23.460  -5.921  -36.963 0.1428571492
81943  -23.040  -2.053  -36.850 0.1428571492
83940  -23.207  -0.615  -37.077 0.1428571492
83954  -24.010  -0.449  -37.602 0.1428571492
146477  -24.203  2.437  -37.791 0.2857142985
139549  -25.433  2.645  -38.598 0.2857142985
145741  -24.859  2.546  -38.306 0.2857142985
86806  -25.358  3.246  -38.529 0.2857142985
146399  -25.882  2.567  -38.781 0.2857142985
86818  -26.171  3.479  -38.855 0.2857142985
88631  -26.689  4.665  -39.066 0.4285714328
151986  -26.285  4.934  -38.901 0.4285714328
90479  -25.952  6.284  -39.027 0.2857142985
102920  -26.143  20.616  -39.181 0.2857142985
103778  -25.885  21.561  -38.895 0.2857142985
147825  -26.132  22.504  -37.922 0.2857142985
104701  -25.500  22.841  -38.676 0.2857142985
105638  -25.535  23.445  -38.264 0.2857142985
106499  -26.447  24.773  -36.369 0.2857142985
107375  -25.535  25.611  -36.759 0.2857142985
107391  -24.257  25.324  -37.823 0.2857142985
109079  -25.655  27.001  -36.036 0.2857142985
86807  -25.684  3.286  -38.667 0.2857142985
104715  -25.515  22.356  -39.029 0.2857142985
156467  -25.680  21.250  -39.515 0.2857142985
104700  -25.121  23.423  -39.081 0.2857142985
105625  -24.785  24.377  -38.474 0.2857142985
105626  -25.741  23.855  -37.678 0.2857142985
106530  -25.287  24.416  -37.886 0.2857142985
106529  -24.750  24.863  -37.981 0.2857142985
104727  -24.993  22.859  -39.963 0.2857142985
105658  -24.589  23.285  -39.790 0.2857142985
105637  -24.938  23.924  -38.787 0.2857142985
89570  -26.760  5.387  -39.299 0.4285714328
90481  -27.543  6.534  -39.823 0.4285714328
87735  -26.316  4.024  -38.872 0.4285714328
78973  -24.038  -5.296  -37.177 0.1428571492
108235  -25.943  26.418  -36.202 0.2857142985
106516  -25.339  24.937  -37.346 0.2857142985
82924  -23.866  -1.204  -37.482 0.1428571492
81958  -23.740  -1.961  -37.331 0.1428571492
166685  -23.401  -7.451  -36.782 0.1428571492
79956  -24.181  -4.014  -37.358 0.1428571492
146058  -23.491  -2.816  -37.167 0.1428571492
144353  -22.683  -2.760  -36.634 0.1428571492
166873  -24.174  -2.511  -37.461 0.1428571492
89569  -26.194  5.486  -39.001 0.4285714328
88630  -26.016  4.366  -38.753 0.4285714328
105650  -24.270  23.667  -39.429 0.2857142985
93230  -26.062  9.010  -39.321 0.2857142985
162386  -26.724  7.729  -39.614 0.2857142985
94115  -27.101  10.338  -40.175 0.2857142985
122263  -25.534  43.622  -38.419 0.1428571492
121497  -26.270  42.920  -38.825 0.1428571492
120684  -26.269  42.159  -37.062 0.1428571492
119866  -27.484  40.801  -37.053 0.1428571492
119006  -27.827  39.923  -37.587 0.1428571492
122266  -25.164  44.441  -38.968 0.1428571492
120681  -26.756  41.480  -36.558 0.1428571492
121486  -24.258  42.400  -34.790 0.1428571492
149671  -26.947  9.391  -39.760 0.2857142985
94104  -26.146  10.017  -39.346 0.2857142985
119872  -27.435  40.291  -39.265 0.1428571492
120692  -26.706  41.939  -39.134 0.1428571492
119007  -28.327  39.404  -37.029 0.1428571492
120685  -27.027  41.446  -37.558 0.1428571492
119869  -27.525  40.697  -38.223 0.1428571492
119003  -28.287  39.596  -35.953 0.1428571492
119860  -25.712  41.210  -34.995 0.1428571492
119002  -27.818  40.123  -36.530 0.1428571492
121492  -25.304  42.711  -36.571 0.1428571492
121488  -24.593  42.870  -35.494 0.1428571492
120676  -24.827  41.844  -35.435 0.1428571492
120660  -24.132  40.780  -34.085 0.1428571492
119841  -24.264  40.673  -33.528 0.1428571492
149759  -24.232  40.832  -34.399 0.1428571492
119863  -27.249  40.861  -36.038 0.1428571492
119861  -26.820  40.724  -35.280 0.1428571492
91393  -27.133  7.107  -39.760 0.2857142985
120688  -26.572  42.100  -38.099 0.1428571492
145558  -25.209  43.619  -37.646 0.1428571492
120677  -26.287  41.453  -35.641 0.1428571492
123017  -24.723  44.768  -38.315 0.1428571492
120680  -25.711  42.090  -36.129 0.1428571492
120689  -27.239  41.141  -39.064 0.1428571492
102926  -24.490  20.620  -40.192 0.1428571492
103809  -25.323  21.340  -39.993 0.1428571492
103808  -25.043  22.144  -40.153 0.1428571492
106553  -24.381  24.134  -38.949 0.1428571492
104698  -23.197  22.994  -38.332 0.1428571492
106528  -23.765  24.797  -38.415 0.1428571492
102929  -25.740  20.487  -39.830 0.1428571492
106540  -24.052  24.499  -38.736 0.1428571492
107388  -23.374  25.537  -37.259 0.1428571492
108231  -23.563  26.035  -36.697 0.1428571492
96728  -26.989  13.902  -40.832 0.2857142985
96721  -26.095  13.752  -40.296 0.1428571492
100324  -25.415  17.406  -40.819 0.1428571492
102090  -25.545  18.399  -40.789 0.1428571492
102069  -25.196  19.442  -40.580 0.1428571492
106490  -32.865  24.160  -34.918 0.1428571492
103807  -24.700  21.730  -40.178 0.1428571492
108240  -24.472  25.838  -37.103 0.1428571492
109077  -24.822  27.341  -36.141 0.1428571492
109076  -24.261  27.069  -36.256 0.1428571492
108226  -23.679  26.789  -36.190 0.2857142985
109846  -24.601  28.864  -35.235 0.2857142985
147043  -23.309  29.800  -33.096 0.2857142985
109052  -23.578  27.786  -32.578 0.2857142985
144500  -23.032  30.889  -33.079 0.2857142985
157685  -24.416  34.222  -31.988 0.1428571492
110559  -24.920  29.248  -29.741 0.1428571492
110585  -25.471  29.568  -35.640 0.2857142985
158785  -24.096  27.465  -35.823 0.2857142985
110584  -24.708  29.782  -35.655 0.2857142985
112168  -25.782  32.001  -35.105 0.2857142985
110583  -23.964  29.686  -35.139 0.2857142985
109832  -23.541  28.685  -33.746 0.2857142985
112167  -23.926  32.025  -34.894 0.2857142985
144849  -23.473  29.655  -34.249 0.2857142985
151336  -23.552  28.032  -33.211 0.2857142985
112150  -22.973  31.139  -31.472 0.1428571492
109826  -23.765  28.395  -31.906 0.2857142985
113001  -26.030  32.679  -30.425 0.1428571492
108200  -23.391  26.903  -32.356 0.1428571492
108199  -23.257  26.323  -32.877 0.1428571492
150343  -23.280  26.242  -36.146 0.2857142985
150664  -23.577  27.464  -31.953 0.2857142985
111329  -23.509  30.266  -31.464 0.1428571492
110570  -23.526  29.542  -32.113 0.2857142985
111324  -23.982  29.925  -30.825 0.1428571492
109819  -24.021  28.294  -31.063 0.1428571492
106515  -22.833  25.078  -36.879 0.2857142985
108187  -23.517  26.730  -30.456 0.1428571492
155102  -23.982  27.468  -30.595 0.1428571492
105595  -22.489  22.659  -35.636 0.1428571492
107363  -33.010  25.288  -35.694 0.1428571492
102864  -33.003  20.901  -34.896 0.1428571492
145836  -25.707  17.009  -41.038 0.1428571492
101159  -24.464  18.078  -39.931 0.1428571492
106504  -33.348  24.604  -35.380 0.1428571492
101178  -24.629  18.752  -40.374 0.1428571492
102913  -23.606  20.492  -39.024 0.1428571492
103790  -23.805  21.531  -39.504 0.1428571492
105649  -24.195  23.201  -39.874 0.1428571492
107402  -23.985  25.051  -38.282 0.1428571492
108239  -24.135  25.851  -37.128 0.1428571492
107373  -23.150  25.762  -36.629 0.2857142985
109070  -24.266  28.033  -35.150 0.1428571492
109839  -23.917  28.810  -34.698 0.2857142985
109056  -23.594  27.810  -33.774 0.1428571492
163879  -23.343  26.655  -29.644 0.1428571492
108192  -23.435  26.709  -31.493 0.2857142985
158837  -24.250  28.983  -30.642 0.1428571492
166551  -22.811  31.847  -31.553 0.1428571492
109812  -24.608  28.682  -29.864 0.1428571492
110565  -24.514  29.548  -30.268 0.1428571492
104644  -32.966  22.464  -34.663 0.1428571492
104658  -33.028  23.397  -34.659 0.1428571492
104660  -33.861  23.887  -34.957 0.1428571492
113038  -24.771  32.156  -35.148 0.2857142985
158525  -23.365  31.506  -34.479 0.2857142985
111330  -23.713  30.788  -31.008 0.1428571492
111333  -23.053  30.572  -32.174 0.2857142985
112154  -22.700  31.600  -32.321 0.2857142985
113892  -25.314  33.126  -30.951 0.1428571492
110586  -25.807  30.089  -35.616 0.2857142985
163261  -25.895  16.453  -41.129 0.1428571492
98485  -25.745  16.046  -40.680 0.1428571492
112169  -26.078  31.397  -35.305 0.2857142985
102882  -33.160  20.072  -34.907 0.1428571492
153739  -25.146  30.211  -35.803 0.2857142985
109078  -25.208  27.207  -36.172 0.1428571492
109847  -25.338  27.956  -35.709 0.1428571492
102927  -24.886  20.550  -40.387 0.1428571492
104725  -24.334  22.539  -40.054 0.1428571492
166818  -23.891  23.245  -39.731 0.1428571492
102057  -23.774  19.496  -39.342 0.1428571492
102067  -24.265  19.609  -40.118 0.1428571492
105636  -24.099  24.041  -39.106 0.1428571492
106539  -23.841  24.246  -38.895 0.1428571492
106527  -23.275  24.909  -37.822 0.1428571492
107390  -23.936  25.451  -37.757 0.1428571492
102089  -25.118  18.633  -40.670 0.1428571492
108238  -23.784  25.710  -37.257 0.1428571492
108232  -23.954  26.295  -36.702 0.1428571492
101179  -25.000  17.986  -40.603 0.1428571492
148808  -25.217  28.850  -35.511 0.2857142985
164246  -23.252  30.408  -33.798 0.2857142985
111318  -25.009  29.917  -29.961 0.1428571492
111350  -24.581  30.650  -35.755 0.2857142985
111351  -25.221  30.785  -35.784 0.2857142985
112179  -24.606  31.387  -35.535 0.2857142985
112178  -23.915  31.137  -35.319 0.2857142985
109055  -23.464  27.202  -33.278 0.1428571492
111341  -23.495  30.568  -34.729 0.2857142985
109045  -23.786  27.479  -31.311 0.2857142985
110564  -23.902  29.282  -31.361 0.2857142985
109069  -23.639  27.320  -35.303 0.1428571492
109063  -23.781  27.976  -34.473 0.2857142985
109038  -24.298  28.033  -30.269 0.1428571492
155067  -22.918  2.752  -37.035 0.1428571492
86796  -24.676  3.169  -38.089 0.1428571492
87722  -25.258  3.583  -38.410 0.1428571492
87712  -23.278  3.575  -37.254 0.1428571492
89547  -23.198  5.065  -36.988 0.1428571492
159578  -23.117  5.830  -36.763 0.1428571492
88611  -24.660  3.977  -37.940 0.1428571492
90459  -23.609  6.341  -37.188 0.1428571492
88612  -24.728  4.851  -37.954 0.1428571492
87723  -25.593  3.647  -38.555 0.1428571492
90468  -24.564  6.583  -37.930 0.1428571492
89558  -25.050  5.612  -38.265 0.1428571492
153182  -25.878  4.813  -38.709 0.1428571492
90469  -25.320  6.395  -38.534 0.1428571492
89559  -25.671  5.512  -38.686 0.1428571492
159783  -24.475  7.524  -37.996 0.1428571492
91386  -25.605  7.174  -38.863 0.1428571492
92346  -25.443  8.744  -38.961 0.1428571492
94103  -25.733  10.876  -39.217 0.1428571492
94967  -26.285  11.649  -39.738 0.1428571492
107358  -22.921  25.708  -36.004 0.1428571492
88619  -25.331  4.096  -38.404 0.1428571492
87734  -25.780  3.812  -38.650 0.1428571492
85862  -22.647  2.001  -36.783 0.1428571492
88610  -23.698  4.214  -37.409 0.1428571492
154733  -26.628  12.385  -40.399 0.1428571492
154538  -26.340  7.088  -39.367 0.1428571492
86795  -23.752  2.905  -37.520 0.1428571492
88620  -25.689  4.158  -38.587 0.1428571492
91392  -25.974  8.035  -39.263 0.1428571492
87713  -24.071  3.588  -37.638 0.1428571492
161015  -22.512  5.071  -36.619 0.1428571492
155106  -24.048  4.668  -37.502 0.1428571492
89548  -23.825  5.386  -37.353 0.1428571492
89549  -24.392  5.722  -37.696 0.1428571492
91374  -23.864  7.321  -37.451 0.1428571492
145108  -25.454  4.770  -38.498 0.1428571492
91385  -24.959  7.314  -38.392 0.1428571492
90458  -22.580  6.519  -36.525 0.1428571492
85883  -25.787  1.811  -38.671 0.2857142985
86819  -26.714  3.074  -39.071 0.2857142985
87736  -26.812  3.610  -39.054 0.4285714328
88594  -38.081  4.324  -35.792 0.1428571492
90482  -28.207  6.892  -39.980 0.5714285970
92347  -26.774  8.493  -39.633 0.5714285970
92349  -29.411  9.062  -40.103 0.7142857313
93153  -37.784  11.357  -33.713 0.1428571492
93162  -37.324  10.409  -33.633 0.1428571492
93185  -37.910  9.836  -35.200 0.1428571492
93186  -37.862  10.604  -34.779 0.1428571492
93231  -29.343  9.705  -40.643 0.4285714328
93252  -29.206  10.375  -41.063 0.5714285970
94035  -38.529  11.309  -33.676 0.1428571492
94044  -37.329  10.701  -33.512 0.1428571492
94105  -29.477  10.270  -40.495 0.5714285970
94129  -28.942  10.753  -41.222 0.5714285970
94875  -38.098  11.745  -33.462 0.1428571492
94876  -39.005  11.547  -33.506 0.1428571492
94877  -38.279  11.351  -34.121 0.1428571492
94897  -37.774  11.793  -34.791 0.1428571492
94938  -30.346  11.235  -38.106 0.7142857313
94968  -26.979  11.420  -40.569 0.4285714328
94969  -28.850  11.700  -40.834 0.7142857313
94978  -28.602  11.324  -41.213 0.7142857313
94988  -28.281  11.906  -41.145 0.7142857313
94989  -28.442  11.988  -41.027 0.7142857313
95764  -38.654  11.622  -33.647 0.1428571492
95765  -38.585  11.734  -33.687 0.1428571492
95853  -29.561  11.824  -39.343 0.8571428657
95860  -27.202  12.299  -40.895 0.4285714328
95870  -26.840  13.097  -40.729 0.4285714328
95872  -28.474  12.631  -40.781 0.5714285970
95881  -28.083  12.698  -41.079 0.7142857313
96727  -26.539  13.796  -40.609 0.2857142985
96738  -27.792  13.580  -40.933 0.7142857313
96739  -28.057  13.105  -41.077 0.7142857313
97531  -29.282  14.580  -38.282 0.8571428657
97573  -25.637  15.214  -40.313 0.2857142985
97575  -28.161  14.225  -40.662 0.7142857313
97585  -26.595  15.124  -40.846 0.4285714328
97596  -27.093  14.957  -40.920 0.4285714328
97597  -27.535  14.384  -40.808 0.5714285970
98500  -26.413  15.780  -41.070 0.4285714328
98501  -26.881  15.706  -41.053 0.4285714328
99398  -25.342  17.113  -40.701 0.1428571492
99399  -27.278  16.406  -40.965 0.5714285970
99407  -25.775  16.649  -40.939 0.1428571492
99409  -27.296  15.848  -40.934 0.5714285970
99410  -27.480  15.754  -40.825 0.7142857313
99418  -26.591  16.300  -41.138 0.4285714328
100315  -24.944  17.503  -40.416 0.1428571492
100317  -27.558  16.824  -40.327 0.5714285970
100325  -25.886  17.188  -41.181 0.1428571492
100327  -27.122  17.150  -41.052 0.5714285970
101200  -25.493  17.852  -40.897 0.1428571492
101202  -26.521  17.595  -41.094 0.2857142985
101203  -26.906  17.472  -40.945 0.5714285970
102016  -32.120  19.475  -35.528 0.2857142985
102052  -26.667  19.939  -38.669 0.4285714328
102059  -26.785  18.493  -39.933 0.5714285970
102068  -24.764  19.594  -40.503 0.1428571492
102091  -26.109  18.248  -40.893 0.1428571492
102919  -23.985  20.559  -39.789 0.1428571492
102928  -25.259  20.474  -40.276 0.2857142985
103743  -31.666  21.540  -35.112 0.5714285970
103791  -25.375  22.135  -39.684 0.1428571492
103806  -24.216  21.679  -39.948 0.1428571492
104642  -30.766  22.652  -34.631 0.5714285970
104654  -27.466  22.993  -36.026 0.8571428657
104713  -23.908  22.639  -39.819 0.1428571492
104714  -25.221  22.894  -39.451 0.2857142985
104726  -24.665  22.746  -40.078 0.2857142985
105634  -23.522  23.743  -38.812 0.1428571492
105635  -23.908  23.666  -39.418 0.1428571492
105651  -24.652  23.654  -39.316 0.2857142985
105659  -24.898  23.285  -39.627 0.2857142985
106500  -27.183  24.328  -35.766 0.7142857313
106502  -28.967  24.161  -34.508 0.8571428657
106517  -25.883  24.354  -37.082 0.2857142985
106538  -23.411  24.370  -38.309 0.1428571492
106541  -24.296  24.706  -38.463 0.1428571492
107359  -26.371  25.705  -36.208 0.4285714328
107374  -24.863  25.470  -37.338 0.2857142985
107389  -23.718  25.304  -37.883 0.1428571492
108216  -27.969  26.529  -34.821 1.0000000000
108233  -24.498  26.556  -36.629 0.1428571492
109058  -29.412  27.309  -34.238 0.8571428657
109066  -31.526  27.795  -34.322 0.5714285970
109071  -24.766  27.910  -35.631 0.2857142985
109829  -23.513  28.720  -32.761 0.2857142985
109833  -29.104  28.657  -34.096 0.8571428657
109835  -30.520  28.526  -33.835 0.8571428657
110573  -29.471  29.239  -33.864 0.8571428657
110574  -30.168  29.189  -33.719 0.8571428657
110581  -32.059  29.237  -34.762 0.2857142985
110587  -32.380  29.213  -35.473 0.2857142985
111325  -24.385  30.380  -30.490 0.1428571492
111337  -29.449  30.454  -33.747 0.8571428657
111339  -31.097  30.095  -33.938 0.7142857313
111349  -24.049  30.391  -35.496 0.2857142985
111354  -32.334  30.028  -35.842 0.2857142985
112132  -25.765  31.093  -29.930 0.1428571492
112151  -23.464  31.557  -31.174 0.1428571492
112158  -29.525  31.851  -33.664 0.8571428657
112172  -31.684  31.700  -34.759 0.1428571492
112180  -25.380  31.432  -35.533 0.2857142985
113000  -25.172  32.299  -30.713 0.1428571492
113059  -31.679  32.393  -36.567 0.1428571492
113905  -24.635  33.528  -31.508 0.2857142985
113914  -23.299  33.720  -33.772 0.7142857313
113922  -23.482  33.966  -34.357 0.7142857313
113928  -31.084  33.109  -34.008 0.5714285970
113936  -23.910  33.785  -34.514 0.5714285970
113937  -24.732  33.529  -34.519 0.5714285970
114761  -30.081  34.648  -33.580 0.5714285970
114768  -23.466  34.510  -34.525 0.7142857313
114781  -31.084  34.858  -34.737 0.4285714328
114782  -31.418  34.195  -34.999 0.2857142985
114796  -30.638  34.596  -37.461 0.1428571492
115644  -23.543  35.228  -34.264 0.4285714328
115647  -28.324  36.290  -33.501 0.2857142985
115658  -24.644  35.817  -34.458 0.5714285970
115675  -30.806  35.497  -36.149 0.2857142985
116593  -29.970  36.480  -34.291 0.2857142985
116594  -30.433  35.951  -34.660 0.2857142985
116614  -30.124  36.020  -37.429 0.1428571492
117405  -27.553  37.444  -33.871 0.2857142985
117407  -29.078  37.123  -33.742 0.2857142985
117414  -28.397  38.239  -34.361 0.2857142985
118180  -24.265  38.638  -34.259 0.2857142985
118181  -24.974  38.768  -34.501 0.2857142985
118194  -29.139  38.273  -35.896 0.4285714328
118202  -28.492  38.340  -38.423 0.2857142985
118988  -25.858  39.944  -34.665 0.2857142985
118989  -27.018  39.785  -34.593 0.2857142985
118998  -27.592  40.177  -35.572 0.2857142985
120673  -24.248  41.406  -34.883 0.1428571492
140078  -27.842  13.845  -40.923 0.7142857313
141318  -23.153  31.037  -33.920 0.2857142985
144980  -25.994  29.335  -35.571 0.4285714328
145539  -26.708  14.440  -40.777 0.4285714328
145981  -25.730  19.605  -40.253 0.1428571492
146929  -29.144  35.976  -33.497 0.5714285970
147325  -25.932  38.551  -31.805 0.1428571492
147518  -30.962  30.952  -33.847 0.8571428657
148541  -28.798  13.015  -40.322 0.5714285970
148948  -23.534  0.091  -37.351 0.1428571492
149022  -27.093  16.386  -41.094 0.5714285970
149127  -28.230  8.095  -40.190 0.4285714328
149234  -31.736  13.080  -35.956 0.4285714328
150093  -25.709  18.855  -40.578 0.1428571492
151696  -26.888  22.519  -36.874 0.5714285970
151766  -31.811  27.071  -34.598 0.4285714328
151995  -25.863  22.175  -38.472 0.2857142985
152096  -23.693  35.262  -33.467 0.4285714328
152276  -28.829  14.574  -39.051 0.8571428657
153111  -24.153  18.837  -39.850 0.1428571492
153855  -25.027  21.302  -40.240 0.1428571492
154632  -37.793  11.149  -33.628 0.1428571492
155137  -26.902  4.164  -39.087 0.4285714328
155294  -31.456  33.034  -34.511 0.4285714328
156882  -37.033  10.915  -33.275 0.1428571492
156970  -27.081  41.432  -38.418 0.1428571492
158546  -27.686  15.014  -40.718 0.5714285970
160054  -28.538  12.052  -40.910 0.7142857313
160272  -28.621  14.537  -39.723 0.8571428657
160758  -29.282  9.990  -40.995 0.5714285970
161172  -28.558  13.872  -40.324 0.8571428657
162378  -25.031  44.139  -38.083 0.1428571492
163072  -29.397  10.698  -40.758 0.5714285970
163632  -34.012  11.455  -34.118 0.1428571492
165647  -38.699  11.447  -33.699 0.1428571492
165770  -25.260  24.064  -38.285 0.2857142985
165881  -36.928  10.120  -33.619 0.1428571492
166091  -26.863  41.451  -39.503 0.1428571492
166301  -24.177  32.489  -34.758 0.5714285970
167424  -26.318  16.760  -41.224 0.5714285970
