#!ascii label  , from subject sub-v1s13x0050020_ses-1 vox2ras=TkReg
362
24751  47.636  -56.925  -9.741 0.0000000000
139562  38.155  -66.531  -17.411 0.0000000000
19910  50.933  -61.316  -13.307 0.0000000000
17952  43.662  -63.603  -12.085 0.0000000000
13419  44.767  -68.229  -15.879 0.0000000000
16179  47.784  -64.964  -15.550 0.0000000000
13374  44.692  -68.406  -13.249 0.0000000000
144427  41.626  -64.384  -15.961 0.0000000000
19913  39.802  -62.865  -12.013 0.0000000000
141291  49.976  -58.947  -11.099 0.0000000000
128196  47.285  -62.444  -12.687 0.0000000000
17080  44.812  -64.950  -15.888 0.0000000000
14356  41.618  -67.774  -15.384 0.0000000000
10767  41.407  -71.868  -16.031 0.0000000000
24719  44.713  -56.354  -6.686 0.0000000000
22802  49.726  -58.217  -6.652 0.0000000000
20842  52.202  -60.076  -8.112 0.0000000000
20868  42.230  -60.960  -9.088 0.0000000000
15266  46.528  -66.504  -13.569 0.0000000000
16198  39.984  -65.720  -16.723 0.0000000000
18003  39.781  -63.921  -15.357 0.0000000000
138556  50.517  -59.979  -12.186 0.0000000000
19912  48.947  -61.419  -13.068 0.0000000000
141122  46.402  -66.766  -16.488 0.0000000000
17079  46.745  -65.307  -15.832 0.0000000000
15295  45.204  -66.537  -17.185 0.0000000000
139238  43.726  -65.866  -17.482 0.0000000000
14354  43.260  -67.857  -15.651 0.0000000000
11642  39.327  -70.787  -16.463 0.0000000000
22790  50.325  -58.787  -4.813 0.0000000000
22812  51.181  -58.642  -7.729 0.0000000000
20815  51.674  -60.021  -5.699 0.0000000000
18905  45.095  -62.233  -10.479 0.0000000000
18908  42.489  -62.668  -10.494 0.0000000000
139332  37.694  -61.916  -12.156 0.0000000000
19887  38.441  -61.807  -10.278 0.0000000000
140850  50.557  -62.707  -13.255 0.0000000000
17974  49.581  -62.911  -14.886 0.0000000000
16161  48.430  -64.775  -14.545 0.0000000000
15272  46.717  -66.576  -14.948 0.0000000000
12462  44.055  -69.209  -14.811 0.0000000000
145411  42.779  -64.225  -14.176 0.0000000000
139888  41.433  -63.410  -12.473 0.0000000000
18959  40.964  -63.633  -13.965 0.0000000000
19923  38.627  -62.925  -13.675 0.0000000000
13443  37.068  -68.681  -18.679 0.0000000000
22854  48.543  -57.703  -10.103 0.0000000000
19900  46.886  -61.620  -10.959 0.0000000000
18937  45.827  -63.093  -12.098 0.0000000000
17975  47.990  -63.146  -14.874 0.0000000000
17059  46.308  -64.315  -14.427 0.0000000000
17990  44.403  -64.341  -13.930 0.0000000000
17081  43.051  -64.439  -15.911 0.0000000000
16196  42.378  -65.570  -17.205 0.0000000000
14370  40.197  -67.032  -15.909 0.0000000000
130024  42.702  -70.499  -16.016 0.0000000000
133099  41.524  -70.269  -15.665 0.0000000000
12482  39.938  -69.472  -15.690 0.0000000000
13433  38.113  -68.525  -16.976 0.0000000000
25525  45.005  -55.178  -8.337 0.0000000000
24732  46.395  -56.047  -8.471 0.0000000000
23781  47.272  -57.337  -7.449 0.0000000000
23790  48.659  -57.354  -8.575 0.0000000000
22822  50.230  -58.155  -9.159 0.0000000000
22837  51.660  -58.873  -9.529 0.0000000000
131373  51.991  -60.022  -10.461 0.0000000000
19851  51.582  -61.045  -8.979 0.0000000000
18918  51.202  -62.200  -11.797 0.0000000000
19901  40.767  -62.444  -10.549 0.0000000000
24738  47.070  -56.416  -9.753 0.0000000000
139218  46.457  -56.353  -10.157 0.0000000000
15301  39.413  -65.938  -17.049 0.0000000000
17100  39.510  -65.341  -16.730 0.0000000000
20897  50.720  -60.503  -12.759 0.0000000000
20890  49.964  -60.395  -12.431 0.0000000000
19911  49.990  -61.029  -13.258 0.0000000000
14365  45.488  -67.679  -16.511 0.0000000000
131749  45.809  -67.069  -16.905 0.0000000000
14366  44.794  -67.713  -16.559 0.0000000000
14380  44.319  -67.006  -17.122 0.0000000000
13420  44.214  -68.031  -15.949 0.0000000000
9924  38.747  -72.592  -17.723 0.0000000000
21812  51.334  -59.880  -5.058 0.0000000000
18922  44.623  -62.928  -11.087 0.0000000000
18906  44.128  -62.485  -10.416 0.0000000000
18923  43.680  -63.123  -11.191 0.0000000000
19905  37.236  -61.655  -11.405 0.0000000000
17058  49.032  -64.338  -14.025 0.0000000000
122168  48.321  -64.931  -13.151 0.0000000000
14338  45.664  -67.563  -13.343 0.0000000000
14346  46.116  -67.063  -14.176 0.0000000000
13373  45.141  -67.879  -14.063 0.0000000000
13386  45.316  -67.956  -15.406 0.0000000000
13387  44.550  -68.311  -14.720 0.0000000000
18000  42.185  -64.258  -15.136 0.0000000000
17981  41.741  -63.831  -13.788 0.0000000000
17993  41.533  -64.002  -14.542 0.0000000000
18969  38.968  -63.456  -14.829 0.0000000000
18962  38.547  -63.106  -14.111 0.0000000000
19930  38.015  -62.684  -14.098 0.0000000000
22853  49.257  -58.452  -10.486 0.0000000000
124034  48.289  -58.580  -10.498 0.0000000000
21867  48.970  -59.206  -10.956 0.0000000000
130828  46.170  -62.605  -11.641 0.0000000000
18936  46.617  -62.811  -12.407 0.0000000000
17998  48.620  -63.934  -15.528 0.0000000000
18958  48.842  -62.927  -15.109 0.0000000000
17068  48.171  -64.110  -15.606 0.0000000000
137320  45.682  -65.140  -15.622 0.0000000000
17070  46.075  -64.808  -14.996 0.0000000000
17060  45.383  -64.360  -14.102 0.0000000000
17071  44.900  -64.659  -14.837 0.0000000000
17072  43.885  -64.501  -15.172 0.0000000000
127082  43.993  -64.711  -16.202 0.0000000000
15286  43.250  -66.585  -17.079 0.0000000000
16195  43.100  -65.934  -17.439 0.0000000000
15287  41.687  -66.322  -16.710 0.0000000000
15288  40.814  -66.327  -16.564 0.0000000000
14369  41.364  -67.024  -16.080 0.0000000000
7582  40.606  -75.984  -16.160 0.0000000000
9914  40.710  -73.172  -16.142 0.0000000000
9124  41.663  -73.647  -16.036 0.0000000000
9900  41.720  -72.759  -16.089 0.0000000000
11629  42.067  -71.214  -16.027 0.0000000000
11630  40.912  -70.912  -15.791 0.0000000000
135201  39.426  -70.006  -16.147 0.0000000000
11643  38.935  -70.000  -16.666 0.0000000000
13422  38.714  -68.496  -16.286 0.0000000000
125355  38.556  -69.313  -16.836 0.0000000000
25526  44.285  -55.808  -7.285 0.0000000000
137598  45.020  -55.949  -7.666 0.0000000000
126982  45.733  -55.567  -8.489 0.0000000000
24718  45.543  -56.521  -7.412 0.0000000000
23770  48.765  -57.967  -6.285 0.0000000000
23771  47.646  -57.742  -6.114 0.0000000000
23780  48.293  -57.687  -7.428 0.0000000000
121021  49.250  -57.851  -7.726 0.0000000000
23789  49.565  -57.826  -8.693 0.0000000000
22813  50.191  -58.222  -7.676 0.0000000000
22811  51.957  -59.320  -7.564 0.0000000000
22821  51.540  -58.804  -8.606 0.0000000000
137697  52.132  -59.496  -8.539 0.0000000000
21865  51.635  -59.091  -10.436 0.0000000000
20865  52.108  -60.318  -9.347 0.0000000000
18889  50.705  -62.612  -8.740 0.0000000000
19861  51.273  -61.945  -9.194 0.0000000000
18896  51.461  -61.946  -10.085 0.0000000000
18939  40.571  -63.225  -12.463 0.0000000000
141176  41.235  -62.852  -10.998 0.0000000000
19902  39.840  -62.414  -10.952 0.0000000000
19868  38.823  -61.491  -9.524 0.0000000000
17092  40.982  -64.828  -16.470 0.0000000000
18002  40.655  -64.051  -15.252 0.0000000000
20879  48.570  -60.139  -11.229 0.0000000000
20891  49.161  -60.412  -11.858 0.0000000000
18935  47.865  -62.352  -13.349 0.0000000000
15279  46.839  -66.162  -16.175 0.0000000000
17078  47.674  -64.768  -15.559 0.0000000000
16180  46.517  -65.981  -16.349 0.0000000000
15285  45.838  -66.358  -16.851 0.0000000000
16185  44.996  -65.966  -17.124 0.0000000000
17089  44.555  -65.272  -16.799 0.0000000000
15296  44.650  -66.597  -17.297 0.0000000000
14367  43.868  -67.409  -16.428 0.0000000000
14355  42.325  -67.453  -15.809 0.0000000000
10784  40.104  -71.534  -15.955 0.0000000000
10802  39.344  -71.737  -16.621 0.0000000000
131785  38.916  -71.935  -17.303 0.0000000000
128807  50.408  -58.595  -5.733 0.0000000000
22801  50.855  -58.658  -6.591 0.0000000000
22800  51.654  -59.283  -6.558 0.0000000000
21822  51.964  -59.871  -6.638 0.0000000000
19882  43.592  -61.947  -9.861 0.0000000000
136092  42.279  -61.723  -9.457 0.0000000000
137567  39.180  -62.697  -12.468 0.0000000000
129776  39.015  -62.059  -10.883 0.0000000000
19904  38.221  -61.959  -11.324 0.0000000000
19888  37.547  -61.611  -10.513 0.0000000000
18933  50.973  -62.123  -12.939 0.0000000000
19921  50.271  -61.676  -13.808 0.0000000000
17973  50.109  -63.005  -14.004 0.0000000000
17066  49.439  -63.635  -14.624 0.0000000000
16169  48.330  -64.663  -15.326 0.0000000000
15271  47.081  -65.813  -14.343 0.0000000000
15278  47.159  -65.831  -15.584 0.0000000000
142109  46.731  -66.727  -15.912 0.0000000000
13400  45.552  -68.008  -16.022 0.0000000000
17965  42.839  -63.719  -12.560 0.0000000000
140738  43.023  -63.400  -11.780 0.0000000000
18949  41.984  -63.679  -12.925 0.0000000000
18950  41.186  -63.508  -13.186 0.0000000000
18951  40.305  -63.351  -13.356 0.0000000000
18968  39.951  -63.615  -14.679 0.0000000000
18960  40.119  -63.471  -14.028 0.0000000000
18940  39.647  -63.035  -12.847 0.0000000000
19914  38.777  -62.639  -13.093 0.0000000000
19924  38.034  -62.407  -13.580 0.0000000000
14382  37.163  -67.732  -18.029 0.0000000000
23820  47.901  -57.187  -10.007 0.0000000000
122157  47.543  -57.830  -10.312 0.0000000000
18921  45.472  -62.732  -11.288 0.0000000000
17964  44.471  -63.724  -12.378 0.0000000000
17961  47.314  -62.940  -13.546 0.0000000000
17069  47.292  -64.447  -15.326 0.0000000000
17976  46.979  -63.718  -14.341 0.0000000000
17962  46.328  -63.408  -13.028 0.0000000000
17977  45.871  -64.014  -13.530 0.0000000000
17978  44.843  -64.102  -13.220 0.0000000000
17979  43.738  -64.129  -13.052 0.0000000000
17991  43.484  -64.313  -14.137 0.0000000000
17999  42.914  -64.300  -14.801 0.0000000000
17082  42.123  -64.383  -15.988 0.0000000000
17090  43.596  -64.905  -16.889 0.0000000000
17091  42.646  -64.741  -16.766 0.0000000000
17083  41.787  -64.697  -16.560 0.0000000000
16197  41.008  -65.651  -16.845 0.0000000000
15300  40.419  -65.945  -16.763 0.0000000000
15289  39.568  -66.375  -16.621 0.0000000000
11616  43.919  -69.755  -15.173 0.0000000000
8329  41.188  -75.304  -15.958 0.0000000000
134334  43.260  -70.826  -16.045 0.0000000000
12479  43.329  -70.073  -15.844 0.0000000000
13402  43.416  -68.977  -15.342 0.0000000000
13403  42.415  -68.485  -15.268 0.0000000000
13404  41.295  -68.552  -15.214 0.0000000000
140871  40.615  -70.094  -15.596 0.0000000000
12481  40.908  -69.386  -15.341 0.0000000000
14357  40.731  -67.743  -15.405 0.0000000000
14358  39.897  -67.836  -15.565 0.0000000000
14371  39.108  -67.471  -15.966 0.0000000000
14381  37.787  -67.488  -17.209 0.0000000000
13434  37.593  -68.599  -17.778 0.0000000000
26368  44.145  -53.989  -8.696 0.0000000000
26355  44.059  -54.997  -7.934 0.0000000000
25539  45.638  -54.794  -9.067 0.0000000000
123814  46.258  -55.424  -9.092 0.0000000000
25538  46.473  -55.749  -9.371 0.0000000000
24730  47.425  -56.375  -9.101 0.0000000000
24683  47.024  -56.850  -4.913 0.0000000000
24709  45.878  -57.119  -6.585 0.0000000000
23782  46.420  -56.930  -7.507 0.0000000000
23791  47.860  -56.921  -8.473 0.0000000000
24729  48.077  -57.151  -9.535 0.0000000000
23819  48.695  -57.591  -9.629 0.0000000000
23818  49.413  -57.992  -9.996 0.0000000000
22838  50.193  -58.216  -9.840 0.0000000000
22823  50.411  -58.231  -8.442 0.0000000000
123427  50.942  -58.434  -9.407 0.0000000000
122239  50.128  -58.464  -10.446 0.0000000000
21866  50.864  -58.858  -10.967 0.0000000000
20878  51.452  -59.511  -11.285 0.0000000000
19897  51.342  -60.752  -12.469 0.0000000000
132164  51.992  -60.772  -9.838 0.0000000000
19877  51.885  -61.056  -10.692 0.0000000000
19909  51.292  -61.491  -12.564 0.0000000000
18909  41.920  -63.018  -11.061 0.0000000000
19884  41.748  -62.360  -10.145 0.0000000000
19865  41.522  -61.613  -9.349 0.0000000000
19886  39.352  -61.891  -10.126 0.0000000000
19866  40.633  -61.502  -9.306 0.0000000000
9923  39.169  -72.561  -16.899 0.0000000000
10783  40.735  -72.388  -16.045 0.0000000000
10803  38.920  -71.228  -17.238 0.0000000000
11617  43.750  -70.620  -15.230 0.0000000000
11631  39.988  -70.467  -15.842 0.0000000000
12478  43.802  -69.185  -15.322 0.0000000000
12480  41.948  -69.480  -15.428 0.0000000000
12498  39.111  -69.323  -16.187 0.0000000000
13405  40.337  -68.570  -15.410 0.0000000000
13421  39.469  -68.519  -15.768 0.0000000000
14337  46.193  -67.184  -12.750 0.0000000000
14347  45.741  -67.548  -14.822 0.0000000000
14352  46.375  -67.264  -15.457 0.0000000000
14353  46.038  -67.727  -15.851 0.0000000000
14368  42.305  -66.697  -16.615 0.0000000000
14372  38.503  -66.838  -16.719 0.0000000000
14379  45.146  -67.184  -17.095 0.0000000000
15297  43.924  -66.300  -17.410 0.0000000000
15298  42.275  -66.060  -17.101 0.0000000000
15299  41.387  -65.933  -16.892 0.0000000000
15302  38.831  -66.144  -17.358 0.0000000000
16170  47.887  -65.219  -15.043 0.0000000000
16178  48.277  -64.372  -15.515 0.0000000000
16184  45.674  -65.682  -16.452 0.0000000000
16186  44.076  -65.597  -17.324 0.0000000000
16187  43.096  -65.419  -17.310 0.0000000000
16194  44.459  -66.111  -17.400 0.0000000000
16199  39.065  -65.682  -17.077 0.0000000000
17053  49.645  -63.861  -13.459 0.0000000000
17067  48.856  -64.201  -15.197 0.0000000000
17098  41.602  -65.279  -16.909 0.0000000000
17099  40.560  -65.297  -16.676 0.0000000000
17950  44.997  -63.247  -11.856 0.0000000000
17951  44.283  -63.354  -11.705 0.0000000000
17959  50.584  -62.189  -13.719 0.0000000000
17960  50.197  -63.411  -12.864 0.0000000000
17963  45.379  -63.622  -12.636 0.0000000000
17980  42.649  -64.061  -13.537 0.0000000000
17987  49.036  -63.523  -15.297 0.0000000000
17988  48.504  -63.569  -15.436 0.0000000000
17989  47.875  -63.738  -15.330 0.0000000000
17992  42.241  -64.137  -14.324 0.0000000000
17994  40.816  -63.809  -14.655 0.0000000000
18001  41.445  -64.195  -15.319 0.0000000000
18010  41.179  -64.396  -15.911 0.0000000000
18011  40.384  -64.403  -15.901 0.0000000000
18897  50.920  -62.646  -9.520 0.0000000000
18902  51.548  -61.808  -11.010 0.0000000000
18907  43.249  -62.604  -10.427 0.0000000000
18924  42.754  -63.091  -11.124 0.0000000000
18925  40.563  -62.905  -11.469 0.0000000000
18938  42.161  -63.362  -11.975 0.0000000000
18946  50.013  -62.267  -14.321 0.0000000000
18952  39.410  -63.188  -13.473 0.0000000000
18961  39.260  -63.315  -14.074 0.0000000000
18970  38.062  -63.094  -14.575 0.0000000000
19860  51.678  -61.376  -9.728 0.0000000000
19864  43.016  -61.434  -9.429 0.0000000000
19867  39.730  -61.508  -9.398 0.0000000000
19883  42.749  -62.133  -9.893 0.0000000000
19885  40.234  -61.963  -9.982 0.0000000000
19896  51.658  -61.235  -11.790 0.0000000000
19903  39.131  -62.412  -11.709 0.0000000000
19915  37.985  -62.161  -12.905 0.0000000000
20864  52.276  -60.017  -8.795 0.0000000000
20870  39.244  -60.999  -9.076 0.0000000000
20888  51.696  -60.354  -11.567 0.0000000000
20889  51.203  -59.963  -12.139 0.0000000000
21811  51.684  -59.747  -5.811 0.0000000000
21830  52.165  -59.883  -7.594 0.0000000000
21852  52.069  -59.592  -9.560 0.0000000000
21876  50.652  -59.457  -11.605 0.0000000000
21877  49.717  -59.757  -11.654 0.0000000000
22789  51.184  -59.242  -5.463 0.0000000000
22803  49.556  -58.245  -5.453 0.0000000000
22852  50.972  -58.529  -10.202 0.0000000000
23761  47.051  -57.121  -5.317 0.0000000000
23802  49.427  -57.887  -9.467 0.0000000000
24717  47.105  -56.498  -8.464 0.0000000000
24731  46.856  -55.895  -9.077 0.0000000000
24737  47.475  -56.665  -9.501 0.0000000000
25537  46.955  -56.135  -9.441 0.0000000000
121036  48.744  -57.401  -9.237 0.0000000000
121536  38.525  -62.269  -12.336 0.0000000000
122035  44.908  -54.277  -8.925 0.0000000000
124954  47.047  -65.482  -15.789 0.0000000000
125306  48.139  -57.308  -9.754 0.0000000000
125662  38.365  -67.723  -16.522 0.0000000000
125783  48.048  -56.903  -9.156 0.0000000000
131560  40.993  -61.970  -9.832 0.0000000000
134324  42.779  -69.645  -15.634 0.0000000000
134635  37.552  -66.749  -17.869 0.0000000000
135950  41.291  -63.182  -11.748 0.0000000000
138190  47.282  -56.891  -10.095 0.0000000000
138324  46.067  -67.538  -16.386 0.0000000000
138558  42.294  -65.121  -17.091 0.0000000000
138842  41.764  -65.688  -17.031 0.0000000000
139781  50.885  -58.421  -8.714 0.0000000000
141244  43.003  -67.178  -16.352 0.0000000000
143045  44.145  -64.445  -14.494 0.0000000000
143432  46.418  -67.329  -16.110 0.0000000000
144723  48.987  -57.951  -7.045 0.0000000000
