#!ascii label  , from subject sub-v1s13x0050056_ses-1 vox2ras=TkReg
759
79625  43.039  -1.157  28.454 0.0000000000
83564  48.637  3.434  20.324 0.0000000000
85952  48.176  6.217  19.096 0.0000000000
80585  49.123  -0.613  14.172 0.0000000000
79658  41.841  -1.462  23.484 0.0000000000
120776  51.210  6.676  25.250 0.0000000000
83627  52.424  3.502  13.651 0.0000000000
82882  39.218  2.355  16.267 0.0000000000
83524  51.750  4.094  25.986 0.0000000000
107640  45.831  1.430  24.717 0.0000000000
80520  46.004  -0.471  19.821 0.0000000000
83565  42.998  3.757  20.212 0.0000000000
84424  43.891  3.920  14.676 0.0000000000
85940  53.484  7.063  19.165 0.0000000000
85256  48.647  5.498  13.251 0.0000000000
83589  39.165  3.890  18.472 0.0000000000
81283  47.397  0.630  27.986 0.0000000000
81286  45.170  0.171  27.116 0.0000000000
79683  44.288  -1.225  21.415 0.0000000000
85171  46.985  5.414  21.883 0.0000000000
84360  43.903  4.775  21.338 0.0000000000
84385  45.775  4.705  19.367 0.0000000000
83599  43.608  2.976  17.470 0.0000000000
84415  46.262  4.400  17.034 0.0000000000
83549  49.479  3.557  22.706 0.0000000000
84341  52.857  5.167  22.873 0.0000000000
84370  50.637  4.854  19.919 0.0000000000
82185  51.470  1.603  12.055 0.0000000000
85263  52.588  5.134  12.557 0.0000000000
82921  49.582  2.425  12.737 0.0000000000
82911  46.901  2.423  14.151 0.0000000000
80587  47.725  0.098  14.977 0.0000000000
78966  46.352  -2.541  17.598 0.0000000000
79627  40.448  -1.508  28.365 0.0000000000
117191  42.179  -0.203  25.894 0.0000000000
110709  50.406  6.449  21.970 0.0000000000
82132  48.192  1.553  17.107 0.0000000000
84414  49.602  3.996  16.797 0.0000000000
82145  50.952  1.806  14.559 0.0000000000
82160  53.262  1.468  12.538 0.0000000000
83492  53.748  3.874  29.688 0.0000000000
82792  50.373  1.992  28.601 0.0000000000
82817  48.510  2.603  25.482 0.0000000000
82838  47.507  2.486  22.561 0.0000000000
116405  43.654  0.521  23.985 0.0000000000
81316  44.902  0.970  22.174 0.0000000000
82110  46.885  1.845  19.671 0.0000000000
80529  47.545  -0.355  18.295 0.0000000000
114516  38.969  -2.199  29.122 0.0000000000
85177  41.019  5.828  21.071 0.0000000000
84389  40.493  4.238  19.313 0.0000000000
82869  40.924  2.804  17.848 0.0000000000
83620  41.083  3.180  15.321 0.0000000000
81374  42.565  1.180  15.767 0.0000000000
85113  54.096  5.793  25.824 0.0000000000
86633  54.026  7.242  22.737 0.0000000000
108188  51.647  7.498  19.710 0.0000000000
85226  52.026  5.673  16.412 0.0000000000
86699  52.360  7.752  15.663 0.0000000000
85969  48.807  6.311  16.823 0.0000000000
84430  46.067  4.662  13.795 0.0000000000
82167  44.507  2.345  14.801 0.0000000000
83591  38.498  4.156  18.626 0.0000000000
84399  38.937  4.918  18.547 0.0000000000
80447  45.671  -0.172  27.882 0.0000000000
109256  43.866  -0.623  27.909 0.0000000000
85189  47.475  5.753  20.238 0.0000000000
85191  45.853  5.283  20.769 0.0000000000
85201  46.747  5.352  19.229 0.0000000000
84396  45.718  4.345  18.479 0.0000000000
85219  47.624  5.610  17.817 0.0000000000
83556  49.412  3.708  21.753 0.0000000000
84359  50.182  4.284  21.286 0.0000000000
83571  49.276  3.955  19.935 0.0000000000
81388  50.377  0.930  12.673 0.0000000000
82931  50.863  2.508  12.036 0.0000000000
81389  49.405  0.995  13.285 0.0000000000
82178  48.587  1.453  13.649 0.0000000000
80586  48.449  -0.085  14.445 0.0000000000
79764  47.640  -1.356  15.860 0.0000000000
79763  48.459  -1.680  15.340 0.0000000000
79638  40.358  -1.211  26.358 0.0000000000
85152  49.295  5.735  22.832 0.0000000000
85117  50.497  6.304  23.799 0.0000000000
81355  49.100  0.749  16.404 0.0000000000
82139  49.329  1.544  16.020 0.0000000000
81368  49.810  0.726  15.809 0.0000000000
81379  53.730  0.769  13.031 0.0000000000
80600  53.900  0.095  11.982 0.0000000000
80601  52.762  0.019  12.029 0.0000000000
82069  46.915  1.175  26.719 0.0000000000
82071  48.125  1.862  26.878 0.0000000000
82075  47.191  1.947  25.193 0.0000000000
82820  48.073  2.604  24.238 0.0000000000
82830  46.772  2.025  23.772 0.0000000000
80464  41.759  -0.577  24.734 0.0000000000
81297  42.834  0.150  25.155 0.0000000000
80473  42.491  -0.605  23.468 0.0000000000
79695  44.879  -0.968  20.877 0.0000000000
81324  44.416  0.434  21.932 0.0000000000
114142  45.441  0.726  20.851 0.0000000000
82104  46.110  1.453  20.937 0.0000000000
81329  46.136  0.492  19.655 0.0000000000
81340  47.081  0.459  18.461 0.0000000000
80518  47.164  -0.854  18.959 0.0000000000
78953  49.923  -2.168  18.758 0.0000000000
84374  43.449  4.334  20.733 0.0000000000
85175  42.386  5.274  21.952 0.0000000000
84375  42.491  4.296  20.754 0.0000000000
84377  40.833  4.813  20.012 0.0000000000
84388  41.280  3.994  19.810 0.0000000000
83577  40.929  3.554  19.105 0.0000000000
83586  42.261  2.804  18.831 0.0000000000
83609  43.685  3.290  16.508 0.0000000000
122970  42.354  3.180  16.151 0.0000000000
83631  42.303  3.323  15.282 0.0000000000
82169  41.250  2.508  14.866 0.0000000000
82903  42.805  2.726  14.936 0.0000000000
83511  52.652  3.575  28.108 0.0000000000
84313  54.118  4.698  28.106 0.0000000000
84328  53.043  4.738  25.707 0.0000000000
85167  53.571  5.900  21.437 0.0000000000
85149  54.471  6.216  22.882 0.0000000000
125957  53.918  7.276  20.989 0.0000000000
128159  52.631  7.556  20.904 0.0000000000
86660  53.005  7.570  19.010 0.0000000000
83605  50.528  3.961  15.265 0.0000000000
115870  50.430  4.666  16.845 0.0000000000
84419  51.969  5.303  14.849 0.0000000000
85265  50.253  5.340  12.823 0.0000000000
85994  52.527  6.234  13.773 0.0000000000
85986  51.256  7.039  14.188 0.0000000000
86701  50.619  7.325  15.779 0.0000000000
85988  49.231  6.248  14.565 0.0000000000
85237  47.552  5.318  15.189 0.0000000000
85257  47.643  5.261  13.227 0.0000000000
81370  46.301  0.641  15.544 0.0000000000
82912  45.858  2.769  14.137 0.0000000000
81371  45.471  0.811  15.717 0.0000000000
81359  44.091  0.401  16.353 0.0000000000
85865  52.017  6.737  27.014 0.0000000000
82870  38.568  2.800  17.688 0.0000000000
125905  38.936  2.689  16.929 0.0000000000
81275  48.485  0.591  28.950 0.0000000000
81277  46.922  0.191  28.290 0.0000000000
81285  45.982  0.382  27.277 0.0000000000
81289  45.624  0.679  26.375 0.0000000000
79671  43.074  -1.390  22.408 0.0000000000
85172  45.627  5.276  21.477 0.0000000000
84373  44.414  4.532  20.562 0.0000000000
84387  43.942  3.982  20.046 0.0000000000
108883  43.147  2.870  18.892 0.0000000000
83584  44.559  3.594  18.661 0.0000000000
120698  44.912  3.581  17.320 0.0000000000
83607  44.726  3.834  15.599 0.0000000000
83538  50.301  3.760  24.062 0.0000000000
84332  51.950  4.555  24.175 0.0000000000
84350  50.961  4.351  22.804 0.0000000000
125813  51.699  4.942  21.719 0.0000000000
85186  52.244  5.689  20.122 0.0000000000
120186  53.123  3.286  11.975 0.0000000000
83638  53.325  4.173  12.309 0.0000000000
118004  52.199  3.339  11.667 0.0000000000
83647  50.335  3.998  12.401 0.0000000000
83648  48.890  4.255  12.904 0.0000000000
83649  47.409  4.537  12.941 0.0000000000
116519  48.525  2.435  13.345 0.0000000000
81383  47.472  0.744  14.728 0.0000000000
117447  46.601  0.089  15.859 0.0000000000
78974  47.472  -2.784  16.716 0.0000000000
79626  42.049  -1.359  28.589 0.0000000000
80450  42.866  -0.597  27.507 0.0000000000
109998  41.220  -0.747  27.014 0.0000000000
79637  41.021  -0.796  25.913 0.0000000000
78858  41.150  -2.086  23.876 0.0000000000
85154  47.640  5.407  22.607 0.0000000000
85169  48.639  5.919  21.442 0.0000000000
85933  48.939  6.441  20.249 0.0000000000
82865  47.999  2.928  18.738 0.0000000000
83582  48.656  3.475  18.274 0.0000000000
83597  48.831  3.346  17.302 0.0000000000
83616  49.965  3.235  15.463 0.0000000000
82910  51.565  2.650  14.106 0.0000000000
81366  51.905  0.549  14.590 0.0000000000
82162  52.137  1.975  13.670 0.0000000000
82909  52.999  2.743  13.198 0.0000000000
82184  52.901  1.900  11.843 0.0000000000
80602  51.488  0.175  12.343 0.0000000000
79774  50.345  -1.125  13.481 0.0000000000
78988  49.062  -2.353  14.874 0.0000000000
82807  51.940  2.887  28.569 0.0000000000
82812  50.271  3.013  26.992 0.0000000000
110701  49.084  1.676  28.012 0.0000000000
82813  49.457  2.719  26.616 0.0000000000
83526  49.776  3.328  25.362 0.0000000000
83531  48.832  3.050  24.145 0.0000000000
83540  48.843  3.150  23.186 0.0000000000
82845  48.177  2.944  21.628 0.0000000000
80453  43.388  0.063  26.381 0.0000000000
81295  44.211  0.649  25.378 0.0000000000
81300  44.942  1.095  24.856 0.0000000000
81318  43.640  0.079  22.697 0.0000000000
81317  44.274  0.633  22.764 0.0000000000
82087  45.451  1.444  23.347 0.0000000000
82839  46.362  1.859  22.548 0.0000000000
82847  46.758  2.086  21.337 0.0000000000
114235  47.352  2.427  20.140 0.0000000000
82118  47.049  1.653  18.895 0.0000000000
81347  48.127  0.703  17.326 0.0000000000
80540  49.331  -0.800  17.160 0.0000000000
122405  47.882  -1.289  18.612 0.0000000000
79738  49.019  -1.281  17.763 0.0000000000
79619  41.060  -1.837  29.144 0.0000000000
78828  39.434  -1.834  28.576 0.0000000000
78830  37.717  -2.597  28.381 0.0000000000
85918  41.514  6.262  22.371 0.0000000000
85926  40.770  6.326  20.592 0.0000000000
83588  40.054  3.746  18.680 0.0000000000
83600  39.832  3.153  17.760 0.0000000000
82881  39.603  2.709  16.531 0.0000000000
82878  42.181  2.688  17.384 0.0000000000
82892  41.049  2.860  16.298 0.0000000000
82894  39.768  2.624  15.512 0.0000000000
85869  53.491  6.540  25.455 0.0000000000
85116  54.106  5.596  24.301 0.0000000000
85878  54.077  6.466  24.554 0.0000000000
85880  52.378  6.883  24.113 0.0000000000
85914  51.434  6.754  22.170 0.0000000000
107731  50.505  6.826  20.561 0.0000000000
111075  49.705  6.900  19.014 0.0000000000
84394  50.024  4.622  18.331 0.0000000000
84393  51.228  5.381  17.881 0.0000000000
109065  53.039  6.614  18.026 0.0000000000
85244  52.673  5.776  13.595 0.0000000000
85967  53.222  7.187  16.091 0.0000000000
85948  53.155  7.332  17.776 0.0000000000
110046  52.072  7.793  17.796 0.0000000000
86685  50.449  7.289  17.650 0.0000000000
85962  48.873  6.510  17.833 0.0000000000
85228  47.489  5.260  16.252 0.0000000000
85238  46.856  4.821  15.561 0.0000000000
84431  45.207  4.314  14.202 0.0000000000
83640  46.517  4.480  13.062 0.0000000000
82925  45.298  3.743  13.759 0.0000000000
82913  44.014  3.300  14.524 0.0000000000
82150  43.161  1.863  15.304 0.0000000000
78955  45.339  -2.894  18.445 0.0000000000
85211  39.430  5.786  18.518 0.0000000000
79624  44.053  -1.169  28.759 0.0000000000
80444  44.606  -0.805  28.441 0.0000000000
85934  48.182  6.152  19.873 0.0000000000
113828  46.918  5.555  19.882 0.0000000000
85200  47.515  5.804  19.506 0.0000000000
85209  46.920  5.240  18.350 0.0000000000
85208  47.545  5.753  18.737 0.0000000000
83563  49.350  3.833  20.816 0.0000000000
116958  49.834  0.398  13.165 0.0000000000
80595  49.160  0.162  13.704 0.0000000000
111563  48.614  -0.879  14.764 0.0000000000
85872  50.172  6.686  25.584 0.0000000000
85882  50.425  6.438  24.706 0.0000000000
85881  51.377  6.652  24.411 0.0000000000
81354  49.689  -0.179  16.414 0.0000000000
121824  50.363  0.092  15.786 0.0000000000
106148  54.736  -0.308  12.644 0.0000000000
106759  54.296  -0.854  12.749 0.0000000000
79779  53.561  -0.452  12.357 0.0000000000
82142  38.965  1.742  16.365 0.0000000000
82076  46.453  1.516  25.334 0.0000000000
108836  47.024  1.602  25.963 0.0000000000
82821  47.347  2.226  24.387 0.0000000000
82079  46.611  1.799  24.563 0.0000000000
80474  41.922  -0.718  24.050 0.0000000000
80509  45.492  -0.698  20.393 0.0000000000
80499  45.015  -0.088  20.752 0.0000000000
81330  45.568  0.151  20.218 0.0000000000
80519  46.551  -0.311  19.273 0.0000000000
83566  42.093  3.763  20.145 0.0000000000
84376  41.640  4.459  20.526 0.0000000000
83576  41.740  3.336  19.417 0.0000000000
83575  42.612  3.253  19.559 0.0000000000
83617  43.872  3.686  15.387 0.0000000000
83610  43.017  3.329  15.817 0.0000000000
83630  43.171  3.603  15.043 0.0000000000
82915  42.164  3.073  14.795 0.0000000000
82914  43.070  3.365  14.859 0.0000000000
83520  52.136  3.821  27.038 0.0000000000
84324  53.137  4.448  26.677 0.0000000000
85185  53.353  6.231  20.533 0.0000000000
85184  54.032  6.737  21.031 0.0000000000
85930  53.842  6.994  20.131 0.0000000000
86649  53.661  7.264  20.378 0.0000000000
117665  53.385  7.306  19.568 0.0000000000
84420  51.851  4.336  14.381 0.0000000000
122313  51.096  4.612  15.323 0.0000000000
85255  49.740  5.816  13.195 0.0000000000
85996  50.516  6.430  13.628 0.0000000000
85997  49.446  6.084  13.716 0.0000000000
85987  50.180  6.758  14.293 0.0000000000
85245  48.468  5.716  13.812 0.0000000000
82147  45.926  1.313  15.206 0.0000000000
81357  45.910  0.232  16.170 0.0000000000
81358  45.025  0.372  16.344 0.0000000000
83590  38.596  3.464  18.276 0.0000000000
83601  39.075  3.080  17.633 0.0000000000
80441  47.193  -0.204  29.040 0.0000000000
80442  46.273  -0.385  28.611 0.0000000000
85156  45.970  5.266  22.224 0.0000000000
121728  46.391  5.406  21.289 0.0000000000
85202  46.211  5.257  19.999 0.0000000000
84372  45.349  4.852  20.276 0.0000000000
84386  44.843  4.296  19.772 0.0000000000
83573  44.338  3.719  19.319 0.0000000000
84397  45.076  4.052  18.977 0.0000000000
84407  46.319  4.637  17.962 0.0000000000
84408  45.657  4.053  17.588 0.0000000000
84416  45.416  3.906  16.468 0.0000000000
84343  51.010  4.237  23.672 0.0000000000
83548  50.241  3.855  23.186 0.0000000000
112029  50.610  4.657  20.645 0.0000000000
84358  51.123  4.805  21.191 0.0000000000
84369  51.308  5.146  20.469 0.0000000000
85168  52.243  5.422  21.063 0.0000000000
85187  51.384  5.353  19.746 0.0000000000
109563  52.365  2.565  11.673 0.0000000000
116358  51.070  3.293  11.894 0.0000000000
82932  49.931  3.246  12.475 0.0000000000
118389  49.808  4.743  12.709 0.0000000000
82922  48.972  3.164  12.968 0.0000000000
83639  48.030  3.552  13.160 0.0000000000
124704  48.059  0.518  14.464 0.0000000000
82163  47.990  1.124  14.233 0.0000000000
81369  47.047  0.387  15.320 0.0000000000
80577  47.218  -0.422  15.709 0.0000000000
78982  47.945  -2.308  16.056 0.0000000000
79631  41.239  -1.142  28.004 0.0000000000
79630  42.074  -0.855  27.827 0.0000000000
79643  40.407  -1.538  25.256 0.0000000000
79650  40.853  -1.599  24.536 0.0000000000
78859  40.537  -2.322  24.494 0.0000000000
123905  49.958  6.165  22.519 0.0000000000
85153  48.570  5.666  22.182 0.0000000000
85916  49.405  6.098  21.853 0.0000000000
115956  49.097  6.298  21.000 0.0000000000
82877  47.926  2.118  17.514 0.0000000000
120311  48.177  2.759  17.803 0.0000000000
82889  48.484  2.442  16.944 0.0000000000
82146  50.056  1.624  15.367 0.0000000000
82901  49.567  2.409  15.721 0.0000000000
82900  50.392  2.530  14.967 0.0000000000
80584  53.146  0.464  14.038 0.0000000000
81386  53.588  0.703  12.416 0.0000000000
81380  52.823  1.288  13.511 0.0000000000
82161  53.244  2.092  12.790 0.0000000000
82176  53.196  2.097  12.192 0.0000000000
82175  53.183  1.383  12.201 0.0000000000
80592  51.649  -0.425  12.537 0.0000000000
80593  50.755  -0.437  12.879 0.0000000000
82057  50.838  1.602  29.493 0.0000000000
82773  51.995  1.941  30.287 0.0000000000
109483  51.356  2.225  29.066 0.0000000000
82808  50.609  2.566  27.942 0.0000000000
81282  48.042  0.890  28.174 0.0000000000
82059  48.817  1.162  28.463 0.0000000000
82814  48.656  2.428  26.328 0.0000000000
82816  49.217  2.910  25.825 0.0000000000
83527  49.046  3.038  25.030 0.0000000000
82829  47.582  2.450  23.490 0.0000000000
120890  48.315  2.799  23.580 0.0000000000
82828  48.181  2.783  22.865 0.0000000000
122770  48.017  2.794  22.184 0.0000000000
80454  42.634  -0.245  26.598 0.0000000000
80449  43.402  -0.282  27.090 0.0000000000
122836  43.374  0.399  24.681 0.0000000000
81296  43.409  0.319  25.588 0.0000000000
81301  44.145  0.778  24.457 0.0000000000
79670  43.651  -1.382  21.885 0.0000000000
80488  43.399  -0.598  22.333 0.0000000000
80501  43.863  -0.685  21.744 0.0000000000
82097  44.964  1.180  22.851 0.0000000000
82088  44.753  1.124  23.479 0.0000000000
82096  45.628  1.482  22.507 0.0000000000
82086  46.191  1.770  23.192 0.0000000000
82111  46.335  1.356  20.045 0.0000000000
82853  46.759  1.968  20.505 0.0000000000
118843  47.259  2.395  20.897 0.0000000000
82858  47.425  2.357  19.225 0.0000000000
81348  47.576  0.534  17.888 0.0000000000
80542  48.133  -0.140  17.623 0.0000000000
80541  48.704  -0.649  17.493 0.0000000000
78934  48.318  -2.014  19.012 0.0000000000
79722  49.451  -1.760  18.250 0.0000000000
79721  50.217  -1.751  18.169 0.0000000000
78816  41.547  -2.227  29.698 0.0000000000
78818  39.852  -2.299  29.559 0.0000000000
78827  40.322  -1.900  29.093 0.0000000000
78829  38.489  -2.211  28.429 0.0000000000
85176  41.561  5.635  21.688 0.0000000000
123347  41.051  6.372  21.550 0.0000000000
85203  40.241  4.971  19.252 0.0000000000
84398  39.654  4.778  18.779 0.0000000000
123635  40.649  3.212  18.415 0.0000000000
82880  40.423  2.799  16.808 0.0000000000
126037  43.586  2.921  18.264 0.0000000000
82867  42.802  2.668  17.999 0.0000000000
83611  41.724  3.160  16.021 0.0000000000
82891  41.936  2.875  16.665 0.0000000000
82904  40.947  3.094  15.536 0.0000000000
82893  40.267  2.912  15.683 0.0000000000
82905  40.320  2.972  15.040 0.0000000000
82171  39.869  2.312  14.997 0.0000000000
82170  40.372  2.471  14.820 0.0000000000
126827  41.732  1.696  15.442 0.0000000000
84283  53.701  4.310  29.814 0.0000000000
84312  54.228  5.102  27.448 0.0000000000
85100  53.782  5.608  27.988 0.0000000000
85847  53.785  5.870  27.103 0.0000000000
85864  53.184  6.413  26.549 0.0000000000
85863  53.965  6.068  26.184 0.0000000000
109825  53.074  4.995  23.782 0.0000000000
84331  53.106  4.921  24.734 0.0000000000
86623  54.367  7.046  22.809 0.0000000000
85130  54.442  6.512  23.799 0.0000000000
85902  53.949  7.039  23.660 0.0000000000
85879  53.347  6.845  24.431 0.0000000000
85903  53.257  7.275  23.057 0.0000000000
85904  52.442  6.953  23.323 0.0000000000
85913  52.387  7.125  22.538 0.0000000000
86652  51.641  7.323  20.604 0.0000000000
85931  50.842  7.166  20.008 0.0000000000
85932  49.875  6.787  19.863 0.0000000000
85941  50.666  7.231  19.322 0.0000000000
83596  49.322  4.025  17.821 0.0000000000
83581  49.284  4.035  18.756 0.0000000000
84406  49.916  4.472  17.495 0.0000000000
85218  51.201  5.281  17.004 0.0000000000
85217  52.138  5.808  17.207 0.0000000000
85207  52.239  5.886  18.213 0.0000000000
84445  53.026  4.677  12.357 0.0000000000
84437  53.022  5.001  12.869 0.0000000000
84428  52.739  5.648  13.275 0.0000000000
86705  52.609  7.241  15.054 0.0000000000
85975  52.880  7.010  15.218 0.0000000000
86698  52.969  7.515  15.798 0.0000000000
85959  53.225  7.321  16.941 0.0000000000
125831  52.843  7.758  16.866 0.0000000000
108462  52.686  7.714  17.531 0.0000000000
124152  52.219  7.905  16.399 0.0000000000
85968  49.712  6.836  16.265 0.0000000000
86693  50.505  7.337  16.715 0.0000000000
85961  49.625  6.861  17.270 0.0000000000
85950  49.641  6.889  18.188 0.0000000000
126487  48.313  6.065  17.587 0.0000000000
85227  48.232  5.742  15.988 0.0000000000
85247  46.807  4.964  14.403 0.0000000000
84421  46.059  4.543  14.830 0.0000000000
124338  47.067  3.881  13.117 0.0000000000
82924  46.336  3.564  13.492 0.0000000000
82166  45.461  2.130  14.774 0.0000000000
112476  44.861  3.091  14.243 0.0000000000
83628  44.463  3.869  14.069 0.0000000000
82902  43.580  2.560  14.888 0.0000000000
82149  44.062  1.643  15.275 0.0000000000
80564  43.616  -0.146  16.877 0.0000000000
81360  43.154  0.407  16.312 0.0000000000
78093  46.162  -3.079  18.047 0.0000000000
84401  37.896  4.116  19.055 0.0000000000
80432  45.763  -0.951  29.220 0.0000000000
80443  45.346  -0.659  28.518 0.0000000000
109595  44.827  -0.382  27.826 0.0000000000
109912  47.279  5.602  21.023 0.0000000000
85190  46.687  5.487  20.513 0.0000000000
84395  46.333  4.863  18.707 0.0000000000
85220  46.909  4.990  17.496 0.0000000000
83555  50.169  4.048  22.277 0.0000000000
84371  49.954  4.346  20.339 0.0000000000
82186  50.114  1.671  12.609 0.0000000000
82177  49.244  1.762  13.150 0.0000000000
81382  48.594  0.683  13.946 0.0000000000
80576  48.011  -0.697  15.185 0.0000000000
79633  39.533  -1.586  27.588 0.0000000000
79632  40.377  -1.232  27.346 0.0000000000
79639  39.627  -1.575  26.701 0.0000000000
85134  48.778  5.626  23.625 0.0000000000
85133  49.602  5.902  23.664 0.0000000000
127589  50.035  6.060  23.132 0.0000000000
85915  50.788  6.427  22.855 0.0000000000
81356  48.537  0.906  16.828 0.0000000000
82140  48.714  1.574  16.557 0.0000000000
81367  50.759  0.820  15.128 0.0000000000
80583  54.330  0.142  13.650 0.0000000000
81378  54.623  0.054  12.770 0.0000000000
81394  54.154  0.198  12.191 0.0000000000
81395  53.464  0.567  12.082 0.0000000000
106154  52.270  -0.856  12.626 0.0000000000
82058  49.728  1.491  28.753 0.0000000000
82068  47.583  1.187  27.371 0.0000000000
82072  47.474  1.607  26.576 0.0000000000
82818  47.813  2.107  25.921 0.0000000000
108521  47.901  2.371  25.005 0.0000000000
110530  48.472  2.723  24.786 0.0000000000
115741  46.882  2.141  22.968 0.0000000000
80459  41.646  -0.496  25.499 0.0000000000
80457  42.758  0.048  25.813 0.0000000000
80458  42.269  -0.190  25.250 0.0000000000
80463  42.510  -0.164  24.447 0.0000000000
80462  43.088  0.120  23.814 0.0000000000
80500  44.404  -0.270  21.395 0.0000000000
81323  44.899  0.551  21.432 0.0000000000
82105  45.493  1.215  21.623 0.0000000000
82112  45.851  0.879  20.296 0.0000000000
82119  46.583  1.169  19.305 0.0000000000
81341  46.624  0.464  18.999 0.0000000000
80530  46.925  -0.139  18.742 0.0000000000
78954  49.134  -2.186  18.838 0.0000000000
84361  42.925  4.743  21.393 0.0000000000
84362  41.989  4.861  21.276 0.0000000000
84363  41.308  5.217  20.839 0.0000000000
83587  41.405  2.988  18.654 0.0000000000
82890  42.828  2.870  16.843 0.0000000000
83618  42.303  3.340  15.590 0.0000000000
83619  41.652  3.223  15.684 0.0000000000
82916  40.909  3.040  14.743 0.0000000000
83632  41.582  3.258  15.176 0.0000000000
82168  41.610  2.940  14.743 0.0000000000
82151  42.216  2.339  15.121 0.0000000000
83510  53.796  4.064  28.733 0.0000000000
84293  53.982  4.584  28.997 0.0000000000
83519  53.419  4.231  27.670 0.0000000000
117108  54.004  4.748  27.303 0.0000000000
84323  54.008  5.160  26.487 0.0000000000
85151  52.635  5.313  21.983 0.0000000000
85132  54.004  5.599  23.339 0.0000000000
85166  54.216  6.477  21.950 0.0000000000
86641  53.841  7.342  21.690 0.0000000000
86642  53.119  7.555  21.409 0.0000000000
113636  53.355  7.516  20.762 0.0000000000
86651  52.575  7.612  20.192 0.0000000000
86661  52.514  7.636  19.326 0.0000000000
124261  49.819  3.757  15.936 0.0000000000
119867  50.358  4.342  16.024 0.0000000000
84413  51.270  5.133  15.989 0.0000000000
85225  52.454  5.917  15.522 0.0000000000
85264  51.539  5.294  12.634 0.0000000000
85253  52.130  5.812  12.998 0.0000000000
85995  51.695  6.482  13.625 0.0000000000
86706  51.897  7.428  14.865 0.0000000000
86700  51.492  7.598  15.435 0.0000000000
85976  50.867  7.300  14.900 0.0000000000
85977  49.900  6.835  15.234 0.0000000000
85978  49.039  6.286  15.643 0.0000000000
85236  48.364  5.770  14.862 0.0000000000
85246  47.573  5.386  14.026 0.0000000000
85258  46.803  5.023  13.380 0.0000000000
82165  46.402  1.854  14.707 0.0000000000
82148  45.028  1.496  15.273 0.0000000000
81372  44.532  0.923  15.778 0.0000000000
80563  44.542  -0.176  16.883 0.0000000000
126909  51.790  6.741  25.608 0.0000000000
122087  38.115  3.592  18.718 0.0000000000
82134  38.603  2.142  17.060 0.0000000000
81276  47.659  0.362  28.642 0.0000000000
80446  46.324  0.109  27.925 0.0000000000
81284  46.782  0.625  27.474 0.0000000000
81288  46.338  0.791  26.790 0.0000000000
82073  46.345  1.147  26.099 0.0000000000
82077  45.706  1.116  25.498 0.0000000000
79657  42.492  -1.386  22.884 0.0000000000
78885  42.782  -1.977  22.580 0.0000000000
78884  43.475  -2.224  22.272 0.0000000000
78902  44.247  -2.124  21.726 0.0000000000
79682  44.899  -1.842  21.217 0.0000000000
79694  45.602  -1.659  20.656 0.0000000000
79708  46.018  -1.207  20.130 0.0000000000
112400  46.652  -1.252  19.608 0.0000000000
107479  45.042  5.223  22.058 0.0000000000
107259  44.259  5.112  21.946 0.0000000000
85173  44.921  5.035  21.182 0.0000000000
83574  43.507  3.413  19.509 0.0000000000
83585  43.926  3.244  18.797 0.0000000000
83598  44.311  3.282  17.995 0.0000000000
83583  45.073  3.764  18.181 0.0000000000
115436  44.236  3.311  17.162 0.0000000000
83608  44.508  3.556  16.413 0.0000000000
124668  51.074  3.982  25.226 0.0000000000
84329  51.935  4.381  25.054 0.0000000000
84333  51.046  4.119  24.511 0.0000000000
84342  51.898  4.651  23.285 0.0000000000
107168  50.940  4.528  21.956 0.0000000000
84349  51.798  4.777  22.429 0.0000000000
85198  53.132  6.424  19.643 0.0000000000
83626  53.301  3.492  12.603 0.0000000000
115298  53.191  4.319  13.143 0.0000000000
83645  52.833  4.068  11.823 0.0000000000
84446  52.178  4.654  12.154 0.0000000000
127217  51.637  2.909  11.686 0.0000000000
83646  51.621  3.987  11.901 0.0000000000
84447  50.896  4.661  12.411 0.0000000000
85266  49.107  5.230  12.947 0.0000000000
84438  47.934  5.120  12.950 0.0000000000
82923  47.455  2.947  13.561 0.0000000000
82179  47.825  1.961  13.975 0.0000000000
82164  47.258  1.499  14.521 0.0000000000
81384  46.737  1.026  14.985 0.0000000000
80561  46.364  -0.587  16.388 0.0000000000
78975  46.798  -2.287  17.094 0.0000000000
79755  47.253  -1.891  16.500 0.0000000000
78965  46.952  -3.175  17.439 0.0000000000
80455  42.096  -0.500  27.082 0.0000000000
119451  41.767  -0.436  26.333 0.0000000000
79642  41.094  -0.945  25.000 0.0000000000
79649  41.371  -1.189  24.246 0.0000000000
85155  46.705  5.304  22.692 0.0000000000
115621  48.444  5.497  22.954 0.0000000000
85170  47.907  5.626  21.608 0.0000000000
85188  48.220  5.951  20.745 0.0000000000
83572  48.702  3.558  19.316 0.0000000000
82888  48.999  2.242  16.298 0.0000000000
83606  49.238  3.107  16.333 0.0000000000
83615  50.958  3.388  14.616 0.0000000000
80575  51.197  -0.124  15.423 0.0000000000
81381  51.645  1.300  14.336 0.0000000000
82920  53.342  2.702  12.324 0.0000000000
82930  53.161  2.480  11.955 0.0000000000
81396  52.424  0.968  12.148 0.0000000000
121988  51.190  0.773  12.330 0.0000000000
81387  50.506  0.230  12.733 0.0000000000
80594  49.864  -0.367  13.431 0.0000000000
79769  49.093  -1.467  14.612 0.0000000000
79768  49.681  -1.238  14.000 0.0000000000
78987  49.616  -2.086  14.313 0.0000000000
82791  53.226  3.327  29.264 0.0000000000
83512  51.322  3.246  27.495 0.0000000000
83521  50.930  3.513  26.541 0.0000000000
81274  49.401  0.866  29.316 0.0000000000
82067  48.415  1.486  27.692 0.0000000000
82810  48.981  2.147  27.263 0.0000000000
82809  49.694  2.084  27.958 0.0000000000
109437  49.756  2.536  27.319 0.0000000000
83522  50.003  3.197  26.160 0.0000000000
83525  50.604  3.620  25.690 0.0000000000
83529  50.371  3.690  24.901 0.0000000000
83530  49.625  3.400  24.530 0.0000000000
83539  49.545  3.463  23.641 0.0000000000
82837  48.670  3.219  22.222 0.0000000000
83557  48.679  3.354  21.261 0.0000000000
82852  47.966  2.839  20.812 0.0000000000
80448  44.196  -0.022  26.974 0.0000000000
81291  43.974  0.340  26.121 0.0000000000
81290  44.711  0.445  26.266 0.0000000000
81294  45.046  0.788  25.658 0.0000000000
80489  42.865  -0.799  22.788 0.0000000000
80472  43.149  -0.203  23.050 0.0000000000
81309  43.642  0.344  23.330 0.0000000000
80487  43.921  -0.015  22.080 0.0000000000
81308  44.163  0.768  23.688 0.0000000000
82081  44.623  1.068  24.123 0.0000000000
82080  45.245  1.345  24.086 0.0000000000
110997  46.020  1.644  23.954 0.0000000000
115041  46.859  2.175  22.165 0.0000000000
82095  46.199  1.725  21.850 0.0000000000
82846  47.505  2.542  21.660 0.0000000000
82857  47.975  2.965  19.761 0.0000000000
82866  47.531  2.138  18.248 0.0000000000
82125  47.229  1.245  18.287 0.0000000000
82133  47.684  1.422  17.680 0.0000000000
81346  48.744  0.036  16.962 0.0000000000
79723  48.678  -1.620  18.394 0.0000000000
80528  48.304  -0.933  18.001 0.0000000000
79617  42.678  -1.702  29.210 0.0000000000
109692  41.338  -1.519  28.676 0.0000000000
78817  40.791  -2.271  29.647 0.0000000000
78820  38.213  -2.485  29.168 0.0000000000
78837  37.542  -2.820  27.726 0.0000000000
85935  40.615  6.325  19.476 0.0000000000
85192  40.730  5.650  20.321 0.0000000000
85943  40.380  6.461  18.580 0.0000000000
82868  41.837  2.650  18.041 0.0000000000
82879  41.388  2.718  17.210 0.0000000000
82155  39.462  2.093  15.604 0.0000000000
82152  40.849  1.754  15.251 0.0000000000
85078  53.808  5.160  29.028 0.0000000000
85870  52.371  6.725  25.980 0.0000000000
110598  52.326  6.787  25.049 0.0000000000
84327  53.967  5.477  25.337 0.0000000000
85131  54.596  6.079  23.729 0.0000000000
85115  54.343  6.040  24.688 0.0000000000
85868  54.125  6.182  25.360 0.0000000000
85905  51.515  6.649  23.562 0.0000000000
114497  51.711  6.728  22.884 0.0000000000
86643  52.224  7.309  21.584 0.0000000000
85924  51.050  6.803  21.314 0.0000000000
85925  49.975  6.528  21.203 0.0000000000
128062  49.644  6.571  20.560 0.0000000000
85942  48.909  6.552  19.460 0.0000000000
129181  49.276  4.000  19.360 0.0000000000
84384  49.876  4.451  19.376 0.0000000000
84405  50.528  4.927  17.647 0.0000000000
127684  50.627  5.065  18.207 0.0000000000
84383  50.933  5.238  18.888 0.0000000000
85199  52.143  5.798  19.247 0.0000000000
85206  52.971  6.492  18.773 0.0000000000
84429  52.765  5.060  13.868 0.0000000000
85235  52.626  5.988  14.469 0.0000000000
85243  52.596  6.096  13.833 0.0000000000
85224  52.840  6.668  15.321 0.0000000000
108058  52.902  6.508  16.336 0.0000000000
110860  53.307  6.989  16.783 0.0000000000
85960  53.311  7.026  17.488 0.0000000000
85939  53.202  7.333  18.673 0.0000000000
86670  52.919  7.557  18.094 0.0000000000
86671  52.543  7.679  18.410 0.0000000000
86672  51.614  7.597  18.742 0.0000000000
86684  51.488  7.697  17.101 0.0000000000
121709  51.221  7.571  17.980 0.0000000000
86673  50.506  7.267  18.509 0.0000000000
85951  48.876  6.568  18.665 0.0000000000
85963  48.222  6.153  18.315 0.0000000000
120599  47.397  5.281  17.064 0.0000000000
85229  46.875  4.809  16.591 0.0000000000
118088  46.162  4.388  15.976 0.0000000000
84422  45.306  4.193  15.243 0.0000000000
109188  46.960  4.953  12.983 0.0000000000
84439  46.301  4.624  13.265 0.0000000000
109446  45.708  4.360  13.628 0.0000000000
84440  45.113  4.112  13.864 0.0000000000
84432  44.400  4.022  14.287 0.0000000000
83629  43.869  3.824  14.620 0.0000000000
81373  43.600  1.001  15.760 0.0000000000
78981  48.557  -2.789  15.451 0.0000000000
82126  46.823  1.038  18.743 0.0000000000
83641  45.807  4.273  13.416 0.0000000000
84292  54.157  5.095  28.223 0.0000000000
84423  44.443  4.091  14.723 0.0000000000
85099  54.114  5.436  27.531 0.0000000000
85111  54.075  5.542  26.787 0.0000000000
85148  54.526  6.537  23.216 0.0000000000
85150  53.788  5.714  22.386 0.0000000000
85216  52.910  6.509  17.325 0.0000000000
85234  52.599  6.402  14.460 0.0000000000
85254  50.975  5.973  13.067 0.0000000000
85871  51.214  6.801  26.150 0.0000000000
85901  54.397  6.954  23.122 0.0000000000
85912  54.460  6.962  22.492 0.0000000000
85923  54.271  7.074  21.445 0.0000000000
85949  53.363  7.056  18.299 0.0000000000
85970  48.001  5.690  16.961 0.0000000000
85984  52.562  6.622  14.465 0.0000000000
85985  52.194  6.975  14.295 0.0000000000
86634  53.232  7.431  22.174 0.0000000000
86650  53.164  7.553  19.873 0.0000000000
86682  52.984  7.605  17.237 0.0000000000
86683  52.458  7.839  16.975 0.0000000000
86690  53.058  7.607  16.504 0.0000000000
86691  52.778  7.821  16.332 0.0000000000
86692  51.476  7.717  16.154 0.0000000000
109348  53.153  7.085  23.734 0.0000000000
126672  54.036  7.116  20.813 0.0000000000
128327  52.922  5.232  12.812 0.0000000000
