#!ascii label  , from subject sub-v1s13x0050059_ses-1 vox2ras=TkReg
1746
134692  -47.185  -29.880  42.011 0.0000000000
147597  -39.788  -44.706  44.423 0.0000000000
50137  -48.602  -35.015  31.512 0.0000000000
53129  -40.847  -32.055  30.871 0.0000000000
54808  -49.185  -28.714  34.477 0.0000000000
132271  -44.477  -35.514  44.455 0.0000000000
37128  -44.586  -46.841  38.341 0.0000000000
45150  -41.031  -39.351  32.653 0.0000000000
37007  -29.127  -47.091  47.871 0.0000000000
56617  -57.904  -28.170  29.578 0.0000000000
38162  -31.637  -46.072  36.813 0.0000000000
53052  -43.695  -30.952  37.015 0.0000000000
54014  -44.819  -29.583  32.227 0.0000000000
58362  -45.294  -25.860  38.910 0.0000000000
51000  -48.626  -34.226  43.587 0.0000000000
45120  -46.364  -39.574  39.299 0.0000000000
50070  -43.463  -35.103  38.007 0.0000000000
49101  -39.190  -35.339  32.782 0.0000000000
57578  -59.828  -26.986  26.764 0.0000000000
36066  -35.178  -48.565  44.992 0.0000000000
38115  -30.436  -46.379  41.878 0.0000000000
40055  -35.594  -44.212  40.383 0.0000000000
49074  -49.436  -36.464  35.955 0.0000000000
45996  -40.485  -38.297  44.607 0.0000000000
44085  -40.270  -40.132  39.249 0.0000000000
145448  -45.927  -41.988  41.567 0.0000000000
140853  -44.457  -43.109  33.875 0.0000000000
40903  -25.267  -43.670  52.320 0.0000000000
56529  -52.828  -27.837  39.490 0.0000000000
140969  -54.502  -33.249  35.382 0.0000000000
55704  -57.634  -27.864  33.557 0.0000000000
54036  -52.710  -30.482  30.592 0.0000000000
55772  -52.717  -27.646  26.692 0.0000000000
38044  -25.331  -45.759  45.290 0.0000000000
40094  -37.854  -44.679  36.852 0.0000000000
53919  -45.299  -30.543  39.583 0.0000000000
54775  -44.671  -28.850  37.881 0.0000000000
56513  -46.080  -27.490  40.534 0.0000000000
129742  -47.801  -32.403  42.536 0.0000000000
50036  -46.653  -34.795  41.591 0.0000000000
52012  -45.093  -32.576  39.907 0.0000000000
52024  -43.569  -32.901  37.941 0.0000000000
49126  -47.528  -35.987  29.597 0.0000000000
126088  -47.420  -33.084  29.101 0.0000000000
37076  -38.074  -47.156  44.430 0.0000000000
38104  -35.594  -46.488  42.505 0.0000000000
40032  -38.193  -44.795  42.096 0.0000000000
51147  -42.371  -32.636  29.795 0.0000000000
55714  -47.152  -28.635  33.297 0.0000000000
138594  -46.062  -32.286  32.314 0.0000000000
52106  -47.710  -32.585  33.721 0.0000000000
49085  -47.385  -35.899  34.340 0.0000000000
52090  -49.441  -32.695  35.208 0.0000000000
47935  -41.663  -36.460  44.740 0.0000000000
45060  -42.941  -38.710  41.855 0.0000000000
46028  -45.488  -39.081  42.490 0.0000000000
44126  -42.814  -40.064  36.362 0.0000000000
43095  -45.128  -42.086  36.062 0.0000000000
43133  -42.955  -41.784  32.761 0.0000000000
51115  -39.966  -33.314  32.657 0.0000000000
53948  -53.638  -30.226  37.314 0.0000000000
53116  -57.207  -31.886  32.051 0.0000000000
54865  -56.465  -30.512  29.694 0.0000000000
54876  -52.546  -28.963  28.749 0.0000000000
55745  -55.752  -29.081  28.110 0.0000000000
131148  -57.278  -26.830  24.609 0.0000000000
39001  -27.127  -45.730  49.658 0.0000000000
39010  -25.485  -45.077  48.396 0.0000000000
38025  -27.534  -46.372  46.792 0.0000000000
39100  -30.322  -45.374  39.065 0.0000000000
134319  -27.795  -45.983  40.784 0.0000000000
37134  -28.245  -47.115  37.727 0.0000000000
139270  -42.900  -42.860  37.881 0.0000000000
42069  -39.512  -41.944  37.011 0.0000000000
39127  -41.394  -45.161  37.901 0.0000000000
53078  -42.294  -31.179  34.094 0.0000000000
54025  -42.393  -30.735  31.733 0.0000000000
143363  -43.843  -29.501  35.072 0.0000000000
56560  -45.548  -27.238  35.909 0.0000000000
57448  -47.395  -26.080  36.659 0.0000000000
48964  -47.297  -35.666  44.650 0.0000000000
46031  -48.315  -38.628  42.417 0.0000000000
47988  -47.953  -36.868  41.364 0.0000000000
125541  -44.879  -37.792  39.073 0.0000000000
46090  -41.537  -38.006  36.032 0.0000000000
47066  -39.809  -38.109  32.673 0.0000000000
131134  -41.359  -35.505  35.594 0.0000000000
51096  -41.293  -33.525  34.656 0.0000000000
56629  -59.136  -28.150  28.134 0.0000000000
134582  -56.532  -23.505  27.812 0.0000000000
36037  -31.575  -47.913  46.680 0.0000000000
37069  -29.611  -47.360  44.659 0.0000000000
37088  -32.011  -47.730  43.809 0.0000000000
39083  -33.011  -45.731  41.135 0.0000000000
40079  -33.233  -44.225  38.299 0.0000000000
52126  -43.531  -32.551  31.034 0.0000000000
47060  -49.104  -39.030  33.838 0.0000000000
48064  -50.130  -37.689  34.085 0.0000000000
135589  -40.585  -41.711  45.343 0.0000000000
43009  -38.895  -41.585  42.026 0.0000000000
45058  -40.141  -39.094  42.370 0.0000000000
44070  -43.285  -41.085  40.630 0.0000000000
40069  -46.315  -44.243  38.847 0.0000000000
43043  -48.180  -41.835  39.902 0.0000000000
41057  -48.400  -44.083  37.669 0.0000000000
39143  -45.441  -45.241  35.698 0.0000000000
56500  -48.629  -26.965  43.471 0.0000000000
41918  -40.382  -42.837  46.387 0.0000000000
46911  -40.574  -37.497  47.025 0.0000000000
47904  -42.218  -36.086  47.373 0.0000000000
59299  -47.733  -24.519  41.958 0.0000000000
61329  -48.001  -22.775  39.783 0.0000000000
58376  -49.536  -25.142  38.201 0.0000000000
60392  -52.040  -23.853  40.510 0.0000000000
138409  -50.775  -27.841  37.502 0.0000000000
53064  -51.863  -32.069  36.473 0.0000000000
49077  -52.523  -35.912  35.845 0.0000000000
50130  -51.387  -34.720  33.316 0.0000000000
53980  -56.517  -31.132  34.323 0.0000000000
52120  -53.871  -32.730  32.973 0.0000000000
52141  -50.343  -31.946  31.106 0.0000000000
54045  -49.197  -30.522  28.919 0.0000000000
56642  -56.415  -28.202  26.360 0.0000000000
40923  -23.151  -43.799  50.776 0.0000000000
38042  -22.880  -46.105  45.098 0.0000000000
38084  -27.217  -46.245  43.761 0.0000000000
143946  -24.543  -46.116  42.323 0.0000000000
42013  -37.359  -42.003  39.734 0.0000000000
42082  -36.169  -42.213  37.074 0.0000000000
39133  -34.709  -44.999  36.487 0.0000000000
141456  -36.632  -47.382  38.098 0.0000000000
53920  -46.040  -29.943  40.534 0.0000000000
54760  -45.752  -29.182  40.118 0.0000000000
55636  -46.768  -28.865  41.506 0.0000000000
53903  -47.538  -30.330  42.466 0.0000000000
52001  -46.921  -32.278  41.666 0.0000000000
52989  -46.165  -31.311  40.811 0.0000000000
53007  -45.214  -31.512  39.763 0.0000000000
49111  -48.643  -36.275  31.883 0.0000000000
50143  -47.615  -35.282  30.167 0.0000000000
131887  -47.225  -34.347  29.256 0.0000000000
147831  -47.883  -33.783  30.100 0.0000000000
39060  -39.144  -45.940  44.337 0.0000000000
39070  -38.217  -46.091  43.084 0.0000000000
40021  -39.239  -44.841  43.414 0.0000000000
150048  -40.655  -32.424  29.674 0.0000000000
52136  -41.348  -32.325  30.107 0.0000000000
55702  -48.348  -28.331  34.253 0.0000000000
53997  -47.462  -30.263  32.938 0.0000000000
54807  -48.761  -30.189  33.817 0.0000000000
52107  -48.347  -32.249  34.115 0.0000000000
53978  -49.273  -30.924  34.279 0.0000000000
48978  -43.335  -35.542  44.411 0.0000000000
46955  -43.654  -37.067  42.404 0.0000000000
46956  -44.747  -36.901  42.792 0.0000000000
45141  -41.885  -40.130  34.771 0.0000000000
149241  -42.982  -41.195  34.501 0.0000000000
44153  -42.151  -40.560  32.516 0.0000000000
43151  -42.127  -41.175  31.564 0.0000000000
149771  -40.035  -32.576  31.637 0.0000000000
51133  -38.898  -33.383  30.781 0.0000000000
52149  -39.408  -32.743  29.508 0.0000000000
130993  -58.499  -31.040  30.274 0.0000000000
54867  -58.292  -30.730  29.570 0.0000000000
54879  -56.374  -29.910  28.862 0.0000000000
54881  -58.843  -30.295  28.957 0.0000000000
139601  -28.344  -46.655  48.939 0.0000000000
38013  -27.643  -46.386  47.654 0.0000000000
38026  -28.301  -46.735  47.252 0.0000000000
39108  -30.630  -45.252  38.145 0.0000000000
38138  -28.979  -45.748  38.366 0.0000000000
38160  -29.844  -46.448  37.371 0.0000000000
36149  -29.974  -47.641  37.552 0.0000000000
37153  -31.176  -46.891  37.102 0.0000000000
140123  -43.592  -44.518  38.135 0.0000000000
150777  -42.205  -44.322  37.868 0.0000000000
38151  -42.824  -46.228  38.353 0.0000000000
53061  -43.107  -30.999  35.557 0.0000000000
53976  -42.913  -30.504  34.494 0.0000000000
53965  -43.905  -29.766  35.900 0.0000000000
56536  -44.860  -27.265  37.726 0.0000000000
55678  -44.882  -27.848  36.377 0.0000000000
56548  -45.448  -26.685  36.859 0.0000000000
56561  -46.531  -27.037  35.482 0.0000000000
58386  -46.232  -25.435  37.443 0.0000000000
50003  -48.236  -34.789  44.525 0.0000000000
47964  -48.560  -36.521  43.084 0.0000000000
48994  -48.256  -35.673  42.376 0.0000000000
49039  -44.825  -35.125  39.572 0.0000000000
49040  -45.907  -36.259  40.397 0.0000000000
47016  -43.764  -36.592  38.310 0.0000000000
47024  -43.241  -37.669  37.674 0.0000000000
48021  -42.752  -36.194  37.278 0.0000000000
48027  -41.650  -36.603  36.127 0.0000000000
49063  -42.374  -35.675  36.785 0.0000000000
53040  -43.468  -31.771  37.154 0.0000000000
51052  -42.446  -33.414  36.404 0.0000000000
52063  -42.801  -31.840  35.892 0.0000000000
52087  -41.996  -32.030  34.586 0.0000000000
36064  -33.131  -48.401  45.119 0.0000000000
37071  -31.867  -47.905  44.556 0.0000000000
36077  -33.404  -48.162  44.227 0.0000000000
39086  -35.705  -45.391  41.511 0.0000000000
38119  -34.256  -46.080  41.883 0.0000000000
39095  -34.398  -45.154  40.849 0.0000000000
39103  -33.107  -44.866  39.709 0.0000000000
40066  -34.224  -44.197  39.367 0.0000000000
134397  -43.972  -29.702  32.308 0.0000000000
53121  -42.792  -31.189  31.221 0.0000000000
54027  -44.347  -30.287  31.799 0.0000000000
51116  -45.573  -33.853  32.328 0.0000000000
51126  -45.004  -33.348  31.774 0.0000000000
49109  -44.821  -35.239  31.163 0.0000000000
49073  -48.575  -36.024  35.428 0.0000000000
48063  -47.525  -37.698  34.040 0.0000000000
48054  -49.076  -38.235  35.111 0.0000000000
47061  -49.588  -38.583  34.238 0.0000000000
48055  -50.277  -38.076  35.459 0.0000000000
131464  -40.268  -40.193  44.609 0.0000000000
138929  -39.892  -40.029  43.694 0.0000000000
45038  -39.993  -39.167  43.234 0.0000000000
45082  -44.397  -40.725  41.664 0.0000000000
44048  -43.084  -40.200  41.398 0.0000000000
43026  -44.728  -41.704  41.113 0.0000000000
131908  -44.928  -42.619  39.576 0.0000000000
42033  -45.807  -42.888  40.268 0.0000000000
46070  -48.309  -39.042  40.688 0.0000000000
44053  -48.423  -40.008  41.355 0.0000000000
44088  -47.627  -40.843  39.724 0.0000000000
42097  -45.076  -42.929  34.465 0.0000000000
42087  -46.977  -43.326  36.810 0.0000000000
41082  -46.556  -44.090  35.442 0.0000000000
147680  -47.639  -44.989  36.638 0.0000000000
48067  -39.099  -36.506  32.583 0.0000000000
139962  -41.642  -36.358  46.812 0.0000000000
49980  -45.732  -34.603  47.313 0.0000000000
58340  -48.464  -25.156  42.651 0.0000000000
61312  -48.362  -22.135  41.348 0.0000000000
62220  -48.953  -21.811  40.233 0.0000000000
60403  -49.126  -23.791  38.740 0.0000000000
60390  -50.247  -23.157  39.554 0.0000000000
58365  -52.563  -25.571  40.379 0.0000000000
58378  -51.210  -25.971  39.434 0.0000000000
56528  -51.916  -27.709  39.077 0.0000000000
54786  -51.645  -29.449  36.645 0.0000000000
54787  -52.422  -30.150  36.943 0.0000000000
52050  -53.995  -32.052  36.629 0.0000000000
52048  -53.001  -33.082  36.792 0.0000000000
51079  -53.647  -34.148  35.635 0.0000000000
49097  -52.489  -35.877  34.988 0.0000000000
50122  -53.374  -34.604  34.652 0.0000000000
55703  -57.222  -28.696  33.854 0.0000000000
54030  -55.463  -31.383  31.344 0.0000000000
53114  -54.950  -31.930  32.089 0.0000000000
53126  -53.763  -31.592  31.817 0.0000000000
135559  -52.304  -32.557  32.359 0.0000000000
142679  -51.667  -31.305  31.114 0.0000000000
53134  -49.995  -31.328  30.331 0.0000000000
54034  -50.804  -30.724  30.085 0.0000000000
55755  -52.216  -28.167  27.405 0.0000000000
132580  -50.918  -29.104  28.230 0.0000000000
55770  -50.459  -28.295  26.662 0.0000000000
57573  -59.525  -27.682  27.360 0.0000000000
55776  -58.464  -29.371  26.815 0.0000000000
55788  -58.847  -28.817  26.048 0.0000000000
39039  -25.072  -45.323  46.744 0.0000000000
39986  -24.044  -44.535  48.193 0.0000000000
39038  -24.110  -45.198  46.439 0.0000000000
39036  -22.725  -45.838  46.733 0.0000000000
39048  -23.404  -45.758  45.266 0.0000000000
38086  -29.903  -47.103  43.262 0.0000000000
38069  -28.662  -46.951  44.371 0.0000000000
38097  -28.530  -46.408  42.562 0.0000000000
38111  -26.055  -46.100  41.663 0.0000000000
36106  -25.399  -48.301  40.226 0.0000000000
44047  -39.294  -40.371  40.983 0.0000000000
41997  -38.433  -42.379  41.099 0.0000000000
44083  -38.832  -40.505  39.558 0.0000000000
149767  -38.748  -43.564  36.928 0.0000000000
43090  -37.359  -41.506  36.960 0.0000000000
41070  -37.208  -42.907  36.546 0.0000000000
41068  -35.514  -43.500  36.618 0.0000000000
39135  -36.991  -44.865  36.710 0.0000000000
37137  -35.555  -47.640  38.083 0.0000000000
53932  -44.362  -30.848  38.307 0.0000000000
54774  -44.490  -29.436  37.435 0.0000000000
54766  -44.909  -29.109  38.781 0.0000000000
55645  -45.187  -28.682  39.299 0.0000000000
57413  -45.604  -26.459  39.909 0.0000000000
51007  -48.454  -33.607  43.165 0.0000000000
50026  -47.757  -34.863  42.339 0.0000000000
51014  -47.069  -33.299  41.935 0.0000000000
51022  -45.883  -33.426  40.975 0.0000000000
50045  -44.729  -34.198  39.598 0.0000000000
50056  -43.709  -34.266  38.301 0.0000000000
52011  -44.537  -32.896  39.220 0.0000000000
53026  -44.201  -31.654  38.520 0.0000000000
52170  -47.418  -32.342  28.632 0.0000000000
130197  -36.430  -48.119  44.415 0.0000000000
37091  -35.044  -47.874  43.783 0.0000000000
38088  -36.795  -46.956  43.326 0.0000000000
39079  -36.852  -45.927  42.324 0.0000000000
40043  -36.953  -44.552  41.285 0.0000000000
55722  -45.681  -28.737  32.848 0.0000000000
54015  -45.293  -30.318  31.935 0.0000000000
54016  -46.185  -30.474  32.249 0.0000000000
52116  -46.905  -32.428  32.990 0.0000000000
50127  -46.099  -34.372  32.850 0.0000000000
49093  -46.632  -35.760  33.591 0.0000000000
51108  -47.349  -34.103  33.926 0.0000000000
51098  -48.421  -33.892  35.005 0.0000000000
51076  -48.913  -34.398  35.533 0.0000000000
46943  -40.853  -37.510  44.384 0.0000000000
46007  -41.114  -37.838  43.096 0.0000000000
46954  -42.221  -36.859  43.147 0.0000000000
46026  -43.487  -38.088  42.042 0.0000000000
44033  -45.592  -40.604  42.161 0.0000000000
45126  -44.554  -39.764  38.097 0.0000000000
44105  -45.759  -40.858  38.450 0.0000000000
44128  -44.292  -41.297  36.374 0.0000000000
43104  -43.902  -41.647  34.930 0.0000000000
42125  -44.050  -42.689  33.664 0.0000000000
41096  -43.253  -42.933  33.756 0.0000000000
42131  -42.949  -42.058  32.725 0.0000000000
50124  -39.227  -34.427  32.504 0.0000000000
50133  -38.559  -34.183  31.141 0.0000000000
57417  -53.911  -27.034  39.550 0.0000000000
55670  -53.538  -28.925  38.320 0.0000000000
55658  -54.158  -28.199  38.578 0.0000000000
54788  -54.252  -29.637  37.314 0.0000000000
53969  -55.195  -30.991  35.801 0.0000000000
55723  -57.972  -27.982  32.733 0.0000000000
151166  -57.640  -30.083  33.097 0.0000000000
139360  -58.286  -30.780  32.076 0.0000000000
54040  -57.458  -31.545  30.806 0.0000000000
54855  -54.561  -30.002  30.066 0.0000000000
54048  -52.252  -30.037  29.975 0.0000000000
136901  -54.356  -29.392  29.387 0.0000000000
55743  -53.536  -28.542  28.297 0.0000000000
55757  -54.172  -28.177  27.533 0.0000000000
57580  -60.334  -26.450  25.654 0.0000000000
56658  -59.197  -28.054  25.370 0.0000000000
56670  -59.725  -27.325  24.776 0.0000000000
39965  -26.338  -44.956  50.403 0.0000000000
126517  -25.078  -44.459  49.711 0.0000000000
39011  -26.342  -45.447  48.756 0.0000000000
126031  -26.035  -45.482  47.976 0.0000000000
38023  -25.768  -45.730  46.160 0.0000000000
125859  -30.652  -45.821  40.920 0.0000000000
38113  -28.604  -46.135  41.700 0.0000000000
38128  -28.981  -45.705  39.585 0.0000000000
38137  -28.126  -45.966  38.618 0.0000000000
37132  -26.897  -46.824  38.594 0.0000000000
35111  -27.071  -48.765  39.424 0.0000000000
36128  -27.929  -47.792  38.081 0.0000000000
43057  -41.597  -40.982  38.113 0.0000000000
44117  -39.805  -40.615  37.784 0.0000000000
42071  -41.504  -42.319  37.422 0.0000000000
131389  -40.210  -43.828  37.405 0.0000000000
40096  -39.896  -44.669  37.525 0.0000000000
140296  -41.482  -31.333  32.844 0.0000000000
54024  -41.804  -31.035  31.750 0.0000000000
53110  -41.995  -30.732  32.330 0.0000000000
53996  -43.142  -29.823  33.457 0.0000000000
54819  -44.308  -28.874  33.383 0.0000000000
54785  -44.316  -29.260  36.413 0.0000000000
55686  -44.664  -28.323  34.845 0.0000000000
55699  -45.350  -27.893  34.382 0.0000000000
55700  -46.408  -27.920  33.944 0.0000000000
56562  -47.454  -27.151  35.417 0.0000000000
56563  -48.338  -27.394  35.467 0.0000000000
48963  -46.503  -35.544  44.974 0.0000000000
47961  -46.516  -36.697  43.541 0.0000000000
47962  -47.346  -36.843  43.562 0.0000000000
133464  -48.479  -38.033  41.402 0.0000000000
125955  -47.276  -38.316  40.029 0.0000000000
49026  -47.532  -36.136  41.561 0.0000000000
48009  -46.651  -37.009  40.454 0.0000000000
46078  -45.266  -38.437  39.122 0.0000000000
46084  -44.160  -38.856  38.150 0.0000000000
46091  -42.304  -39.101  36.527 0.0000000000
46102  -40.860  -38.890  34.718 0.0000000000
46109  -40.344  -38.661  33.208 0.0000000000
47046  -40.303  -37.457  34.578 0.0000000000
48052  -40.537  -36.676  34.889 0.0000000000
49091  -40.099  -35.496  34.120 0.0000000000
130244  -42.628  -34.082  36.955 0.0000000000
136859  -41.447  -34.203  35.281 0.0000000000
51095  -40.664  -34.010  34.175 0.0000000000
51106  -40.841  -33.168  33.862 0.0000000000
52105  -41.068  -32.328  33.466 0.0000000000
56623  -58.466  -28.319  28.850 0.0000000000
58525  -56.651  -25.763  28.420 0.0000000000
58541  -56.643  -25.092  27.700 0.0000000000
58542  -57.399  -25.103  27.143 0.0000000000
60571  -58.387  -23.310  26.677 0.0000000000
61492  -59.274  -22.803  26.317 0.0000000000
125684  -30.155  -47.510  47.097 0.0000000000
37040  -29.523  -47.346  46.465 0.0000000000
37059  -30.377  -47.611  45.360 0.0000000000
127087  -31.256  -47.669  44.112 0.0000000000
38100  -31.278  -46.780  42.455 0.0000000000
37104  -33.700  -47.199  42.896 0.0000000000
38102  -32.988  -46.808  42.462 0.0000000000
38116  -31.500  -46.219  41.593 0.0000000000
39092  -31.739  -45.357  40.092 0.0000000000
39102  -32.181  -44.895  39.175 0.0000000000
40091  -32.496  -44.644  37.098 0.0000000000
53131  -42.076  -31.798  30.752 0.0000000000
52138  -43.057  -32.964  30.420 0.0000000000
139099  -44.305  -32.890  31.356 0.0000000000
49103  -49.213  -37.176  32.773 0.0000000000
49112  -49.217  -35.628  32.328 0.0000000000
41962  -40.528  -42.914  45.098 0.0000000000
40979  -39.682  -43.465  43.616 0.0000000000
42996  -39.841  -41.854  43.791 0.0000000000
44032  -39.137  -40.713  42.353 0.0000000000
45095  -39.894  -39.861  41.035 0.0000000000
45059  -40.915  -38.744  42.047 0.0000000000
45097  -41.631  -39.848  40.834 0.0000000000
130940  -41.213  -40.169  39.645 0.0000000000
43059  -43.329  -41.632  39.016 0.0000000000
41039  -44.774  -43.347  38.652 0.0000000000
40084  -45.818  -45.115  38.389 0.0000000000
149087  -47.005  -39.048  42.778 0.0000000000
44035  -47.369  -40.351  42.170 0.0000000000
42001  -48.041  -42.476  40.516 0.0000000000
43061  -47.304  -42.233  38.476 0.0000000000
42055  -48.420  -43.110  38.915 0.0000000000
41026  -47.938  -43.459  40.043 0.0000000000
39104  -47.767  -44.962  38.548 0.0000000000
39115  -47.128  -45.833  38.095 0.0000000000
46114  -40.170  -38.285  31.496 0.0000000000
54738  -48.012  -29.391  43.159 0.0000000000
55625  -47.622  -28.673  42.624 0.0000000000
39946  -27.129  -44.811  51.719 0.0000000000
140006  -30.596  -47.359  48.697 0.0000000000
36022  -31.736  -47.846  47.500 0.0000000000
36039  -32.999  -48.459  47.021 0.0000000000
147987  -37.421  -48.144  45.318 0.0000000000
38071  -38.745  -46.585  44.833 0.0000000000
40013  -39.939  -45.036  45.344 0.0000000000
40975  -40.491  -43.550  45.581 0.0000000000
41949  -40.667  -42.725  45.846 0.0000000000
43985  -40.694  -41.288  45.909 0.0000000000
45001  -40.526  -39.721  45.856 0.0000000000
126923  -40.523  -39.331  47.458 0.0000000000
127289  -40.520  -38.033  46.269 0.0000000000
47918  -41.387  -36.520  45.527 0.0000000000
144430  -41.848  -36.181  46.129 0.0000000000
48947  -43.468  -35.529  46.133 0.0000000000
48936  -45.053  -35.384  46.479 0.0000000000
48937  -45.866  -35.178  46.255 0.0000000000
49995  -47.076  -34.829  45.492 0.0000000000
53895  -48.186  -30.208  43.298 0.0000000000
56506  -47.270  -27.479  42.038 0.0000000000
57397  -46.587  -26.048  41.159 0.0000000000
58348  -46.447  -25.145  40.788 0.0000000000
61293  -48.752  -22.201  42.569 0.0000000000
60364  -47.350  -23.465  41.171 0.0000000000
59313  -46.264  -24.208  39.302 0.0000000000
59325  -47.193  -24.160  38.250 0.0000000000
150473  -48.434  -25.226  37.558 0.0000000000
56551  -49.428  -27.391  36.333 0.0000000000
59328  -50.914  -24.980  39.470 0.0000000000
57438  -50.238  -26.688  37.976 0.0000000000
55679  -50.018  -28.107  36.047 0.0000000000
54797  -50.329  -29.779  35.087 0.0000000000
141133  -50.055  -32.502  35.531 0.0000000000
51078  -50.489  -34.357  36.390 0.0000000000
131679  -52.924  -31.572  36.979 0.0000000000
51055  -52.314  -34.022  36.817 0.0000000000
138393  -51.243  -37.110  36.211 0.0000000000
49087  -51.458  -37.209  35.176 0.0000000000
50119  -51.237  -35.708  33.785 0.0000000000
50128  -49.689  -34.732  32.345 0.0000000000
54799  -55.602  -29.507  35.598 0.0000000000
145867  -55.666  -32.169  34.903 0.0000000000
53999  -57.293  -30.930  33.482 0.0000000000
52110  -56.204  -32.473  33.375 0.0000000000
51112  -54.396  -33.489  34.361 0.0000000000
51120  -52.498  -33.475  33.065 0.0000000000
52117  -50.804  -33.475  32.324 0.0000000000
146964  -49.455  -33.362  31.453 0.0000000000
52139  -48.716  -32.568  30.331 0.0000000000
53140  -48.681  -31.464  29.449 0.0000000000
53148  -48.034  -30.987  28.362 0.0000000000
54861  -51.157  -29.666  29.026 0.0000000000
54874  -49.110  -29.737  27.900 0.0000000000
54886  -47.861  -29.970  27.062 0.0000000000
55760  -58.676  -29.851  27.584 0.0000000000
148535  -55.717  -28.321  26.831 0.0000000000
56640  -54.314  -27.385  26.200 0.0000000000
57589  -56.571  -27.004  25.151 0.0000000000
56654  -54.316  -26.879  25.552 0.0000000000
139608  -52.248  -26.931  25.428 0.0000000000
39977  -24.225  -44.182  49.496 0.0000000000
38047  -28.344  -46.870  45.242 0.0000000000
38046  -27.507  -46.440  45.332 0.0000000000
147706  -25.672  -45.936  44.400 0.0000000000
38112  -27.752  -46.096  41.867 0.0000000000
38095  -26.436  -46.041  42.812 0.0000000000
38066  -24.497  -45.875  43.869 0.0000000000
125812  -23.474  -46.051  43.647 0.0000000000
40987  -38.855  -43.682  42.364 0.0000000000
40996  -37.956  -43.532  41.236 0.0000000000
41007  -36.518  -43.350  40.161 0.0000000000
44100  -38.021  -40.815  37.743 0.0000000000
43054  -36.719  -41.525  38.172 0.0000000000
41021  -35.186  -43.150  38.812 0.0000000000
41036  -34.820  -43.112  37.757 0.0000000000
40093  -33.583  -44.022  37.074 0.0000000000
38176  -33.107  -45.244  36.618 0.0000000000
134844  -40.996  -46.902  38.237 0.0000000000
39125  -39.172  -45.919  37.761 0.0000000000
38168  -37.716  -46.181  37.492 0.0000000000
38167  -36.088  -46.015  36.995 0.0000000000
38165  -34.418  -46.252  36.848 0.0000000000
37155  -33.183  -47.157  37.233 0.0000000000
53911  -46.612  -30.190  41.337 0.0000000000
54751  -46.379  -29.397  40.971 0.0000000000
54752  -46.820  -29.498  41.604 0.0000000000
53902  -47.168  -30.776  41.950 0.0000000000
53910  -46.183  -30.656  40.746 0.0000000000
49119  -48.059  -35.632  31.031 0.0000000000
50144  -48.067  -34.449  30.673 0.0000000000
148451  -39.349  -45.350  44.049 0.0000000000
40022  -39.684  -44.167  43.792 0.0000000000
52135  -40.244  -32.431  30.130 0.0000000000
134231  -48.677  -29.176  33.907 0.0000000000
53977  -48.695  -31.029  33.894 0.0000000000
138179  -49.507  -29.796  34.360 0.0000000000
150467  -43.756  -35.768  43.738 0.0000000000
48979  -44.626  -36.007  43.500 0.0000000000
45151  -41.516  -39.839  33.159 0.0000000000
128983  -42.001  -40.339  33.649 0.0000000000
53118  -40.653  -31.999  31.694 0.0000000000
52125  -40.086  -32.413  30.998 0.0000000000
55737  -58.486  -29.201  30.158 0.0000000000
128290  -58.795  -30.355  30.088 0.0000000000
143557  -58.997  -29.886  29.371 0.0000000000
38003  -28.984  -46.915  48.841 0.0000000000
38002  -28.352  -46.726  48.192 0.0000000000
39120  -31.127  -45.368  37.273 0.0000000000
39119  -30.183  -45.775  37.499 0.0000000000
38161  -30.684  -46.237  37.104 0.0000000000
37152  -30.327  -46.962  37.230 0.0000000000
38153  -44.362  -46.042  38.342 0.0000000000
39112  -43.621  -45.612  38.257 0.0000000000
38152  -43.654  -46.570  38.414 0.0000000000
53051  -43.294  -31.393  36.397 0.0000000000
53955  -43.599  -30.572  36.178 0.0000000000
57424  -45.032  -26.628  38.375 0.0000000000
58374  -45.432  -25.859  37.882 0.0000000000
57435  -45.853  -26.060  37.057 0.0000000000
58375  -45.810  -25.109  38.206 0.0000000000
50004  -48.610  -34.940  43.861 0.0000000000
50009  -48.567  -34.978  43.182 0.0000000000
49049  -44.427  -35.514  38.945 0.0000000000
49048  -43.886  -35.763  38.411 0.0000000000
48022  -43.209  -36.807  37.761 0.0000000000
49057  -43.299  -35.943  37.857 0.0000000000
49056  -42.818  -35.186  37.311 0.0000000000
52046  -43.067  -32.162  36.620 0.0000000000
36065  -34.179  -48.476  44.851 0.0000000000
39096  -35.257  -44.921  40.913 0.0000000000
131190  -35.005  -45.417  41.321 0.0000000000
40054  -34.724  -44.515  40.200 0.0000000000
50126  -45.530  -34.717  32.386 0.0000000000
50136  -45.095  -35.024  31.824 0.0000000000
49086  -48.229  -36.916  34.976 0.0000000000
48038  -49.148  -37.344  35.579 0.0000000000
47048  -49.725  -38.448  34.967 0.0000000000
48039  -50.025  -37.682  35.956 0.0000000000
45017  -40.347  -39.339  44.879 0.0000000000
147236  -40.140  -39.423  44.041 0.0000000000
126619  -40.306  -38.697  43.885 0.0000000000
43011  -44.967  -41.318  41.577 0.0000000000
43010  -44.053  -41.180  41.265 0.0000000000
43027  -45.421  -41.869  41.378 0.0000000000
42015  -45.224  -42.242  40.790 0.0000000000
42016  -45.982  -42.433  41.159 0.0000000000
45107  -47.188  -39.206  39.788 0.0000000000
45108  -47.784  -39.833  39.970 0.0000000000
144036  -47.156  -40.093  39.547 0.0000000000
42112  -44.783  -43.079  34.046 0.0000000000
140359  -46.030  -43.746  34.983 0.0000000000
42113  -45.379  -43.504  34.578 0.0000000000
138525  -45.933  -44.021  34.701 0.0000000000
41091  -45.102  -43.550  34.363 0.0000000000
48059  -39.515  -36.009  33.447 0.0000000000
48066  -38.753  -35.950  32.078 0.0000000000
61351  -49.730  -22.409  39.678 0.0000000000
139117  -53.048  -26.404  40.252 0.0000000000
145347  -52.788  -24.735  40.440 0.0000000000
57415  -52.877  -27.148  39.921 0.0000000000
57427  -52.275  -27.274  39.680 0.0000000000
55655  -52.489  -28.368  38.774 0.0000000000
55668  -52.170  -28.717  38.035 0.0000000000
52067  -54.352  -32.873  36.034 0.0000000000
51080  -53.988  -33.543  35.900 0.0000000000
51100  -53.757  -34.101  34.854 0.0000000000
56588  -57.387  -26.836  33.727 0.0000000000
134570  -57.223  -27.788  34.225 0.0000000000
54029  -54.327  -31.104  31.301 0.0000000000
54028  -53.281  -30.967  31.184 0.0000000000
53125  -52.912  -31.460  31.624 0.0000000000
53136  -52.383  -31.073  31.132 0.0000000000
54035  -51.728  -30.699  30.494 0.0000000000
55754  -51.221  -28.431  27.332 0.0000000000
151705  -51.108  -28.079  26.721 0.0000000000
56637  -51.056  -27.710  26.126 0.0000000000
146360  -59.133  -26.724  27.163 0.0000000000
55778  -59.792  -28.522  26.481 0.0000000000
148378  -59.870  -28.362  26.069 0.0000000000
39944  -24.718  -43.825  51.253 0.0000000000
39023  -24.282  -44.911  47.357 0.0000000000
39050  -24.778  -45.495  45.917 0.0000000000
146378  -23.966  -45.432  45.765 0.0000000000
39049  -24.351  -45.642  45.213 0.0000000000
143925  -29.795  -46.683  42.510 0.0000000000
38098  -29.222  -46.796  42.970 0.0000000000
149357  -29.143  -46.455  42.318 0.0000000000
36100  -24.797  -48.311  40.825 0.0000000000
44066  -39.545  -40.267  40.095 0.0000000000
44046  -38.771  -40.813  40.547 0.0000000000
44084  -39.464  -40.278  39.118 0.0000000000
40095  -38.836  -44.469  37.135 0.0000000000
41071  -38.232  -42.882  36.694 0.0000000000
40113  -38.018  -43.756  36.701 0.0000000000
40112  -37.106  -43.944  36.535 0.0000000000
53933  -44.755  -30.319  38.742 0.0000000000
131224  -45.122  -29.787  39.132 0.0000000000
55635  -46.261  -28.578  40.731 0.0000000000
132588  -45.602  -28.194  39.918 0.0000000000
136850  -45.443  -27.340  39.722 0.0000000000
51971  -48.228  -32.786  42.935 0.0000000000
51985  -48.074  -33.566  42.703 0.0000000000
51984  -47.518  -32.901  42.254 0.0000000000
129356  -46.363  -31.856  41.154 0.0000000000
52000  -46.316  -32.722  41.257 0.0000000000
51999  -45.641  -32.826  40.605 0.0000000000
51029  -45.281  -33.617  40.303 0.0000000000
51028  -44.736  -33.402  39.574 0.0000000000
51034  -44.267  -33.653  38.912 0.0000000000
53027  -44.695  -31.110  39.079 0.0000000000
51149  -47.495  -33.735  29.520 0.0000000000
37093  -37.146  -47.589  44.160 0.0000000000
37092  -36.046  -47.618  43.699 0.0000000000
38089  -37.736  -46.796  43.592 0.0000000000
39080  -37.679  -45.561  42.331 0.0000000000
39088  -37.492  -44.938  41.759 0.0000000000
39087  -36.705  -45.323  41.746 0.0000000000
52152  -41.755  -32.496  29.134 0.0000000000
54836  -46.482  -29.020  32.755 0.0000000000
54837  -46.698  -29.835  32.541 0.0000000000
53100  -47.514  -31.466  33.213 0.0000000000
51117  -46.315  -33.363  32.772 0.0000000000
137559  -47.102  -33.344  33.476 0.0000000000
51107  -46.704  -34.151  33.379 0.0000000000
52089  -48.895  -32.497  34.706 0.0000000000
52088  -48.279  -33.140  34.481 0.0000000000
138105  -48.254  -34.800  35.115 0.0000000000
51099  -48.988  -33.380  35.245 0.0000000000
150292  -41.318  -36.935  44.298 0.0000000000
46953  -41.374  -37.282  43.605 0.0000000000
146630  -41.921  -36.531  43.919 0.0000000000
131432  -44.327  -37.730  42.371 0.0000000000
46027  -44.525  -38.647  42.267 0.0000000000
139701  -44.751  -39.479  42.188 0.0000000000
129327  -45.245  -39.988  42.254 0.0000000000
45133  -43.434  -40.027  37.020 0.0000000000
44119  -44.186  -40.491  37.289 0.0000000000
44127  -43.599  -40.638  36.452 0.0000000000
43116  -43.063  -41.457  33.614 0.0000000000
44133  -43.300  -41.209  35.116 0.0000000000
43117  -43.590  -41.638  34.251 0.0000000000
147392  -44.324  -42.356  34.288 0.0000000000
43118  -43.586  -41.935  33.529 0.0000000000
42124  -43.430  -42.330  33.217 0.0000000000
51114  -39.419  -33.723  32.270 0.0000000000
50134  -38.892  -34.152  31.924 0.0000000000
51123  -39.116  -33.551  31.580 0.0000000000
58367  -54.391  -26.150  39.088 0.0000000000
56531  -53.972  -27.731  39.178 0.0000000000
56541  -55.136  -27.233  37.382 0.0000000000
130821  -54.626  -28.161  37.789 0.0000000000
55681  -54.693  -28.865  37.143 0.0000000000
53961  -54.516  -30.460  36.640 0.0000000000
54789  -54.890  -29.597  36.495 0.0000000000
56605  -57.897  -27.208  31.560 0.0000000000
132330  -57.867  -26.277  31.830 0.0000000000
55727  -58.070  -28.364  31.947 0.0000000000
134549  -58.010  -28.970  32.492 0.0000000000
54848  -58.305  -29.767  31.919 0.0000000000
54049  -57.667  -31.128  30.060 0.0000000000
54041  -58.193  -31.362  30.702 0.0000000000
54039  -56.579  -31.091  30.399 0.0000000000
137142  -55.799  -31.029  30.756 0.0000000000
54856  -55.575  -30.479  30.192 0.0000000000
54864  -55.370  -29.852  29.516 0.0000000000
54878  -55.082  -29.237  28.812 0.0000000000
55744  -54.646  -28.649  28.188 0.0000000000
134995  -55.216  -28.483  27.453 0.0000000000
58553  -60.362  -25.495  25.777 0.0000000000
56671  -60.105  -27.071  24.899 0.0000000000
38986  -26.919  -45.412  50.207 0.0000000000
39000  -26.418  -45.267  49.618 0.0000000000
149768  -26.745  -45.601  49.239 0.0000000000
38012  -27.010  -46.060  47.195 0.0000000000
38000  -26.877  -45.902  48.009 0.0000000000
39025  -26.120  -45.695  47.155 0.0000000000
38024  -26.739  -45.993  46.452 0.0000000000
38129  -30.013  -45.611  39.951 0.0000000000
38146  -28.506  -46.315  37.885 0.0000000000
38145  -27.678  -46.599  38.213 0.0000000000
36131  -30.454  -48.389  37.996 0.0000000000
36130  -29.522  -48.230  37.937 0.0000000000
42049  -42.020  -41.639  37.807 0.0000000000
43081  -41.130  -41.461  37.553 0.0000000000
134944  -42.285  -42.335  37.661 0.0000000000
40081  -42.105  -44.905  37.976 0.0000000000
40098  -41.684  -44.159  37.725 0.0000000000
40097  -40.796  -44.403  37.625 0.0000000000
145974  -40.636  -45.216  37.784 0.0000000000
53099  -42.041  -30.870  33.223 0.0000000000
54805  -43.523  -29.663  34.380 0.0000000000
54818  -43.768  -29.274  33.672 0.0000000000
54806  -44.153  -28.956  34.353 0.0000000000
55665  -44.598  -28.632  36.926 0.0000000000
55687  -45.111  -27.764  35.367 0.0000000000
55698  -44.778  -28.376  33.875 0.0000000000
55712  -45.553  -28.295  33.537 0.0000000000
56574  -45.974  -27.415  34.906 0.0000000000
57459  -47.012  -26.587  36.006 0.0000000000
56575  -46.974  -27.465  34.711 0.0000000000
56576  -47.888  -27.684  34.780 0.0000000000
57460  -47.998  -26.781  36.126 0.0000000000
47939  -46.973  -36.150  44.153 0.0000000000
47940  -47.689  -36.228  43.972 0.0000000000
47977  -48.339  -36.435  42.345 0.0000000000
46973  -48.478  -37.299  42.606 0.0000000000
46999  -48.226  -37.563  41.115 0.0000000000
46057  -48.238  -38.209  40.681 0.0000000000
46998  -47.927  -37.560  40.731 0.0000000000
50037  -47.354  -35.274  41.978 0.0000000000
49010  -47.820  -35.565  42.077 0.0000000000
133594  -46.882  -35.632  41.500 0.0000000000
47018  -44.915  -37.097  39.331 0.0000000000
126033  -45.708  -37.041  39.959 0.0000000000
46067  -45.583  -37.784  39.490 0.0000000000
46077  -44.528  -38.254  38.656 0.0000000000
47032  -42.001  -37.419  36.542 0.0000000000
147999  -42.636  -38.210  37.075 0.0000000000
140619  -42.000  -38.316  36.471 0.0000000000
45132  -41.658  -38.851  35.990 0.0000000000
46095  -41.164  -38.471  35.464 0.0000000000
46101  -40.380  -38.388  34.220 0.0000000000
47036  -41.086  -37.659  35.553 0.0000000000
49072  -41.366  -36.092  35.726 0.0000000000
49084  -40.911  -35.910  35.171 0.0000000000
133951  -40.394  -36.003  34.621 0.0000000000
49083  -40.634  -35.424  34.676 0.0000000000
51044  -43.271  -33.564  37.614 0.0000000000
145141  -43.169  -34.439  37.644 0.0000000000
51075  -42.154  -33.140  35.770 0.0000000000
50095  -41.918  -33.993  36.094 0.0000000000
51074  -41.708  -33.538  35.379 0.0000000000
136606  -41.031  -34.303  34.722 0.0000000000
53077  -41.618  -31.696  33.677 0.0000000000
52115  -40.888  -31.965  32.662 0.0000000000
59468  -56.440  -24.388  27.886 0.0000000000
59469  -56.858  -24.282  27.339 0.0000000000
60557  -57.329  -23.350  27.074 0.0000000000
60572  -59.248  -23.875  26.502 0.0000000000
61491  -58.215  -22.430  26.824 0.0000000000
36021  -30.952  -47.670  46.906 0.0000000000
37041  -30.262  -47.552  46.245 0.0000000000
37042  -31.063  -47.744  46.055 0.0000000000
37102  -31.381  -47.301  43.224 0.0000000000
37106  -35.154  -47.123  43.091 0.0000000000
37105  -34.338  -47.517  43.331 0.0000000000
143974  -34.358  -47.000  42.806 0.0000000000
39084  -33.848  -45.654  41.313 0.0000000000
38118  -33.423  -46.198  41.811 0.0000000000
137710  -32.523  -46.247  41.718 0.0000000000
38117  -32.138  -45.753  40.959 0.0000000000
38130  -31.387  -45.696  40.764 0.0000000000
40065  -33.532  -44.442  39.154 0.0000000000
40064  -32.887  -44.587  38.865 0.0000000000
146692  -32.376  -44.477  38.023 0.0000000000
53120  -41.988  -31.277  31.306 0.0000000000
134893  -43.413  -31.717  31.125 0.0000000000
53132  -42.837  -32.113  30.756 0.0000000000
53111  -45.705  -31.273  31.950 0.0000000000
53123  -44.786  -31.108  31.557 0.0000000000
52127  -45.124  -32.226  31.670 0.0000000000
50135  -44.601  -34.539  31.319 0.0000000000
49094  -47.120  -36.624  34.008 0.0000000000
47059  -48.416  -38.841  33.872 0.0000000000
47070  -48.849  -39.279  33.285 0.0000000000
148908  -49.590  -37.882  33.574 0.0000000000
49104  -49.718  -36.643  33.200 0.0000000000
42997  -40.419  -42.163  44.732 0.0000000000
41978  -40.115  -42.824  44.177 0.0000000000
45037  -39.597  -39.833  42.631 0.0000000000
44020  -39.501  -40.788  43.310 0.0000000000
129007  -39.392  -40.124  41.727 0.0000000000
45077  -39.826  -39.565  41.860 0.0000000000
46024  -41.414  -38.154  42.419 0.0000000000
46045  -42.004  -38.778  41.761 0.0000000000
44069  -42.549  -40.387  40.851 0.0000000000
45098  -42.227  -39.659  41.308 0.0000000000
135469  -41.192  -39.983  40.343 0.0000000000
135583  -42.554  -40.660  40.157 0.0000000000
44086  -42.072  -40.559  39.340 0.0000000000
44087  -42.900  -41.122  39.661 0.0000000000
41023  -45.630  -43.398  39.151 0.0000000000
42052  -44.198  -42.745  38.697 0.0000000000
40068  -45.289  -44.127  38.498 0.0000000000
46008  -47.511  -38.080  42.949 0.0000000000
46958  -46.897  -37.598  43.122 0.0000000000
46030  -47.585  -38.808  42.759 0.0000000000
137616  -48.130  -40.884  40.262 0.0000000000
44036  -48.111  -40.200  41.837 0.0000000000
43028  -48.195  -41.237  40.587 0.0000000000
44052  -46.783  -41.114  41.940 0.0000000000
138350  -48.189  -41.953  40.360 0.0000000000
43083  -45.693  -41.460  37.772 0.0000000000
43060  -46.440  -41.499  38.451 0.0000000000
42072  -46.521  -42.342  37.530 0.0000000000
41056  -47.886  -43.798  37.177 0.0000000000
42053  -47.592  -43.052  37.715 0.0000000000
42073  -48.220  -43.554  37.861 0.0000000000
41027  -48.440  -43.133  39.380 0.0000000000
40100  -48.494  -44.201  38.171 0.0000000000
40071  -48.079  -44.154  39.282 0.0000000000
40099  -48.359  -44.712  37.780 0.0000000000
39144  -46.305  -45.127  35.837 0.0000000000
39136  -47.397  -45.570  36.924 0.0000000000
38181  -46.679  -45.787  36.590 0.0000000000
38155  -46.760  -46.191  37.775 0.0000000000
38180  -46.129  -46.539  37.002 0.0000000000
46115  -40.594  -38.837  32.086 0.0000000000
133265  -26.414  -44.372  51.766 0.0000000000
37022  -31.479  -47.557  48.324 0.0000000000
36055  -37.065  -48.357  45.614 0.0000000000
131292  -40.572  -43.110  46.083 0.0000000000
126569  -40.648  -40.598  46.477 0.0000000000
146159  -40.406  -37.737  47.781 0.0000000000
45963  -40.348  -38.714  47.973 0.0000000000
45973  -40.464  -38.450  47.192 0.0000000000
46934  -40.772  -37.127  45.766 0.0000000000
46923  -40.714  -37.174  46.439 0.0000000000
147411  -42.282  -36.016  46.698 0.0000000000
48946  -42.603  -35.790  46.113 0.0000000000
48934  -43.054  -35.716  47.015 0.0000000000
48935  -44.092  -35.538  46.879 0.0000000000
48949  -45.771  -35.350  45.706 0.0000000000
48926  -45.466  -35.168  47.008 0.0000000000
49988  -46.635  -34.525  46.064 0.0000000000
49989  -47.254  -34.269  45.575 0.0000000000
56499  -48.056  -27.451  43.001 0.0000000000
133931  -47.696  -27.873  42.647 0.0000000000
150845  -48.196  -26.758  42.819 0.0000000000
57399  -47.866  -25.663  42.198 0.0000000000
58349  -47.061  -25.355  41.600 0.0000000000
59298  -46.861  -24.390  41.120 0.0000000000
61330  -48.395  -22.150  40.362 0.0000000000
61311  -47.797  -22.699  40.682 0.0000000000
60376  -47.291  -23.181  40.136 0.0000000000
60375  -46.801  -23.650  39.646 0.0000000000
60388  -47.458  -23.339  39.299 0.0000000000
60401  -47.552  -23.668  38.736 0.0000000000
59326  -49.113  -24.466  38.362 0.0000000000
59339  -48.710  -24.871  37.901 0.0000000000
58388  -49.038  -25.600  37.537 0.0000000000
57436  -48.778  -26.121  37.031 0.0000000000
57437  -49.534  -26.480  37.346 0.0000000000
60378  -52.525  -23.414  40.505 0.0000000000
60391  -51.257  -23.351  40.134 0.0000000000
59315  -51.513  -24.409  40.111 0.0000000000
57439  -50.940  -27.296  38.350 0.0000000000
57425  -50.673  -26.412  38.653 0.0000000000
56552  -50.091  -27.620  36.844 0.0000000000
147612  -50.629  -28.178  36.766 0.0000000000
55690  -50.341  -28.883  35.464 0.0000000000
55680  -50.873  -28.768  36.282 0.0000000000
138009  -51.626  -31.235  36.132 0.0000000000
53967  -50.920  -30.753  35.584 0.0000000000
53063  -51.136  -31.820  35.942 0.0000000000
52065  -50.587  -33.153  36.142 0.0000000000
52066  -51.308  -32.732  36.338 0.0000000000
54778  -53.413  -29.540  37.713 0.0000000000
53947  -53.295  -30.277  37.324 0.0000000000
53959  -53.387  -31.157  37.001 0.0000000000
51056  -52.780  -34.423  36.617 0.0000000000
131320  -52.755  -33.746  36.765 0.0000000000
50080  -52.217  -34.782  36.778 0.0000000000
50079  -51.525  -35.004  36.731 0.0000000000
49076  -51.853  -36.625  36.129 0.0000000000
48041  -51.392  -37.301  35.820 0.0000000000
49088  -51.982  -36.655  35.543 0.0000000000
50120  -52.069  -35.399  34.069 0.0000000000
50129  -50.486  -34.974  32.976 0.0000000000
134738  -50.853  -34.168  32.750 0.0000000000
54800  -56.323  -29.436  34.802 0.0000000000
55691  -56.127  -28.654  35.291 0.0000000000
53970  -55.896  -30.403  35.077 0.0000000000
53081  -56.294  -31.980  34.365 0.0000000000
54000  -57.899  -30.826  32.748 0.0000000000
54018  -57.589  -31.505  32.761 0.0000000000
52121  -54.810  -32.635  32.956 0.0000000000
52122  -55.735  -32.417  32.808 0.0000000000
52109  -55.239  -32.889  33.745 0.0000000000
132507  -54.395  -33.223  33.683 0.0000000000
52108  -53.552  -33.446  33.481 0.0000000000
52119  -53.061  -32.837  32.836 0.0000000000
52130  -51.583  -32.355  31.897 0.0000000000
52118  -51.556  -33.026  32.380 0.0000000000
52129  -50.759  -32.648  31.749 0.0000000000
51129  -50.084  -33.343  31.827 0.0000000000
52128  -49.846  -32.713  31.328 0.0000000000
51138  -49.087  -32.997  30.983 0.0000000000
52140  -49.490  -32.189  30.722 0.0000000000
53141  -49.344  -30.977  29.539 0.0000000000
53133  -49.080  -31.745  30.039 0.0000000000
53139  -48.047  -31.661  28.952 0.0000000000
54044  -48.637  -30.964  28.952 0.0000000000
54862  -51.967  -29.577  29.287 0.0000000000
134977  -51.684  -29.191  28.683 0.0000000000
54888  -49.463  -29.228  27.394 0.0000000000
54889  -49.934  -29.398  28.084 0.0000000000
132316  -48.690  -29.552  27.233 0.0000000000
54887  -48.450  -30.025  27.666 0.0000000000
135763  -57.916  -27.522  28.425 0.0000000000
55748  -59.297  -29.286  28.287 0.0000000000
55761  -59.263  -29.554  27.490 0.0000000000
56643  -57.632  -28.602  26.186 0.0000000000
55775  -57.105  -28.917  26.771 0.0000000000
55774  -54.744  -27.936  26.880 0.0000000000
56641  -55.353  -27.718  26.310 0.0000000000
57590  -58.201  -27.394  24.924 0.0000000000
150264  -57.378  -27.398  25.185 0.0000000000
57587  -54.757  -26.626  25.031 0.0000000000
137816  -53.615  -26.946  25.692 0.0000000000
39963  -24.528  -44.062  50.308 0.0000000000
39987  -24.743  -44.580  48.826 0.0000000000
39993  -23.367  -44.787  47.793 0.0000000000
39985  -23.319  -44.473  48.556 0.0000000000
142900  -22.532  -45.279  48.172 0.0000000000
39047  -22.895  -45.964  45.790 0.0000000000
149891  -22.700  -46.264  46.101 0.0000000000
38041  -22.626  -46.554  45.521 0.0000000000
37058  -29.575  -47.396  45.616 0.0000000000
37057  -28.923  -47.135  45.889 0.0000000000
37068  -29.003  -47.200  45.158 0.0000000000
126624  -28.010  -46.540  43.817 0.0000000000
38068  -27.780  -46.551  44.532 0.0000000000
38067  -26.869  -46.173  44.557 0.0000000000
38110  -25.198  -46.251  41.305 0.0000000000
38094  -25.327  -46.076  42.130 0.0000000000
38082  -25.259  -45.956  43.176 0.0000000000
38081  -24.027  -46.019  42.901 0.0000000000
35112  -27.950  -49.038  39.187 0.0000000000
41988  -39.063  -42.480  42.481 0.0000000000
40988  -39.192  -43.259  42.830 0.0000000000
40998  -38.889  -43.053  42.196 0.0000000000
42014  -37.968  -42.265  40.474 0.0000000000
41009  -38.153  -42.905  40.952 0.0000000000
41008  -37.457  -42.947  40.460 0.0000000000
43079  -39.269  -40.996  37.238 0.0000000000
44116  -38.842  -40.529  37.848 0.0000000000
43078  -38.450  -40.942  37.214 0.0000000000
43076  -36.681  -41.675  37.355 0.0000000000
137153  -37.320  -41.206  37.633 0.0000000000
42048  -36.079  -42.017  37.719 0.0000000000
151617  -36.149  -42.080  38.388 0.0000000000
42030  -35.548  -42.491  38.139 0.0000000000
42068  -35.558  -42.588  37.383 0.0000000000
40110  -35.265  -44.426  36.496 0.0000000000
41049  -34.335  -43.573  37.138 0.0000000000
40109  -34.241  -44.286  36.645 0.0000000000
40108  -33.453  -44.636  36.714 0.0000000000
39132  -33.996  -45.299  36.581 0.0000000000
136888  -40.398  -46.631  38.081 0.0000000000
38149  -39.707  -46.997  38.228 0.0000000000
37139  -37.629  -47.541  38.424 0.0000000000
37160  -38.254  -46.869  38.096 0.0000000000
145071  -37.399  -46.902  37.928 0.0000000000
37159  -36.784  -46.529  37.501 0.0000000000
37136  -34.594  -47.653  37.924 0.0000000000
37157  -34.978  -46.969  37.436 0.0000000000
37156  -34.062  -47.042  37.300 0.0000000000
147606  -45.761  -30.376  40.207 0.0000000000
135758  -45.575  -29.863  39.833 0.0000000000
56514  -46.726  -28.022  41.405 0.0000000000
52973  -47.607  -31.308  42.449 0.0000000000
52972  -47.348  -31.816  42.005 0.0000000000
52013  -45.796  -31.926  40.555 0.0000000000
53008  -45.749  -31.018  40.280 0.0000000000
48076  -48.319  -36.839  31.335 0.0000000000
49118  -47.842  -36.289  30.474 0.0000000000
50156  -47.263  -35.058  29.358 0.0000000000
51136  -47.544  -34.424  29.853 0.0000000000
38090  -38.554  -46.448  43.894 0.0000000000
39071  -38.896  -45.719  43.528 0.0000000000
39081  -38.580  -45.297  42.770 0.0000000000
40033  -38.805  -44.459  42.574 0.0000000000
55715  -47.955  -28.686  33.700 0.0000000000
149328  -47.187  -29.403  32.876 0.0000000000
54820  -47.961  -29.553  33.357 0.0000000000
53998  -48.148  -30.693  33.496 0.0000000000
53101  -48.282  -31.537  33.779 0.0000000000
53079  -48.844  -31.699  34.272 0.0000000000
53080  -49.584  -31.859  34.841 0.0000000000
135903  -42.406  -35.923  44.496 0.0000000000
47958  -42.813  -36.043  43.519 0.0000000000
47959  -43.734  -36.322  43.037 0.0000000000
46971  -45.188  -38.009  42.651 0.0000000000
45136  -42.024  -39.732  35.768 0.0000000000
44132  -42.620  -40.585  35.255 0.0000000000
44140  -42.533  -40.784  34.124 0.0000000000
44154  -42.596  -41.055  33.029 0.0000000000
44166  -42.381  -41.242  32.130 0.0000000000
44165  -42.114  -40.799  31.605 0.0000000000
44175  -41.929  -40.939  31.115 0.0000000000
52113  -39.696  -33.089  31.969 0.0000000000
52124  -39.507  -32.935  31.240 0.0000000000
52134  -39.416  -32.800  30.420 0.0000000000
135408  -57.976  -28.448  31.118 0.0000000000
55732  -58.434  -29.565  31.096 0.0000000000
54866  -57.375  -30.586  29.349 0.0000000000
54880  -57.831  -30.380  28.764 0.0000000000
55746  -57.018  -29.720  28.041 0.0000000000
37990  -27.904  -46.270  49.496 0.0000000000
39012  -27.122  -45.903  48.940 0.0000000000
38001  -27.711  -46.357  48.533 0.0000000000
148717  -29.574  -45.519  39.001 0.0000000000
39099  -29.779  -45.528  38.192 0.0000000000
38147  -29.334  -46.032  37.676 0.0000000000
38159  -29.069  -46.695  37.517 0.0000000000
37135  -29.133  -47.438  37.568 0.0000000000
37151  -29.620  -47.006  37.334 0.0000000000
36150  -30.869  -47.702  37.514 0.0000000000
41037  -43.170  -43.705  38.007 0.0000000000
41055  -42.436  -43.782  37.787 0.0000000000
40082  -42.689  -44.417  37.966 0.0000000000
133513  -42.771  -45.279  38.130 0.0000000000
39111  -41.972  -45.882  38.192 0.0000000000
53060  -42.569  -31.493  35.010 0.0000000000
54795  -43.484  -30.168  35.263 0.0000000000
55654  -44.783  -28.279  38.356 0.0000000000
55666  -44.747  -28.023  37.337 0.0000000000
128438  -45.101  -27.329  36.771 0.0000000000
147316  -45.514  -26.952  36.415 0.0000000000
56549  -46.043  -26.661  36.198 0.0000000000
151606  -45.947  -26.368  36.619 0.0000000000
57447  -46.509  -26.214  36.531 0.0000000000
58397  -46.650  -25.782  36.915 0.0000000000
147456  -48.124  -35.565  44.228 0.0000000000
47941  -48.276  -36.184  43.651 0.0000000000
48965  -48.527  -35.647  43.439 0.0000000000
48980  -48.511  -35.701  42.828 0.0000000000
49011  -48.059  -36.054  41.916 0.0000000000
49024  -45.398  -35.525  40.177 0.0000000000
49025  -46.091  -35.380  40.919 0.0000000000
48008  -45.025  -36.144  39.622 0.0000000000
47017  -44.269  -37.344  38.661 0.0000000000
47025  -43.861  -38.006  38.182 0.0000000000
146274  -43.648  -37.289  38.146 0.0000000000
47023  -42.654  -37.122  37.197 0.0000000000
47031  -41.486  -37.288  35.960 0.0000000000
48028  -42.213  -36.439  36.686 0.0000000000
49062  -41.792  -35.707  36.215 0.0000000000
52034  -43.282  -32.641  37.245 0.0000000000
51053  -42.878  -33.171  36.875 0.0000000000
151201  -42.970  -32.661  36.749 0.0000000000
52045  -42.656  -32.671  36.254 0.0000000000
52061  -41.787  -32.847  35.028 0.0000000000
52062  -42.340  -32.349  35.414 0.0000000000
36051  -32.780  -48.403  46.116 0.0000000000
140807  -31.853  -48.078  46.001 0.0000000000
36050  -32.233  -48.150  45.220 0.0000000000
37072  -32.554  -48.076  44.440 0.0000000000
37089  -32.805  -47.768  43.662 0.0000000000
38120  -35.129  -45.939  41.863 0.0000000000
137305  -34.728  -46.529  42.418 0.0000000000
39085  -34.526  -45.636  41.460 0.0000000000
39094  -33.491  -45.243  40.583 0.0000000000
40053  -33.911  -44.719  40.015 0.0000000000
40080  -33.829  -44.020  38.616 0.0000000000
54026  -43.308  -30.375  31.820 0.0000000000
53122  -43.822  -31.012  31.386 0.0000000000
142546  -44.166  -31.880  31.301 0.0000000000
149653  -45.603  -33.018  32.178 0.0000000000
50125  -45.015  -34.221  31.857 0.0000000000
133147  -47.953  -35.617  34.880 0.0000000000
140534  -47.636  -37.051  34.437 0.0000000000
48053  -48.315  -38.118  34.571 0.0000000000
47047  -49.110  -38.695  34.426 0.0000000000
47049  -50.283  -38.245  34.897 0.0000000000
44002  -40.482  -40.937  45.175 0.0000000000
44021  -40.162  -41.092  44.389 0.0000000000
45080  -42.992  -39.445  41.646 0.0000000000
44049  -43.726  -40.619  41.450 0.0000000000
147660  -43.329  -40.737  41.168 0.0000000000
43025  -44.081  -41.537  40.778 0.0000000000
43040  -43.734  -41.583  40.003 0.0000000000
43041  -44.492  -41.958  40.363 0.0000000000
41024  -46.519  -43.582  39.699 0.0000000000
46046  -48.555  -38.677  41.770 0.0000000000
45066  -48.452  -39.430  41.931 0.0000000000
45099  -48.377  -39.771  40.785 0.0000000000
44089  -48.032  -40.468  40.158 0.0000000000
43042  -47.961  -41.398  39.827 0.0000000000
43105  -44.899  -42.487  35.059 0.0000000000
42086  -46.070  -42.720  36.356 0.0000000000
42098  -45.646  -43.016  35.215 0.0000000000
42099  -46.459  -43.565  35.745 0.0000000000
41073  -47.265  -44.014  36.289 0.0000000000
41074  -47.948  -44.487  36.960 0.0000000000
40114  -47.163  -44.489  36.156 0.0000000000
40123  -46.510  -44.467  35.478 0.0000000000
47056  -39.440  -37.125  33.189 0.0000000000
41933  -40.556  -42.314  46.293 0.0000000000
137995  -40.251  -42.264  46.794 0.0000000000
47876  -40.732  -36.968  47.641 0.0000000000
47889  -40.949  -36.784  46.936 0.0000000000
58334  -48.825  -25.489  43.380 0.0000000000
57393  -48.634  -26.251  43.198 0.0000000000
59286  -49.042  -24.956  42.970 0.0000000000
59285  -48.607  -24.210  42.663 0.0000000000
62201  -48.844  -21.501  40.857 0.0000000000
61350  -48.844  -22.403  39.690 0.0000000000
133174  -48.337  -23.250  39.058 0.0000000000
60389  -49.339  -23.063  39.225 0.0000000000
60404  -49.847  -23.703  39.142 0.0000000000
59306  -52.895  -23.927  40.335 0.0000000000
59316  -52.234  -24.710  40.415 0.0000000000
58364  -51.795  -25.384  40.076 0.0000000000
57414  -52.184  -26.447  40.015 0.0000000000
57426  -51.495  -26.905  39.290 0.0000000000
56539  -51.593  -28.128  38.211 0.0000000000
55667  -51.428  -28.619  37.259 0.0000000000
54776  -52.299  -29.315  37.468 0.0000000000
53960  -53.960  -30.929  36.899 0.0000000000
53054  -53.262  -32.232  36.858 0.0000000000
52049  -53.645  -33.003  36.483 0.0000000000
51057  -53.318  -33.863  36.399 0.0000000000
139660  -53.022  -35.229  35.781 0.0000000000
50112  -53.003  -35.285  35.197 0.0000000000
50121  -52.832  -35.052  34.387 0.0000000000
51109  -52.284  -34.473  33.577 0.0000000000
135170  -56.949  -26.963  34.504 0.0000000000
55692  -56.760  -28.610  34.549 0.0000000000
141229  -56.693  -30.150  34.227 0.0000000000
53115  -56.149  -31.980  32.001 0.0000000000
143136  -54.107  -32.169  32.440 0.0000000000
53113  -53.135  -32.107  32.272 0.0000000000
52131  -52.150  -31.777  31.687 0.0000000000
53124  -51.224  -31.859  31.396 0.0000000000
53135  -50.948  -31.291  30.771 0.0000000000
144926  -50.117  -30.697  29.726 0.0000000000
54875  -51.857  -28.679  28.094 0.0000000000
55753  -50.279  -28.852  27.432 0.0000000000
55769  -49.668  -28.762  26.825 0.0000000000
57572  -58.229  -26.992  27.764 0.0000000000
55762  -59.548  -28.720  27.300 0.0000000000
55777  -59.417  -29.080  26.679 0.0000000000
127488  -55.731  -26.391  23.528 0.0000000000
57604  -56.314  -26.529  24.345 0.0000000000
40914  -23.714  -43.632  51.434 0.0000000000
39024  -25.311  -45.203  47.600 0.0000000000
39009  -24.765  -44.849  48.063 0.0000000000
39022  -23.343  -45.124  46.947 0.0000000000
39021  -22.797  -45.235  47.588 0.0000000000
39037  -23.356  -45.515  46.148 0.0000000000
37086  -29.972  -47.348  43.939 0.0000000000
38070  -29.324  -47.097  43.759 0.0000000000
38085  -28.591  -46.701  43.411 0.0000000000
38096  -27.681  -46.268  42.933 0.0000000000
38126  -26.956  -46.045  39.795 0.0000000000
139097  -26.727  -46.057  40.948 0.0000000000
141056  -25.634  -46.297  40.698 0.0000000000
38093  -23.906  -46.439  42.056 0.0000000000
36098  -23.715  -47.432  41.671 0.0000000000
35094  -24.619  -48.709  41.540 0.0000000000
35102  -25.403  -48.997  41.108 0.0000000000
138461  -38.951  -40.800  41.483 0.0000000000
41998  -38.744  -42.423  41.768 0.0000000000
43008  -38.656  -41.612  41.234 0.0000000000
43024  -38.355  -41.628  40.547 0.0000000000
43039  -38.298  -41.041  39.843 0.0000000000
41072  -39.102  -42.878  36.929 0.0000000000
43091  -38.114  -41.498  36.849 0.0000000000
42084  -37.706  -42.122  36.672 0.0000000000
42083  -36.849  -42.055  36.734 0.0000000000
141326  -36.414  -42.589  36.691 0.0000000000
42081  -35.760  -42.776  36.802 0.0000000000
41069  -36.331  -43.271  36.542 0.0000000000
40111  -36.218  -44.177  36.489 0.0000000000
39134  -36.161  -45.133  36.632 0.0000000000
135243  -36.983  -48.140  38.723 0.0000000000
147921  -44.120  -30.660  37.623 0.0000000000
53956  -44.105  -30.128  36.902 0.0000000000
53945  -44.438  -30.154  37.916 0.0000000000
53946  -44.697  -29.595  38.344 0.0000000000
54759  -45.319  -29.356  39.443 0.0000000000
56519  -44.994  -27.622  38.977 0.0000000000
57412  -45.209  -26.783  39.177 0.0000000000
51006  -48.430  -34.362  42.949 0.0000000000
51016  -48.104  -34.548  42.610 0.0000000000
51015  -47.667  -33.940  42.409 0.0000000000
50025  -47.187  -34.336  42.097 0.0000000000
51023  -46.526  -33.794  41.536 0.0000000000
50035  -45.892  -34.285  41.011 0.0000000000
50046  -45.314  -34.694  40.297 0.0000000000
50057  -44.341  -34.633  38.940 0.0000000000
51033  -43.742  -33.418  38.292 0.0000000000
52025  -44.052  -32.686  38.581 0.0000000000
52026  -44.603  -32.039  39.220 0.0000000000
52035  -43.690  -32.164  37.886 0.0000000000
53041  -43.908  -31.306  37.806 0.0000000000
50168  -46.970  -34.678  28.672 0.0000000000
37073  -35.638  -48.261  44.360 0.0000000000
143266  -34.856  -48.311  44.373 0.0000000000
38087  -36.004  -46.909  43.064 0.0000000000
38106  -37.319  -46.314  42.861 0.0000000000
38105  -36.445  -46.436  42.666 0.0000000000
39078  -36.080  -45.966  42.047 0.0000000000
40042  -36.099  -44.748  41.116 0.0000000000
40056  -36.417  -44.107  40.681 0.0000000000
54835  -45.116  -29.019  32.592 0.0000000000
125677  -45.757  -29.498  32.381 0.0000000000
54017  -46.914  -30.684  32.639 0.0000000000
53112  -46.575  -31.437  32.525 0.0000000000
49092  -46.033  -35.227  32.932 0.0000000000
50117  -46.452  -34.869  33.339 0.0000000000
50118  -47.009  -34.909  33.840 0.0000000000
132662  -47.693  -33.437  34.017 0.0000000000
51097  -47.896  -33.998  34.536 0.0000000000
50111  -47.600  -34.833  34.458 0.0000000000
50096  -48.925  -35.335  35.661 0.0000000000
46006  -40.738  -37.986  43.744 0.0000000000
46969  -41.828  -37.552  42.784 0.0000000000
46025  -42.355  -38.026  42.095 0.0000000000
47976  -42.955  -36.591  42.770 0.0000000000
46970  -42.684  -37.286  42.399 0.0000000000
45061  -43.883  -39.276  41.951 0.0000000000
44050  -45.021  -40.768  41.894 0.0000000000
43012  -45.658  -41.566  41.711 0.0000000000
45119  -45.519  -39.937  38.649 0.0000000000
44120  -45.040  -40.677  37.962 0.0000000000
43082  -44.937  -41.369  37.137 0.0000000000
144224  -43.190  -40.743  35.822 0.0000000000
43093  -43.748  -41.245  35.717 0.0000000000
43094  -44.405  -41.822  35.384 0.0000000000
41097  -43.762  -42.726  33.544 0.0000000000
42123  -43.177  -42.447  33.158 0.0000000000
134933  -42.530  -42.144  32.661 0.0000000000
43143  -42.330  -41.543  32.195 0.0000000000
50115  -39.681  -34.520  33.168 0.0000000000
49100  -38.630  -35.011  31.866 0.0000000000
50141  -38.438  -34.530  30.153 0.0000000000
51132  -38.559  -33.818  30.356 0.0000000000
58366  -53.702  -26.329  39.882 0.0000000000
57416  -53.404  -27.041  39.864 0.0000000000
55656  -53.222  -28.435  38.948 0.0000000000
56530  -53.442  -27.934  39.380 0.0000000000
55657  -53.722  -28.391  38.863 0.0000000000
54779  -53.777  -29.511  37.693 0.0000000000
56540  -54.530  -27.514  38.382 0.0000000000
55671  -54.050  -28.852  38.061 0.0000000000
138313  -53.991  -30.179  37.263 0.0000000000
53055  -54.563  -31.457  36.338 0.0000000000
53065  -54.650  -32.231  36.033 0.0000000000
150780  -57.856  -27.933  33.139 0.0000000000
147104  -57.708  -28.889  33.140 0.0000000000
54838  -58.032  -29.922  32.606 0.0000000000
54019  -57.979  -31.460  32.293 0.0000000000
54857  -58.585  -30.747  31.113 0.0000000000
54032  -58.069  -31.600  31.480 0.0000000000
148712  -57.351  -31.753  31.347 0.0000000000
54038  -54.882  -30.678  30.717 0.0000000000
54037  -53.743  -30.356  30.569 0.0000000000
146338  -53.004  -29.974  30.120 0.0000000000
128915  -52.795  -29.529  29.529 0.0000000000
54877  -53.485  -29.100  29.135 0.0000000000
131756  -54.199  -28.894  28.798 0.0000000000
55742  -52.649  -28.449  28.017 0.0000000000
55756  -53.159  -28.080  27.479 0.0000000000
130619  -60.099  -26.188  26.274 0.0000000000
56644  -60.011  -28.022  26.116 0.0000000000
56659  -60.162  -27.310  25.581 0.0000000000
125786  -58.199  -26.789  24.214 0.0000000000
39964  -25.507  -44.346  50.590 0.0000000000
137642  -25.801  -44.774  49.896 0.0000000000
38999  -25.656  -44.916  49.191 0.0000000000
38114  -29.441  -46.211  41.713 0.0000000000
130688  -29.722  -45.881  40.856 0.0000000000
133661  -28.759  -45.908  40.742 0.0000000000
38127  -27.933  -45.885  39.673 0.0000000000
38136  -27.237  -46.236  38.865 0.0000000000
151129  -26.794  -47.397  38.601 0.0000000000
36114  -27.334  -48.107  38.589 0.0000000000
36129  -28.648  -47.987  37.910 0.0000000000
36116  -29.075  -48.626  38.407 0.0000000000
44104  -41.184  -40.441  38.679 0.0000000000
130378  -39.852  -40.269  38.790 0.0000000000
44118  -40.737  -40.773  37.884 0.0000000000
43080  -40.187  -41.250  37.392 0.0000000000
42070  -40.547  -42.194  37.265 0.0000000000
41054  -41.978  -43.132  37.547 0.0000000000
41053  -40.955  -43.297  37.390 0.0000000000
41052  -39.964  -42.986  37.211 0.0000000000
41051  -39.469  -43.746  37.204 0.0000000000
53119  -41.372  -31.544  31.424 0.0000000000
53109  -41.324  -31.332  32.087 0.0000000000
151595  -42.689  -30.348  32.210 0.0000000000
53995  -42.576  -30.489  33.611 0.0000000000
54012  -42.571  -30.276  32.859 0.0000000000
54013  -43.213  -29.883  32.536 0.0000000000
54833  -43.762  -29.332  32.949 0.0000000000
54834  -44.474  -29.137  32.731 0.0000000000
54796  -44.252  -29.036  35.415 0.0000000000
55677  -44.595  -28.440  35.874 0.0000000000
55711  -44.960  -28.653  33.098 0.0000000000
55713  -46.270  -28.472  33.214 0.0000000000
55701  -47.473  -28.035  34.047 0.0000000000
55688  -48.791  -27.943  34.890 0.0000000000
127032  -45.581  -35.540  44.838 0.0000000000
47937  -45.331  -35.780  44.025 0.0000000000
47938  -46.179  -35.896  44.090 0.0000000000
46959  -47.799  -37.492  43.227 0.0000000000
47963  -48.080  -36.809  43.444 0.0000000000
46960  -48.379  -37.381  43.014 0.0000000000
133970  -48.542  -37.988  42.192 0.0000000000
138220  -48.474  -38.623  41.126 0.0000000000
46069  -47.942  -38.858  40.224 0.0000000000
50027  -48.066  -35.306  42.353 0.0000000000
48001  -47.436  -36.953  40.903 0.0000000000
48000  -46.790  -36.296  40.982 0.0000000000
47009  -46.496  -37.722  39.981 0.0000000000
46068  -46.256  -38.592  39.557 0.0000000000
147481  -45.635  -39.131  39.099 0.0000000000
45118  -44.888  -39.084  38.683 0.0000000000
45125  -43.779  -39.501  37.595 0.0000000000
46092  -43.029  -39.268  37.096 0.0000000000
46083  -43.449  -38.579  37.646 0.0000000000
45140  -41.381  -39.620  34.244 0.0000000000
45139  -40.815  -39.183  33.745 0.0000000000
47057  -39.879  -37.799  33.743 0.0000000000
47035  -40.700  -37.331  35.149 0.0000000000
48060  -39.909  -36.626  34.164 0.0000000000
49090  -39.705  -35.173  33.493 0.0000000000
50078  -42.182  -34.903  36.533 0.0000000000
50094  -41.612  -34.871  35.809 0.0000000000
50110  -41.101  -34.997  35.080 0.0000000000
50109  -40.617  -34.793  34.433 0.0000000000
50116  -40.167  -34.618  33.800 0.0000000000
51105  -40.214  -33.765  33.386 0.0000000000
52086  -41.422  -32.596  34.229 0.0000000000
52104  -40.498  -32.825  33.090 0.0000000000
52114  -40.272  -32.597  32.292 0.0000000000
55747  -58.938  -29.253  29.165 0.0000000000
56616  -57.384  -27.398  28.909 0.0000000000
57564  -57.180  -26.738  28.283 0.0000000000
57571  -57.164  -26.012  27.610 0.0000000000
58543  -58.232  -25.979  27.133 0.0000000000
58550  -58.631  -24.936  26.813 0.0000000000
132664  -56.533  -22.739  28.200 0.0000000000
59479  -57.880  -24.143  26.834 0.0000000000
58551  -59.463  -25.817  26.732 0.0000000000
133865  -59.574  -24.778  26.507 0.0000000000
59480  -60.035  -24.246  26.179 0.0000000000
59481  -60.273  -24.710  25.907 0.0000000000
150213  -59.947  -23.227  25.879 0.0000000000
60573  -60.236  -24.061  25.612 0.0000000000
37020  -29.972  -47.411  47.925 0.0000000000
147240  -29.522  -47.305  47.226 0.0000000000
37060  -31.300  -47.840  45.112 0.0000000000
37070  -30.498  -47.565  44.454 0.0000000000
37087  -30.588  -47.361  43.636 0.0000000000
38099  -30.565  -46.948  42.844 0.0000000000
36078  -34.226  -48.098  43.975 0.0000000000
37090  -33.582  -47.712  43.515 0.0000000000
141517  -33.060  -47.388  43.084 0.0000000000
38103  -33.902  -46.618  42.381 0.0000000000
37103  -32.281  -47.314  43.010 0.0000000000
38101  -32.053  -46.714  42.353 0.0000000000
39091  -30.881  -45.466  40.034 0.0000000000
39093  -32.620  -45.306  40.302 0.0000000000
39101  -31.192  -45.165  39.104 0.0000000000
39109  -31.496  -44.871  38.124 0.0000000000
40078  -31.842  -44.836  37.392 0.0000000000
39121  -31.969  -45.215  36.850 0.0000000000
53130  -41.545  -31.807  30.907 0.0000000000
52137  -42.317  -32.358  30.279 0.0000000000
51148  -43.164  -33.281  29.554 0.0000000000
51125  -44.418  -33.785  31.374 0.0000000000
51124  -43.762  -33.403  30.947 0.0000000000
151294  -49.251  -38.763  33.313 0.0000000000
48077  -48.818  -37.793  32.278 0.0000000000
40980  -40.215  -43.734  44.547 0.0000000000
41977  -39.504  -42.620  43.298 0.0000000000
43001  -39.245  -41.650  42.878 0.0000000000
44067  -40.465  -40.013  40.195 0.0000000000
46023  -40.564  -38.444  42.952 0.0000000000
45079  -41.283  -39.276  41.402 0.0000000000
45078  -40.423  -39.342  41.626 0.0000000000
45096  -40.766  -39.693  40.906 0.0000000000
150740  -41.850  -40.730  38.647 0.0000000000
43058  -42.405  -41.192  38.636 0.0000000000
42050  -42.824  -41.942  38.188 0.0000000000
42032  -44.090  -42.085  39.320 0.0000000000
145350  -43.567  -43.024  38.238 0.0000000000
41038  -43.935  -43.568  38.279 0.0000000000
40083  -44.641  -45.027  38.239 0.0000000000
39113  -45.226  -46.007  38.291 0.0000000000
47960  -45.573  -36.400  43.451 0.0000000000
46972  -46.151  -38.282  42.827 0.0000000000
130731  -46.451  -39.104  42.735 0.0000000000
45065  -47.896  -39.525  42.343 0.0000000000
45064  -46.995  -39.633  42.617 0.0000000000
45063  -46.037  -39.857  42.481 0.0000000000
44034  -46.447  -40.502  42.288 0.0000000000
43013  -46.278  -41.696  41.767 0.0000000000
41999  -46.487  -42.210  41.463 0.0000000000
44106  -46.448  -40.580  39.067 0.0000000000
131847  -47.106  -41.362  39.172 0.0000000000
43062  -47.784  -41.925  39.245 0.0000000000
42054  -48.115  -42.905  38.533 0.0000000000
43063  -48.137  -42.350  39.303 0.0000000000
42017  -48.325  -42.526  39.884 0.0000000000
41012  -47.809  -42.961  40.522 0.0000000000
130600  -46.684  -42.659  41.100 0.0000000000
41025  -47.355  -43.632  39.974 0.0000000000
40070  -47.317  -44.329  39.165 0.0000000000
40115  -47.975  -45.244  37.336 0.0000000000
39116  -47.993  -45.330  38.069 0.0000000000
40085  -46.914  -45.222  38.555 0.0000000000
39114  -46.185  -46.011  38.189 0.0000000000
38154  -46.007  -46.522  37.921 0.0000000000
38140  -45.477  -46.628  38.168 0.0000000000
48073  -38.597  -36.053  31.220 0.0000000000
54744  -47.617  -29.450  42.612 0.0000000000
54743  -47.237  -29.137  42.077 0.0000000000
147187  -47.890  -28.875  43.021 0.0000000000
55612  -48.000  -28.221  43.132 0.0000000000
56493  -48.830  -27.143  43.820 0.0000000000
125722  -26.349  -44.658  51.157 0.0000000000
38968  -27.037  -45.215  50.891 0.0000000000
38987  -27.696  -45.785  50.426 0.0000000000
37991  -28.790  -46.676  49.588 0.0000000000
37008  -29.716  -47.205  48.766 0.0000000000
37021  -30.835  -47.546  47.773 0.0000000000
36038  -32.246  -48.190  46.857 0.0000000000
36052  -33.793  -48.565  45.973 0.0000000000
36053  -34.660  -48.608  45.645 0.0000000000
36054  -35.457  -48.616  45.873 0.0000000000
36067  -36.198  -48.495  45.144 0.0000000000
37074  -37.024  -48.170  44.914 0.0000000000
37075  -37.678  -47.832  44.974 0.0000000000
39072  -39.551  -45.411  44.687 0.0000000000
40014  -40.259  -44.303  45.158 0.0000000000
42990  -40.648  -42.371  45.532 0.0000000000
42980  -40.710  -42.065  45.976 0.0000000000
128614  -40.517  -40.368  45.521 0.0000000000
45985  -40.460  -38.768  45.601 0.0000000000
126596  -40.550  -39.356  46.637 0.0000000000
46933  -40.602  -37.771  45.250 0.0000000000
46944  -40.971  -36.978  44.955 0.0000000000
47903  -41.162  -36.641  46.257 0.0000000000
47936  -42.115  -36.017  45.378 0.0000000000
48961  -42.927  -35.548  45.279 0.0000000000
48962  -43.870  -35.358  45.290 0.0000000000
130034  -44.279  -35.441  46.091 0.0000000000
48948  -44.867  -35.425  45.508 0.0000000000
48950  -46.877  -35.235  45.308 0.0000000000
49987  -46.108  -34.803  46.597 0.0000000000
48938  -46.467  -34.982  45.910 0.0000000000
48951  -47.571  -35.136  44.926 0.0000000000
49997  -48.336  -34.097  44.656 0.0000000000
135399  -47.857  -33.070  45.405 0.0000000000
50987  -48.501  -33.210  44.786 0.0000000000
50993  -48.702  -33.733  44.209 0.0000000000
51001  -48.651  -33.394  43.703 0.0000000000
51972  -48.482  -32.951  43.341 0.0000000000
131415  -48.150  -31.154  43.173 0.0000000000
53894  -47.836  -30.766  42.858 0.0000000000
136191  -47.808  -29.985  42.885 0.0000000000
55624  -47.225  -28.377  42.085 0.0000000000
151236  -47.904  -26.269  42.358 0.0000000000
57398  -47.332  -26.423  41.924 0.0000000000
57407  -46.693  -27.029  41.314 0.0000000000
57406  -46.182  -26.551  40.680 0.0000000000
58355  -46.015  -25.781  40.402 0.0000000000
140638  -45.969  -24.936  39.939 0.0000000000
61294  -48.858  -23.046  43.132 0.0000000000
60365  -48.084  -23.463  41.995 0.0000000000
129835  -48.348  -22.712  41.999 0.0000000000
59305  -46.875  -23.759  40.486 0.0000000000
59304  -46.450  -24.306  40.234 0.0000000000
58363  -45.739  -24.931  39.073 0.0000000000
59324  -46.359  -24.398  38.513 0.0000000000
59337  -46.718  -24.785  37.780 0.0000000000
58387  -47.167  -25.393  37.241 0.0000000000
60402  -48.232  -24.104  38.346 0.0000000000
59338  -47.787  -24.849  37.711 0.0000000000
58398  -48.121  -25.620  37.167 0.0000000000
57449  -48.228  -26.262  36.702 0.0000000000
150417  -48.764  -27.192  36.027 0.0000000000
56564  -49.171  -27.681  35.616 0.0000000000
61352  -50.642  -22.462  39.958 0.0000000000
59314  -50.623  -24.026  39.534 0.0000000000
59327  -49.941  -24.512  38.849 0.0000000000
132610  -50.367  -25.506  38.760 0.0000000000
58377  -49.927  -25.960  38.029 0.0000000000
56537  -49.626  -27.075  36.916 0.0000000000
55689  -49.603  -28.336  35.151 0.0000000000
146412  -49.856  -29.052  34.824 0.0000000000
53966  -50.073  -30.816  34.818 0.0000000000
54798  -51.011  -29.610  35.830 0.0000000000
53062  -50.415  -31.713  35.387 0.0000000000
52064  -49.782  -33.299  35.765 0.0000000000
51077  -49.522  -34.082  35.851 0.0000000000
50097  -49.770  -35.340  36.166 0.0000000000
55669  -52.938  -29.026  38.196 0.0000000000
54777  -52.957  -29.845  37.499 0.0000000000
53957  -52.361  -31.213  36.645 0.0000000000
52047  -52.203  -33.125  36.706 0.0000000000
51054  -51.516  -33.883  36.659 0.0000000000
50098  -51.158  -36.033  36.579 0.0000000000
49075  -50.469  -36.905  36.302 0.0000000000
48040  -50.796  -37.681  35.949 0.0000000000
48056  -50.862  -37.789  35.423 0.0000000000
49095  -50.803  -37.441  34.642 0.0000000000
49096  -51.818  -36.325  34.648 0.0000000000
144931  -51.186  -36.629  34.371 0.0000000000
49105  -50.477  -36.346  33.647 0.0000000000
126639  -49.874  -35.577  32.845 0.0000000000
50138  -49.126  -34.595  31.852 0.0000000000
150969  -55.197  -30.207  35.947 0.0000000000
53066  -55.175  -31.856  35.584 0.0000000000
52068  -55.056  -32.679  35.287 0.0000000000
54821  -57.219  -29.681  33.632 0.0000000000
53082  -56.831  -31.715  33.814 0.0000000000
52111  -56.500  -32.154  32.647 0.0000000000
53102  -56.510  -32.237  33.790 0.0000000000
52092  -55.777  -32.620  34.302 0.0000000000
52091  -54.870  -33.159  34.652 0.0000000000
51111  -53.856  -33.916  34.196 0.0000000000
51110  -53.202  -34.265  33.889 0.0000000000
51119  -51.547  -33.862  32.875 0.0000000000
51118  -50.213  -34.063  32.328 0.0000000000
51128  -49.535  -33.966  31.837 0.0000000000
51127  -48.844  -33.925  31.291 0.0000000000
51137  -48.410  -33.429  30.553 0.0000000000
51150  -47.982  -32.998  29.832 0.0000000000
52154  -48.380  -32.123  29.665 0.0000000000
52153  -47.833  -32.407  29.254 0.0000000000
53158  -47.477  -31.615  28.182 0.0000000000
54047  -51.421  -30.151  29.713 0.0000000000
140980  -50.619  -30.217  29.423 0.0000000000
54046  -49.847  -30.334  29.183 0.0000000000
54860  -50.330  -29.761  28.774 0.0000000000
54057  -49.506  -29.997  28.553 0.0000000000
54056  -48.680  -30.376  28.318 0.0000000000
54055  -47.980  -30.499  27.758 0.0000000000
54868  -59.188  -29.841  28.769 0.0000000000
54890  -58.312  -30.126  28.106 0.0000000000
55759  -57.648  -29.548  27.397 0.0000000000
55758  -56.361  -28.943  27.304 0.0000000000
55773  -53.740  -27.741  26.853 0.0000000000
56639  -53.430  -27.359  26.282 0.0000000000
135960  -58.038  -28.066  25.563 0.0000000000
56656  -55.963  -27.419  25.724 0.0000000000
57588  -55.643  -26.752  25.100 0.0000000000
56655  -55.043  -27.081  25.691 0.0000000000
56653  -52.820  -27.127  25.884 0.0000000000
56638  -51.989  -27.382  26.044 0.0000000000
40924  -23.961  -43.806  50.760 0.0000000000
39962  -23.652  -43.980  50.098 0.0000000000
130491  -23.941  -44.293  48.825 0.0000000000
38011  -22.281  -46.507  48.263 0.0000000000
132455  -22.449  -45.808  47.742 0.0000000000
37039  -28.948  -47.060  46.802 0.0000000000
37038  -28.147  -46.695  46.182 0.0000000000
126265  -27.310  -46.283  46.032 0.0000000000
38045  -26.491  -46.017  45.455 0.0000000000
150478  -26.962  -46.066  42.074 0.0000000000
38083  -26.321  -46.051  43.765 0.0000000000
38043  -24.762  -45.774  44.645 0.0000000000
39059  -23.868  -45.806  44.491 0.0000000000
38065  -23.074  -46.041  44.438 0.0000000000
128343  -22.910  -46.507  43.783 0.0000000000
38064  -22.700  -46.522  44.631 0.0000000000
36107  -26.244  -48.550  39.771 0.0000000000
40034  -39.261  -44.004  43.074 0.0000000000
40045  -38.406  -44.013  41.882 0.0000000000
40997  -38.529  -43.175  41.631 0.0000000000
40044  -37.730  -44.291  41.522 0.0000000000
40057  -37.207  -43.827  40.874 0.0000000000
150111  -36.044  -43.786  40.285 0.0000000000
126950  -38.843  -40.411  38.693 0.0000000000
43056  -38.246  -40.735  39.019 0.0000000000
43038  -37.739  -41.258  39.321 0.0000000000
43077  -37.811  -41.097  37.225 0.0000000000
43055  -37.607  -41.020  38.411 0.0000000000
43037  -37.163  -41.482  38.926 0.0000000000
42012  -36.798  -42.604  39.721 0.0000000000
41022  -36.033  -42.702  39.143 0.0000000000
41006  -35.696  -43.492  39.756 0.0000000000
40067  -34.943  -43.838  39.551 0.0000000000
41020  -34.415  -43.603  38.625 0.0000000000
41035  -33.856  -43.761  37.785 0.0000000000
41050  -35.045  -43.087  37.009 0.0000000000
40092  -33.093  -44.264  37.534 0.0000000000
146833  -33.077  -44.413  36.982 0.0000000000
40107  -32.915  -44.779  36.760 0.0000000000
38163  -32.493  -45.687  36.659 0.0000000000
38150  -41.582  -46.753  38.259 0.0000000000
39110  -41.042  -46.063  38.044 0.0000000000
39126  -40.043  -45.735  37.817 0.0000000000
139315  -39.287  -45.258  37.514 0.0000000000
39124  -38.444  -45.470  37.322 0.0000000000
38169  -39.055  -46.569  38.044 0.0000000000
148095  -38.529  -46.207  37.732 0.0000000000
39123  -37.598  -45.406  37.060 0.0000000000
39122  -36.905  -45.712  37.052 0.0000000000
38178  -35.385  -45.425  36.615 0.0000000000
37158  -35.897  -46.831  37.494 0.0000000000
38166  -35.269  -46.218  36.956 0.0000000000
38177  -34.759  -45.648  36.621 0.0000000000
38164  -33.392  -46.192  36.739 0.0000000000
140281  -32.503  -46.556  36.862 0.0000000000
147096  -31.893  -46.886  37.015 0.0000000000
36151  -31.876  -47.664  37.497 0.0000000000
37133  -27.406  -47.248  38.186 0.0000000000
37154  -32.474  -47.257  37.237 0.0000000000
38170  -39.698  -46.378  37.972 0.0000000000
38172  -46.831  -46.136  37.305 0.0000000000
38189  -45.825  -45.980  36.359 0.0000000000
39128  -47.430  -45.779  37.666 0.0000000000
39131  -32.546  -45.064  36.701 0.0000000000
39145  -47.044  -45.059  36.197 0.0000000000
40058  -48.293  -43.543  39.481 0.0000000000
40086  -48.305  -44.600  38.440 0.0000000000
41010  -46.589  -43.083  40.606 0.0000000000
41011  -47.288  -43.089  40.659 0.0000000000
41013  -48.283  -43.060  39.999 0.0000000000
41040  -48.417  -43.655  38.291 0.0000000000
41067  -34.810  -43.679  36.725 0.0000000000
42000  -47.321  -42.466  41.072 0.0000000000
42031  -36.643  -41.998  39.016 0.0000000000
42034  -48.322  -42.629  39.433 0.0000000000
42051  -43.532  -42.319  38.527 0.0000000000
42085  -38.580  -42.109  36.769 0.0000000000
43002  -47.645  -40.995  41.677 0.0000000000
43014  -47.075  -41.750  41.576 0.0000000000
43015  -47.934  -41.718  41.093 0.0000000000
43023  -37.931  -41.616  40.003 0.0000000000
43092  -38.791  -41.457  36.933 0.0000000000
44051  -45.989  -41.199  42.057 0.0000000000
44068  -41.890  -40.261  40.205 0.0000000000
44071  -48.322  -40.464  40.766 0.0000000000
44101  -38.308  -40.647  38.318 0.0000000000
44102  -39.490  -40.370  38.422 0.0000000000
44103  -40.229  -40.396  38.422 0.0000000000
45062  -44.619  -40.157  41.972 0.0000000000
45081  -43.799  -40.099  41.702 0.0000000000
45083  -48.476  -39.263  41.286 0.0000000000
45109  -48.152  -39.686  40.383 0.0000000000
45135  -41.417  -39.324  35.215 0.0000000000
46009  -48.133  -38.048  42.867 0.0000000000
46029  -46.948  -38.502  42.844 0.0000000000
46056  -47.904  -38.070  40.311 0.0000000000
46094  -40.657  -38.046  35.024 0.0000000000
46957  -45.871  -37.293  43.022 0.0000000000
46986  -48.336  -37.252  41.802 0.0000000000
47010  -47.376  -37.622  40.387 0.0000000000
48015  -44.394  -36.399  38.859 0.0000000000
48037  -41.093  -36.791  35.530 0.0000000000
49996  -47.755  -34.535  45.081 0.0000000000
50017  -48.346  -35.078  42.697 0.0000000000
50099  -52.142  -35.765  36.551 0.0000000000
50100  -52.694  -35.200  36.318 0.0000000000
50101  -53.204  -34.678  36.079 0.0000000000
50113  -53.365  -34.742  35.364 0.0000000000
51101  -54.174  -33.647  35.094 0.0000000000
51104  -39.696  -33.936  32.828 0.0000000000
51960  -48.664  -32.594  43.765 0.0000000000
52957  -47.997  -31.767  42.848 0.0000000000
52990  -46.671  -31.244  41.396 0.0000000000
53053  -52.605  -32.236  36.823 0.0000000000
53103  -57.002  -31.969  33.112 0.0000000000
53958  -52.943  -30.748  37.130 0.0000000000
53968  -51.708  -30.369  36.243 0.0000000000
53979  -55.817  -31.445  35.008 0.0000000000
54031  -56.601  -31.603  31.197 0.0000000000
54809  -56.824  -29.310  34.177 0.0000000000
54863  -53.625  -29.683  29.822 0.0000000000
54882  -59.116  -29.990  28.197 0.0000000000
55771  -51.716  -27.876  26.741 0.0000000000
55789  -59.616  -28.555  26.063 0.0000000000
55790  -59.877  -27.936  25.579 0.0000000000
56507  -47.897  -26.920  42.582 0.0000000000
56520  -53.261  -27.520  39.681 0.0000000000
56521  -53.565  -27.475  39.562 0.0000000000
56538  -50.183  -27.172  37.497 0.0000000000
56550  -48.919  -26.739  36.608 0.0000000000
56630  -59.902  -27.955  26.734 0.0000000000
56657  -56.960  -27.797  25.696 0.0000000000
56669  -59.021  -27.274  24.649 0.0000000000
57392  -48.343  -26.094  42.762 0.0000000000
57579  -60.094  -27.208  26.217 0.0000000000
57591  -60.380  -26.614  25.081 0.0000000000
58341  -48.731  -25.612  43.012 0.0000000000
58552  -60.048  -25.164  26.281 0.0000000000
60348  -48.736  -23.271  42.712 0.0000000000
60387  -46.853  -23.773  38.858 0.0000000000
62221  -49.366  -21.876  39.987 0.0000000000
130243  -45.430  -41.140  41.879 0.0000000000
130495  -48.261  -40.800  41.287 0.0000000000
134251  -45.645  -41.996  36.996 0.0000000000
134550  -43.972  -35.056  38.505 0.0000000000
135830  -48.475  -37.895  42.666 0.0000000000
138068  -48.440  -43.804  38.811 0.0000000000
138425  -47.926  -22.845  41.393 0.0000000000
140933  -44.436  -44.082  38.296 0.0000000000
142764  -50.683  -32.379  35.860 0.0000000000
145102  -45.223  -26.489  37.560 0.0000000000
145148  -45.661  -25.572  39.654 0.0000000000
146705  -49.704  -38.136  35.483 0.0000000000
146716  -48.227  -40.227  40.445 0.0000000000
147423  -46.318  -35.217  45.676 0.0000000000
147898  -48.611  -34.370  44.178 0.0000000000
148120  -41.248  -31.805  33.166 0.0000000000
148419  -48.168  -36.613  41.786 0.0000000000
149130  -52.504  -24.143  40.475 0.0000000000
149497  -45.107  -40.421  42.069 0.0000000000
149639  -47.102  -40.714  39.450 0.0000000000
150069  -31.740  -47.054  42.751 0.0000000000
150913  -56.358  -28.609  26.791 0.0000000000
151579  -47.985  -31.972  33.715 0.0000000000
