#!ascii label  , from subject sub-v1s13x0050059_ses-1 vox2ras=TkReg
294
79750  29.075  -3.643  -28.447 0.0000000000
70918  25.703  -13.832  -21.965 0.0000000000
85060  25.142  3.125  -28.860 0.0000000000
93699  18.144  12.903  -30.066 0.0000000000
69102  24.098  -15.959  -21.775 0.0000000000
88583  24.550  6.891  -27.293 0.0000000000
126262  23.844  9.105  -28.815 0.0000000000
77133  27.435  -6.251  -26.604 0.0000000000
74344  27.934  -9.314  -25.136 0.0000000000
77117  29.251  -6.269  -26.347 0.0000000000
83284  27.897  -0.041  -26.175 0.0000000000
79735  30.487  -3.519  -26.573 0.0000000000
83302  26.638  0.164  -28.784 0.0000000000
138149  25.333  3.412  -26.365 0.0000000000
92055  20.242  11.363  -29.869 0.0000000000
92842  21.632  12.031  -29.515 0.0000000000
72612  27.403  -11.456  -22.651 0.0000000000
90300  23.877  8.377  -29.618 0.0000000000
91207  23.226  9.051  -29.970 0.0000000000
78043  28.521  -5.325  -27.203 0.0000000000
77124  28.697  -6.465  -26.555 0.0000000000
78041  29.518  -5.121  -27.479 0.0000000000
70022  25.152  -14.428  -22.459 0.0000000000
84197  25.533  1.823  -28.761 0.0000000000
84186  26.324  1.283  -27.831 0.0000000000
85908  25.355  3.146  -28.083 0.0000000000
90282  24.174  8.064  -26.565 0.0000000000
88577  24.336  6.641  -26.350 0.0000000000
149053  19.051  12.509  -28.182 0.0000000000
91211  20.154  10.331  -29.275 0.0000000000
92848  19.681  11.465  -29.470 0.0000000000
96993  17.962  15.969  -33.159 0.0000000000
138423  19.717  15.125  -31.937 0.0000000000
94502  20.324  13.142  -30.740 0.0000000000
135619  21.376  14.118  -29.691 0.0000000000
93680  21.909  12.667  -29.056 0.0000000000
74335  28.153  -9.311  -24.591 0.0000000000
73453  27.664  -10.627  -24.507 0.0000000000
149814  23.596  -16.445  -21.654 0.0000000000
86775  25.036  4.814  -28.193 0.0000000000
88587  24.877  6.235  -28.835 0.0000000000
89434  24.302  8.328  -28.379 0.0000000000
91171  23.708  9.905  -27.468 0.0000000000
74353  26.803  -9.505  -25.448 0.0000000000
147620  27.129  -8.113  -25.901 0.0000000000
76190  28.442  -7.923  -25.674 0.0000000000
76181  28.520  -7.786  -24.932 0.0000000000
81549  28.874  -1.915  -28.158 0.0000000000
80652  30.032  -3.367  -28.261 0.0000000000
81539  29.587  -1.872  -26.616 0.0000000000
79752  27.330  -2.924  -28.136 0.0000000000
80664  26.937  -2.053  -28.305 0.0000000000
81558  27.682  -1.519  -28.566 0.0000000000
83293  27.159  0.129  -27.578 0.0000000000
84170  26.568  1.571  -25.844 0.0000000000
85026  25.670  2.803  -24.919 0.0000000000
86765  24.710  4.782  -26.298 0.0000000000
150397  24.653  4.564  -25.419 0.0000000000
148141  20.819  9.522  -30.434 0.0000000000
133682  18.699  13.609  -31.495 0.0000000000
93697  20.173  12.460  -30.425 0.0000000000
92854  20.991  11.370  -30.312 0.0000000000
144187  21.888  10.163  -30.314 0.0000000000
139317  22.469  11.092  -29.089 0.0000000000
92031  23.125  11.038  -28.168 0.0000000000
70939  25.968  -13.048  -23.352 0.0000000000
73454  27.019  -10.880  -24.866 0.0000000000
78896  30.044  -4.990  -26.743 0.0000000000
77095  29.000  -6.260  -24.399 0.0000000000
90310  23.009  8.221  -30.645 0.0000000000
90311  22.008  8.578  -31.023 0.0000000000
78912  28.560  -4.742  -27.907 0.0000000000
78048  29.151  -5.089  -27.819 0.0000000000
78910  29.637  -4.767  -28.106 0.0000000000
67234  22.899  -17.486  -20.597 0.0000000000
68207  23.301  -16.910  -21.164 0.0000000000
149077  25.208  2.316  -28.957 0.0000000000
85049  25.713  2.448  -27.983 0.0000000000
90272  24.069  8.871  -26.687 0.0000000000
90271  24.049  8.567  -25.684 0.0000000000
93682  18.730  12.552  -28.866 0.0000000000
92843  19.284  11.664  -28.738 0.0000000000
92849  19.158  12.176  -29.383 0.0000000000
92857  19.039  12.589  -29.981 0.0000000000
95309  20.560  14.787  -30.821 0.0000000000
74327  28.107  -9.066  -23.504 0.0000000000
74328  27.893  -9.907  -23.174 0.0000000000
70038  24.235  -14.334  -23.415 0.0000000000
87718  24.845  5.377  -29.054 0.0000000000
148089  24.654  6.752  -29.440 0.0000000000
140077  23.975  9.111  -27.683 0.0000000000
91185  23.673  9.643  -28.243 0.0000000000
94493  17.569  13.598  -29.063 0.0000000000
76198  26.780  -7.604  -26.109 0.0000000000
77126  27.187  -7.002  -26.394 0.0000000000
133176  28.948  -6.659  -26.418 0.0000000000
76196  28.536  -7.251  -26.298 0.0000000000
77118  28.924  -7.228  -26.008 0.0000000000
140118  28.872  -6.992  -25.162 0.0000000000
68221  24.112  -16.423  -20.913 0.0000000000
82410  28.171  -0.772  -26.843 0.0000000000
81540  28.816  -1.526  -27.228 0.0000000000
82409  29.028  -1.047  -26.286 0.0000000000
78905  26.978  -4.478  -27.261 0.0000000000
83311  26.370  0.436  -28.612 0.0000000000
81569  26.682  -0.718  -28.651 0.0000000000
131657  27.146  -1.430  -28.566 0.0000000000
81568  27.170  -0.753  -28.644 0.0000000000
82427  27.549  -0.889  -28.508 0.0000000000
83301  27.125  -0.135  -28.477 0.0000000000
85048  26.056  2.007  -27.459 0.0000000000
84178  26.460  1.451  -26.835 0.0000000000
85040  26.053  2.095  -26.402 0.0000000000
85032  26.130  2.190  -25.401 0.0000000000
85033  25.657  2.753  -25.884 0.0000000000
87713  24.867  5.728  -28.042 0.0000000000
86770  25.045  4.626  -27.257 0.0000000000
87708  24.802  5.314  -27.167 0.0000000000
87703  24.457  5.285  -25.366 0.0000000000
86761  24.680  4.776  -24.679 0.0000000000
92048  20.168  10.878  -29.662 0.0000000000
91197  20.378  9.506  -29.233 0.0000000000
91210  20.493  9.721  -29.771 0.0000000000
90313  20.599  8.864  -29.975 0.0000000000
92047  20.530  10.258  -30.046 0.0000000000
95330  18.506  14.907  -32.710 0.0000000000
96994  16.130  15.889  -33.056 0.0000000000
95320  18.610  14.232  -32.177 0.0000000000
94503  19.956  12.963  -30.952 0.0000000000
93688  20.876  13.087  -30.048 0.0000000000
93696  20.699  12.164  -30.110 0.0000000000
137833  21.191  11.821  -29.930 0.0000000000
92053  21.279  10.573  -30.483 0.0000000000
92847  21.677  11.360  -29.877 0.0000000000
92046  21.989  10.714  -30.000 0.0000000000
93679  22.462  12.697  -28.295 0.0000000000
92837  22.780  11.846  -28.260 0.0000000000
93672  23.081  12.590  -27.627 0.0000000000
92836  23.354  11.741  -27.483 0.0000000000
71795  25.481  -12.678  -23.767 0.0000000000
74346  26.590  -10.322  -25.155 0.0000000000
74345  27.465  -10.047  -25.146 0.0000000000
72621  27.539  -11.247  -23.764 0.0000000000
133470  27.189  -11.842  -23.449 0.0000000000
71783  27.021  -12.198  -22.833 0.0000000000
79744  30.326  -3.526  -27.553 0.0000000000
78895  30.252  -4.319  -27.412 0.0000000000
78885  30.363  -4.128  -26.245 0.0000000000
88588  24.068  6.760  -30.246 0.0000000000
89446  23.435  7.511  -30.457 0.0000000000
77132  28.150  -5.912  -26.772 0.0000000000
77125  28.119  -6.682  -26.577 0.0000000000
77131  28.670  -5.912  -26.769 0.0000000000
77123  29.090  -5.851  -26.742 0.0000000000
78038  29.560  -5.469  -26.863 0.0000000000
69101  24.659  -15.168  -21.866 0.0000000000
137067  24.537  -15.711  -21.108 0.0000000000
69087  25.077  -15.087  -20.682 0.0000000000
83274  27.636  0.622  -25.762 0.0000000000
82400  28.652  -0.332  -25.838 0.0000000000
84204  25.605  1.323  -28.678 0.0000000000
84196  26.121  1.043  -28.581 0.0000000000
83294  26.665  0.533  -28.178 0.0000000000
84187  25.876  1.841  -28.273 0.0000000000
85041  25.672  2.761  -27.072 0.0000000000
89429  24.320  7.351  -26.656 0.0000000000
89423  24.135  7.452  -25.702 0.0000000000
96129  18.927  15.509  -33.186 0.0000000000
95329  19.027  14.869  -32.492 0.0000000000
94511  19.953  13.514  -31.307 0.0000000000
94501  20.759  13.962  -30.435 0.0000000000
93687  21.299  12.489  -29.676 0.0000000000
94486  21.630  13.351  -29.331 0.0000000000
94485  22.257  13.530  -28.543 0.0000000000
140348  27.925  -9.927  -24.788 0.0000000000
74336  28.086  -9.988  -24.151 0.0000000000
73444  27.868  -10.539  -23.762 0.0000000000
68222  22.910  -16.610  -21.924 0.0000000000
69116  23.450  -16.143  -22.320 0.0000000000
69115  24.005  -15.571  -22.572 0.0000000000
70023  24.536  -14.897  -22.901 0.0000000000
70930  25.573  -13.753  -22.897 0.0000000000
86778  24.756  4.494  -29.301 0.0000000000
85912  25.077  3.882  -28.695 0.0000000000
147942  24.735  6.418  -27.909 0.0000000000
89440  24.412  7.581  -29.345 0.0000000000
89439  24.677  7.067  -28.377 0.0000000000
89433  24.457  7.707  -27.551 0.0000000000
135964  24.248  8.432  -27.356 0.0000000000
150210  23.894  9.497  -26.900 0.0000000000
93674  18.755  13.141  -28.214 0.0000000000
94492  18.105  13.092  -28.896 0.0000000000
94504  17.374  13.379  -29.753 0.0000000000
75269  26.975  -8.694  -25.674 0.0000000000
74352  27.543  -9.105  -25.434 0.0000000000
76197  27.701  -7.642  -26.207 0.0000000000
76191  28.147  -8.013  -25.956 0.0000000000
74351  28.040  -8.564  -25.508 0.0000000000
75258  28.205  -8.591  -25.090 0.0000000000
75246  28.373  -8.450  -24.246 0.0000000000
132426  28.269  -8.046  -23.222 0.0000000000
81557  28.844  -2.363  -28.471 0.0000000000
81548  29.473  -2.607  -28.231 0.0000000000
80640  29.960  -2.741  -27.384 0.0000000000
81538  30.270  -2.436  -26.420 0.0000000000
82399  29.395  -0.615  -25.500 0.0000000000
81527  29.683  -1.264  -25.867 0.0000000000
80627  30.901  -2.527  -25.848 0.0000000000
78904  27.908  -4.812  -27.439 0.0000000000
78913  27.765  -3.995  -27.868 0.0000000000
79751  28.206  -3.275  -28.360 0.0000000000
140394  27.762  -2.263  -28.536 0.0000000000
80663  28.643  -2.762  -28.517 0.0000000000
82426  28.261  -1.673  -28.494 0.0000000000
82418  28.231  -1.218  -27.976 0.0000000000
82411  27.583  -0.199  -26.975 0.0000000000
83286  26.765  0.764  -27.209 0.0000000000
83285  27.289  0.352  -26.630 0.0000000000
84169  27.303  1.235  -25.392 0.0000000000
84157  26.851  1.791  -24.964 0.0000000000
85909  25.295  4.049  -27.764 0.0000000000
85903  25.186  4.090  -26.819 0.0000000000
127328  24.463  5.736  -26.241 0.0000000000
85896  24.920  4.023  -25.869 0.0000000000
85895  25.220  3.393  -25.407 0.0000000000
90312  20.924  8.643  -30.951 0.0000000000
94514  17.847  13.435  -30.658 0.0000000000
95321  17.766  14.118  -31.368 0.0000000000
148031  19.013  12.933  -30.542 0.0000000000
93698  19.668  12.671  -30.631 0.0000000000
92855  20.533  11.691  -30.053 0.0000000000
92054  20.689  10.875  -30.314 0.0000000000
144172  20.837  10.144  -30.656 0.0000000000
91209  21.350  9.593  -30.785 0.0000000000
91208  22.446  9.625  -30.210 0.0000000000
92045  22.543  10.327  -29.595 0.0000000000
91196  23.258  9.826  -29.107 0.0000000000
92841  22.174  11.947  -29.022 0.0000000000
92038  22.978  10.499  -28.797 0.0000000000
92037  23.423  10.281  -28.171 0.0000000000
92030  23.594  10.814  -27.245 0.0000000000
70940  25.223  -13.424  -23.482 0.0000000000
70929  26.161  -13.243  -22.479 0.0000000000
72629  26.537  -11.502  -24.413 0.0000000000
72628  27.187  -11.266  -24.437 0.0000000000
137040  26.458  -11.987  -24.037 0.0000000000
71794  26.140  -12.443  -23.777 0.0000000000
71784  26.546  -12.723  -23.008 0.0000000000
78903  30.065  -4.664  -28.042 0.0000000000
130280  29.966  -4.999  -27.457 0.0000000000
78029  29.679  -5.680  -26.166 0.0000000000
78886  29.997  -4.797  -25.687 0.0000000000
77107  29.262  -6.440  -25.660 0.0000000000
77108  28.717  -7.081  -24.353 0.0000000000
71793  26.700  -12.255  -23.585 0.0000000000
75268  27.648  -8.367  -25.755 0.0000000000
75272  26.437  -8.107  -25.823 0.0000000000
78042  29.046  -5.405  -27.152 0.0000000000
78044  27.529  -5.391  -26.907 0.0000000000
78911  29.218  -4.498  -28.274 0.0000000000
79745  30.276  -4.031  -28.161 0.0000000000
79749  29.823  -4.052  -28.371 0.0000000000
80639  30.533  -3.014  -26.618 0.0000000000
80662  29.405  -3.126  -28.460 0.0000000000
81559  26.470  -1.349  -28.376 0.0000000000
82419  27.600  -0.538  -27.794 0.0000000000
82436  26.829  -0.129  -28.856 0.0000000000
84177  26.975  0.986  -26.266 0.0000000000
85054  25.431  2.400  -28.589 0.0000000000
85890  24.813  4.031  -24.986 0.0000000000
85902  25.420  3.515  -27.252 0.0000000000
88596  24.509  5.877  -29.946 0.0000000000
92856  19.829  12.024  -29.996 0.0000000000
93689  18.359  12.694  -29.388 0.0000000000
93690  17.762  13.057  -29.394 0.0000000000
94513  18.647  13.198  -30.811 0.0000000000
96137  18.528  15.565  -33.155 0.0000000000
97000  17.101  16.674  -32.944 0.0000000000
129544  26.988  -0.260  -28.843 0.0000000000
130140  24.621  6.124  -27.137 0.0000000000
132336  30.307  -1.816  -25.829 0.0000000000
136343  26.704  -6.525  -26.406 0.0000000000
140454  28.590  -4.073  -28.235 0.0000000000
145193  25.073  4.268  -24.320 0.0000000000
145593  28.264  -2.100  -28.573 0.0000000000
146637  19.737  10.963  -29.169 0.0000000000
146760  29.358  -2.124  -27.604 0.0000000000
148526  31.063  -3.019  -26.004 0.0000000000
150159  26.749  0.032  -28.891 0.0000000000
150557  20.442  12.659  -30.375 0.0000000000
151303  24.538  7.699  -28.400 0.0000000000
151566  28.703  -7.582  -25.592 0.0000000000
151924  28.608  -7.682  -26.041 0.0000000000
152337  26.334  -12.617  -23.470 0.0000000000
