#!ascii label  , from subject sub-v1s13x0050043_ses-1 vox2ras=TkReg
1972
18657  24.724  -61.451  -11.274 0.6000000238
17701  26.006  -62.324  -11.741 0.5000000000
20394  25.067  -58.927  -9.891 0.6999999881
21277  24.513  -58.352  -10.319 0.6000000238
22175  24.532  -57.554  -10.311 0.6000000238
23083  24.821  -56.371  -10.017 0.6000000238
18642  25.278  -61.033  -10.709 0.6999999881
18643  24.666  -60.806  -10.791 0.6000000238
19531  24.315  -60.118  -10.786 0.5000000000
20434  23.832  -59.394  -11.257 0.5000000000
20448  23.374  -59.458  -12.113 0.5000000000
22187  24.152  -57.888  -10.757 0.6000000238
117356  24.296  -56.285  -10.618 0.6000000238
18641  26.072  -61.153  -10.810 0.5000000000
17702  25.211  -62.167  -11.763 0.5000000000
18658  23.991  -61.240  -11.812 0.6000000238
23976  24.144  -55.494  -10.953 0.6000000238
17718  27.386  -62.755  -12.285 0.5000000000
17717  28.207  -62.924  -12.448 0.5000000000
25800  26.517  -53.603  -9.244 0.6000000238
114124  25.812  -54.380  -9.355 0.6999999881
22156  27.061  -56.985  -9.554 0.6000000238
23065  26.179  -56.780  -9.379 0.6999999881
123139  25.895  -55.944  -9.348 0.6000000238
117458  25.632  -55.234  -9.446 0.6000000238
24845  25.042  -54.876  -9.810 0.6000000238
117562  26.249  -59.826  -10.101 0.6000000238
20393  25.884  -59.104  -9.708 0.6999999881
117084  24.510  -54.946  -10.485 0.6000000238
19510  26.735  -60.521  -10.665 0.5000000000
117130  26.983  -59.793  -10.375 0.5000000000
24862  24.673  -54.227  -10.364 0.6000000238
17700  26.885  -62.244  -11.900 0.5000000000
123279  24.182  -54.545  -11.252 0.6000000238
18654  27.223  -61.572  -11.630 0.5000000000
25835  24.175  -53.758  -11.861 0.6000000238
26782  24.486  -52.325  -11.746 0.6999999881
121400  24.287  -53.075  -12.325 0.6000000238
27763  24.549  -51.592  -12.340 0.6999999881
26800  24.448  -52.380  -12.781 0.6000000238
116737  24.254  -53.137  -13.232 0.6000000238
113959  24.632  -51.767  -14.113 0.6000000238
26821  24.469  -52.467  -13.701 0.6000000238
30883  25.968  -49.195  -17.548 0.5000000000
30897  27.068  -49.150  -19.226 0.6999999881
29843  25.726  -50.015  -18.035 0.6000000238
30896  27.699  -48.719  -19.674 0.8000000119
29854  26.645  -49.735  -19.683 0.6999999881
26750  26.375  -52.647  -9.323 0.6999999881
23063  27.460  -56.076  -9.605 0.6999999881
23064  26.703  -56.068  -9.318 0.6999999881
24844  26.811  -54.510  -9.205 0.6000000238
25801  25.594  -53.254  -9.553 0.6999999881
26751  25.608  -52.134  -9.663 0.6999999881
21255  27.053  -57.977  -9.757 0.6000000238
23962  28.022  -56.013  -9.972 0.6000000238
26767  25.075  -52.667  -10.064 0.8000000119
21274  27.964  -58.003  -11.055 0.5000000000
21275  27.537  -58.423  -10.394 0.5000000000
27737  24.923  -51.891  -10.462 0.8000000119
25816  24.871  -53.403  -10.177 0.6000000238
20432  27.974  -59.080  -11.404 0.5000000000
20414  27.369  -59.227  -10.457 0.5000000000
27749  25.016  -50.998  -10.637 0.8000000119
26768  24.630  -52.710  -10.827 0.6000000238
18653  28.020  -61.413  -11.988 0.5000000000
28754  24.802  -50.652  -11.303 0.8000000119
28766  24.645  -50.777  -12.048 0.8000000119
28778  24.809  -50.110  -12.799 0.6999999881
126309  25.208  -49.099  -14.165 0.6999999881
112487  24.954  -49.894  -13.827 0.6999999881
27775  24.579  -51.681  -13.255 0.6999999881
29801  25.267  -49.216  -15.028 0.6000000238
129540  24.729  -51.178  -14.475 0.6000000238
28779  24.737  -50.867  -13.689 0.6000000238
29814  25.386  -49.449  -15.895 0.6999999881
28805  25.121  -50.133  -15.296 0.6999999881
28792  24.882  -50.461  -14.497 0.6000000238
30865  26.060  -48.284  -17.174 0.6999999881
132695  25.257  -50.180  -16.125 0.6000000238
30882  26.585  -48.732  -18.168 0.8000000119
29828  25.488  -49.801  -16.890 0.6000000238
31949  27.965  -47.924  -19.272 0.8999999762
29866  27.267  -49.155  -20.204 0.6999999881
31948  28.503  -47.455  -19.770 0.8000000119
30917  27.308  -49.300  -19.954 0.6999999881
27721  27.432  -51.241  -9.387 0.6000000238
27722  26.688  -51.308  -9.373 0.6999999881
29723  26.828  -49.951  -9.396 0.6999999881
26749  27.261  -53.007  -9.314 0.6000000238
113039  26.923  -49.038  -9.483 0.6000000238
25815  28.604  -53.907  -10.295 0.4000000060
23948  27.889  -55.393  -9.712 0.6000000238
114720  28.087  -53.380  -9.614 0.6000000238
28725  26.373  -50.656  -9.535 0.6999999881
23947  28.409  -55.513  -10.452 0.6000000238
28739  25.635  -50.597  -10.052 0.8000000119
23107  28.470  -56.747  -12.326 0.4000000060
23094  28.355  -56.736  -11.308 0.5000000000
23081  28.253  -56.351  -10.582 0.6000000238
118980  25.673  -49.685  -10.354 0.8000000119
21290  28.263  -58.378  -12.176 0.5000000000
28753  25.153  -50.167  -10.865 0.8000000119
114553  28.473  -59.143  -12.667 0.4000000060
130087  25.268  -48.517  -11.872 0.8000000119
122729  28.704  -60.437  -12.408 0.5000000000
120467  25.080  -49.151  -13.235 0.8000000119
31883  25.507  -47.521  -14.378 0.8000000119
30824  25.333  -48.235  -13.662 0.6999999881
30810  25.235  -48.438  -12.686 0.8000000119
31900  25.586  -47.710  -15.292 0.8000000119
32903  26.333  -46.582  -16.482 0.8999999762
31916  25.741  -47.951  -16.217 0.8999999762
30840  25.389  -48.380  -14.686 0.6999999881
31915  26.167  -47.399  -16.822 0.8999999762
30851  25.488  -48.573  -15.597 0.6999999881
30866  25.663  -48.848  -16.532 0.6000000238
31950  27.303  -48.331  -18.722 0.8999999762
31933  27.392  -47.370  -18.277 0.8999999762
130486  28.179  -47.449  -20.650 0.8000000119
31985  27.186  -47.947  -20.537 0.8000000119
30915  28.040  -48.283  -20.302 0.8000000119
30931  27.111  -48.800  -20.424 0.8000000119
131568  28.435  -47.557  -20.312 0.8000000119
30916  27.740  -48.801  -20.101 0.6999999881
28723  27.690  -50.417  -9.398 0.6999999881
30760  27.692  -48.554  -9.411 0.6000000238
113744  27.872  -51.786  -9.514 0.6000000238
28722  28.340  -49.840  -9.680 0.5000000000
30761  26.880  -48.216  -9.642 0.6999999881
26765  29.020  -52.035  -10.715 0.4000000060
27736  28.464  -51.922  -9.952 0.5000000000
26748  27.993  -52.506  -9.542 0.6000000238
29743  26.273  -49.367  -9.845 0.6999999881
131522  28.976  -54.143  -11.148 0.5000000000
119553  25.851  -48.821  -10.462 0.6999999881
24888  29.177  -54.871  -12.533 0.5000000000
23975  28.757  -55.336  -11.255 0.6000000238
23990  29.008  -55.448  -13.562 0.4000000060
23991  28.838  -55.649  -12.271 0.4000000060
32843  25.865  -46.088  -11.712 0.8000000119
31827  25.604  -48.043  -11.145 0.8000000119
130171  28.546  -56.963  -14.201 0.4000000060
31858  25.511  -47.104  -12.649 0.8000000119
30799  25.404  -47.791  -12.141 0.8000000119
29756  25.287  -49.185  -11.224 0.8000000119
20457  28.804  -58.804  -13.593 0.3000000119
32873  25.920  -45.938  -14.632 0.8000000119
33877  25.729  -46.020  -13.785 0.8000000119
31869  25.485  -47.308  -13.508 0.8000000119
33889  26.359  -45.467  -15.405 0.8000000119
33899  26.530  -45.805  -16.227 0.8999999762
32887  26.094  -46.279  -15.597 0.8999999762
33898  27.097  -45.367  -16.868 0.8999999762
114363  26.770  -46.146  -16.970 0.8999999762
33911  27.751  -45.277  -17.743 0.8999999762
32920  27.437  -46.278  -17.780 0.8999999762
32963  27.792  -47.282  -20.794 0.8000000119
32964  27.065  -46.959  -20.463 0.8000000119
32934  28.125  -46.982  -18.840 0.8999999762
32933  28.651  -46.528  -19.394 0.8999999762
114589  28.713  -46.704  -21.019 0.8000000119
32950  28.906  -46.725  -20.308 0.8000000119
29721  28.244  -49.140  -9.536 0.6000000238
29722  27.600  -49.484  -9.389 0.6000000238
113912  28.006  -47.023  -9.407 0.6000000238
29742  28.930  -49.262  -10.113 0.6000000238
27748  29.402  -51.415  -11.262 0.4000000060
28752  29.462  -50.582  -11.098 0.4000000060
27735  28.856  -51.122  -10.402 0.4000000060
129007  28.452  -50.548  -9.819 0.5000000000
124139  26.744  -47.392  -9.912 0.6999999881
26781  29.148  -52.690  -11.042 0.4000000060
30783  26.189  -48.035  -10.246 0.6999999881
25852  29.618  -53.145  -12.555 0.5000000000
25833  29.406  -52.959  -11.761 0.4000000060
31826  26.097  -47.167  -10.629 0.6999999881
26820  29.911  -52.743  -13.178 0.5000000000
135794  26.246  -45.129  -11.883 0.8000000119
32830  25.680  -46.948  -11.631 0.8000000119
34896  26.449  -44.362  -14.259 0.8000000119
32844  25.668  -46.305  -12.418 0.8000000119
34907  26.671  -44.569  -15.312 0.8000000119
135053  27.522  -43.999  -16.497 0.8999999762
33888  26.725  -45.129  -16.009 0.8999999762
34927  27.569  -44.567  -17.040 0.8999999762
33910  28.323  -45.126  -18.479 0.8999999762
131095  28.667  -45.755  -19.060 1.0000000000
33950  28.098  -46.017  -22.262 0.8000000119
33928  29.149  -45.958  -19.801 1.0000000000
32976  28.373  -46.498  -21.473 0.8000000119
33927  29.460  -45.129  -20.187 1.0000000000
132856  29.093  -46.443  -20.919 0.8000000119
32962  29.223  -46.178  -21.515 0.8000000119
31803  28.237  -47.815  -9.443 0.6000000238
114402  28.575  -46.400  -9.476 0.6000000238
30782  29.151  -48.549  -10.070 0.6000000238
33814  27.694  -46.167  -9.631 0.6999999881
29769  30.072  -50.116  -11.841 0.4000000060
29741  29.552  -49.697  -10.947 0.4000000060
28738  28.935  -50.176  -10.354 0.4000000060
27762  29.755  -51.613  -12.072 0.4000000060
32792  26.776  -46.451  -10.155 0.6999999881
27773  30.491  -51.346  -13.460 0.5000000000
112313  30.598  -50.015  -12.761 0.4000000060
33834  26.597  -45.766  -10.625 0.8000000119
33865  26.008  -45.130  -12.954 0.8000000119
34868  26.527  -44.819  -11.542 0.8000000119
35904  26.738  -43.605  -14.256 0.8000000119
130357  26.287  -44.508  -13.257 0.8000000119
128178  27.397  -43.040  -15.375 0.8000000119
115981  26.277  -45.117  -14.685 0.8000000119
34917  27.138  -44.542  -16.222 0.8999999762
34926  28.079  -44.447  -17.788 0.8999999762
35924  28.208  -43.082  -17.145 0.8999999762
34932  28.607  -44.312  -18.577 1.0000000000
33916  28.906  -45.092  -19.246 1.0000000000
34931  29.233  -44.245  -19.484 1.0000000000
33948  29.422  -45.518  -22.263 0.8000000119
33940  27.562  -46.285  -21.240 0.8000000119
114985  29.933  -44.245  -20.600 1.0000000000
34959  30.261  -44.624  -22.392 0.8000000119
117589  29.879  -44.944  -21.281 0.8000000119
32814  29.988  -46.857  -10.154 0.6000000238
30758  28.979  -47.938  -9.707 0.6000000238
33812  29.247  -45.819  -9.551 0.6000000238
127701  27.762  -45.322  -9.723 0.6999999881
35839  28.030  -43.954  -9.851 0.6999999881
29755  30.091  -49.164  -11.551 0.4000000060
122145  30.229  -48.253  -11.232 0.5000000000
115231  29.602  -48.844  -10.724 0.5000000000
34830  27.454  -44.659  -10.186 0.8000000119
35855  28.001  -43.178  -10.177 0.8000000119
123240  30.486  -49.415  -12.257 0.4000000060
34851  26.794  -45.085  -10.771 0.8000000119
113395  31.429  -49.150  -13.698 0.4000000060
30823  30.977  -49.115  -12.957 0.4000000060
35885  26.599  -43.942  -12.592 0.8000000119
35874  26.674  -44.229  -11.843 0.8000000119
35893  26.598  -43.743  -13.524 0.8000000119
34895  26.808  -43.851  -14.863 0.8000000119
35925  27.712  -43.357  -16.491 0.8999999762
36908  27.965  -42.108  -16.100 0.8000000119
35936  28.405  -43.631  -17.855 1.0000000000
35943  28.948  -43.450  -18.708 1.0000000000
131209  28.754  -42.722  -17.898 1.0000000000
35963  31.025  -43.594  -22.376 1.0000000000
34968  30.102  -44.600  -22.822 0.8999999762
34961  27.983  -45.160  -22.384 0.8000000119
35976  29.531  -44.036  -23.042 0.8999999762
34958  31.001  -44.041  -22.783 1.0000000000
36968  31.009  -43.502  -23.095 1.0000000000
36952  30.949  -42.844  -21.741 1.0000000000
121965  31.075  -41.214  -21.733 1.0000000000
37869  31.030  -42.179  -22.241 1.0000000000
37881  30.828  -41.660  -22.759 1.0000000000
38762  31.237  -40.368  -22.442 1.0000000000
37876  31.089  -41.232  -22.688 1.0000000000
115603  29.967  -44.486  -9.552 0.6999999881
34828  29.135  -44.877  -9.479 0.6999999881
35837  29.632  -43.273  -9.470 0.6999999881
33832  30.593  -45.647  -10.174 0.6000000238
33811  29.948  -45.306  -9.665 0.6000000238
123667  28.672  -44.184  -9.540 0.6999999881
115898  30.449  -47.011  -10.737 0.6000000238
31844  31.033  -47.274  -11.861 0.5000000000
36850  27.952  -42.502  -10.643 0.8000000119
112676  31.585  -47.678  -13.168 0.4000000060
36851  27.571  -43.061  -10.870 0.8000000119
36884  27.257  -42.496  -12.297 0.8000000119
35884  26.865  -43.132  -12.873 0.8000000119
36900  27.291  -42.358  -14.228 0.8000000119
36893  27.183  -42.373  -13.267 0.8000000119
36909  27.540  -42.415  -15.203 0.6999999881
35903  27.146  -43.143  -14.763 0.8000000119
123103  27.963  -42.721  -16.545 0.8999999762
37827  28.180  -41.311  -15.919 0.8000000119
119563  28.443  -42.246  -17.013 0.8999999762
37834  28.386  -41.598  -16.576 1.0000000000
37842  28.731  -41.482  -17.240 1.0000000000
121704  29.275  -42.646  -18.781 1.0000000000
37841  29.223  -41.458  -18.071 1.0000000000
38740  29.358  -40.693  -18.257 1.0000000000
36940  29.684  -42.447  -19.517 1.0000000000
120007  29.688  -40.453  -19.184 1.0000000000
37858  29.971  -41.851  -19.863 1.0000000000
38753  30.112  -40.208  -20.032 1.0000000000
37870  30.602  -41.947  -21.088 1.0000000000
35975  30.318  -43.370  -23.166 1.0000000000
112442  29.123  -43.262  -22.471 1.0000000000
38763  30.720  -40.355  -21.138 1.0000000000
113439  30.840  -42.464  -22.632 1.0000000000
37877  30.393  -41.574  -22.810 1.0000000000
38775  31.013  -40.876  -23.179 1.0000000000
39728  31.469  -39.446  -23.111 1.0000000000
38769  31.182  -40.225  -23.230 1.0000000000
123801  30.002  -43.822  -9.481 0.6999999881
36831  29.252  -42.580  -9.601 0.6999999881
33831  31.195  -45.172  -10.597 0.5000000000
34827  30.599  -44.024  -9.749 0.6999999881
36832  28.503  -42.544  -9.987 0.6999999881
120474  30.530  -46.405  -10.468 0.6000000238
129214  31.335  -46.194  -11.597 0.5000000000
32829  30.934  -46.734  -11.295 0.5000000000
36870  27.872  -41.988  -11.128 0.8000000119
37786  27.607  -41.853  -11.833 0.8000000119
37800  27.777  -41.131  -12.190 0.6999999881
37801  27.481  -41.751  -12.700 0.8000000119
37818  27.822  -41.100  -14.249 0.8000000119
37810  27.541  -41.587  -13.665 0.8000000119
133034  27.846  -41.693  -15.395 0.6999999881
37819  27.650  -41.684  -14.635 0.6999999881
128638  28.483  -39.907  -16.023 0.8999999762
116783  28.522  -38.921  -15.817 0.8000000119
40618  28.504  -37.997  -15.647 0.8000000119
41454  28.472  -37.206  -15.927 0.8000000119
112662  28.713  -40.115  -17.038 0.8999999762
39678  28.601  -39.288  -16.734 0.8000000119
126826  28.500  -37.773  -16.384 0.8000000119
38730  28.944  -40.801  -17.490 1.0000000000
41470  28.542  -37.957  -17.092 0.8999999762
122144  28.479  -37.225  -16.732 0.8000000119
39687  28.859  -39.563  -17.574 0.8999999762
40655  29.056  -39.033  -18.307 1.0000000000
118473  30.388  -41.059  -20.282 1.0000000000
39717  30.268  -39.533  -20.501 1.0000000000
40672  30.572  -38.780  -21.174 1.0000000000
38770  30.320  -40.483  -23.212 1.0000000000
41502  30.163  -37.891  -20.629 1.0000000000
121109  31.310  -38.872  -22.400 1.0000000000
39736  30.811  -39.516  -23.683 1.0000000000
40671  31.028  -38.130  -21.957 1.0000000000
126174  31.122  -38.353  -23.320 1.0000000000
35854  31.797  -43.431  -10.393 0.6999999881
36849  31.565  -42.847  -9.968 0.6999999881
36829  30.946  -42.688  -9.612 0.6999999881
36830  30.102  -42.591  -9.461 0.6999999881
37754  29.700  -41.781  -9.578 0.6999999881
132423  29.008  -41.256  -9.994 0.6999999881
34866  31.739  -44.719  -11.141 0.5000000000
120071  28.377  -41.765  -10.492 0.6999999881
33845  32.066  -45.115  -12.072 0.5000000000
38664  28.536  -40.851  -10.735 0.8000000119
38679  28.236  -40.458  -11.688 0.6999999881
38695  28.075  -40.461  -12.719 0.6999999881
39656  28.260  -40.114  -13.561 0.6999999881
38712  28.119  -40.488  -14.304 0.6999999881
128487  28.316  -40.648  -15.739 0.6999999881
114113  28.320  -40.194  -15.076 0.6999999881
122760  28.514  -37.845  -14.846 0.8000000119
42323  28.577  -36.561  -14.622 0.8000000119
43232  28.942  -35.059  -14.422 0.8000000119
41446  28.481  -37.239  -15.135 0.8000000119
44151  28.812  -35.012  -15.348 0.8000000119
43241  28.560  -35.737  -15.817 0.8000000119
41484  28.717  -38.151  -17.945 1.0000000000
42355  28.507  -36.543  -17.157 0.8999999762
43249  28.575  -35.768  -16.696 0.8000000119
42367  28.639  -36.601  -18.078 1.0000000000
43263  28.638  -35.840  -17.605 0.8000000119
134396  29.363  -38.892  -19.005 1.0000000000
40654  29.132  -38.310  -18.819 1.0000000000
39701  29.597  -39.540  -19.273 1.0000000000
40665  29.735  -38.654  -19.802 1.0000000000
116681  29.949  -38.891  -23.412 1.0000000000
39737  29.556  -39.600  -23.058 1.0000000000
41501  30.671  -37.281  -21.364 1.0000000000
41509  31.073  -37.594  -22.493 1.0000000000
41515  31.114  -37.803  -22.993 1.0000000000
40686  30.711  -38.659  -23.571 1.0000000000
118093  30.951  -37.007  -22.590 1.0000000000
123100  31.628  -41.980  -9.818 0.6999999881
37752  31.036  -41.230  -9.531 0.6999999881
38650  29.731  -40.911  -9.705 0.6000000238
39602  29.872  -40.134  -9.812 0.6000000238
39617  29.396  -39.661  -10.373 0.6000000238
39618  28.770  -40.007  -10.951 0.6999999881
119280  28.567  -39.027  -12.413 0.6999999881
39631  28.543  -39.561  -11.810 0.6999999881
39644  28.405  -39.657  -12.803 0.6999999881
135651  28.439  -39.481  -13.619 0.6999999881
42312  28.712  -36.683  -13.793 0.8000000119
116076  28.510  -38.955  -14.153 0.6999999881
40602  28.572  -38.119  -14.138 0.8000000119
44140  29.187  -34.307  -14.877 0.8000000119
44150  29.101  -34.323  -15.807 0.8000000119
44159  29.168  -34.405  -16.711 0.8000000119
43262  28.945  -35.244  -18.088 0.8000000119
44173  29.307  -34.535  -17.649 0.8000000119
41495  29.393  -37.625  -19.496 1.0000000000
43275  29.254  -35.595  -18.976 1.0000000000
44187  29.560  -34.773  -18.632 0.6999999881
122590  29.745  -36.062  -19.866 1.0000000000
42386  30.505  -36.441  -20.848 1.0000000000
44205  31.622  -35.150  -21.214 1.0000000000
39730  28.433  -39.478  -21.829 1.0000000000
42385  31.096  -36.718  -21.981 1.0000000000
42394  31.378  -35.889  -22.510 1.0000000000
133315  30.522  -37.982  -23.379 1.0000000000
130159  29.448  -37.948  -23.096 1.0000000000
40673  28.827  -38.739  -22.630 1.0000000000
41516  30.759  -37.645  -23.126 1.0000000000
37753  30.321  -41.296  -9.515 0.6999999881
40579  29.345  -38.283  -11.028 0.6000000238
40580  28.798  -38.695  -11.746 0.6999999881
130674  28.605  -38.163  -13.324 0.6999999881
40591  28.657  -38.369  -12.536 0.6999999881
134537  28.554  -38.531  -13.725 0.6999999881
42301  28.873  -36.857  -12.950 0.8000000119
43221  28.794  -35.879  -14.077 0.6999999881
44129  29.422  -34.309  -13.840 0.6999999881
45057  29.945  -33.112  -15.877 0.6999999881
45064  29.528  -33.733  -16.287 0.6999999881
45077  29.685  -33.857  -17.200 0.6999999881
45092  30.705  -33.593  -18.712 0.8000000119
45076  30.344  -33.387  -17.706 0.6999999881
44195  30.060  -35.199  -19.674 0.8999999762
43279  30.805  -35.346  -20.535 1.0000000000
44193  32.010  -34.458  -20.814 1.0000000000
40680  28.259  -38.009  -22.178 1.0000000000
43284  31.998  -35.446  -22.162 1.0000000000
41518  29.010  -36.997  -22.957 1.0000000000
113575  30.835  -35.921  -23.049 1.0000000000
39600  31.489  -39.578  -9.658 0.6000000238
40549  30.723  -39.199  -9.738 0.6000000238
40566  30.325  -38.567  -10.083 0.6000000238
112670  30.771  -37.054  -10.407 0.6000000238
113024  29.621  -38.885  -10.453 0.6000000238
42277  30.087  -36.856  -10.897 0.6000000238
41406  29.490  -37.385  -11.295 0.6000000238
41419  29.132  -37.091  -12.113 0.6000000238
124347  29.285  -36.299  -12.371 0.6000000238
43207  29.453  -35.496  -12.631 0.6999999881
45047  29.621  -33.625  -14.484 0.6999999881
45046  29.959  -33.014  -14.988 0.6999999881
45959  30.350  -32.487  -15.515 0.6999999881
46890  30.724  -32.109  -16.003 0.6999999881
45964  31.009  -32.162  -16.754 0.6999999881
52960  37.858  -24.525  -18.454 0.3000000119
45994  31.034  -32.911  -18.242 0.6999999881
45975  30.692  -32.754  -17.248 0.6999999881
53844  37.942  -23.763  -19.894 0.3000000119
115401  26.674  -39.174  -18.185 0.8999999762
45102  31.286  -33.971  -19.713 1.0000000000
40666  27.367  -38.534  -20.108 1.0000000000
41503  27.579  -37.629  -21.330 1.0000000000
127938  27.370  -37.936  -20.549 1.0000000000
44203  32.989  -34.487  -22.531 1.0000000000
112403  30.797  -35.293  -23.240 1.0000000000
43297  31.636  -35.427  -23.076 1.0000000000
42402  30.458  -36.713  -23.037 1.0000000000
43298  30.065  -35.806  -23.183 1.0000000000
41379  31.884  -38.077  -9.942 0.6000000238
118143  30.970  -37.870  -10.075 0.6000000238
42275  31.389  -36.342  -10.440 0.6000000238
42276  30.624  -36.411  -10.713 0.6000000238
128551  31.607  -34.803  -10.812 0.6000000238
44089  30.937  -35.001  -10.944 0.6999999881
44104  30.554  -34.595  -11.541 0.6999999881
43194  30.335  -35.360  -11.361 0.6000000238
44115  30.219  -34.228  -12.278 0.6999999881
45934  36.208  -31.447  -13.343 0.3000000119
47746  36.259  -30.465  -13.369 0.3000000119
44116  29.654  -34.671  -12.880 0.6999999881
45037  29.816  -33.578  -13.736 0.6999999881
45947  30.432  -32.280  -14.568 0.6999999881
52952  37.430  -24.868  -17.814 0.3000000119
52973  37.562  -24.269  -19.260 0.4000000060
52974  36.832  -24.606  -19.603 0.4000000060
118128  26.308  -38.933  -17.515 0.6999999881
133300  25.710  -38.386  -16.904 0.6999999881
54829  35.220  -22.683  -24.777 0.3000000119
53855  37.494  -23.605  -21.088 0.3000000119
46920  32.021  -31.838  -18.229 0.6999999881
41485  26.629  -37.533  -18.706 0.8999999762
54822  35.503  -22.992  -24.603 0.3000000119
52984  37.204  -24.133  -20.205 0.3000000119
45091  31.590  -33.220  -19.249 0.8000000119
53875  36.030  -23.340  -23.722 0.3000000119
52985  36.717  -24.257  -21.402 0.3000000119
45101  32.273  -33.641  -20.335 0.8000000119
45111  32.855  -34.090  -21.546 1.0000000000
42387  27.203  -36.815  -21.346 1.0000000000
44211  32.817  -34.702  -23.042 1.0000000000
42404  28.326  -36.174  -22.654 1.0000000000
41510  28.085  -37.149  -22.309 1.0000000000
44213  31.696  -34.915  -23.364 1.0000000000
43299  29.026  -35.563  -23.042 1.0000000000
44214  30.438  -34.676  -23.049 1.0000000000
44222  29.538  -34.957  -23.153 1.0000000000
44215  29.122  -34.242  -22.801 1.0000000000
45016  32.535  -33.320  -11.228 0.6999999881
45017  31.598  -33.530  -11.360 0.6999999881
45922  35.501  -32.460  -12.573 0.3000000119
46860  35.630  -31.679  -12.671 0.4000000060
45026  31.109  -33.041  -11.956 0.6999999881
45027  30.477  -33.451  -12.471 0.6999999881
45036  30.231  -33.162  -13.258 0.6999999881
47747  35.598  -29.968  -12.858 0.4000000060
46863  30.856  -31.752  -13.868 0.6999999881
49462  36.373  -28.581  -13.890 0.3000000119
48590  34.787  -29.741  -12.620 0.5000000000
46869  31.236  -31.144  -14.191 0.6999999881
46882  31.191  -31.202  -15.087 0.6999999881
49454  35.674  -28.549  -13.485 0.5000000000
46889  31.202  -31.474  -16.103 0.6999999881
128133  36.091  -26.700  -14.972 0.4000000060
50334  34.785  -27.192  -15.298 0.6000000238
51205  35.842  -26.194  -16.095 0.5000000000
52049  37.133  -25.676  -16.473 0.3000000119
46900  31.574  -31.616  -17.195 0.6999999881
53868  34.430  -24.039  -23.265 0.4000000060
51228  35.465  -26.256  -18.023 0.4000000060
45974  31.355  -32.296  -17.722 0.6999999881
42343  25.405  -36.992  -16.726 0.6999999881
53867  34.784  -23.280  -23.778 0.4000000060
120328  36.664  -25.097  -18.060 0.4000000060
52074  36.406  -25.151  -19.127 0.4000000060
40627  25.232  -38.404  -16.667 0.6000000238
55817  35.234  -22.271  -24.704 0.3000000119
54823  34.908  -22.983  -24.675 0.3000000119
122933  34.906  -22.651  -24.153 0.4000000060
133250  36.642  -24.639  -20.555 0.4000000060
52090  35.709  -25.919  -19.917 0.4000000060
45992  32.644  -32.148  -19.276 0.6999999881
46919  32.656  -31.375  -18.766 0.6999999881
41471  26.311  -37.652  -17.630 0.6999999881
53002  34.419  -24.303  -23.692 0.4000000060
52089  36.270  -25.219  -20.296 0.4000000060
46009  32.586  -32.896  -19.803 0.8000000119
134056  35.266  -23.363  -24.432 0.3000000119
52996  35.963  -24.396  -22.665 0.3000000119
52106  35.691  -25.727  -21.223 0.4000000060
46008  33.233  -32.454  -20.355 0.8000000119
41504  27.043  -37.253  -20.509 1.0000000000
46020  33.346  -32.617  -21.312 0.8999999762
45120  33.028  -34.006  -22.743 1.0000000000
43300  28.247  -35.172  -22.746 1.0000000000
45123  29.831  -33.917  -22.374 1.0000000000
45122  31.434  -34.202  -22.795 1.0000000000
46030  31.781  -33.265  -22.190 1.0000000000
44223  28.587  -34.558  -22.840 1.0000000000
44216  27.630  -34.491  -22.376 1.0000000000
45124  28.403  -33.583  -22.180 1.0000000000
44088  32.199  -34.228  -10.897 0.6000000238
45913  32.902  -32.435  -11.501 0.6000000238
45924  32.194  -31.961  -11.936 0.6999999881
45911  34.371  -32.231  -11.699 0.5000000000
46843  33.614  -31.859  -11.647 0.6000000238
45925  31.423  -32.300  -12.272 0.6999999881
126668  35.060  -31.090  -12.260 0.5000000000
47739  34.282  -30.475  -12.268 0.4000000060
45936  31.042  -31.964  -13.026 0.6999999881
45937  30.528  -32.456  -13.573 0.6999999881
46862  31.406  -31.300  -13.361 0.6999999881
48597  34.386  -29.063  -13.018 0.6000000238
47749  31.803  -30.653  -13.711 0.6999999881
49463  35.247  -27.936  -13.852 0.6000000238
49464  34.465  -28.018  -14.068 0.6000000238
47768  32.076  -29.995  -15.149 0.6999999881
47769  31.636  -30.678  -15.654 0.6999999881
50317  35.569  -26.924  -14.887 0.5000000000
124072  34.735  -27.065  -16.074 0.6000000238
49482  33.604  -28.303  -15.551 0.6000000238
47777  32.173  -30.143  -16.173 0.6000000238
52997  33.770  -24.605  -22.783 0.4000000060
52063  36.172  -25.592  -17.497 0.4000000060
51206  35.143  -26.648  -16.514 0.4000000060
50343  34.510  -27.388  -16.966 0.5000000000
49492  33.596  -28.434  -16.599 0.6000000238
47778  31.830  -30.877  -16.678 0.6999999881
53856  34.842  -23.331  -22.131 0.4000000060
51216  34.986  -26.795  -17.499 0.5000000000
46899  32.178  -31.097  -17.715 0.6999999881
123376  34.160  -24.941  -23.861 0.4000000060
132520  33.735  -24.961  -23.624 0.5000000000
51245  35.311  -26.513  -19.158 0.4000000060
42368  26.290  -36.875  -17.959 0.8999999762
42356  25.993  -37.125  -17.249 0.6999999881
123666  35.192  -23.861  -23.853 0.4000000060
51256  35.370  -26.370  -21.062 0.4000000060
46937  33.261  -31.732  -19.818 0.6999999881
132398  35.416  -25.479  -22.405 0.4000000060
117706  26.648  -36.981  -19.690 0.8999999762
46028  33.319  -32.694  -21.920 0.8999999762
42388  26.532  -36.401  -20.553 0.8999999762
43292  27.455  -35.545  -22.203 1.0000000000
42396  26.819  -35.999  -21.484 1.0000000000
45121  32.480  -33.858  -22.798 1.0000000000
42395  27.492  -36.359  -22.007 1.0000000000
45112  30.509  -33.481  -21.650 1.0000000000
43293  26.693  -35.072  -21.748 1.0000000000
46023  29.986  -32.970  -20.704 1.0000000000
46924  27.740  -31.364  -18.579 0.8999999762
45995  28.794  -32.230  -19.244 1.0000000000
45103  28.281  -32.737  -20.080 1.0000000000
45115  27.319  -32.910  -21.772 1.0000000000
45125  27.562  -33.598  -22.115 1.0000000000
45996  27.952  -32.080  -19.192 1.0000000000
46024  27.435  -32.594  -20.959 1.0000000000
46959  26.867  -32.176  -21.409 0.8999999762
45997  27.447  -31.632  -19.366 1.0000000000
46941  27.024  -31.428  -20.154 0.8999999762
46844  32.902  -31.679  -11.794 0.6000000238
46854  32.476  -31.290  -12.272 0.6999999881
46861  32.069  -30.917  -12.914 0.6999999881
47740  33.327  -30.273  -12.583 0.6999999881
48599  32.867  -29.545  -13.708 0.6999999881
48598  33.579  -29.214  -13.333 0.6000000238
49456  33.990  -28.583  -13.662 0.6000000238
47757  32.212  -30.022  -14.147 0.6999999881
114283  33.257  -28.935  -14.125 0.6999999881
48607  33.062  -28.825  -15.084 0.6000000238
48624  32.568  -29.449  -15.636 0.6000000238
48636  32.690  -29.616  -16.667 0.6000000238
53845  34.992  -23.349  -20.526 0.3000000119
49481  34.220  -27.749  -14.937 0.6000000238
52986  33.841  -24.463  -21.022 0.4000000060
129898  33.898  -24.498  -19.905 0.4000000060
49499  34.015  -28.023  -16.986 0.6000000238
48635  33.190  -29.106  -17.136 0.6000000238
127730  34.137  -27.953  -17.622 0.5000000000
48647  32.935  -29.824  -17.671 0.6000000238
50367  34.476  -27.781  -19.007 0.4000000060
120210  32.767  -30.589  -18.234 0.6000000238
51271  33.692  -26.128  -23.422 0.5000000000
51246  35.159  -26.853  -20.372 0.4000000060
48659  33.347  -30.018  -18.803 0.6000000238
115891  33.817  -26.070  -23.650 0.5000000000
51263  35.077  -26.184  -22.352 0.4000000060
46936  33.525  -31.272  -20.355 0.6000000238
51270  34.327  -25.995  -23.347 0.4000000060
51257  34.949  -27.055  -21.724 0.4000000060
42378  26.369  -36.601  -18.878 0.8999999762
46019  33.462  -32.061  -21.315 0.8999999762
46007  33.513  -31.963  -20.760 0.8000000119
42379  26.086  -35.856  -19.099 0.8999999762
43281  26.010  -35.747  -20.066 0.8999999762
43287  25.619  -35.025  -20.452 0.8999999762
43286  26.098  -35.566  -21.003 0.8999999762
46011  29.306  -32.716  -19.988 1.0000000000
44217  26.726  -34.060  -21.857 1.0000000000
45126  26.708  -33.095  -21.767 0.8999999762
47823  27.084  -30.816  -19.255 1.0000000000
46942  26.691  -30.642  -20.415 1.0000000000
46960  26.495  -31.529  -21.374 0.8999999762
47806  26.789  -29.951  -19.122 1.0000000000
47824  26.523  -29.897  -20.219 0.8999999762
47748  32.565  -30.223  -13.197 0.6999999881
54796  35.765  -22.871  -19.690 0.3000000119
53846  34.378  -23.923  -19.925 0.3000000119
127201  33.713  -24.836  -19.407 0.3000000119
49500  33.684  -28.582  -17.680 0.6000000238
52107  33.115  -25.679  -22.025 0.5000000000
52091  33.080  -25.573  -20.796 0.4000000060
49513  34.101  -28.249  -18.447 0.5000000000
49530  34.227  -28.575  -19.534 0.5000000000
52987  33.336  -25.018  -21.724 0.5000000000
127144  34.521  -28.064  -19.974 0.5000000000
49543  34.331  -28.824  -20.864 0.5000000000
51272  33.357  -27.097  -23.199 0.5000000000
47802  33.203  -30.917  -19.321 0.6000000238
125362  33.723  -27.008  -23.473 0.5000000000
51264  34.331  -26.919  -23.099 0.5000000000
47830  33.685  -30.825  -20.848 0.6999999881
50408  33.090  -27.870  -23.009 0.5000000000
49558  33.701  -28.223  -23.138 0.5000000000
47838  33.483  -30.968  -21.197 0.6000000238
46948  32.825  -31.355  -21.423 0.8999999762
46021  32.015  -32.452  -21.659 0.8999999762
46029  32.853  -33.119  -22.357 0.8999999762
46950  31.189  -32.017  -20.648 0.8999999762
46901  28.984  -31.213  -18.059 0.8999999762
46922  29.305  -31.645  -18.727 0.8999999762
46940  29.712  -32.083  -19.386 0.8999999762
46010  30.264  -32.404  -20.170 1.0000000000
44218  25.944  -33.673  -21.490 0.8999999762
44206  25.940  -34.654  -21.307 0.8999999762
46031  26.463  -32.210  -21.576 0.8999999762
133106  27.447  -30.886  -18.385 0.8000000119
47805  27.202  -30.348  -18.151 0.6999999881
45127  25.920  -32.740  -21.553 0.8999999762
47833  26.241  -30.245  -20.879 0.8999999762
46961  26.027  -31.515  -21.549 0.8999999762
53834  35.186  -23.390  -19.184 0.3000000119
53835  34.687  -23.883  -18.597 0.3000000119
52962  34.291  -24.412  -18.001 0.4000000060
53827  34.900  -23.879  -17.520 0.3000000119
52963  33.741  -24.902  -18.544 0.3000000119
131352  33.286  -25.410  -19.355 0.4000000060
48646  33.367  -29.326  -18.021 0.6000000238
51258  32.746  -26.439  -21.442 0.5000000000
52092  32.801  -26.197  -19.913 0.4000000060
125096  33.754  -29.835  -19.685 0.5000000000
51266  32.799  -27.195  -22.492 0.5000000000
123950  34.336  -28.604  -21.971 0.5000000000
48677  33.908  -30.134  -20.626 0.5000000000
49554  33.607  -28.756  -22.583 0.5000000000
48686  33.778  -30.208  -21.386 0.5000000000
121241  33.075  -28.554  -22.616 0.5000000000
48693  33.594  -29.571  -21.788 0.5000000000
49545  32.614  -28.785  -21.681 0.5000000000
48687  32.511  -29.522  -21.330 0.6000000238
47839  33.223  -31.104  -21.390 0.6000000238
48678  31.553  -29.628  -19.848 0.6999999881
47832  32.121  -30.842  -20.895 0.6999999881
46949  32.083  -31.645  -21.239 0.6999999881
47821  31.455  -30.393  -19.954 0.6999999881
47822  30.680  -30.832  -19.194 0.8000000119
46938  31.333  -31.219  -20.245 0.8000000119
44207  25.418  -34.194  -20.759 0.8999999762
47804  29.838  -31.037  -18.431 0.8999999762
46939  30.543  -31.661  -19.720 0.8999999762
47788  27.798  -30.387  -17.448 0.6999999881
131036  25.534  -31.713  -21.367 0.8999999762
46953  25.525  -31.089  -21.269 0.8999999762
49516  26.665  -28.490  -18.997 1.0000000000
52953  34.383  -24.367  -16.911 0.3000000119
52954  33.775  -24.898  -17.457 0.4000000060
52943  34.333  -24.259  -15.858 0.3000000119
52076  32.775  -26.025  -18.630 0.4000000060
52944  33.773  -24.859  -16.347 0.3000000119
52064  33.264  -25.442  -18.057 0.4000000060
52065  32.728  -25.980  -17.463 0.4000000060
113083  32.521  -27.354  -21.522 0.4000000060
51230  32.289  -26.583  -17.944 0.4000000060
51247  32.457  -27.056  -20.365 0.4000000060
50368  32.123  -27.607  -19.504 0.4000000060
49546  31.941  -29.025  -20.539 0.5000000000
50382  32.266  -28.044  -20.855 0.5000000000
48660  31.024  -29.901  -19.050 0.6000000238
47803  30.328  -30.301  -18.264 0.8000000119
47786  29.479  -30.605  -17.723 0.6999999881
48650  27.431  -29.604  -17.336 0.6999999881
134995  26.189  -29.680  -20.641 0.8999999762
47834  25.560  -30.236  -21.030 0.8999999762
50371  26.520  -27.809  -19.450 0.8999999762
50383  26.234  -27.492  -20.028 0.8000000119
120999  25.684  -28.890  -20.496 0.8000000119
51249  26.409  -26.619  -19.977 0.6999999881
52093  26.637  -25.732  -20.011 0.8000000119
52914  34.065  -23.999  -14.983 0.3000000119
52927  33.608  -24.664  -15.342 0.3000000119
52052  32.659  -25.950  -16.334 0.3000000119
52032  32.404  -25.739  -15.346 0.4000000060
51217  32.200  -26.506  -16.841 0.4000000060
51186  32.030  -26.379  -15.807 0.4000000060
51207  31.608  -26.922  -16.263 0.5000000000
51231  31.930  -27.298  -18.351 0.5000000000
50355  31.399  -27.794  -17.564 0.5000000000
50344  31.249  -27.522  -16.587 0.5000000000
50369  31.605  -28.106  -18.687 0.5000000000
50356  30.862  -28.132  -16.763 0.5000000000
49501  30.972  -28.639  -17.728 0.5000000000
48661  30.678  -29.487  -18.100 0.6000000238
48648  29.908  -29.926  -17.413 0.6999999881
48638  29.247  -29.519  -16.666 0.6999999881
49502  28.230  -29.255  -16.571 0.6999999881
49503  27.504  -28.788  -16.935 0.6999999881
49515  26.956  -28.665  -17.768 0.6999999881
50348  27.560  -27.070  -16.767 0.6999999881
50370  26.803  -27.681  -18.344 0.8000000119
51232  26.945  -26.735  -18.362 0.6999999881
53802  34.757  -23.579  -15.363 0.3000000119
129311  33.791  -23.696  -14.393 0.3000000119
53788  33.222  -23.612  -14.065 0.4000000060
118278  33.358  -24.233  -14.574 0.3000000119
52915  32.747  -24.971  -14.831 0.4000000060
52033  31.654  -25.996  -15.019 0.3000000119
50335  30.949  -27.234  -15.793 0.5000000000
50345  30.239  -28.210  -16.132 0.6000000238
51188  30.471  -26.700  -15.337 0.3000000119
50336  30.140  -27.505  -15.654 0.5000000000
51189  29.835  -26.829  -15.398 0.4000000060
48637  30.226  -29.207  -17.102 0.6999999881
49494  29.737  -28.766  -16.360 0.6999999881
50346  29.506  -28.125  -15.887 0.6000000238
49495  28.926  -28.735  -16.180 0.6999999881
126561  29.139  -30.212  -17.140 0.6999999881
50347  28.692  -27.977  -15.966 0.6999999881
123644  28.280  -27.150  -16.069 0.6000000238
115480  32.562  -24.153  -14.243 0.3000000119
52020  31.290  -25.351  -14.661 0.3000000119
126948  30.821  -26.033  -14.897 0.3000000119
52917  31.000  -24.548  -14.484 0.3000000119
52034  30.488  -25.256  -14.762 0.3000000119
52928  30.154  -24.396  -14.809 0.3000000119
52035  29.865  -25.966  -15.093 0.3000000119
121589  29.812  -25.054  -14.999 0.4000000060
50337  29.233  -27.290  -15.617 0.5000000000
51190  29.331  -26.493  -15.460 0.5000000000
52930  29.298  -25.202  -15.346 0.5000000000
51208  28.633  -26.460  -15.803 0.6000000238
51209  27.910  -26.333  -16.507 0.6000000238
120920  34.505  -21.989  -13.642 0.4000000060
54730  33.323  -22.279  -13.621 0.3000000119
53789  32.482  -23.306  -13.911 0.3000000119
54742  32.559  -22.422  -13.751 0.3000000119
132457  31.641  -23.762  -14.185 0.3000000119
54744  31.173  -22.826  -14.388 0.3000000119
53790  30.638  -23.601  -14.584 0.3000000119
54757  30.316  -22.573  -15.047 0.3000000119
53803  29.827  -23.475  -15.186 0.3000000119
52929  29.337  -24.319  -15.435 0.4000000060
53804  29.120  -23.274  -15.964 0.4000000060
52053  28.310  -25.639  -16.224 0.6000000238
124875  28.716  -23.997  -16.121 0.4000000060
53818  28.506  -23.404  -16.729 0.4000000060
52955  28.242  -24.235  -16.738 0.5000000000
52054  27.750  -25.532  -17.039 0.6000000238
52977  27.000  -24.968  -19.690 0.6999999881
52094  26.138  -26.224  -20.368 0.8000000119
56651  33.596  -21.027  -13.380 0.4000000060
55727  33.064  -21.674  -13.591 0.3000000119
55738  32.267  -21.528  -13.858 0.3000000119
55740  30.993  -21.900  -14.718 0.3000000119
54772  29.866  -21.997  -15.821 0.4000000060
54773  29.337  -22.402  -16.284 0.4000000060
54786  28.430  -22.684  -17.455 0.4000000060
53828  27.974  -23.642  -17.603 0.4000000060
52956  27.748  -24.668  -17.521 0.5000000000
52066  27.384  -25.448  -17.955 0.6000000238
132269  27.208  -24.865  -19.092 0.6999999881
53837  27.688  -23.535  -18.587 0.4000000060
125198  27.541  -23.461  -19.356 0.4000000060
124758  27.357  -24.248  -19.236 0.6000000238
53847  27.340  -23.703  -20.127 0.5000000000
52988  27.038  -24.424  -20.277 0.6000000238
52109  26.183  -25.358  -20.573 0.6999999881
52989  26.443  -24.474  -20.829 0.6999999881
122957  34.097  -20.289  -13.170 0.3000000119
56664  32.072  -20.689  -14.043 0.3000000119
55739  31.555  -21.264  -14.411 0.3000000119
55751  30.970  -21.027  -15.072 0.3000000119
56676  30.622  -20.886  -15.753 0.3000000119
55763  29.589  -21.625  -16.621 0.4000000060
54785  29.014  -22.079  -17.033 0.3000000119
55776  29.319  -21.310  -17.438 0.3000000119
55777  28.723  -21.803  -17.840 0.3000000119
55785  29.025  -21.035  -18.250 0.3000000119
53836  27.976  -22.967  -18.171 0.4000000060
54791  28.241  -22.301  -18.358 0.3000000119
55792  28.327  -21.479  -19.554 0.3000000119
121640  28.091  -22.055  -19.092 0.3000000119
54805  27.842  -22.255  -19.972 0.3000000119
55801  27.681  -21.939  -21.070 0.4000000060
54806  27.422  -23.025  -20.804 0.5000000000
53858  27.054  -23.826  -20.905 0.5000000000
52998  26.009  -24.095  -21.141 0.5000000000
57501  32.746  -19.534  -13.710 0.3000000119
57516  32.096  -19.901  -14.192 0.3000000119
56665  31.488  -20.313  -14.744 0.3000000119
56675  30.991  -20.270  -15.587 0.3000000119
56685  30.546  -20.293  -16.475 0.3000000119
56708  29.410  -20.354  -18.717 0.3000000119
56716  28.643  -20.702  -20.155 0.3000000119
55809  28.220  -21.015  -21.047 0.3000000119
54815  27.192  -22.658  -21.462 0.4000000060
54816  26.651  -23.050  -21.573 0.5000000000
125245  26.792  -22.390  -21.713 0.5000000000
54817  25.944  -23.365  -21.329 0.5000000000
122178  32.579  -18.726  -13.937 0.3000000119
57517  31.746  -19.442  -14.767 0.3000000119
57528  31.340  -19.683  -15.327 0.3000000119
129318  31.051  -19.416  -16.099 0.3000000119
132207  30.674  -19.375  -17.023 0.3000000119
56695  30.230  -19.991  -17.463 0.3000000119
57552  29.663  -19.794  -19.116 0.3000000119
131378  29.589  -19.587  -19.683 0.3000000119
124341  27.710  -21.112  -21.638 0.4000000060
55818  27.114  -20.934  -21.985 0.4000000060
120585  26.491  -21.601  -21.707 0.4000000060
56735  25.679  -20.123  -21.596 0.4000000060
55811  25.650  -21.765  -21.299 0.5000000000
113364  25.747  -20.934  -21.491 0.4000000060
58400  33.936  -18.580  -13.050 0.3000000119
123395  33.184  -18.899  -13.464 0.3000000119
129406  31.266  -18.605  -16.010 0.3000000119
58437  31.000  -18.664  -16.687 0.3000000119
57541  30.481  -19.228  -17.875 0.3000000119
56707  29.983  -19.709  -18.409 0.3000000119
57562  30.024  -19.153  -19.239 0.3000000119
56715  29.207  -19.762  -20.409 0.3000000119
132498  28.949  -19.522  -21.219 0.3000000119
56732  28.176  -20.489  -21.577 0.3000000119
56733  27.706  -20.266  -22.036 0.4000000060
56734  26.429  -20.553  -21.822 0.3000000119
58401  33.123  -18.170  -13.545 0.3000000119
58419  31.985  -18.591  -14.679 0.3000000119
58428  32.046  -17.806  -14.777 0.3000000119
121578  31.494  -18.966  -15.408 0.3000000119
58436  31.253  -17.937  -16.334 0.3000000119
58442  30.929  -17.977  -17.085 0.3000000119
59363  30.684  -17.393  -17.490 0.3000000119
58450  30.551  -18.518  -18.161 0.3000000119
124697  30.364  -19.031  -18.556 0.3000000119
59369  30.449  -17.660  -18.328 0.3000000119
115219  29.698  -19.034  -20.104 0.3000000119
59338  32.408  -17.241  -14.441 0.3000000119
58429  31.616  -18.042  -15.472 0.3000000119
60186  31.725  -16.488  -15.416 0.3000000119
59351  31.496  -17.203  -15.881 0.3000000119
59357  31.055  -17.119  -16.702 0.3000000119
59387  30.142  -17.617  -19.254 0.3000000119
58471  29.662  -18.279  -20.525 0.3000000119
57580  29.343  -18.943  -20.927 0.3000000119
60185  32.248  -16.494  -14.735 0.3000000119
61005  31.951  -15.732  -15.026 0.3000000119
60193  31.311  -16.407  -16.081 0.3000000119
61006  31.522  -15.856  -15.621 0.4000000060
129092  30.705  -16.700  -17.238 0.3000000119
128585  30.426  -16.770  -17.907 0.3000000119
60206  30.160  -16.810  -18.778 0.3000000119
61015  30.744  -15.216  -16.792 0.4000000060
61014  31.193  -15.596  -16.137 0.4000000060
60199  30.510  -16.012  -17.411 0.4000000060
61900  31.596  -15.062  -15.515 0.3000000119
61915  30.880  -14.299  -16.424 0.4000000060
35964  30.515  -43.480  -21.128 1.0000000000
126478  30.560  -44.183  -21.820 0.8999999762
48662  26.833  -29.406  -18.436 0.6999999881
51233  26.614  -27.089  -19.308 0.8000000119
51248  26.840  -26.279  -19.232 0.8000000119
122772  27.131  -26.033  -18.388 0.6999999881
22158  25.603  -57.403  -9.574 0.6000000238
22159  24.973  -57.127  -9.885 0.6000000238
19529  27.429  -60.890  -11.377 0.5000000000
19528  28.143  -60.692  -11.878 0.5000000000
24843  27.645  -54.659  -9.461 0.6000000238
32921  26.761  -46.900  -17.350 0.8999999762
25798  28.063  -54.108  -9.664 0.5000000000
112482  28.636  -56.391  -13.394 0.4000000060
135331  28.478  -58.490  -13.114 0.4000000060
32888  25.705  -46.851  -14.991 0.8999999762
32791  27.329  -46.933  -9.670 0.6999999881
24874  29.330  -53.941  -12.139 0.5000000000
24900  29.352  -54.548  -13.167 0.5000000000
33848  26.277  -45.513  -11.382 0.8000000119
22210  28.595  -58.093  -13.719 0.4000000060
33857  25.755  -45.767  -13.083 0.8000000119
27774  30.060  -51.862  -12.895 0.4000000060
36919  27.604  -42.879  -15.908 0.8000000119
33957  28.581  -45.593  -22.509 0.8000000119
32790  29.339  -46.632  -9.676 0.6000000238
29754  30.645  -48.683  -12.120 0.4000000060
28777  30.669  -50.603  -13.283 0.4000000060
35873  27.072  -43.411  -11.684 0.8000000119
35942  29.678  -43.290  -19.772 1.0000000000
31856  31.288  -47.487  -12.476 0.5000000000
31845  30.605  -47.460  -11.294 0.5000000000
36960  31.141  -43.166  -22.705 1.0000000000
34849  31.322  -44.239  -10.334 0.6999999881
122675  29.477  -41.943  -18.874 1.0000000000
36953  30.280  -42.633  -20.481 1.0000000000
40685  31.332  -39.055  -23.579 1.0000000000
40679  31.432  -38.468  -23.067 1.0000000000
117378  28.462  -39.372  -15.052 0.8000000119
42377  29.850  -36.958  -20.192 1.0000000000
44160  28.768  -35.024  -16.246 0.8000000119
41483  28.828  -37.440  -18.512 1.0000000000
42311  29.020  -36.065  -13.217 0.6999999881
44186  30.364  -34.341  -19.169 0.8000000119
44204  32.598  -34.952  -21.987 1.0000000000
44212  32.484  -35.164  -22.845 1.0000000000
42289  30.179  -36.108  -11.165 0.6000000238
43195  29.754  -35.781  -11.817 0.6999999881
51203  37.262  -26.302  -15.861 0.4000000060
40656  26.965  -38.561  -19.043 1.0000000000
41496  26.993  -37.794  -19.759 1.0000000000
52050  36.406  -25.734  -16.603 0.4000000060
45113  29.173  -33.285  -21.030 1.0000000000
115896  36.426  -27.823  -14.242 0.4000000060
51184  35.990  -26.452  -15.376 0.5000000000
122271  35.714  -27.473  -14.251 0.5000000000
52125  33.949  -25.453  -23.842 0.4000000060
52118  34.677  -25.477  -23.298 0.4000000060
45114  28.144  -33.198  -21.078 1.0000000000
51229  34.902  -27.034  -18.551 0.5000000000
48679  26.163  -29.093  -20.411 0.8000000119
51265  33.166  -26.281  -22.719 0.5000000000
48685  34.020  -29.321  -21.987 0.5000000000
48694  33.112  -29.442  -21.941 0.5000000000
49532  31.876  -28.368  -19.763 0.5000000000
113993  31.337  -28.993  -19.131 0.5000000000
51218  31.774  -27.092  -17.268 0.5000000000
117181  27.124  -27.124  -17.549 0.6999999881
51219  27.342  -26.300  -17.470 0.6999999881
52964  27.390  -24.800  -18.490 0.6000000238
55775  29.926  -20.824  -17.021 0.3000000119
27791  24.639  -51.772  -14.901 0.5000000000
27805  24.806  -51.001  -15.134 0.5000000000
25882  23.712  -53.883  -14.393 0.5000000000
26847  24.397  -52.340  -15.336 0.5000000000
24901  23.563  -54.579  -13.804 0.5000000000
25870  24.219  -53.213  -14.128 0.5000000000
25881  24.094  -53.169  -15.012 0.5000000000
24020  23.204  -55.376  -13.912 0.5000000000
23108  23.467  -56.257  -12.529 0.4000000060
25853  24.021  -53.776  -12.750 0.5000000000
24876  23.881  -54.502  -12.324 0.5000000000
22188  23.735  -57.868  -11.403 0.5000000000
23977  23.785  -55.373  -11.911 0.5000000000
36932  25.817  -42.460  -18.823 0.6999999881
36944  25.259  -42.984  -19.469 0.6999999881
127923  26.664  -43.106  -20.468 0.8000000119
35966  27.243  -43.524  -21.299 0.8000000119
35967  26.437  -43.856  -20.901 0.8000000119
35977  28.088  -44.096  -22.238 0.8999999762
125601  26.145  -41.948  -18.442 0.6999999881
36954  27.578  -42.799  -20.760 0.8999999762
36943  27.094  -42.519  -19.799 0.8999999762
36941  28.574  -42.426  -21.445 0.8999999762
37843  26.044  -41.283  -18.002 0.6000000238
37848  26.588  -41.597  -18.493 0.8000000119
36942  27.840  -42.152  -20.155 0.8999999762
37859  28.364  -41.677  -20.662 0.8999999762
37871  29.210  -41.781  -21.967 0.8999999762
38771  29.482  -41.109  -22.495 0.8999999762
40564  33.335  -38.626  -10.457 0.5000000000
39615  32.955  -39.249  -10.132 0.5000000000
40547  32.136  -38.921  -9.816 0.5000000000
37767  32.534  -41.005  -10.239 0.6000000238
38647  32.065  -40.319  -9.794 0.5000000000
39599  32.319  -39.639  -9.849 0.5000000000
116389  32.411  -41.848  -10.371 0.6000000238
39688  26.136  -39.731  -17.537 0.6000000238
38743  26.851  -40.883  -18.409 0.8999999762
37860  27.725  -41.533  -19.660 0.8999999762
37847  27.193  -41.558  -18.908 0.8999999762
38754  28.065  -40.886  -20.139 0.8999999762
38764  28.664  -41.049  -21.393 0.8999999762
113832  29.002  -40.374  -22.326 0.8999999762
130350  32.790  -36.264  -10.469 0.5000000000
120812  32.197  -35.904  -10.458 0.5000000000
42288  33.967  -36.310  -11.237 0.5000000000
41392  32.510  -37.490  -10.168 0.5000000000
42274  32.283  -36.675  -10.278 0.5000000000
41405  33.755  -36.967  -10.921 0.5000000000
41391  33.392  -37.786  -10.531 0.5000000000
39703  27.140  -39.496  -18.894 0.8999999762
39704  26.723  -40.002  -18.249 0.6999999881
38742  27.534  -40.868  -19.146 0.8999999762
39718  27.625  -40.007  -19.679 0.8999999762
38765  28.291  -40.169  -20.897 0.8999999762
115279  33.715  -34.641  -11.193 0.5000000000
43179  32.250  -35.124  -10.646 0.5000000000
43193  33.755  -35.498  -11.089 0.5000000000
116562  34.477  -35.935  -11.864 0.5000000000
117682  27.365  -39.160  -19.632 0.8999999762
39731  27.786  -39.302  -20.531 0.8999999762
40674  27.880  -38.521  -21.277 0.8999999762
43178  33.038  -34.820  -10.794 0.5000000000
44101  34.173  -33.967  -11.492 0.5000000000
45015  33.496  -33.203  -11.324 0.5000000000
45025  34.903  -33.545  -11.997 0.5000000000
45923  34.980  -32.726  -11.996 0.4000000060
43250  25.148  -36.139  -16.688 0.6000000238
43265  24.975  -35.186  -16.744 0.6000000238
42357  25.808  -36.448  -17.336 0.8000000119
43264  25.589  -35.629  -17.459 0.6999999881
44176  24.738  -34.315  -17.063 0.6999999881
45065  23.964  -33.884  -16.749 0.6999999881
45079  23.688  -33.086  -17.179 0.6999999881
43276  25.739  -35.335  -18.409 0.8000000119
42369  26.067  -36.089  -18.164 0.8000000119
44189  25.051  -34.054  -18.047 0.6999999881
45078  24.518  -33.548  -17.547 0.6999999881
45976  24.494  -32.694  -17.971 0.6999999881
46926  24.193  -31.866  -18.014 0.6999999881
44196  25.315  -34.472  -19.804 0.8000000119
45105  24.928  -33.191  -19.486 0.8000000119
43282  25.654  -35.187  -19.454 0.8000000119
46925  24.495  -31.059  -18.695 0.6999999881
115308  24.733  -32.726  -18.883 0.6999999881
46013  24.759  -32.352  -19.967 0.8000000119
46943  24.668  -31.401  -19.840 0.6999999881
47807  24.704  -29.879  -18.999 0.6000000238
45116  25.345  -33.317  -21.013 0.8000000119
46954  25.006  -31.611  -20.841 0.8000000119
48680  24.927  -29.336  -20.171 0.6000000238
49534  25.003  -28.310  -19.981 0.6000000238
50372  24.625  -27.320  -18.736 0.6000000238
47825  24.934  -29.992  -20.388 0.8000000119
49548  25.514  -28.145  -20.282 0.6000000238
50385  25.080  -27.739  -19.794 0.6000000238
114448  24.953  -30.789  -20.684 0.8000000119
52095  25.083  -25.956  -19.785 0.6000000238
48689  25.359  -29.443  -20.631 0.6999999881
50384  25.509  -27.469  -20.140 0.6000000238
52110  25.705  -25.728  -20.413 0.6999999881
52111  25.165  -25.114  -20.198 0.6000000238
121232  25.694  -26.729  -20.233 0.6000000238
52990  25.730  -24.760  -20.720 0.6000000238
49547  25.971  -28.231  -20.293 0.6999999881
51259  26.091  -26.933  -20.244 0.6999999881
21292  23.524  -58.645  -11.742 0.4000000060
123590  23.576  -57.098  -11.876 0.5000000000
23096  23.817  -56.263  -11.449 0.5000000000
25871  23.913  -53.831  -13.592 0.5000000000
36962  29.825  -42.487  -22.667 0.8999999762
23992  23.564  -55.215  -13.026 0.5000000000
119290  26.219  -42.778  -19.605 0.8000000119
39614  33.625  -39.246  -10.737 0.5000000000
44188  25.386  -34.613  -18.730 0.8000000119
45094  24.824  -33.360  -18.478 0.6999999881
45117  25.041  -33.015  -20.367 0.8000000119
126396  24.708  -30.606  -19.755 0.6999999881
132323  31.651  -47.071  -12.857 0.4000000060
32856  32.440  -45.980  -13.430 0.4000000060
33854  32.127  -45.750  -12.690 0.4000000060
117698  32.522  -45.199  -12.915 0.4000000060
35883  32.778  -43.651  -12.076 0.5000000000
35902  33.515  -43.958  -13.697 0.4000000060
34894  33.887  -44.372  -14.507 0.4000000060
36868  33.371  -41.992  -11.621 0.5000000000
36869  32.783  -42.382  -11.007 0.5000000000
35882  33.190  -43.198  -12.504 0.5000000000
35891  33.504  -43.209  -13.155 0.4000000060
34876  32.601  -44.432  -12.488 0.4000000060
35901  34.040  -43.565  -14.307 0.4000000060
35890  33.810  -43.234  -13.768 0.4000000060
34885  32.965  -44.589  -13.268 0.4000000060
35912  34.503  -43.821  -15.009 0.4000000060
37784  33.063  -41.525  -10.871 0.5000000000
35870  33.036  -42.841  -11.813 0.5000000000
113362  34.397  -42.141  -13.966 0.4000000060
36899  34.637  -42.487  -14.633 0.4000000060
38728  36.386  -40.452  -17.922 0.4000000060
123144  35.675  -41.958  -16.082 0.4000000060
119444  34.869  -42.993  -15.190 0.4000000060
129690  36.088  -41.846  -16.694 0.4000000060
37783  33.661  -41.178  -11.397 0.5000000000
124343  33.943  -41.515  -12.175 0.5000000000
36883  33.603  -42.444  -12.556 0.4000000060
42364  41.593  -36.424  -18.250 0.3000000119
37808  34.246  -41.720  -13.138 0.4000000060
42365  40.980  -37.060  -18.009 0.3000000119
37826  35.166  -41.128  -15.105 0.4000000060
41480  41.399  -37.398  -18.863 0.3000000119
40649  40.112  -38.567  -18.597 0.3000000119
40651  38.157  -38.834  -18.266 0.3000000119
40652  37.101  -38.688  -18.444 0.3000000119
39685  36.174  -39.677  -17.976 0.4000000060
37833  35.906  -41.044  -16.478 0.4000000060
37825  35.486  -41.342  -15.742 0.4000000060
39696  38.641  -39.390  -18.897 0.3000000119
39697  37.517  -39.226  -18.980 0.3000000119
38739  36.466  -39.985  -18.574 0.4000000060
38677  34.337  -39.801  -11.911 0.4000000060
38694  34.456  -40.257  -12.615 0.4000000060
38702  34.593  -40.756  -13.430 0.4000000060
37799  34.343  -41.003  -12.612 0.4000000060
42354  40.775  -36.337  -17.593 0.3000000119
42337  38.952  -36.184  -16.724 0.3000000119
41464  40.146  -37.125  -17.460 0.3000000119
41465  39.200  -37.539  -17.175 0.3000000119
40638  36.736  -38.299  -17.771 0.3000000119
40639  36.110  -38.412  -17.607 0.4000000060
39686  35.878  -39.419  -17.287 0.4000000060
119966  35.514  -40.458  -15.796 0.4000000060
41482  39.719  -38.088  -17.795 0.3000000119
40636  38.754  -38.311  -17.580 0.3000000119
40653  36.411  -38.763  -18.296 0.3000000119
117504  33.877  -40.017  -11.178 0.4000000060
42340  36.439  -36.486  -16.278 0.3000000119
41444  35.467  -36.865  -15.738 0.3000000119
133672  35.376  -37.369  -15.833 0.4000000060
118560  34.907  -37.305  -14.593 0.4000000060
40611  34.831  -38.663  -14.559 0.4000000060
39655  34.626  -39.810  -13.351 0.4000000060
125364  38.231  -36.416  -16.583 0.3000000119
42339  37.374  -36.174  -16.446 0.3000000119
41453  35.627  -37.448  -16.260 0.3000000119
131162  35.559  -38.044  -16.549 0.4000000060
40617  35.116  -38.660  -15.373 0.4000000060
38711  34.825  -40.071  -14.145 0.4000000060
41451  37.813  -37.050  -16.656 0.3000000119
115259  36.133  -37.295  -16.545 0.3000000119
41469  35.857  -37.920  -16.945 0.4000000060
122728  35.368  -39.503  -15.674 0.4000000060
115171  34.977  -39.405  -14.795 0.4000000060
41466  38.271  -37.701  -17.052 0.3000000119
41468  36.401  -37.842  -17.130 0.3000000119
39677  35.633  -39.317  -16.514 0.4000000060
38718  35.140  -40.250  -14.965 0.4000000060
123436  34.934  -35.929  -12.805 0.4000000060
42300  34.680  -36.709  -12.575 0.4000000060
41404  34.125  -37.726  -11.297 0.4000000060
40577  34.320  -38.500  -11.744 0.4000000060
42322  35.287  -36.071  -14.710 0.3000000119
130605  34.766  -37.290  -13.512 0.4000000060
122021  34.666  -38.230  -13.289 0.4000000060
128556  34.406  -39.132  -12.028 0.4000000060
125573  35.466  -36.288  -15.344 0.4000000060
40601  34.701  -38.645  -13.870 0.4000000060
39643  34.512  -39.453  -12.617 0.4000000060
130015  24.218  -30.495  -18.107 0.6000000238
46904  23.816  -31.161  -17.850 0.6000000238
49517  24.807  -28.177  -18.976 0.5000000000
48665  24.350  -28.899  -18.221 0.5000000000
51251  24.603  -26.383  -18.952 0.5000000000
52096  24.654  -25.161  -19.567 0.5000000000
52991  25.054  -24.350  -20.313 0.5000000000
53859  25.507  -23.916  -20.774 0.4000000060
59404  29.268  -17.108  -21.266 0.3000000119
60248  28.854  -16.524  -21.720 0.3000000119
59429  28.320  -16.662  -22.278 0.3000000119
114723  30.145  -15.999  -18.244 0.3000000119
61041  29.832  -15.942  -19.222 0.3000000119
123958  29.652  -16.917  -20.536 0.3000000119
60238  29.356  -16.231  -21.050 0.3000000119
61073  28.504  -15.942  -22.002 0.3000000119
61074  27.984  -15.977  -22.405 0.3000000119
116650  27.714  -15.207  -22.508 0.3000000119
61020  30.242  -15.206  -17.667 0.3000000119
61027  29.847  -15.210  -18.515 0.3000000119
116929  29.605  -15.388  -19.938 0.3000000119
61959  29.453  -14.851  -20.637 0.3000000119
61066  29.248  -15.428  -21.222 0.3000000119
61966  29.202  -14.700  -21.484 0.3000000119
61970  28.845  -14.592  -22.108 0.3000000119
61971  28.277  -14.536  -22.501 0.3000000119
61978  26.688  -13.944  -22.835 0.3000000119
61923  30.417  -14.381  -17.182 0.3000000119
61928  29.649  -14.495  -18.857 0.3000000119
61942  29.546  -14.626  -19.718 0.3000000119
62829  29.517  -13.851  -19.360 0.3000000119
62841  29.442  -14.029  -20.275 0.3000000119
62856  29.413  -13.448  -20.897 0.3000000119
62866  29.233  -13.855  -21.786 0.3000000119
62872  28.824  -13.866  -22.447 0.3000000119
62873  28.311  -13.750  -22.787 0.3000000119
62810  30.632  -13.569  -16.777 0.3000000119
62818  30.144  -13.603  -17.563 0.3000000119
62828  29.722  -13.694  -18.432 0.3000000119
124548  29.413  -13.211  -19.938 0.3000000119
63802  29.399  -12.469  -20.597 0.3000000119
63826  29.387  -12.918  -21.621 0.3000000119
129135  29.331  -12.499  -22.258 0.3000000119
63774  30.426  -12.825  -17.138 0.3000000119
63781  29.863  -12.745  -18.009 0.3000000119
125685  29.545  -13.043  -18.978 0.3000000119
64668  29.567  -11.836  -19.049 0.3000000119
64693  29.422  -11.687  -20.766 0.3000000119
124353  30.290  -12.016  -17.353 0.3000000119
64667  29.864  -11.711  -18.225 0.3000000119
65492  29.648  -11.123  -18.981 0.3000000119
64660  30.314  -11.164  -17.476 0.3000000119
133573  30.372  -10.473  -17.597 0.3000000119
65483  30.628  -9.862  -17.353 0.3000000119
36906  35.442  -42.806  -15.834 0.4000000060
31868  32.089  -46.995  -13.546 0.4000000060
33875  33.020  -45.687  -14.147 0.4000000060
35911  35.119  -43.635  -15.670 0.4000000060
33874  33.691  -45.327  -14.780 0.4000000060
37839  36.718  -41.030  -18.394 0.4000000060
36925  36.312  -42.303  -17.168 0.4000000060
36918  35.944  -42.603  -16.510 0.4000000060
42376  42.152  -36.688  -19.230 0.3000000119
134879  41.337  -37.944  -19.689 0.3000000119
41494  40.832  -38.194  -19.111 0.3000000119
40664  39.625  -39.274  -19.056 0.3000000119
39714  38.061  -39.725  -19.610 0.3000000119
39715  37.207  -39.731  -19.401 0.3000000119
43259  40.558  -35.503  -17.428 0.3000000119
43247  38.223  -35.631  -16.607 0.3000000119
43260  39.891  -35.183  -17.187 0.3000000119
44127  35.283  -34.718  -12.875 0.4000000060
129073  35.209  -35.358  -13.065 0.4000000060
43219  35.182  -35.831  -13.761 0.4000000060
130611  36.111  -35.368  -15.637 0.3000000119
42341  35.925  -36.131  -15.833 0.3000000119
44114  34.879  -34.399  -12.130 0.4000000060
123888  23.379  -31.822  -17.545 0.6000000238
62809  31.155  -13.521  -16.071 0.3000000119
63773  30.912  -12.815  -16.446 0.3000000119
64651  30.785  -11.453  -16.713 0.3000000119
65472  30.711  -10.578  -16.966 0.3000000119
65471  31.209  -10.729  -16.286 0.3000000119
44185  41.769  -34.506  -17.942 0.3000000119
32828  31.404  -46.738  -12.179 0.4000000060
35871  32.443  -43.334  -11.138 0.5000000000
37817  34.844  -40.896  -14.345 0.4000000060
133852  39.411  -36.782  -16.964 0.3000000119
41418  34.533  -37.720  -12.360 0.4000000060
63832  29.171  -13.163  -22.370 0.3000000119
63789  29.464  -12.416  -19.522 0.3000000119
64680  29.432  -11.605  -19.881 0.3000000119
66300  31.146  -9.816  -16.559 0.3000000119
30822  31.480  -48.447  -13.431 0.3000000119
32872  32.702  -46.524  -14.214 0.3000000119
29887  26.741  -49.363  -20.275 0.6000000238
30932  26.243  -49.144  -20.348 0.6999999881
30918  25.306  -48.922  -20.073 0.6999999881
32871  33.297  -46.183  -14.785 0.3000000119
23129  28.753  -57.061  -14.888 0.3000000119
24018  29.031  -55.672  -14.867 0.3000000119
117326  25.386  -47.062  -19.535 0.6999999881
30839  31.849  -48.696  -14.125 0.3000000119
31970  24.912  -47.988  -19.503 0.6999999881
31969  25.827  -48.206  -20.010 0.6999999881
30838  32.347  -48.199  -14.572 0.3000000119
31880  33.042  -46.963  -14.903 0.3000000119
112539  26.608  -48.434  -20.381 0.6999999881
31897  33.418  -47.355  -15.543 0.3000000119
33896  35.224  -45.827  -16.890 0.3000000119
32902  33.964  -46.972  -16.019 0.3000000119
33887  33.787  -45.977  -15.265 0.3000000119
34925  35.989  -44.670  -17.292 0.3000000119
118684  35.698  -44.317  -16.690 0.3000000119
34906  34.830  -44.971  -15.865 0.3000000119
124115  29.328  -54.739  -14.210 0.3000000119
26819  30.306  -52.231  -13.762 0.4000000060
33942  26.022  -45.431  -20.029 0.6999999881
29800  31.701  -49.570  -14.366 0.3000000119
28791  30.924  -50.830  -13.982 0.3000000119
32965  26.206  -46.514  -19.952 0.6999999881
31986  26.391  -47.537  -20.189 0.6999999881
30850  32.697  -48.522  -15.246 0.3000000119
31914  33.816  -47.733  -16.200 0.3000000119
32901  34.510  -46.589  -16.446 0.3000000119
33873  34.270  -45.516  -15.524 0.3000000119
33908  36.282  -45.283  -18.072 0.3000000119
26835  30.026  -53.160  -14.170 0.4000000060
34941  25.496  -44.437  -19.909 0.6999999881
28804  31.731  -50.582  -15.081 0.3000000119
27789  31.251  -51.167  -14.759 0.3000000119
29812  33.051  -48.931  -15.884 0.3000000119
29813  32.132  -49.833  -15.164 0.3000000119
33941  26.809  -45.376  -20.946 0.6999999881
30863  34.201  -48.102  -16.922 0.3000000119
123418  26.741  -46.112  -20.492 0.6999999881
124692  36.205  -43.136  -17.038 0.3000000119
34905  35.276  -44.321  -16.120 0.3000000119
126204  36.719  -43.794  -18.252 0.3000000119
35934  36.434  -43.587  -17.647 0.3000000119
34952  26.179  -44.568  -20.635 0.6999999881
29827  32.731  -49.837  -16.024 0.3000000119
34951  26.828  -44.631  -21.361 0.6999999881
29841  33.658  -49.746  -17.493 0.3000000119
29826  33.379  -49.374  -16.623 0.3000000119
33951  27.411  -45.392  -21.810 0.6999999881
36929  36.978  -42.009  -18.666 0.3000000119
28819  33.113  -50.269  -16.939 0.3000000119
34962  27.395  -44.670  -21.943 0.6999999881
36924  36.588  -42.073  -17.921 0.3000000119
44126  35.601  -34.275  -13.474 0.3000000119
28847  26.138  -50.192  -20.016 0.5000000000
29890  24.125  -50.124  -20.676 0.6999999881
28866  24.497  -50.472  -20.397 0.6000000238
28867  23.656  -50.560  -20.719 0.6000000238
29867  26.746  -49.619  -20.117 0.6000000238
32952  24.259  -47.108  -18.912 0.6999999881
32951  25.492  -46.053  -19.456 0.6999999881
24915  29.380  -55.018  -15.347 0.3000000119
33929  25.008  -45.157  -19.274 0.6999999881
25879  30.089  -53.578  -15.279 0.4000000060
27804  31.056  -52.133  -15.177 0.4000000060
26834  30.502  -52.651  -14.703 0.4000000060
35949  25.907  -43.398  -20.123 0.6999999881
27803  31.664  -51.517  -15.682 0.3000000119
115380  32.180  -51.379  -16.492 0.3000000119
27834  32.979  -51.526  -18.129 0.3000000119
31882  31.958  -47.891  -13.875 0.3000000119
35968  25.791  -43.952  -20.345 0.6999999881
30933  25.513  -49.610  -20.360 0.6000000238
28836  33.371  -50.711  -17.935 0.3000000119
26845  31.293  -52.629  -16.156 0.3000000119
25893  24.016  -52.705  -15.734 0.5000000000
28822  24.925  -50.940  -17.461 0.5000000000
27821  23.683  -51.833  -16.948 0.5000000000
27806  24.641  -51.587  -15.662 0.4000000060
25948  18.416  -54.069  -21.279 0.4000000060
25953  18.190  -53.923  -21.750 0.5000000000
28821  25.133  -50.607  -16.722 0.4000000060
27820  24.677  -51.348  -16.546 0.5000000000
28839  24.698  -51.023  -18.172 0.5000000000
24072  15.769  -54.753  -21.338 0.4000000060
24987  14.534  -54.739  -21.272 0.4000000060
26904  19.189  -53.827  -21.925 0.5000000000
28848  25.432  -50.611  -19.605 0.4000000060
25956  14.944  -54.001  -21.289 0.4000000060
24988  13.498  -54.964  -21.252 0.4000000060
24985  15.947  -54.187  -21.522 0.4000000060
24984  17.021  -54.139  -21.627 0.4000000060
26903  20.019  -53.505  -21.945 0.5000000000
27875  21.706  -51.087  -21.878 0.4000000060
28857  25.366  -50.361  -20.180 0.5000000000
27873  23.276  -51.040  -20.656 0.4000000060
27874  22.540  -51.042  -21.257 0.4000000060
28859  24.064  -51.007  -20.282 0.4000000060
112799  13.982  -54.245  -21.009 0.4000000060
27858  13.893  -52.076  -19.302 0.4000000060
25954  16.356  -53.427  -21.629 0.4000000060
28860  15.097  -50.165  -19.894 0.4000000060
26914  18.759  -53.333  -22.079 0.5000000000
26915  17.496  -53.213  -21.904 0.4000000060
29898  15.856  -49.867  -20.056 0.4000000060
26913  19.790  -53.110  -22.240 0.5000000000
29874  17.929  -49.405  -19.688 0.4000000060
29897  16.714  -49.631  -20.090 0.4000000060
26912  20.305  -52.722  -22.161 0.5000000000
27887  21.004  -50.983  -22.317 0.5000000000
30922  18.117  -48.598  -19.097 0.4000000060
126916  18.444  -47.816  -18.783 0.4000000060
27876  20.865  -51.933  -22.051 0.5000000000
132407  22.043  -50.365  -21.682 0.6000000238
28868  22.770  -50.535  -21.072 0.5000000000
26896  13.632  -52.620  -19.787 0.4000000060
124517  14.173  -51.299  -20.037 0.4000000060
26916  14.905  -53.232  -21.000 0.4000000060
28876  14.802  -50.933  -20.197 0.4000000060
27890  18.965  -52.295  -22.292 0.5000000000
123729  18.126  -52.465  -22.020 0.4000000060
28875  15.684  -50.724  -20.361 0.4000000060
28882  19.979  -50.977  -22.360 0.5000000000
29896  17.724  -50.012  -20.235 0.4000000060
28874  16.548  -50.566  -20.510 0.4000000060
132897  20.488  -50.931  -22.385 0.5000000000
135494  21.738  -49.982  -21.766 0.5000000000
32939  19.813  -46.838  -18.675 0.4000000060
29892  22.324  -50.160  -21.246 0.6000000238
29891  23.187  -50.184  -20.874 0.6000000238
27882  14.005  -51.912  -20.159 0.4000000060
26905  16.428  -52.388  -21.394 0.4000000060
27881  14.649  -51.782  -20.413 0.4000000060
27880  15.571  -51.634  -20.686 0.4000000060
28873  17.440  -50.619  -20.751 0.4000000060
28870  20.541  -50.262  -22.114 0.5000000000
29895  18.708  -50.278  -20.437 0.4000000060
29893  21.220  -49.846  -21.723 0.5000000000
30921  18.966  -48.542  -18.762 0.4000000060
29868  24.624  -49.565  -20.337 0.6000000238
126662  23.954  -49.145  -19.961 0.6000000238
29870  22.807  -49.801  -20.598 0.6000000238
121342  14.215  -53.467  -20.752 0.4000000060
26917  14.330  -52.606  -20.510 0.4000000060
27878  17.160  -51.211  -21.129 0.4000000060
28883  19.123  -51.234  -22.111 0.5000000000
27877  18.078  -51.487  -21.676 0.5000000000
28872  18.416  -50.701  -21.196 0.5000000000
29894  19.755  -50.296  -20.989 0.5000000000
131188  19.936  -50.072  -20.175 0.5000000000
126703  20.505  -50.043  -21.260 0.5000000000
29873  18.930  -49.772  -19.553 0.4000000060
29871  21.853  -49.877  -20.753 0.6000000238
30902  19.926  -48.875  -18.533 0.5000000000
31955  19.786  -47.911  -18.505 0.4000000060
30919  24.442  -48.656  -19.704 0.6000000238
30920  23.250  -49.196  -19.800 0.6000000238
29856  22.358  -49.358  -19.499 0.6000000238
29872  20.746  -49.868  -20.125 0.5000000000
125273  19.774  -49.606  -19.064 0.5000000000
30900  21.800  -48.692  -18.531 0.6000000238
129721  20.500  -49.397  -18.795 0.5000000000
30898  23.606  -48.419  -19.177 0.6000000238
31971  24.185  -47.966  -19.144 0.6000000238
35951  23.909  -43.393  -19.011 0.5000000000
134548  24.393  -44.716  -18.994 0.6000000238
133403  23.463  -44.909  -18.433 0.5000000000
33930  24.046  -45.268  -18.699 0.6000000238
33918  23.237  -45.394  -18.162 0.6000000238
124549  22.856  -46.099  -17.912 0.5000000000
125256  22.002  -45.961  -17.971 0.5000000000
30899  22.706  -48.572  -18.812 0.6000000238
31953  22.077  -47.823  -18.184 0.5000000000
132111  21.306  -47.911  -18.215 0.5000000000
31954  20.549  -47.373  -18.395 0.5000000000
119693  20.554  -46.459  -18.538 0.5000000000
125781  24.699  -43.407  -19.378 0.5000000000
36945  24.372  -42.868  -19.099 0.5000000000
35950  25.249  -43.687  -19.842 0.6000000238
34942  24.662  -44.130  -19.331 0.6000000238
32936  22.260  -46.833  -17.928 0.6000000238
123581  24.689  -46.136  -18.953 0.6000000238
32935  23.752  -46.155  -18.392 0.6000000238
27852  24.208  -51.237  -18.436 0.4000000060
27863  24.227  -51.198  -19.439 0.4000000060
29855  25.979  -50.250  -19.203 0.5000000000
28838  25.277  -50.676  -18.475 0.4000000060
31951  23.675  -47.633  -18.730 0.6000000238
26860  24.362  -52.071  -16.054 0.5000000000
27822  22.934  -51.902  -17.084 0.5000000000
132241  24.188  -51.795  -16.636 0.5000000000
27836  24.289  -51.384  -17.414 0.5000000000
25955  15.564  -53.529  -21.361 0.4000000060
30934  16.023  -49.208  -19.718 0.4000000060
29875  17.199  -49.134  -19.785 0.4000000060
26906  15.413  -52.641  -21.027 0.4000000060
123086  13.775  -53.086  -20.339 0.4000000060
31952  22.959  -47.719  -18.398 0.6000000238
27868  14.125  -51.263  -19.489 0.3000000119
30923  17.389  -48.500  -19.328 0.3000000119
29877  15.461  -49.464  -19.528 0.3000000119
30924  15.835  -48.894  -19.335 0.3000000119
29876  16.586  -48.643  -19.403 0.3000000119
30904  16.103  -48.519  -18.923 0.3000000119
17703  24.481  -61.954  -12.080 0.6000000238
18655  26.421  -61.701  -11.374 0.5000000000
18656  25.593  -61.662  -11.231 0.5000000000
18669  27.758  -62.137  -12.152 0.5000000000
19509  27.606  -60.045  -11.121 0.5000000000
19511  25.779  -60.469  -10.366 0.5000000000
19512  25.005  -60.350  -10.384 0.6000000238
19530  26.778  -61.172  -11.141 0.5000000000
20392  26.691  -59.207  -9.952 0.5000000000
20415  25.433  -59.724  -10.059 0.6999999881
20416  24.816  -59.668  -10.255 0.6000000238
20431  28.308  -59.934  -12.113 0.4000000060
20433  24.382  -59.187  -10.502 0.6000000238
21256  26.453  -58.494  -9.665 0.6000000238
21257  25.712  -58.280  -9.610 0.6999999881
21258  25.059  -57.955  -9.865 0.6000000238
21276  27.058  -58.674  -9.961 0.6000000238
21291  23.983  -58.560  -10.958 0.6000000238
22157  26.351  -57.664  -9.511 0.6000000238
22173  28.069  -57.118  -10.757 0.5000000000
22174  27.615  -57.532  -10.169 0.6000000238
22186  28.250  -57.461  -11.722 0.4000000060
22194  28.363  -57.774  -12.814 0.4000000060
23066  25.431  -56.565  -9.598 0.6000000238
23082  27.792  -56.685  -10.016 0.6000000238
23095  24.059  -57.116  -10.931 0.6000000238
23119  28.458  -57.275  -13.513 0.4000000060
23949  27.175  -55.331  -9.318 0.6000000238
23950  25.222  -55.764  -9.696 0.6000000238
23963  24.648  -55.620  -10.225 0.6000000238
24005  28.731  -56.347  -14.437 0.3000000119
24006  23.202  -56.015  -13.414 0.5000000000
24842  28.290  -54.722  -9.977 0.6000000238
24860  28.715  -54.725  -10.748 0.6000000238
24861  25.182  -54.023  -9.784 0.6999999881
24875  29.017  -54.770  -11.651 0.5000000000
24986  15.305  -54.569  -21.358 0.4000000060
25799  27.414  -53.875  -9.345 0.6000000238
25817  24.438  -53.610  -10.981 0.6000000238
25834  29.063  -53.412  -11.070 0.5000000000
25854  23.755  -54.373  -13.112 0.5000000000
25869  29.634  -53.750  -13.441 0.5000000000
25880  29.653  -54.088  -14.750 0.3000000119
25957  13.515  -53.798  -20.545 0.4000000060
26766  28.679  -52.843  -10.258 0.4000000060
26780  29.421  -52.186  -11.522 0.4000000060
26799  29.701  -52.407  -12.327 0.4000000060
26836  24.460  -52.503  -14.566 0.5000000000
26907  13.741  -52.475  -20.103 0.4000000060
26918  20.156  -52.499  -22.366 0.5000000000
27720  28.181  -51.178  -9.627 0.5000000000
27723  25.964  -51.320  -9.580 0.6999999881
27750  24.647  -51.448  -11.346 0.8000000119
27761  30.208  -50.922  -12.587 0.4000000060
27790  30.764  -51.710  -14.287 0.4000000060
27818  31.761  -52.154  -16.551 0.3000000119
27819  24.983  -50.840  -15.907 0.4000000060
27869  13.835  -51.861  -19.896 0.4000000060
27879  16.454  -51.413  -20.927 0.4000000060
27888  20.428  -51.782  -22.356 0.5000000000
27889  19.784  -52.001  -22.426 0.5000000000
27891  17.288  -52.006  -21.607 0.4000000060
28724  26.987  -50.704  -9.324 0.6999999881
28764  29.765  -50.926  -11.790 0.4000000060
28765  24.860  -49.986  -11.722 0.8000000119
28803  32.195  -50.629  -15.791 0.3000000119
28820  32.596  -50.659  -16.487 0.3000000119
28837  32.688  -51.246  -17.315 0.3000000119
28850  14.916  -49.899  -19.267 0.3000000119
28858  24.797  -50.863  -19.935 0.5000000000
28861  14.491  -50.601  -19.692 0.3000000119
28869  21.467  -50.202  -22.156 0.5000000000
28871  19.471  -50.554  -21.737 0.5000000000
29724  26.126  -50.049  -9.762 0.8000000119
29770  25.007  -49.202  -12.242 0.8000000119
29784  31.119  -49.944  -13.628 0.4000000060
29799  32.222  -48.998  -14.805 0.3000000119
29842  26.356  -49.557  -18.655 0.5000000000
29857  21.402  -49.491  -19.140 0.5000000000
29869  23.682  -49.726  -20.503 0.6000000238
29888  26.039  -49.831  -20.288 0.6000000238
29889  25.051  -50.043  -20.448 0.6000000238
30759  28.549  -48.549  -9.626 0.6000000238
30780  30.080  -47.527  -10.588 0.6000000238
30781  29.608  -48.098  -10.348 0.6000000238
30809  31.145  -48.218  -12.700 0.4000000060
30849  33.269  -48.141  -15.692 0.3000000119
30864  33.624  -48.526  -16.404 0.3000000119
30901  20.757  -48.575  -18.383 0.5000000000
30930  27.614  -48.708  -20.296 0.6999999881
31804  27.479  -47.653  -9.504 0.6999999881
31825  29.472  -47.383  -9.930 0.6000000238
31857  30.847  -47.906  -11.960 0.5000000000
31881  32.488  -47.382  -14.366 0.3000000119
31898  32.853  -47.745  -15.064 0.3000000119
31899  25.872  -47.101  -15.900 0.8999999762
31913  34.377  -47.325  -16.680 0.3000000119
31934  26.681  -47.813  -17.749 0.8999999762
31968  28.220  -48.279  -19.986 0.8000000119
31984  27.713  -48.172  -20.509 0.8000000119
32789  29.972  -46.123  -9.847 0.6000000238
32842  31.893  -46.422  -12.827 0.4000000060
32857  25.601  -46.527  -13.262 0.8000000119
32874  25.629  -46.688  -14.102 0.8000000119
32885  34.157  -46.257  -15.811 0.3000000119
32886  33.593  -46.615  -15.397 0.3000000119
32900  34.939  -46.292  -16.819 0.3000000119
32937  21.304  -46.194  -18.295 0.5000000000
32949  29.359  -45.917  -20.812 0.8000000119
32975  28.935  -46.286  -21.921 0.8000000119
33813  28.442  -45.555  -9.527 0.6999999881
33833  27.146  -45.559  -10.108 0.6999999881
33846  31.528  -45.525  -11.405 0.5000000000
33847  31.066  -45.967  -10.884 0.6000000238
33855  31.718  -45.965  -12.151 0.5000000000
33856  25.952  -45.501  -12.250 0.8000000119
33863  33.314  -44.866  -13.998 0.4000000060
33864  32.846  -45.264  -13.559 0.4000000060
33876  26.025  -45.253  -13.812 0.8000000119
33897  34.763  -45.796  -16.276 0.3000000119
33917  28.171  -45.991  -18.521 0.8999999762
33939  29.604  -45.461  -21.704 0.8000000119
33949  28.777  -46.020  -22.356 0.8000000119
33956  29.269  -45.221  -22.566 0.8000000119
34829  28.217  -44.747  -9.614 0.6999999881
34850  30.634  -44.824  -9.952 0.6999999881
34865  32.262  -44.211  -11.640 0.5000000000
34867  26.951  -44.299  -11.068 0.8000000119
34875  33.064  -43.831  -12.885 0.4000000060
34877  26.313  -44.738  -12.338 0.8000000119
34893  34.330  -44.716  -15.207 0.4000000060
34916  35.379  -45.085  -16.619 0.3000000119
34924  36.430  -44.334  -17.873 0.3000000119
34943  23.772  -44.364  -18.742 0.5000000000
34960  28.861  -44.798  -22.640 0.8000000119
34967  30.930  -44.080  -23.110 1.0000000000
35835  31.141  -43.432  -9.869 0.6999999881
35836  30.413  -43.305  -9.552 0.6999999881
35838  28.731  -43.370  -9.637 0.6999999881
35856  27.476  -43.747  -10.593 0.8000000119
35872  31.948  -44.003  -10.899 0.5000000000
35892  26.909  -43.030  -13.823 0.8000000119
35913  27.251  -43.674  -15.670 0.8000000119
35923  35.705  -43.538  -16.400 0.4000000060
35935  36.084  -43.909  -17.066 0.3000000119
35937  27.891  -43.834  -17.140 0.8999999762
35941  36.777  -42.947  -18.276 0.3000000119
35965  28.128  -43.202  -21.613 0.8999999762
35974  31.181  -43.743  -22.997 1.0000000000
35978  27.109  -44.132  -21.593 0.6999999881
35984  30.479  -44.035  -23.254 1.0000000000
36848  32.163  -42.660  -10.391 0.6999999881
36871  27.535  -42.544  -11.406 0.8000000119
36891  34.186  -42.860  -14.145 0.4000000060
36892  33.951  -42.605  -13.458 0.4000000060
36907  35.181  -42.070  -15.282 0.4000000060
36926  29.144  -42.133  -18.218 1.0000000000
36930  27.355  -42.029  -19.390 0.8999999762
36931  26.680  -42.196  -18.952 0.8000000119
36961  30.654  -42.569  -22.817 1.0000000000
37751  31.776  -41.074  -9.816 0.6999999881
37785  28.009  -41.319  -11.323 0.8000000119
37809  27.708  -41.126  -12.967 0.8000000119
37840  36.358  -41.297  -17.377 0.4000000060
38648  31.251  -40.451  -9.592 0.5000000000
38649  30.466  -40.644  -9.564 0.6999999881
38662  33.351  -40.637  -10.765 0.5000000000
38663  32.802  -40.124  -10.169 0.5000000000
38678  34.139  -40.652  -11.846 0.4000000060
38703  27.890  -40.794  -13.583 0.6999999881
38723  35.839  -40.057  -16.551 0.4000000060
38724  28.530  -40.837  -16.592 1.0000000000
38729  36.143  -40.316  -17.248 0.4000000060
38731  26.278  -40.508  -17.883 0.6000000238
38732  25.608  -40.517  -17.569 0.6000000238
38741  29.054  -40.234  -17.725 1.0000000000
38752  36.836  -40.281  -19.132 0.3000000119
39601  30.618  -39.882  -9.632 0.6000000238
39616  30.045  -39.365  -9.917 0.6000000238
39629  34.116  -39.205  -11.403 0.4000000060
39630  29.010  -39.157  -11.021 0.6999999881
39664  34.732  -39.274  -14.012 0.4000000060
39665  28.386  -39.768  -14.298 0.6999999881
39698  36.775  -39.117  -18.889 0.3000000119
39699  36.356  -39.279  -18.518 0.4000000060
39700  35.946  -38.944  -17.950 0.3000000119
39702  29.287  -39.936  -18.341 1.0000000000
39716  36.666  -39.599  -18.957 0.4000000060
39729  31.031  -39.585  -21.851 1.0000000000
39742  31.275  -39.659  -23.579 1.0000000000
40548  31.251  -38.685  -9.793 0.6000000238
40565  32.723  -38.352  -10.115 0.5000000000
40578  33.887  -38.514  -10.963 0.5000000000
40590  34.529  -38.678  -12.549 0.4000000060
40612  28.515  -38.534  -14.943 0.8000000119
40624  35.450  -38.622  -16.214 0.4000000060
40625  35.273  -37.887  -15.854 0.4000000060
40626  28.537  -38.452  -16.516 0.8000000119
40637  37.712  -38.304  -17.650 0.3000000119
40640  35.734  -38.594  -17.108 0.4000000060
40641  28.665  -38.749  -17.370 0.8999999762
40642  26.564  -38.359  -18.017 0.8999999762
40650  39.223  -38.852  -18.258 0.3000000119
41393  31.635  -37.233  -10.144 0.5000000000
41394  30.071  -37.743  -10.549 0.6000000238
41407  28.960  -37.886  -11.870 0.6999999881
41420  28.763  -37.626  -12.714 0.6000000238
41429  28.655  -37.457  -13.548 0.6999999881
41438  34.787  -38.015  -14.154 0.4000000060
41439  28.566  -37.320  -14.351 0.8000000119
41445  35.147  -37.332  -15.395 0.4000000060
41452  36.872  -37.115  -16.617 0.3000000119
41467  37.267  -37.737  -17.120 0.3000000119
41472  25.707  -37.795  -16.909 0.6999999881
41481  40.586  -37.766  -18.262 0.3000000119
41517  29.969  -37.295  -23.189 1.0000000000
42273  33.386  -36.254  -10.762 0.5000000000
42287  34.290  -36.893  -11.674 0.5000000000
42290  29.615  -36.566  -11.570 0.6000000238
42310  34.912  -36.474  -13.366 0.4000000060
42329  35.139  -36.723  -15.052 0.4000000060
42330  28.495  -36.497  -15.446 0.8000000119
42338  38.694  -36.984  -16.722 0.3000000119
42342  28.471  -36.491  -16.281 0.8000000119
42366  29.094  -36.579  -19.098 1.0000000000
42401  30.914  -36.376  -22.751 1.0000000000
42403  29.466  -36.427  -23.049 1.0000000000
43180  31.506  -35.471  -10.638 0.5000000000
43181  30.789  -35.754  -10.813 0.6000000238
43192  34.352  -34.947  -11.658 0.5000000000
43205  34.898  -35.222  -12.372 0.4000000060
43206  29.950  -34.998  -12.054 0.6999999881
43218  35.443  -35.024  -13.661 0.4000000060
43220  29.183  -35.234  -13.506 0.6999999881
43233  28.647  -35.775  -14.948 0.8000000119
43239  36.649  -35.488  -16.158 0.3000000119
43240  35.653  -35.675  -15.235 0.3000000119
43274  41.796  -35.478  -18.083 0.3000000119
43280  30.402  -35.775  -20.419 1.0000000000
43285  31.149  -35.844  -21.441 1.0000000000
44102  33.206  -34.007  -11.075 0.5000000000
44103  31.247  -34.295  -11.148 0.6999999881
44128  29.914  -33.872  -13.054 0.6999999881
44174  28.831  -35.099  -17.158 0.8000000119
44175  25.345  -34.801  -17.657 0.6999999881
44194  30.985  -34.729  -20.154 1.0000000000
44197  25.088  -33.911  -19.114 0.8000000119
44221  32.398  -34.953  -23.241 1.0000000000
45014  34.319  -33.033  -11.605 0.4000000060
45018  30.815  -33.817  -11.724 0.6999999881
45058  29.511  -33.660  -15.386 0.6999999881
45063  30.083  -33.235  -16.765 0.6999999881
45093  29.966  -34.054  -18.162 0.8000000119
45100  33.084  -33.211  -20.957 0.8999999762
45104  25.116  -33.718  -20.132 0.8000000119
45110  33.254  -33.527  -22.038 0.8999999762
45128  32.490  -34.533  -23.175 1.0000000000
45912  33.757  -32.541  -11.496 0.5000000000
45914  31.917  -32.717  -11.622 0.6999999881
45926  30.740  -32.689  -12.712 0.6999999881
45965  30.459  -32.644  -16.349 0.6999999881
45977  23.809  -32.396  -17.556 0.6999999881
45993  31.857  -32.531  -18.747 0.6999999881
45998  24.573  -32.016  -18.810 0.6999999881
46012  27.396  -32.209  -19.995 1.0000000000
46022  30.941  -32.757  -21.129 1.0000000000
46025  25.248  -32.409  -21.101 0.8000000119
46027  33.225  -31.876  -21.456 0.8999999762
46032  25.867  -32.055  -21.565 0.8999999762
46851  35.031  -31.918  -12.084 0.4000000060
46852  34.321  -31.403  -11.885 0.6000000238
46853  33.372  -31.052  -12.054 0.6000000238
46855  31.726  -31.586  -12.596 0.6999999881
46870  30.856  -31.619  -14.600 0.6999999881
46883  30.741  -31.830  -15.317 0.6999999881
46902  28.260  -31.239  -18.012 0.8999999762
46903  27.748  -30.896  -17.901 0.6999999881
46921  30.047  -31.481  -19.017 0.8999999762
46923  28.480  -31.659  -18.570 0.8999999762
46947  33.619  -31.508  -21.017 0.6999999881
46951  27.024  -31.738  -21.002 0.8999999762
46952  26.608  -31.024  -21.000 0.8999999762
46957  33.429  -31.555  -21.243 0.6000000238
46958  32.869  -32.222  -21.731 0.8999999762
47741  32.732  -30.714  -12.563 0.6999999881
47758  31.642  -30.577  -14.647 0.6999999881
47785  32.417  -30.355  -17.187 0.6999999881
47787  28.531  -30.696  -17.522 0.6999999881
47820  33.627  -30.520  -19.964 0.6000000238
47831  32.833  -30.387  -21.358 0.6000000238
47840  26.122  -30.887  -21.338 0.8999999762
48591  33.912  -29.690  -12.724 0.6999999881
48595  36.175  -29.403  -13.431 0.3000000119
48596  35.292  -29.128  -12.990 0.5000000000
48608  32.619  -29.413  -14.623 0.6000000238
48623  33.081  -28.932  -16.124 0.6000000238
48649  28.398  -30.026  -16.959 0.6999999881
48663  26.556  -29.144  -19.675 1.0000000000
48664  24.846  -28.866  -19.513 0.6000000238
48688  32.038  -29.972  -20.703 0.6999999881
49455  34.830  -28.469  -13.416 0.6000000238
49465  33.726  -28.353  -14.534 0.6000000238
49491  34.165  -27.696  -16.044 0.5000000000
49493  30.429  -28.626  -16.768 0.6999999881
49514  33.749  -29.117  -18.894 0.5000000000
49518  24.198  -28.001  -18.069 0.5000000000
49531  34.062  -29.391  -20.166 0.5000000000
49533  26.345  -28.353  -19.947 0.8000000119
49544  34.101  -29.698  -21.136 0.5000000000
49549  25.200  -28.801  -20.337 0.6000000238
49553  34.017  -28.563  -22.795 0.5000000000
49559  33.404  -28.227  -23.102 0.5000000000
50315  36.983  -27.438  -14.730 0.4000000060
50316  36.241  -27.087  -14.635 0.5000000000
50318  34.952  -27.451  -14.467 0.5000000000
50354  34.491  -27.529  -18.013 0.5000000000
50357  28.061  -28.433  -16.386 0.6999999881
50358  27.313  -27.924  -17.075 0.6999999881
50381  34.719  -27.841  -20.996 0.5000000000
50396  34.442  -27.899  -22.457 0.5000000000
50397  32.665  -28.004  -22.184 0.5000000000
50398  25.883  -27.506  -20.297 0.6000000238
50407  33.939  -27.872  -23.311 0.5000000000
50415  33.533  -27.774  -23.331 0.5000000000
51168  36.631  -26.669  -15.214 0.4000000060
51185  35.328  -26.680  -15.659 0.6000000238
51187  31.270  -26.594  -15.441 0.3000000119
51204  36.551  -26.132  -15.898 0.4000000060
51215  35.637  -26.103  -16.981 0.4000000060
51250  25.151  -26.965  -19.703 0.6000000238
52019  32.000  -25.411  -14.749 0.3000000119
52031  33.138  -25.355  -15.785 0.3000000119
52036  28.968  -25.780  -15.552 0.5000000000
52051  33.248  -25.446  -16.901 0.4000000060
52062  36.948  -25.214  -17.144 0.4000000060
52075  35.911  -25.681  -18.582 0.4000000060
52077  27.116  -25.452  -18.993 0.6999999881
52105  36.068  -25.001  -21.694 0.4000000060
52108  26.645  -25.007  -20.338 0.6999999881
52117  35.104  -24.811  -23.289 0.4000000060
52119  33.473  -25.339  -23.095 0.5000000000
52126  33.894  -25.270  -23.798 0.5000000000
52916  31.874  -24.739  -14.434 0.3000000119
52945  28.648  -24.860  -15.948 0.6000000238
52946  28.127  -24.970  -16.686 0.6000000238
52951  37.992  -24.826  -17.864 0.3000000119
52961  37.117  -24.649  -18.642 0.4000000060
52972  38.308  -24.155  -19.117 0.3000000119
52975  34.139  -24.432  -19.040 0.3000000119
52976  33.489  -24.930  -20.337 0.4000000060
53003  34.187  -24.759  -23.770 0.4000000060
53787  34.393  -23.364  -14.546 0.3000000119
53801  35.409  -23.052  -15.706 0.3000000119
53829  27.607  -24.168  -18.265 0.4000000060
53866  36.488  -23.773  -22.538 0.3000000119
53869  27.062  -23.323  -21.339 0.5000000000
53870  26.539  -23.697  -21.248 0.5000000000
53876  34.790  -23.713  -24.037 0.4000000060
53880  34.993  -23.227  -24.642 0.3000000119
54743  31.722  -22.156  -14.137 0.3000000119
54758  29.657  -22.733  -15.628 0.4000000060
54774  28.837  -22.743  -16.665 0.4000000060
54792  27.793  -22.779  -19.026 0.4000000060
54797  27.574  -23.047  -19.863 0.4000000060
54839  35.727  -22.135  -25.015 0.3000000119
55726  33.828  -21.785  -13.499 0.4000000060
55752  30.466  -21.599  -15.418 0.3000000119
55762  30.191  -21.219  -16.205 0.4000000060
55786  28.518  -21.572  -18.682 0.3000000119
55800  28.151  -21.485  -20.385 0.3000000119
55810  27.226  -21.835  -21.737 0.4000000060
56696  29.633  -20.517  -17.873 0.3000000119
56709  28.805  -20.850  -19.119 0.3000000119
56724  28.661  -20.228  -21.090 0.3000000119
58418  32.470  -17.976  -14.160 0.3000000119
58443  30.743  -18.646  -17.446 0.3000000119
58461  30.312  -18.411  -18.897 0.3000000119
58462  29.989  -18.361  -19.698 0.3000000119
59350  31.936  -17.214  -15.149 0.3000000119
60194  30.906  -16.175  -16.717 0.3000000119
60223  29.917  -16.841  -19.686 0.3000000119
60224  29.671  -16.154  -20.189 0.3000000119
61028  29.649  -15.139  -19.241 0.3000000119
61057  29.486  -15.609  -20.618 0.3000000119
61927  29.930  -14.434  -17.991 0.3000000119
62874  27.635  -13.456  -22.981 0.3000000119
63788  29.627  -12.346  -18.733 0.3000000119
64650  31.138  -12.072  -16.232 0.3000000119
64704  29.418  -12.003  -21.583 0.3000000119
65491  30.012  -10.781  -18.185 0.3000000119
112585  28.756  -47.198  -9.525 0.6000000238
112827  30.079  -33.010  -14.100 0.6999999881
112840  34.948  -37.964  -15.026 0.4000000060
113178  28.036  -41.011  -15.045 0.6999999881
113513  28.533  -38.884  -13.232 0.6999999881
114238  29.648  -41.233  -19.066 1.0000000000
114405  28.568  -56.051  -11.328 0.5000000000
114789  26.325  -55.241  -9.239 0.6000000238
115267  28.266  -34.017  -22.533 1.0000000000
115457  39.875  -36.041  -17.087 0.3000000119
115624  28.875  -15.297  -21.805 0.3000000119
115648  33.065  -36.890  -10.426 0.5000000000
115861  35.876  -36.832  -16.159 0.3000000119
116049  30.820  -37.260  -22.857 1.0000000000
116415  29.195  -40.456  -10.227 0.6000000238
116483  28.709  -57.581  -14.348 0.4000000060
116580  28.564  -37.330  -17.584 0.8999999762
116902  26.191  -22.515  -21.536 0.5000000000
117094  34.622  -39.019  -13.284 0.4000000060
117291  24.636  -50.996  -12.828 0.6999999881
118729  34.581  -41.449  -13.881 0.4000000060
118752  25.092  -49.752  -14.559 0.6000000238
118898  34.815  -44.296  -15.566 0.4000000060
118907  33.339  -30.330  -21.488 0.5000000000
119860  24.212  -60.847  -11.180 0.6000000238
120164  31.077  -40.138  -23.519 1.0000000000
121063  28.357  -15.270  -22.241 0.3000000119
121758  32.930  -35.625  -10.621 0.5000000000
121760  25.373  -47.771  -12.937 0.8000000119
121963  34.438  -43.148  -14.659 0.4000000060
122442  35.684  -30.835  -12.780 0.3000000119
122455  33.359  -39.860  -10.550 0.5000000000
122679  24.390  -53.090  -11.543 0.6000000238
122901  29.363  -44.007  -9.461 0.6999999881
123259  34.985  -36.604  -14.192 0.3000000119
123487  21.309  -47.061  -18.135 0.5000000000
123588  30.686  -18.048  -17.716 0.3000000119
123796  29.384  -14.182  -21.049 0.3000000119
124080  30.643  -41.931  -9.493 0.6999999881
124677  27.139  -52.053  -9.335 0.6000000238
124850  30.699  -12.231  -16.757 0.3000000119
124853  31.894  -22.936  -13.941 0.3000000119
125035  31.156  -14.881  -16.124 0.4000000060
125703  36.472  -42.819  -17.604 0.3000000119
125807  34.801  -41.701  -14.532 0.4000000060
125934  32.404  -26.767  -19.097 0.4000000060
126032  30.711  -27.761  -16.115 0.6000000238
126499  23.316  -46.927  -18.248 0.6000000238
126540  32.563  -20.257  -13.775 0.3000000119
126652  24.527  -56.888  -10.326 0.6000000238
127130  34.826  -27.339  -19.648 0.5000000000
128391  26.324  -51.886  -9.392 0.6999999881
128653  26.115  -38.353  -17.256 0.6999999881
128907  41.218  -35.773  -17.727 0.3000000119
128973  25.415  -51.382  -10.039 0.8000000119
129337  25.880  -29.586  -20.746 0.8999999762
129451  29.755  -44.508  -22.900 1.0000000000
129500  36.258  -44.132  -17.462 0.3000000119
129966  26.407  -48.693  -9.909 0.6999999881
130133  31.419  -50.354  -14.415 0.3000000119
130167  35.618  -39.834  -16.118 0.4000000060
130199  27.234  -40.245  -18.800 0.8999999762
130266  29.250  -20.190  -19.539 0.3000000119
130372  32.562  -49.211  -15.420 0.3000000119
130445  28.975  -15.882  -21.571 0.3000000119
130934  28.937  -41.971  -9.850 0.6999999881
131387  35.107  -30.401  -12.494 0.4000000060
131490  32.214  -19.233  -14.261 0.3000000119
132235  32.100  -41.476  -10.049 0.6999999881
132322  28.795  -35.940  -18.391 0.8000000119
132372  26.138  -46.296  -10.975 0.8000000119
132486  28.889  -41.998  -17.669 1.0000000000
132567  25.332  -50.436  -17.505 0.5000000000
133238  29.813  -38.357  -10.498 0.6000000238
133467  38.324  -23.448  -20.487 0.3000000119
133660  31.751  -50.080  -14.744 0.3000000119
133807  24.618  -52.073  -11.072 0.8000000119
133869  33.215  -33.357  -22.359 1.0000000000
133989  33.222  -29.742  -13.054 0.6999999881
134742  28.322  -40.034  -12.251 0.6999999881
134973  33.791  -40.631  -11.279 0.4000000060
135101  26.318  -36.325  -19.673 0.8999999762
135265  27.930  -27.719  -16.367 0.6000000238
135506  28.804  -34.997  -23.016 1.0000000000
135690  35.913  -28.025  -13.858 0.5000000000
