#!ascii label  , from subject sub-v1s13x0050043_ses-1 vox2ras=TkReg
700
18740  13.559  -61.187  -19.932 0.6000000238
16775  16.599  -63.847  -12.357 0.6999999881
16795  16.498  -63.609  -13.686 0.6999999881
16843  15.658  -63.210  -16.788 0.8999999762
16863  15.318  -62.958  -17.376 0.8000000119
18726  14.327  -61.961  -18.346 0.8000000119
126238  13.041  -60.501  -20.107 0.6000000238
19604  12.683  -60.059  -21.242 0.6999999881
16750  16.435  -63.778  -11.658 0.6999999881
16751  16.100  -64.116  -11.087 0.6999999881
17735  16.227  -62.722  -13.800 0.6999999881
18684  15.854  -61.622  -14.746 0.6000000238
16811  16.169  -63.248  -14.495 0.6999999881
116255  15.856  -62.877  -15.304 0.6999999881
17766  15.514  -62.552  -16.156 0.8000000119
17767  15.091  -62.036  -16.692 0.8000000119
135253  14.950  -62.210  -17.145 0.8000000119
18712  14.134  -61.023  -17.919 0.8000000119
124765  13.730  -61.159  -18.880 0.6000000238
123241  12.556  -59.828  -20.430 0.6000000238
117177  12.146  -59.382  -20.978 0.6999999881
20518  12.591  -59.146  -22.014 0.6999999881
17723  16.566  -62.959  -11.948 0.5000000000
16734  16.322  -63.269  -11.082 0.6000000238
18675  16.570  -61.578  -13.219 0.4000000060
130413  16.321  -62.247  -13.266 0.6000000238
18676  16.046  -61.906  -13.920 0.5000000000
18693  15.619  -61.349  -15.506 0.6000000238
131158  15.362  -61.149  -16.114 0.8000000119
133982  14.860  -60.513  -17.119 0.6999999881
19575  14.502  -60.399  -17.528 0.6999999881
19576  13.944  -60.170  -18.221 0.6999999881
21371  12.368  -58.501  -19.781 0.5000000000
21372  11.841  -58.397  -20.353 0.6000000238
21383  11.501  -58.243  -21.062 0.6000000238
20519  12.034  -58.659  -21.996 0.6000000238
21401  12.858  -58.966  -22.192 0.5000000000
19534  17.041  -61.031  -11.722 0.5000000000
17690  16.170  -62.715  -10.376 0.6000000238
17691  15.549  -62.851  -9.628 0.6000000238
18670  16.790  -61.598  -12.238 0.5000000000
19555  16.067  -60.918  -15.059 0.5000000000
19569  15.598  -60.036  -16.418 0.6000000238
20484  14.968  -59.198  -17.414 0.6000000238
20491  14.051  -59.317  -18.252 0.6000000238
21364  13.645  -58.741  -18.757 0.5000000000
124488  13.086  -58.069  -19.301 0.5000000000
22294  12.070  -57.706  -19.891 0.6000000238
124591  11.535  -57.754  -20.618 0.6000000238
22315  11.669  -57.617  -21.831 0.5000000000
22314  12.167  -57.332  -22.045 0.5000000000
22313  13.153  -57.516  -21.861 0.5000000000
22324  12.477  -58.164  -22.209 0.5000000000
18644  16.399  -61.838  -10.483 0.5000000000
18645  16.062  -62.152  -9.774 0.5000000000
19548  16.904  -60.868  -13.629 0.4000000060
20468  17.452  -59.736  -14.384 0.3000000119
21342  16.896  -59.428  -15.223 0.4000000060
21347  16.574  -58.567  -15.882 0.3000000119
130918  17.132  -58.525  -15.277 0.3000000119
20474  16.151  -59.471  -16.083 0.5000000000
21354  15.361  -58.561  -17.202 0.5000000000
22272  15.035  -57.783  -17.506 0.5000000000
122705  13.896  -57.877  -18.513 0.5000000000
22283  13.423  -57.344  -18.997 0.5000000000
131558  12.810  -57.284  -19.420 0.6000000238
23182  11.653  -56.212  -20.342 0.6000000238
23191  11.469  -56.809  -21.455 0.5000000000
23190  11.762  -56.460  -21.674 0.5000000000
23189  12.632  -56.515  -21.771 0.5000000000
19514  16.740  -60.923  -10.659 0.5000000000
19513  17.448  -60.442  -11.251 0.5000000000
19533  17.624  -60.551  -12.156 0.5000000000
20461  17.927  -59.758  -13.614 0.4000000060
19547  17.380  -60.300  -13.912 0.5000000000
21337  17.604  -58.899  -14.599 0.4000000060
21341  17.467  -57.936  -14.903 0.3000000119
22263  16.209  -57.604  -16.396 0.3000000119
114628  15.542  -57.181  -17.065 0.4000000060
22273  14.423  -57.375  -17.992 0.5000000000
22282  13.902  -56.995  -18.511 0.4000000060
23185  11.198  -56.302  -21.007 0.5000000000
24989  11.733  -55.362  -21.047 0.5000000000
24076  11.746  -55.625  -21.281 0.5000000000
23188  13.818  -56.443  -21.432 0.5000000000
24074  14.132  -55.493  -21.301 0.4000000060
24075  13.102  -55.701  -21.526 0.5000000000
19492  16.645  -60.396  -9.628 0.5000000000
124806  17.901  -59.930  -10.901 0.5000000000
20436  18.117  -59.988  -11.628 0.5000000000
20460  18.363  -59.181  -13.017 0.4000000060
21328  17.973  -58.169  -14.181 0.4000000060
22232  17.228  -57.036  -15.131 0.3000000119
23148  16.558  -56.714  -15.803 0.3000000119
23172  15.322  -56.347  -17.171 0.4000000060
23173  14.597  -56.028  -17.686 0.4000000060
117571  14.882  -56.895  -17.567 0.4000000060
129389  14.353  -56.694  -18.012 0.4000000060
24065  13.416  -55.666  -18.839 0.5000000000
134098  13.000  -55.853  -19.271 0.5000000000
23179  12.365  -55.937  -19.704 0.6000000238
127788  12.931  -54.577  -20.927 0.4000000060
117979  12.514  -55.253  -21.310 0.5000000000
20417  17.744  -59.443  -10.326 0.4000000060
21308  18.509  -58.471  -12.462 0.4000000060
20449  18.440  -59.306  -12.015 0.4000000060
22214  18.155  -57.503  -13.688 0.4000000060
22231  17.701  -57.295  -14.408 0.4000000060
23132  16.959  -56.299  -15.235 0.4000000060
23149  16.137  -55.909  -16.128 0.4000000060
23161  15.909  -56.584  -16.552 0.4000000060
117494  15.624  -55.811  -16.721 0.4000000060
24057  15.149  -55.660  -17.223 0.4000000060
24064  14.015  -55.375  -18.179 0.5000000000
24975  13.478  -54.766  -18.844 0.5000000000
25935  13.388  -53.973  -19.360 0.6000000238
24979  12.482  -54.876  -20.333 0.5000000000
25950  13.432  -53.347  -20.127 0.4000000060
25951  13.093  -54.188  -20.437 0.4000000060
21279  18.178  -58.850  -10.297 0.4000000060
22196  18.582  -57.755  -11.967 0.4000000060
21293  18.552  -58.548  -11.496 0.4000000060
23122  18.244  -56.817  -13.250 0.4000000060
24023  16.954  -55.520  -15.046 0.4000000060
24034  15.843  -55.300  -16.368 0.4000000060
24047  15.378  -55.118  -16.897 0.4000000060
24058  14.684  -55.064  -17.517 0.4000000060
24974  14.137  -54.567  -18.099 0.5000000000
25934  13.848  -53.927  -18.582 0.4000000060
25942  13.407  -53.381  -19.751 0.6000000238
22176  18.475  -57.711  -10.287 0.4000000060
120028  18.607  -57.106  -11.486 0.4000000060
23109  18.506  -56.922  -12.387 0.4000000060
23123  17.855  -56.113  -13.691 0.4000000060
24022  17.446  -55.441  -14.208 0.4000000060
126327  16.707  -54.760  -15.222 0.4000000060
24934  16.347  -54.282  -15.646 0.5000000000
24033  16.327  -55.172  -15.764 0.4000000060
24935  15.770  -54.512  -16.377 0.3000000119
25908  15.423  -53.668  -16.805 0.3000000119
24950  15.141  -54.393  -17.155 0.4000000060
25921  14.258  -53.333  -18.261 0.4000000060
26889  13.775  -53.078  -19.114 0.4000000060
21259  18.219  -58.183  -9.939 0.4000000060
24008  17.832  -55.299  -13.422 0.4000000060
115428  17.487  -54.648  -13.875 0.4000000060
123087  17.100  -54.737  -14.619 0.3000000119
24918  16.801  -54.095  -15.005 0.3000000119
25897  16.004  -53.648  -16.093 0.3000000119
26866  15.755  -52.877  -16.480 0.3000000119
26878  15.145  -52.921  -17.248 0.3000000119
26888  14.261  -52.499  -18.508 0.4000000060
27857  14.348  -51.568  -18.678 0.4000000060
126127  18.676  -56.570  -10.897 0.3000000119
114605  18.574  -56.286  -11.803 0.3000000119
23994  18.174  -55.035  -12.730 0.3000000119
128746  17.816  -54.601  -13.227 0.3000000119
24917  17.208  -53.977  -14.305 0.3000000119
25884  16.890  -53.344  -14.742 0.3000000119
26850  16.218  -53.033  -15.835 0.4000000060
27808  16.689  -51.915  -15.569 0.4000000060
26865  16.276  -52.416  -15.992 0.3000000119
124345  15.936  -52.177  -16.528 0.3000000119
27841  15.350  -51.636  -17.446 0.3000000119
124796  14.937  -51.186  -18.033 0.4000000060
28851  14.598  -50.596  -18.851 0.4000000060
26849  16.626  -52.697  -15.261 0.4000000060
28808  16.877  -51.189  -15.934 0.4000000060
27823  16.344  -51.699  -16.281 0.4000000060
28824  16.368  -50.875  -16.780 0.3000000119
116025  15.607  -50.977  -17.447 0.4000000060
28825  15.951  -50.189  -17.529 0.4000000060
29845  15.604  -49.586  -18.210 0.4000000060
28840  15.248  -50.373  -18.112 0.4000000060
117201  15.113  -49.883  -18.700 0.4000000060
28823  17.144  -50.417  -16.338 0.4000000060
29831  16.719  -49.990  -17.063 0.5000000000
131630  16.267  -49.383  -17.668 0.4000000060
30869  16.671  -48.649  -17.742 0.4000000060
29858  15.460  -49.194  -18.896 0.3000000119
30884  16.621  -48.212  -18.408 0.3000000119
18739  14.116  -61.826  -19.495 0.6999999881
16825  15.926  -63.360  -15.995 0.8000000119
19586  12.914  -59.786  -19.638 0.6000000238
134665  13.781  -60.700  -18.484 0.6999999881
21402  12.340  -58.557  -22.099 0.6000000238
18683  16.304  -61.225  -14.185 0.4000000060
128335  16.270  -60.178  -15.482 0.4000000060
19570  15.185  -60.672  -16.630 0.6999999881
20479  15.023  -59.983  -17.099 0.6999999881
20492  13.499  -59.577  -18.877 0.6999999881
19542  17.573  -60.472  -13.122 0.5000000000
21355  14.763  -58.536  -17.675 0.5000000000
21348  15.959  -58.581  -16.592 0.4000000060
23178  13.182  -56.502  -19.140 0.6000000238
134362  11.867  -55.777  -20.230 0.5000000000
24976  12.881  -54.701  -19.700 0.6000000238
25933  14.316  -53.964  -18.009 0.4000000060
23084  18.598  -56.965  -10.106 0.4000000060
115550  15.484  -52.237  -17.068 0.3000000119
27824  15.843  -51.601  -16.904 0.3000000119
30904  16.103  -48.519  -18.923 0.3000000119
12541  16.995  -68.253  -17.408 0.6000000238
12553  16.750  -68.841  -17.884 0.6000000238
12561  18.775  -68.210  -19.410 0.6000000238
14220  20.338  -66.481  -19.488 0.6000000238
113125  14.093  -69.562  -18.061 0.5000000000
11693  15.596  -69.263  -17.444 0.6000000238
13341  16.595  -67.760  -16.624 0.6999999881
12531  16.292  -68.357  -16.806 0.6999999881
130936  15.594  -69.554  -18.340 0.6000000238
14200  18.073  -66.555  -17.528 0.6000000238
13363  17.915  -68.017  -17.947 0.6000000238
14211  18.860  -66.566  -18.045 0.6000000238
124281  19.109  -67.190  -18.486 0.6000000238
130655  19.439  -66.486  -18.669 0.6000000238
15072  19.812  -65.757  -19.011 0.6000000238
16891  20.405  -63.797  -19.687 0.6999999881
119025  14.085  -69.269  -16.558 0.6000000238
12515  15.419  -68.484  -15.716 0.6999999881
115188  14.126  -69.455  -17.213 0.5000000000
12533  15.015  -68.845  -16.115 0.6999999881
12532  15.638  -68.774  -16.598 0.6999999881
14201  17.293  -66.400  -17.008 0.6999999881
13351  17.490  -67.352  -17.252 0.6999999881
15062  18.361  -65.770  -17.926 0.5000000000
15948  19.197  -64.964  -18.982 0.6000000238
15961  19.428  -64.126  -19.319 0.6000000238
16892  19.536  -63.362  -19.585 0.6999999881
17815  19.052  -62.775  -19.823 0.6999999881
126200  20.685  -63.004  -20.177 0.6999999881
18757  19.926  -61.652  -21.142 0.6999999881
20529  24.397  -58.062  -23.081 0.4000000060
19636  22.193  -59.374  -22.814 0.5000000000
19619  20.861  -60.499  -22.579 0.6000000238
12518  11.405  -68.283  -15.587 0.5000000000
120202  12.972  -68.816  -15.598 0.5000000000
12503  14.395  -68.402  -14.841 0.6000000238
11696  12.738  -69.219  -16.339 0.5000000000
12502  15.265  -68.321  -14.926 0.6999999881
12517  13.919  -68.775  -15.469 0.5000000000
11677  14.377  -68.998  -16.071 0.6000000238
14180  16.346  -66.661  -15.561 0.6999999881
13328  16.224  -67.507  -15.788 0.6999999881
13340  16.731  -66.881  -16.415 0.6999999881
15050  17.619  -65.706  -17.469 0.6999999881
15061  19.044  -65.736  -18.477 0.6000000238
15962  18.577  -64.279  -19.090 0.6000000238
16893  18.748  -63.518  -19.450 0.6999999881
17835  19.440  -62.243  -20.510 0.6999999881
17848  18.824  -61.735  -21.498 0.6999999881
18786  19.981  -60.637  -22.914 0.6000000238
117707  19.506  -61.218  -22.180 0.6000000238
14154  13.004  -66.708  -13.283 0.5000000000
14169  11.207  -66.925  -14.676 0.4000000060
13322  12.894  -67.746  -14.362 0.5000000000
126065  11.989  -67.452  -14.425 0.5000000000
120528  13.387  -68.353  -14.913 0.5000000000
13308  14.442  -67.380  -13.721 0.6000000238
13320  14.888  -67.901  -14.302 0.6000000238
126895  16.422  -65.639  -14.626 0.6999999881
13319  15.629  -67.702  -14.516 0.6000000238
15028  16.343  -65.756  -15.407 0.6999999881
15040  16.500  -65.857  -16.229 0.6999999881
15935  17.205  -64.867  -17.621 0.6999999881
15950  17.571  -64.524  -18.286 0.6999999881
15949  18.377  -64.955  -18.492 0.6999999881
16894  17.870  -63.675  -19.307 0.6999999881
17816  18.043  -62.939  -19.812 0.6999999881
17837  17.485  -62.541  -20.643 0.8000000119
19638  20.373  -60.023  -23.647 0.5000000000
18787  19.134  -60.812  -23.262 0.6000000238
113159  18.709  -61.260  -22.574 0.6000000238
134318  12.264  -66.535  -13.410 0.4000000060
14153  13.944  -66.859  -13.172 0.6000000238
13309  13.433  -67.294  -13.759 0.6000000238
14152  14.940  -66.856  -13.181 0.6000000238
14151  15.807  -66.583  -13.354 0.6000000238
131160  16.523  -65.075  -14.127 0.6000000238
15902  16.170  -64.165  -15.924 0.6999999881
122010  16.282  -64.998  -16.009 0.6999999881
119284  16.506  -65.020  -16.585 0.6999999881
14202  16.906  -65.482  -16.931 0.6999999881
15952  16.198  -63.812  -17.688 0.8000000119
15951  16.721  -64.080  -18.132 0.8000000119
16895  16.353  -63.269  -19.682 0.6000000238
16910  17.048  -63.030  -20.040 0.6000000238
18773  16.977  -61.801  -22.368 0.8000000119
17849  17.750  -62.042  -21.478 0.6999999881
19652  20.587  -59.249  -23.880 0.5000000000
19639  19.607  -60.277  -23.935 0.6000000238
18788  18.176  -61.019  -23.544 0.6999999881
20546  19.896  -59.214  -24.184 0.6000000238
14990  12.941  -65.814  -12.227 0.5000000000
14991  12.066  -65.633  -12.450 0.4000000060
14979  11.613  -65.148  -11.948 0.4000000060
14988  14.842  -65.887  -12.125 0.5000000000
14134  13.437  -66.320  -12.700 0.5000000000
14132  15.343  -66.298  -12.680 0.6000000238
15002  16.502  -65.291  -13.292 0.6000000238
15884  16.437  -64.165  -14.378 0.6000000238
15885  16.155  -63.758  -15.233 0.6999999881
15921  16.293  -64.359  -16.553 0.8000000119
16862  15.708  -63.398  -17.548 0.8000000119
17800  15.203  -63.063  -18.823 0.6000000238
17817  15.729  -63.076  -19.955 0.6000000238
17851  16.058  -62.463  -21.147 0.6999999881
18774  15.975  -61.971  -22.222 0.6999999881
18810  15.878  -61.095  -23.509 0.6999999881
18806  18.810  -60.482  -24.113 0.6000000238
19657  16.899  -60.460  -24.047 0.6000000238
20550  16.511  -60.218  -23.671 0.6000000238
20547  19.161  -59.450  -24.415 0.6000000238
20549  17.464  -59.842  -24.200 0.6000000238
15837  14.888  -65.023  -10.941 0.5000000000
14977  13.394  -65.457  -11.570 0.5000000000
14978  12.460  -65.332  -11.712 0.5000000000
15840  11.950  -64.839  -11.081 0.5000000000
15835  16.327  -64.598  -11.896 0.5000000000
14975  15.273  -65.396  -11.648 0.5000000000
15855  16.565  -64.622  -12.744 0.6000000238
17801  14.802  -62.667  -18.384 0.6999999881
117873  14.650  -62.528  -19.157 0.6000000238
129886  14.605  -61.893  -21.362 0.6000000238
18791  15.474  -61.358  -23.084 0.6999999881
18775  15.000  -61.648  -22.363 0.6000000238
18811  15.350  -60.976  -23.417 0.6000000238
21411  19.371  -58.946  -24.089 0.5000000000
20534  17.053  -59.674  -23.438 0.4000000060
15821  15.410  -64.355  -10.552 0.5000000000
15822  14.429  -64.455  -10.193 0.5000000000
15823  13.387  -64.594  -10.295 0.5000000000
15812  11.895  -64.166  -9.867 0.5000000000
16737  10.961  -63.922  -9.878 0.5000000000
16738  10.061  -63.677  -10.003 0.5000000000
132419  13.308  -60.928  -21.157 0.6000000238
18777  13.571  -60.825  -22.165 0.6000000238
18793  13.960  -60.781  -22.696 0.4000000060
118301  14.557  -60.314  -22.779 0.5000000000
20536  15.104  -59.908  -22.456 0.4000000060
20535  16.059  -59.893  -22.905 0.4000000060
16735  15.847  -63.572  -10.360 0.6000000238
16719  14.301  -63.750  -9.534 0.5000000000
15811  12.866  -64.100  -9.670 0.5000000000
16721  12.293  -63.634  -9.172 0.5000000000
16723  10.551  -63.220  -9.147 0.5000000000
17676  9.972  -62.672  -8.986 0.5000000000
17677  9.185  -62.521  -9.065 0.4000000060
17665  7.696  -62.220  -8.579 0.5000000000
17666  6.790  -62.314  -8.506 0.4000000060
17681  5.384  -62.756  -8.834 0.4000000060
16729  5.018  -63.464  -9.330 0.4000000060
131774  13.425  -60.112  -22.230 0.6000000238
20537  13.551  -59.862  -22.243 0.4000000060
21399  14.157  -59.682  -22.151 0.4000000060
20517  15.882  -59.558  -21.658 0.4000000060
16718  14.746  -63.133  -9.262 0.5000000000
127246  13.583  -62.988  -8.739 0.4000000060
16712  11.917  -63.091  -8.629 0.4000000060
16713  11.210  -62.997  -8.705 0.5000000000
18614  10.450  -61.815  -8.685 0.4000000060
17664  8.640  -62.110  -8.715 0.5000000000
18615  9.041  -61.536  -8.608 0.4000000060
19479  7.822  -60.830  -8.418 0.5000000000
18617  7.338  -61.586  -8.395 0.5000000000
19499  6.502  -60.398  -8.779 0.3000000119
18633  5.691  -60.834  -8.973 0.3000000119
19517  5.133  -60.297  -9.651 0.3000000119
21389  13.180  -58.555  -22.072 0.4000000060
127807  15.030  -62.503  -8.967 0.5000000000
17659  13.292  -62.332  -8.270 0.5000000000
17660  12.351  -62.484  -8.297 0.4000000060
132775  15.927  -61.273  -8.827 0.4000000060
17657  14.813  -61.888  -8.465 0.4000000060
18611  13.399  -61.334  -8.006 0.4000000060
19475  13.013  -60.553  -8.301 0.4000000060
19493  16.072  -60.653  -8.729 0.4000000060
19473  14.898  -60.471  -8.100 0.4000000060
19474  13.942  -60.453  -7.959 0.4000000060
128134  16.350  -59.899  -8.965 0.4000000060
20381  13.524  -59.748  -8.484 0.4000000060
20400  12.616  -59.955  -9.065 0.4000000060
20401  11.763  -60.221  -9.633 0.4000000060
20380  14.523  -59.716  -8.238 0.4000000060
20396  16.900  -59.450  -9.692 0.3000000119
20399  14.049  -58.972  -8.725 0.4000000060
21264  13.088  -59.037  -9.296 0.4000000060
20420  11.451  -59.713  -10.433 0.4000000060
20395  17.553  -58.653  -9.793 0.4000000060
20438  11.286  -59.190  -11.092 0.4000000060
21294  11.699  -58.639  -11.341 0.4000000060
123785  17.084  -58.063  -9.350 0.3000000119
21261  15.517  -58.310  -9.191 0.4000000060
21262  14.538  -58.301  -9.066 0.4000000060
21263  13.712  -58.385  -9.205 0.4000000060
132340  12.532  -58.777  -10.013 0.4000000060
20437  11.919  -59.010  -10.673 0.4000000060
21280  13.088  -57.969  -9.770 0.3000000119
18758  13.989  -61.637  -20.628 0.6000000238
14974  15.958  -65.246  -11.880 0.5000000000
19620  13.157  -60.333  -21.847 0.6000000238
21400  13.410  -59.306  -22.078 0.4000000060
13361  19.187  -67.628  -19.058 0.6000000238
17814  19.929  -62.827  -19.911 0.6999999881
17836  18.453  -62.383  -20.596 0.6999999881
20531  22.553  -58.248  -23.588 0.5000000000
20532  21.615  -58.518  -23.730 0.5000000000
19618  21.785  -60.367  -22.179 0.5000000000
19637  21.193  -59.637  -23.205 0.4000000060
129461  11.541  -67.731  -14.987 0.5000000000
119287  16.244  -66.427  -13.790 0.6000000238
122036  17.078  -63.452  -19.404 0.6999999881
17850  16.828  -62.276  -21.420 0.8000000119
18772  17.926  -61.520  -22.455 0.6999999881
15003  11.656  -65.963  -13.265 0.4000000060
16896  15.786  -63.266  -19.265 0.6000000238
17838  16.185  -62.891  -20.365 0.6000000238
18790  16.301  -61.441  -23.137 0.6999999881
117355  20.328  -58.553  -23.900 0.5000000000
121441  20.905  -58.489  -23.835 0.5000000000
18789  17.186  -61.294  -23.315 0.6999999881
18807  18.129  -60.562  -24.191 0.6000000238
17818  15.185  -62.906  -19.695 0.6999999881
17839  15.371  -62.580  -20.613 0.6999999881
129933  15.376  -62.175  -21.563 0.6999999881
20551  15.537  -60.392  -23.201 0.6000000238
20548  18.169  -59.517  -24.300 0.6000000238
20533  17.923  -59.314  -23.894 0.6000000238
15838  13.905  -65.076  -10.871 0.5000000000
15839  12.916  -65.006  -10.983 0.5000000000
125925  11.917  -64.516  -10.484 0.4000000060
125926  13.862  -61.366  -21.614 0.6000000238
18792  14.628  -61.038  -23.111 0.6000000238
16728  5.624  -63.521  -9.094 0.3000000119
116503  14.191  -60.612  -22.759 0.5000000000
20506  15.011  -59.298  -21.245 0.4000000060
17663  9.677  -62.128  -8.796 0.5000000000
18618  6.404  -61.473  -8.515 0.4000000060
130698  4.921  -62.089  -9.077 0.4000000060
20397  16.025  -59.116  -9.027 0.4000000060
20398  15.081  -59.003  -8.648 0.4000000060
13427  29.887  -67.858  -24.011 0.3000000119
13405  29.923  -67.394  -22.950 0.3000000119
17873  25.467  -62.016  -24.609 0.4000000060
18819  26.790  -61.234  -25.699 0.4000000060
18824  26.491  -61.945  -26.361 0.4000000060
18823  27.210  -61.785  -26.396 0.4000000060
18805  25.346  -61.779  -23.620 0.4000000060
16930  24.538  -63.207  -23.297 0.4000000060
135339  24.362  -62.741  -22.514 0.4000000060
16931  23.971  -63.443  -22.354 0.5000000000
15984  23.417  -64.015  -21.847 0.5000000000
15985  22.840  -64.649  -21.573 0.5000000000
19666  26.371  -60.611  -24.662 0.4000000060
18804  25.780  -61.343  -24.317 0.5000000000
17874  25.048  -62.585  -23.962 0.5000000000
15091  22.485  -65.394  -21.842 0.5000000000
20553  27.401  -59.352  -24.961 0.5000000000
18820  26.018  -61.595  -25.451 0.5000000000
19664  27.844  -59.967  -25.164 0.5000000000
19673  27.550  -61.107  -25.617 0.4000000060
19672  28.388  -60.696  -25.277 0.4000000060
18822  27.897  -61.716  -26.134 0.4000000060
17889  27.984  -62.324  -26.130 0.4000000060
17872  27.975  -62.488  -25.149 0.3000000119
16938  27.588  -63.618  -23.511 0.4000000060
20528  25.430  -59.505  -23.295 0.4000000060
114369  24.235  -60.799  -22.337 0.4000000060
18768  23.477  -61.390  -21.822 0.4000000060
18783  25.582  -60.683  -23.548 0.4000000060
18784  24.921  -61.357  -22.848 0.4000000060
18785  24.289  -61.905  -22.349 0.4000000060
17861  23.782  -62.525  -21.933 0.5000000000
16920  23.368  -63.199  -21.566 0.5000000000
20543  26.500  -58.548  -24.201 0.4000000060
19651  26.119  -59.624  -23.910 0.4000000060
17845  23.057  -62.361  -21.418 0.5000000000
121639  22.761  -63.033  -21.146 0.5000000000
15975  22.390  -64.346  -20.823 0.5000000000
125442  21.823  -64.111  -20.432 0.6000000238
15084  21.736  -65.826  -20.630 0.6000000238
17834  20.385  -62.288  -20.479 0.6000000238
16909  21.293  -63.539  -20.270 0.6000000238
15959  21.301  -65.254  -19.960 0.5000000000
126361  29.112  -60.641  -25.110 0.4000000060
15071  20.607  -65.516  -19.503 0.5000000000
17888  28.575  -61.778  -25.218 0.4000000060
17871  28.637  -62.246  -24.241 0.4000000060
16937  28.252  -63.058  -23.352 0.4000000060
19635  23.581  -60.227  -22.077 0.4000000060
19617  22.774  -60.282  -21.911 0.5000000000
18769  22.385  -61.388  -21.436 0.5000000000
16908  22.158  -63.394  -20.710 0.5000000000
18770  21.349  -61.091  -21.577 0.5000000000
17833  21.378  -62.568  -20.578 0.6000000238
18756  20.882  -61.630  -20.923 0.6000000238
12607  30.601  -68.108  -24.778 0.3000000119
14235  30.584  -66.895  -22.062 0.3000000119
15982  29.744  -64.680  -21.038 0.3000000119
20545  25.241  -58.318  -23.255 0.4000000060
129965  24.868  -59.121  -22.906 0.4000000060
112438  24.161  -59.356  -22.520 0.4000000060
119034  23.136  -59.228  -22.566 0.4000000060
15977  21.270  -64.376  -20.035 0.6000000238
15960  20.770  -64.720  -19.619 0.5000000000
17860  24.869  -62.351  -23.003 0.4000000060
15083  22.380  -65.244  -21.027 0.5000000000
16918  30.063  -63.686  -21.603 0.3000000119
19634  24.912  -60.206  -22.794 0.4000000060
17846  22.271  -62.460  -21.032 0.5000000000
17847  21.694  -61.803  -21.032 0.6000000238
26879  14.646  -52.909  -17.858 0.3000000119
11678  13.586  -69.124  -16.098 0.6000000238
11694  14.842  -69.243  -16.785 0.6999999881
11695  13.432  -69.364  -16.765 0.6000000238
11707  16.250  -69.250  -17.997 0.6000000238
11708  14.876  -69.553  -17.714 0.5000000000
12504  12.279  -68.242  -15.064 0.5000000000
12514  15.980  -68.179  -16.103 0.6999999881
12516  14.760  -68.688  -15.488 0.6999999881
12542  16.265  -68.805  -17.342 0.6000000238
12552  17.373  -68.671  -18.220 0.6000000238
13307  15.360  -67.282  -13.832 0.6000000238
13310  12.519  -67.093  -13.835 0.5000000000
13318  16.130  -67.345  -14.885 0.6999999881
13321  13.908  -67.881  -14.292 0.6000000238
13329  15.866  -68.059  -15.217 0.6999999881
13350  18.432  -67.297  -17.900 0.6000000238
14131  15.971  -66.048  -12.779 0.6000000238
14133  14.416  -66.388  -12.629 0.6000000238
14135  12.534  -66.179  -12.865 0.5000000000
14150  16.275  -65.981  -13.235 0.6000000238
14166  16.306  -66.467  -14.552 0.6999999881
14167  16.024  -67.046  -14.093 0.6000000238
14210  19.722  -67.088  -19.157 0.6000000238
14976  14.368  -65.485  -11.531 0.5000000000
14986  16.255  -65.397  -12.555 0.6000000238
14987  15.669  -65.727  -12.264 0.5000000000
14989  13.885  -65.918  -12.113 0.5000000000
15014  16.443  -65.880  -13.877 0.6000000238
15063  17.854  -65.151  -17.922 0.6999999881
15810  13.710  -64.141  -9.752 0.5000000000
15824  12.481  -64.563  -10.396 0.5000000000
15836  15.719  -64.839  -11.286 0.5000000000
15868  16.604  -64.464  -13.533 0.6999999881
15901  16.324  -64.804  -15.150 0.6999999881
15922  16.074  -63.747  -16.476 0.8999999762
15936  16.555  -64.472  -17.234 0.6999999881
15937  16.095  -63.805  -17.069 0.8000000119
15963  17.923  -64.292  -18.837 0.6999999881
15976  21.904  -64.888  -20.413 0.6000000238
16710  14.075  -63.202  -9.092 0.5000000000
16711  12.815  -63.143  -8.700 0.4000000060
16720  13.468  -63.572  -9.233 0.5000000000
16722  11.459  -63.519  -9.181 0.5000000000
16724  9.631  -63.057  -9.399 0.5000000000
16736  15.121  -63.764  -9.836 0.5000000000
16878  17.263  -63.932  -18.827 0.6999999881
16879  16.508  -63.544  -18.941 0.6000000238
16880  15.237  -63.064  -18.014 0.8000000119
16919  29.020  -64.035  -21.697 0.3000000119
16921  22.843  -63.765  -21.231 0.5000000000
17658  14.232  -62.572  -8.665 0.5000000000
17661  11.541  -62.493  -8.459 0.5000000000
17662  10.678  -62.480  -8.720 0.5000000000
17667  6.033  -62.348  -8.529 0.4000000060
17678  8.160  -62.540  -8.978 0.4000000060
17680  6.187  -62.983  -8.636 0.4000000060
17682  4.737  -62.686  -9.413 0.4000000060
17704  16.458  -62.410  -11.188 0.5000000000
17734  16.567  -63.077  -12.947 0.6000000238
17744  15.867  -62.384  -14.576 0.6000000238
17753  15.590  -62.082  -15.358 0.8000000119
17754  15.353  -61.749  -16.061 0.8000000119
17783  14.874  -62.489  -17.634 0.8000000119
17819  14.618  -62.323  -20.177 0.6999999881
18609  15.375  -61.144  -8.399 0.4000000060
18610  14.407  -61.171  -7.986 0.4000000060
18616  8.191  -61.578  -8.442 0.5000000000
18629  16.281  -61.315  -9.544 0.4000000060
18630  15.631  -61.903  -9.034 0.4000000060
18632  9.794  -61.469  -8.760 0.4000000060
18634  5.506  -61.822  -8.748 0.4000000060
18635  4.478  -61.840  -9.781 0.4000000060
18659  16.683  -61.618  -11.369 0.5000000000
18701  15.057  -61.373  -16.651 0.6999999881
18711  14.687  -61.719  -17.329 0.8000000119
18771  20.433  -61.150  -21.864 0.6000000238
18776  14.171  -61.256  -22.403 0.6000000238
18808  17.417  -60.785  -23.994 0.6000000238
18809  16.556  -60.994  -23.748 0.6999999881
18821  28.452  -61.460  -25.430 0.4000000060
19472  15.510  -60.546  -8.349 0.4000000060
19478  8.622  -60.848  -8.519 0.4000000060
19480  7.086  -60.855  -8.467 0.4000000060
19494  12.165  -60.720  -8.845 0.4000000060
19498  7.400  -60.013  -8.737 0.3000000119
19500  4.979  -61.280  -9.345 0.3000000119
19543  17.103  -61.067  -12.674 0.5000000000
19554  16.776  -60.418  -14.595 0.4000000060
19562  15.705  -60.640  -15.867 0.6000000238
19585  13.422  -60.404  -19.038 0.6000000238
19621  12.867  -59.707  -21.947 0.6999999881
19640  15.054  -60.787  -23.223 0.5000000000
19641  12.940  -59.543  -22.061 0.6999999881
19650  26.792  -59.509  -24.611 0.4000000060
19653  19.913  -59.731  -24.130 0.6000000238
19654  19.245  -59.887  -24.395 0.6000000238
19655  18.499  -60.147  -24.439 0.6000000238
19656  17.764  -60.253  -24.306 0.6000000238
19658  15.954  -60.718  -23.626 0.6000000238
19665  27.132  -60.343  -25.114 0.5000000000
19667  18.785  -59.800  -24.504 0.6000000238
19668  18.212  -59.842  -24.491 0.6000000238
20379  15.570  -59.904  -8.443 0.4000000060
20418  17.233  -60.136  -10.403 0.5000000000
20419  12.194  -59.470  -9.871 0.4000000060
20435  18.361  -59.301  -10.993 0.4000000060
20439  10.878  -59.187  -11.247 0.4000000060
20450  18.142  -59.964  -12.588 0.5000000000
20478  15.538  -59.311  -16.821 0.6000000238
20485  14.474  -59.698  -17.705 0.6999999881
20495  12.991  -58.991  -19.442 0.6999999881
20496  12.276  -59.164  -20.166 0.6000000238
20497  11.823  -58.832  -20.791 0.6000000238
20507  12.327  -59.282  -21.694 0.6999999881
20508  11.811  -58.786  -21.439 0.6999999881
20538  12.890  -59.359  -22.091 0.5000000000
20555  18.665  -59.505  -24.423 0.6000000238
21260  16.547  -58.528  -9.358 0.3000000119
21278  18.438  -58.447  -10.629 0.4000000060
21281  12.406  -58.337  -10.549 0.4000000060
21295  11.172  -58.655  -11.841 0.4000000060
21327  18.336  -58.337  -13.375 0.4000000060
21363  14.234  -58.596  -18.164 0.6000000238
21388  14.032  -59.027  -21.586 0.4000000060
21390  11.632  -58.129  -21.721 0.6000000238
21403  11.869  -58.157  -22.099 0.6000000238
21410  21.172  -57.800  -23.811 0.5000000000
22189  18.608  -57.830  -11.072 0.4000000060
22213  18.444  -57.629  -12.876 0.4000000060
22250  16.878  -57.723  -15.580 0.3000000119
22264  15.662  -57.938  -16.987 0.4000000060
22284  12.194  -56.769  -19.794 0.6000000238
22295  11.500  -57.001  -20.494 0.6000000238
22305  11.340  -57.374  -21.267 0.5000000000
22325  11.952  -57.882  -22.187 0.6000000238
23110  18.284  -55.978  -12.785 0.4000000060
23131  17.443  -56.353  -14.540 0.4000000060
23177  13.923  -56.205  -18.376 0.4000000060
23993  18.522  -55.427  -12.024 0.3000000119
24066  12.905  -55.351  -19.418 0.5000000000
24069  12.213  -55.345  -20.135 0.5000000000
24071  11.408  -55.675  -21.045 0.5000000000
24077  11.380  -56.005  -21.204 0.5000000000
24078  11.693  -55.471  -21.127 0.5000000000
24902  17.622  -53.857  -13.470 0.3000000119
24964  14.601  -54.332  -17.647 0.4000000060
24982  12.459  -54.864  -20.698 0.5000000000
24983  11.889  -55.312  -20.743 0.5000000000
25883  17.342  -53.224  -14.059 0.3000000119
25896  16.473  -53.511  -15.422 0.4000000060
25920  14.780  -53.649  -17.550 0.3000000119
25943  13.006  -54.183  -20.059 0.5000000000
27842  14.847  -52.132  -17.812 0.3000000119
29844  16.041  -48.845  -18.349 0.4000000060
113521  12.249  -55.855  -21.597 0.5000000000
114498  16.564  -55.919  -15.582 0.3000000119
114642  16.622  -62.135  -11.863 0.5000000000
116373  20.062  -64.788  -19.277 0.6999999881
118171  14.712  -60.956  -17.181 0.8000000119
118746  15.888  -63.482  -18.361 0.8000000119
120416  16.534  -62.225  -12.569 0.4000000060
120783  14.499  -59.070  -17.839 0.6000000238
121199  15.214  -62.582  -16.954 0.8000000119
121686  16.721  -62.626  -20.698 0.6000000238
121882  11.568  -55.722  -20.678 0.5000000000
123743  12.690  -61.855  -8.141 0.4000000060
126166  14.478  -58.030  -17.965 0.5000000000
126729  18.134  -58.983  -13.874 0.4000000060
126769  16.675  -63.936  -13.041 0.6000000238
126799  12.075  -58.546  -10.999 0.4000000060
126809  14.026  -61.859  -8.156 0.5000000000
126878  23.240  -64.619  -22.275 0.5000000000
128822  12.060  -55.146  -21.084 0.4000000060
130066  11.762  -57.249  -21.883 0.5000000000
130304  4.628  -63.257  -9.788 0.4000000060
130532  18.963  -59.254  -24.352 0.6000000238
130831  11.531  -55.621  -21.116 0.5000000000
130857  10.997  -64.910  -12.268 0.4000000060
130865  11.034  -59.680  -10.757 0.4000000060
131194  17.502  -63.263  -19.630 0.6999999881
131988  17.889  -56.812  -13.920 0.4000000060
132577  13.419  -60.825  -19.451 0.6000000238
133061  17.828  -59.363  -14.138 0.4000000060
133188  16.862  -66.163  -16.579 0.6999999881
133379  15.941  -60.092  -15.969 0.5000000000
134126  18.601  -57.250  -10.755 0.4000000060
134617  19.846  -66.452  -19.059 0.6000000238
135367  12.857  -63.622  -9.189 0.5000000000
