#!ascii label  , from subject sub-v1s13x0050043_ses-1 vox2ras=TkReg
851
18803  30.250  -61.059  -24.656 0.3000000119
22322  21.972  -56.822  -23.463 0.6000000238
21368  19.011  -58.521  -19.804 0.6999999881
21369  18.122  -58.579  -19.799 0.6999999881
18818  29.356  -61.010  -24.972 0.4000000060
20544  25.886  -58.591  -23.638 0.4000000060
19662  30.699  -60.001  -25.190 0.5000000000
18817  31.134  -60.365  -24.800 0.5000000000
22321  22.559  -56.788  -23.757 0.6999999881
21385  20.716  -57.907  -22.234 0.6999999881
22312  21.645  -57.249  -22.636 0.5000000000
21376  20.776  -58.329  -20.726 0.6000000238
21367  19.914  -58.509  -20.064 0.6000000238
22290  19.511  -57.851  -19.323 0.6999999881
22280  18.400  -57.047  -18.734 0.6999999881
19671  29.492  -59.613  -25.197 0.5000000000
21407  26.881  -57.284  -24.447 0.4000000060
19663  29.939  -60.167  -25.160 0.6000000238
21393  24.847  -57.427  -23.049 0.4000000060
20557  30.115  -58.701  -25.220 0.6000000238
21394  23.535  -57.244  -23.432 0.6000000238
22320  23.402  -56.994  -23.467 0.6000000238
19669  31.056  -59.247  -25.235 0.6000000238
114707  23.006  -56.837  -23.122 0.6000000238
21375  21.411  -57.921  -21.493 0.6000000238
122357  19.921  -57.369  -18.857 0.6999999881
22279  19.144  -57.276  -18.688 0.6999999881
23175  18.361  -56.267  -18.495 0.6999999881
128545  19.570  -56.217  -17.776 0.6999999881
23174  18.980  -56.649  -18.208 0.6999999881
23171  18.890  -55.935  -17.932 0.6999999881
113972  28.595  -59.475  -25.187 0.5000000000
20554  27.212  -58.325  -24.776 0.5000000000
21408  25.784  -57.491  -23.482 0.4000000060
20558  29.165  -58.597  -25.126 0.5000000000
22319  25.065  -57.074  -22.816 0.5000000000
112454  24.314  -57.081  -22.914 0.6000000238
21404  30.520  -58.547  -25.029 0.6000000238
21413  29.568  -57.922  -24.802 0.5000000000
20542  29.342  -57.500  -24.256 0.5000000000
22311  22.989  -57.366  -21.897 0.6999999881
112811  22.162  -57.632  -21.493 0.6000000238
116112  22.341  -56.851  -22.915 0.6999999881
22288  21.388  -57.408  -19.212 0.6000000238
22301  21.600  -57.811  -20.310 0.6000000238
119251  20.545  -57.324  -18.703 0.6000000238
22289  20.561  -57.787  -19.516 0.6000000238
22271  20.688  -57.163  -17.989 0.6000000238
22278  19.852  -56.893  -18.213 0.6999999881
24063  18.413  -55.468  -18.356 0.6999999881
23170  20.406  -56.483  -17.475 0.6000000238
24055  19.399  -55.492  -17.544 0.6999999881
24056  18.867  -55.240  -17.832 0.6999999881
133079  19.964  -55.814  -17.370 0.6999999881
22328  26.599  -56.703  -23.868 0.4000000060
20559  28.090  -58.414  -25.138 0.5000000000
21414  27.760  -56.993  -24.857 0.4000000060
22318  25.852  -56.709  -22.898 0.5000000000
22336  28.182  -56.790  -24.953 0.4000000060
22310  23.879  -57.183  -22.312 0.6000000238
22332  28.883  -57.148  -24.733 0.4000000060
23195  28.048  -55.823  -24.438 0.4000000060
21406  28.780  -56.475  -23.950 0.4000000060
22316  28.262  -56.119  -23.799 0.4000000060
133566  22.208  -57.610  -20.482 0.6000000238
22277  21.062  -57.338  -18.505 0.6000000238
25919  19.001  -53.875  -18.029 0.6999999881
24962  19.306  -54.589  -17.555 0.6999999881
24054  19.914  -55.125  -17.138 0.6000000238
24961  20.023  -54.284  -17.049 0.6000000238
21415  27.393  -56.221  -24.414 0.4000000060
23193  26.828  -56.395  -23.197 0.4000000060
22309  24.893  -56.913  -22.157 0.6999999881
22317  27.378  -56.326  -23.364 0.4000000060
21391  28.618  -57.107  -23.562 0.5000000000
22300  22.722  -57.482  -20.633 0.6999999881
129952  21.594  -57.443  -18.545 0.5000000000
22287  22.191  -57.419  -19.836 0.6000000238
25932  18.638  -53.706  -18.872 0.6999999881
23160  20.951  -56.456  -16.634 0.6000000238
25918  19.630  -53.517  -17.543 0.8000000119
25931  19.173  -53.095  -18.461 0.8000000119
24046  21.023  -55.508  -16.124 0.6000000238
130481  20.420  -55.724  -16.866 0.6000000238
23186  26.178  -56.615  -22.679 0.5000000000
23194  25.516  -56.731  -22.375 0.6000000238
22307  26.492  -56.733  -22.390 0.5000000000
20513  27.303  -57.988  -22.081 0.6999999881
21392  27.771  -57.001  -22.992 0.4000000060
22299  23.590  -57.299  -20.758 0.6999999881
22286  22.923  -57.385  -19.814 0.6999999881
22269  22.079  -57.785  -18.051 0.6000000238
22276  22.291  -57.418  -18.993 0.6000000238
125966  21.833  -57.640  -17.235 0.6000000238
26886  19.593  -52.404  -19.211 0.6000000238
23169  21.109  -57.134  -17.254 0.6000000238
131136  20.138  -52.866  -17.355 0.6999999881
26877  19.779  -52.548  -18.070 0.6999999881
24948  21.064  -54.424  -16.206 0.6999999881
124623  20.457  -54.860  -16.620 0.6999999881
25917  20.309  -53.488  -16.940 0.6999999881
22296  25.882  -57.180  -21.480 0.5000000000
22308  25.744  -56.725  -21.978 0.6000000238
135468  25.359  -56.767  -21.945 0.6000000238
20501  26.280  -59.002  -20.750 0.6999999881
21384  26.548  -57.478  -21.688 0.6000000238
22298  24.475  -57.134  -21.176 0.6999999881
117916  26.721  -59.557  -21.033 0.6999999881
19616  27.361  -59.287  -21.717 0.6999999881
22285  24.207  -57.371  -20.120 0.6999999881
135708  23.570  -57.421  -19.811 0.6999999881
21362  22.913  -57.989  -18.291 0.5000000000
22275  23.185  -57.615  -19.149 0.6000000238
26894  19.708  -52.831  -20.684 0.5000000000
27856  21.000  -51.648  -19.687 0.6000000238
26893  20.298  -52.015  -20.146 0.5000000000
23147  21.465  -56.429  -15.872 0.6000000238
22262  21.522  -57.175  -16.475 0.6000000238
26875  21.236  -52.031  -17.319 0.6000000238
27855  21.843  -51.539  -19.230 0.5000000000
24032  21.673  -55.668  -15.542 0.6999999881
25906  21.915  -53.789  -16.058 0.6999999881
25907  20.984  -53.515  -16.489 0.6999999881
26874  22.098  -51.966  -17.108 0.5000000000
24933  21.721  -54.817  -15.688 0.6999999881
26862  22.593  -52.457  -16.575 0.6000000238
21374  24.895  -57.460  -20.526 0.6000000238
21373  26.001  -58.084  -20.875 0.6999999881
125318  25.468  -57.531  -20.864 0.6000000238
19603  26.213  -59.797  -20.464 0.6999999881
21361  23.583  -58.119  -18.682 0.6999999881
21366  23.918  -57.791  -19.333 0.6999999881
27867  21.219  -51.878  -21.270 0.4000000060
21353  22.660  -58.224  -17.296 0.5000000000
27865  22.698  -51.405  -20.115 0.4000000060
27839  21.887  -51.624  -18.018 0.5000000000
27854  22.787  -51.494  -18.742 0.5000000000
26863  21.657  -52.742  -16.568 0.5000000000
27838  22.594  -51.644  -17.713 0.4000000060
25895  22.898  -53.542  -15.744 0.6999999881
25905  22.460  -53.072  -16.200 0.6000000238
26861  23.853  -52.290  -16.326 0.5000000000
20502  25.771  -59.003  -20.283 0.6000000238
20493  25.200  -58.983  -19.687 0.6999999881
21365  25.343  -58.158  -20.261 0.6999999881
121815  25.767  -60.920  -19.650 0.6999999881
19591  25.588  -59.982  -19.830 0.6999999881
126131  24.660  -58.117  -19.627 0.6000000238
21360  24.141  -58.481  -18.827 0.6000000238
21346  22.556  -58.496  -16.338 0.6000000238
22261  22.094  -57.847  -16.464 0.6000000238
23146  22.034  -56.303  -15.067 0.6000000238
22249  21.922  -57.296  -15.653 0.6000000238
27853  23.643  -51.362  -18.809 0.4000000060
27864  23.509  -51.339  -19.750 0.4000000060
24031  22.256  -55.235  -15.069 0.6000000238
28849  24.834  -51.032  -19.075 0.4000000060
24932  22.560  -54.328  -15.380 0.6000000238
26848  23.275  -52.825  -16.100 0.5000000000
19592  25.025  -59.708  -19.271 0.6999999881
20494  24.690  -59.014  -19.036 0.6000000238
18724  25.002  -61.329  -18.390 0.6999999881
19584  24.621  -59.903  -18.600 0.6000000238
20490  24.278  -59.127  -18.421 0.6000000238
18738  25.628  -61.531  -19.147 0.6999999881
22248  22.298  -57.940  -15.194 0.6000000238
127779  22.240  -58.049  -15.825 0.6000000238
25894  23.593  -53.237  -15.535 0.5000000000
18725  24.427  -60.596  -17.922 0.6999999881
20483  23.642  -59.538  -17.210 0.6000000238
20477  22.796  -59.238  -16.136 0.5000000000
22230  22.457  -57.906  -14.501 0.6000000238
21340  22.500  -58.711  -15.482 0.6000000238
23130  22.520  -56.505  -14.367 0.6000000238
24021  22.632  -55.665  -14.457 0.6000000238
24931  23.387  -53.838  -15.119 0.5000000000
19632  30.225  -59.455  -22.967 0.5000000000
19633  29.136  -59.487  -22.895 0.5000000000
19613  30.634  -60.197  -22.206 0.5000000000
125411  29.464  -60.312  -22.378 0.5000000000
116665  27.871  -60.377  -21.817 0.6999999881
18753  28.628  -61.776  -21.220 0.6999999881
18766  28.721  -61.006  -21.895 0.5000000000
133904  29.180  -61.422  -21.546 0.5000000000
129466  27.188  -60.141  -21.289 0.6999999881
18767  27.972  -61.247  -21.493 0.6999999881
19602  26.752  -60.426  -20.774 0.6999999881
17870  29.598  -61.960  -23.984 0.3000000119
22291  18.513  -57.857  -19.219 0.6999999881
24973  18.068  -54.974  -18.843 0.6999999881
127844  28.062  -58.157  -22.777 0.6000000238
22270  21.357  -57.511  -17.928 0.6000000238
24949  20.536  -54.100  -16.616 0.6999999881
26885  20.284  -51.934  -18.788 0.6000000238
26864  20.724  -52.747  -16.934 0.6999999881
27840  21.052  -51.687  -18.388 0.6000000238
27866  21.926  -51.523  -20.666 0.5000000000
117284  23.279  -52.274  -16.579 0.5000000000
115629  23.598  -58.777  -17.931 0.5000000000
133415  24.786  -60.610  -18.506 0.6999999881
21345  23.167  -58.934  -16.886 0.5000000000
24916  23.079  -54.699  -14.599 0.6000000238
20482  24.123  -59.667  -17.889 0.6000000238
19574  23.947  -60.195  -17.369 0.5000000000
17811  28.562  -62.915  -19.868 0.6000000238
15915  30.320  -64.419  -16.094 0.6000000238
15896  30.485  -64.579  -15.210 0.4000000060
16873  29.497  -63.434  -18.364 0.5000000000
17831  28.108  -62.449  -20.560 0.6000000238
21395  22.789  -57.326  -23.948 0.5000000000
15878  30.694  -64.657  -14.278 0.4000000060
21409  22.850  -56.956  -23.910 0.5000000000
130130  21.811  -57.638  -23.939 0.5000000000
124993  29.902  -63.663  -17.706 0.5000000000
15862  30.877  -64.568  -13.418 0.4000000060
22330  22.419  -57.073  -24.073 0.5000000000
21396  20.407  -58.112  -23.296 0.5000000000
15916  29.468  -64.468  -16.380 0.6000000238
22323  21.350  -57.330  -23.327 0.5000000000
16874  28.458  -63.697  -18.305 0.5000000000
17832  27.203  -62.262  -20.349 0.6000000238
17714  31.482  -62.946  -12.252 0.4000000060
17699  31.707  -62.200  -11.820 0.4000000060
15897  29.614  -64.714  -15.449 0.4000000060
21412  18.619  -59.205  -24.177 0.5000000000
15931  29.324  -64.144  -17.194 0.5000000000
21397  19.465  -58.545  -23.367 0.5000000000
20515  17.806  -59.229  -22.744 0.5000000000
16888  28.037  -63.403  -19.188 0.6000000238
17812  27.631  -62.933  -19.865 0.6000000238
18755  26.892  -61.344  -20.586 0.6000000238
21377  19.967  -58.638  -21.171 0.5000000000
20503  18.262  -59.193  -21.494 0.5000000000
16875  27.430  -63.707  -18.511 0.5000000000
16858  28.495  -64.144  -17.464 0.5000000000
127153  26.740  -63.529  -18.628 0.6000000238
16890  26.435  -63.093  -19.004 0.6000000238
17813  26.779  -62.692  -19.647 0.6000000238
129295  26.078  -62.380  -19.198 0.6000000238
18737  26.319  -61.746  -19.895 0.6000000238
15863  30.071  -64.837  -13.539 0.4000000060
16768  30.602  -64.074  -12.579 0.4000000060
21379  17.608  -59.053  -20.559 0.5000000000
131252  17.439  -59.366  -21.530 0.5000000000
20517  15.882  -59.558  -21.658 0.4000000060
21378  18.592  -58.943  -20.502 0.6000000238
20516  16.785  -59.582  -22.190 0.4000000060
15917  27.999  -64.615  -16.286 0.6000000238
16860  26.649  -63.944  -17.950 0.6000000238
16861  25.818  -63.500  -17.673 0.6000000238
16877  25.547  -62.901  -18.152 0.6000000238
18652  31.110  -61.448  -11.892 0.4000000060
21370  17.285  -58.585  -19.848 0.5000000000
20505  16.080  -59.120  -20.667 0.4000000060
21382  14.668  -58.459  -20.950 0.4000000060
113504  28.943  -65.013  -14.710 0.6000000238
115353  29.218  -65.033  -13.756 0.4000000060
122857  26.791  -64.581  -15.631 0.6000000238
15898  28.618  -64.754  -15.728 0.6000000238
15934  26.988  -64.334  -17.123 0.5000000000
15920  25.895  -63.974  -16.370 0.6000000238
15919  26.510  -64.315  -16.387 0.5000000000
18709  25.087  -62.196  -17.870 0.6000000238
117852  31.502  -60.887  -11.422 0.4000000060
15851  30.285  -64.533  -12.898 0.4000000060
22293  17.015  -57.806  -19.542 0.6000000238
22302  16.085  -57.688  -19.982 0.5000000000
22303  15.196  -57.589  -20.534 0.5000000000
15864  28.619  -64.797  -13.229 0.4000000060
127133  29.461  -64.742  -12.999 0.4000000060
15881  27.615  -64.960  -14.265 0.5000000000
15883  26.263  -64.466  -14.769 0.5000000000
16809  25.484  -63.961  -15.046 0.5000000000
16841  25.476  -63.425  -16.758 0.6000000238
131615  24.955  -62.818  -16.761 0.6000000238
18710  24.560  -61.520  -17.542 0.6000000238
18666  30.276  -61.756  -12.321 0.4000000060
125332  30.594  -62.666  -12.350 0.4000000060
129642  30.367  -61.015  -12.199 0.4000000060
19527  30.849  -60.587  -11.866 0.4000000060
22281  17.788  -56.628  -18.992 0.6000000238
18667  29.463  -61.682  -12.483 0.4000000060
17715  30.120  -63.339  -12.490 0.4000000060
23181  16.618  -56.862  -19.680 0.6000000238
23183  15.777  -56.577  -20.287 0.5000000000
23184  14.852  -56.647  -20.922 0.4000000060
16770  28.601  -63.799  -12.618 0.4000000060
15882  26.890  -64.723  -14.071 0.5000000000
16824  24.874  -63.322  -15.268 0.5000000000
17751  24.372  -62.604  -15.580 0.6000000238
17782  24.732  -62.274  -17.130 0.6000000238
18699  24.195  -61.731  -16.769 0.6000000238
19538  30.099  -60.363  -12.407 0.4000000060
23176  17.768  -55.702  -19.003 0.6000000238
23180  17.178  -56.252  -19.405 0.6000000238
24068  16.506  -55.946  -19.886 0.5000000000
24073  15.096  -55.201  -21.299 0.5000000000
18668  28.753  -62.125  -12.472 0.4000000060
15854  27.343  -64.173  -12.975 0.4000000060
15866  26.789  -64.332  -13.400 0.5000000000
16793  25.448  -63.747  -13.555 0.5000000000
17752  23.813  -62.072  -15.117 0.5000000000
20445  29.966  -59.700  -12.748 0.4000000060
24978  17.531  -54.849  -19.566 0.6000000238
117846  17.186  -54.707  -20.437 0.5000000000
117164  16.209  -54.992  -21.004 0.5000000000
16792  26.165  -63.977  -13.272 0.5000000000
16810  24.991  -63.592  -14.375 0.4000000060
17743  23.747  -62.064  -14.307 0.4000000060
18691  23.931  -61.921  -15.962 0.4000000060
18700  23.677  -61.162  -16.356 0.6000000238
20472  22.966  -60.010  -16.066 0.4000000060
20455  29.705  -59.180  -13.327 0.4000000060
19539  29.611  -60.933  -12.442 0.4000000060
24977  18.130  -54.287  -19.267 0.6000000238
19540  28.834  -61.164  -12.414 0.4000000060
26887  18.938  -53.046  -19.673 0.5000000000
25941  17.759  -54.250  -20.291 0.5000000000
25949  17.584  -54.373  -21.249 0.5000000000
129403  16.346  -54.546  -21.412 0.4000000060
25948  18.416  -54.069  -21.279 0.4000000060
17720  25.581  -62.805  -12.286 0.5000000000
16774  25.069  -63.121  -12.868 0.5000000000
17721  24.376  -62.432  -12.951 0.6000000238
119756  23.452  -61.566  -14.732 0.4000000060
19552  23.069  -60.941  -14.682 0.4000000060
20473  22.690  -59.622  -15.400 0.4000000060
18674  23.392  -61.161  -13.288 0.5000000000
26895  19.165  -53.684  -21.172 0.6000000238
20459  22.649  -59.350  -13.932 0.5000000000
19532  23.727  -60.322  -11.677 0.5000000000
17722  23.873  -61.615  -12.658 0.5000000000
19546  23.117  -60.407  -13.139 0.5000000000
133868  22.801  -60.027  -13.701 0.5000000000
20447  28.836  -59.725  -12.925 0.4000000060
24020  23.204  -55.376  -13.912 0.5000000000
21326  22.553  -58.586  -14.198 0.4000000060
20467  22.554  -59.144  -14.727 0.5000000000
20448  23.374  -59.458  -12.113 0.5000000000
119707  23.297  -60.123  -12.470 0.5000000000
26902  20.515  -52.646  -21.683 0.4000000060
23121  22.851  -56.596  -13.752 0.4000000060
134381  23.130  -56.649  -13.184 0.4000000060
125405  22.585  -57.229  -14.119 0.5000000000
22212  22.655  -57.927  -13.779 0.5000000000
21325  22.759  -58.670  -13.419 0.5000000000
20458  22.939  -59.542  -13.034 0.5000000000
22195  23.319  -57.897  -12.223 0.5000000000
22211  22.926  -57.925  -13.014 0.4000000060
116220  19.142  -58.926  -21.381 0.5000000000
135827  17.731  -58.110  -19.436 0.6000000238
21386  19.717  -58.433  -22.373 0.6000000238
22292  17.772  -57.433  -19.154 0.6000000238
19567  24.018  -60.932  -17.128 0.6000000238
19560  23.250  -60.659  -16.008 0.4000000060
21387  18.800  -58.793  -22.557 0.5000000000
135483  16.822  -58.977  -20.335 0.4000000060
21381  15.580  -58.556  -20.437 0.4000000060
15899  27.650  -64.752  -15.633 0.6000000238
21380  16.483  -58.560  -20.049 0.6000000238
17716  29.184  -63.155  -12.550 0.4000000060
118119  17.274  -56.996  -19.335 0.6000000238
22304  14.286  -57.494  -21.185 0.5000000000
128741  13.884  -58.233  -21.532 0.5000000000
23187  14.659  -55.908  -21.225 0.5000000000
24067  17.112  -55.456  -19.647 0.5000000000
24070  15.344  -55.853  -20.943 0.5000000000
127798  16.001  -55.603  -20.529 0.5000000000
17742  24.338  -62.775  -14.577 0.5000000000
133803  15.683  -55.258  -21.078 0.5000000000
17719  26.553  -63.010  -12.322 0.5000000000
25940  18.334  -53.650  -20.034 0.6000000238
19561  22.943  -60.454  -15.378 0.3000000119
23120  22.863  -57.240  -13.427 0.4000000060
123154  29.534  -74.781  -20.304 0.3000000119
9270  29.801  -73.110  -21.709 0.3000000119
9259  29.990  -73.206  -20.820 0.3000000119
10092  30.801  -71.586  -21.624 0.3000000119
118705  30.309  -72.253  -22.096 0.3000000119
10082  30.861  -71.851  -20.598 0.3000000119
10896  31.397  -70.644  -22.183 0.3000000119
10856  31.422  -71.154  -17.416 0.3000000119
135775  31.298  -71.608  -19.349 0.3000000119
10888  31.449  -70.560  -20.341 0.3000000119
114297  31.734  -70.082  -21.334 0.3000000119
10866  31.319  -70.792  -18.463 0.3000000119
11701  30.758  -69.379  -17.480 0.3000000119
11700  31.110  -70.139  -17.961 0.3000000119
11714  31.179  -69.732  -18.968 0.4000000060
11739  31.777  -69.608  -20.644 0.4000000060
12570  32.259  -68.474  -20.895 0.4000000060
12583  32.535  -68.462  -21.838 0.3000000119
13339  30.536  -67.791  -16.668 0.3000000119
13349  30.662  -67.887  -17.531 0.4000000060
12550  30.956  -68.036  -18.479 0.4000000060
12559  31.805  -68.347  -19.940 0.4000000060
13327  30.495  -67.617  -15.827 0.3000000119
13370  32.228  -67.682  -20.245 0.4000000060
14165  30.970  -66.780  -14.743 0.4000000060
14179  30.832  -66.935  -15.549 0.4000000060
13387  32.475  -67.867  -21.650 0.4000000060
14233  32.340  -67.286  -21.416 0.3000000119
14188  31.378  -66.757  -16.745 0.4000000060
13348  31.193  -67.322  -17.929 0.3000000119
13360  31.685  -67.301  -18.771 0.4000000060
14178  31.526  -66.582  -15.437 0.4000000060
131026  32.410  -66.767  -18.973 0.5000000000
13359  32.307  -67.170  -19.582 0.4000000060
19661  31.471  -59.629  -24.965 0.5000000000
14164  31.786  -66.456  -14.639 0.4000000060
13377  32.449  -67.468  -20.934 0.4000000060
17869  30.546  -61.824  -23.759 0.3000000119
17868  31.667  -61.341  -23.844 0.4000000060
15080  31.577  -65.303  -20.598 0.3000000119
20530  23.421  -58.037  -23.341 0.4000000060
20526  28.875  -58.420  -23.308 0.4000000060
20525  29.866  -58.656  -23.704 0.4000000060
20541  30.354  -58.441  -24.615 0.4000000060
14187  32.108  -66.395  -16.303 0.4000000060
119407  31.465  -66.850  -17.453 0.3000000119
14199  32.046  -66.655  -18.161 0.5000000000
20524  30.972  -58.852  -23.843 0.4000000060
20552  31.440  -59.067  -24.948 0.4000000060
14177  32.494  -66.261  -15.405 0.4000000060
18802  31.135  -61.017  -24.374 0.4000000060
116135  32.601  -66.893  -20.274 0.4000000060
118158  32.692  -60.692  -23.872 0.5000000000
14225  32.507  -66.667  -20.801 0.5000000000
130428  32.323  -61.655  -23.065 0.4000000060
119670  31.147  -62.164  -23.033 0.4000000060
118439  32.571  -65.651  -20.436 0.3000000119
16925  31.563  -62.604  -22.242 0.4000000060
131375  22.241  -57.623  -24.014 0.4000000060
20527  28.203  -59.333  -22.431 0.4000000060
14186  33.226  -65.873  -16.305 0.4000000060
115139  32.090  -66.445  -17.267 0.4000000060
20523  32.047  -59.014  -23.844 0.4000000060
20539  32.260  -59.225  -24.349 0.5000000000
14198  32.770  -66.076  -17.840 0.4000000060
19659  32.937  -59.604  -24.047 0.5000000000
15039  34.090  -65.455  -16.883 0.4000000060
14208  33.380  -65.684  -18.335 0.4000000060
14218  33.381  -65.716  -19.284 0.5000000000
15069  33.525  -65.187  -19.798 0.5000000000
19630  32.453  -59.344  -23.089 0.4000000060
18781  33.559  -60.317  -23.361 0.5000000000
15027  34.228  -65.576  -15.938 0.4000000060
15079  33.207  -65.232  -20.155 0.5000000000
18782  33.316  -60.837  -23.344 0.4000000060
15972  32.924  -64.592  -20.367 0.4000000060
16907  32.224  -63.907  -20.677 0.4000000060
16916  31.909  -63.174  -21.423 0.4000000060
17844  32.563  -62.288  -22.113 0.4000000060
19612  31.770  -59.743  -22.394 0.4000000060
18764  31.536  -60.494  -21.589 0.3000000119
15049  33.967  -65.310  -17.832 0.4000000060
15060  33.880  -65.189  -18.695 0.4000000060
19629  33.229  -59.674  -23.130 0.4000000060
21388  14.032  -59.027  -21.586 0.4000000060
15038  35.117  -65.261  -16.461 0.4000000060
15048  34.762  -65.061  -17.356 0.4000000060
15958  34.044  -64.385  -19.550 0.5000000000
15971  33.649  -64.274  -20.033 0.5000000000
19610  33.283  -60.208  -22.379 0.5000000000
132086  33.869  -60.665  -22.762 0.4000000060
15047  35.591  -64.860  -17.051 0.4000000060
16906  33.274  -63.592  -20.567 0.4000000060
17857  33.170  -61.498  -22.653 0.4000000060
16915  32.909  -62.893  -21.253 0.4000000060
125206  34.395  -61.499  -21.748 0.4000000060
18752  29.729  -61.635  -21.144 0.4000000060
19611  32.608  -59.883  -22.340 0.3000000119
15059  34.541  -64.810  -18.185 0.4000000060
15947  34.448  -64.460  -18.942 0.4000000060
19601  32.672  -60.474  -21.494 0.3000000119
123391  35.188  -64.299  -18.455 0.4000000060
15957  35.618  -63.594  -19.037 0.4000000060
130131  34.776  -63.783  -19.443 0.4000000060
16886  34.656  -63.425  -20.047 0.5000000000
15913  36.694  -64.380  -17.199 0.4000000060
15946  36.085  -63.863  -18.309 0.4000000060
16905  34.867  -62.567  -20.735 0.4000000060
17828  34.927  -61.923  -21.284 0.4000000060
18763  34.367  -60.993  -22.086 0.4000000060
17830  29.121  -62.347  -20.550 0.4000000060
16885  35.637  -63.014  -19.802 0.4000000060
126901  28.932  -68.157  -23.894 0.3000000119
11670  31.060  -70.289  -16.045 0.3000000119
118369  30.457  -68.516  -16.176 0.3000000119
13317  30.511  -67.405  -14.973 0.4000000060
14163  32.768  -66.184  -14.525 0.4000000060
125605  33.518  -65.905  -15.262 0.4000000060
14161  34.857  -65.701  -14.459 0.4000000060
15026  35.082  -65.456  -15.664 0.4000000060
18750  31.834  -61.066  -20.727 0.3000000119
15036  37.071  -64.683  -16.345 0.4000000060
18751  30.811  -61.363  -20.884 0.4000000060
18735  32.077  -61.503  -19.968 0.4000000060
18749  32.904  -60.918  -20.648 0.4000000060
15929  37.593  -63.635  -17.106 0.4000000060
16884  36.480  -62.593  -19.492 0.4000000060
16903  36.334  -62.270  -20.102 0.4000000060
17827  35.558  -62.123  -21.031 0.4000000060
18747  34.848  -60.971  -20.721 0.3000000119
19609  34.098  -60.763  -22.248 0.4000000060
16869  37.320  -62.780  -18.349 0.4000000060
18801  31.978  -60.323  -24.467 0.4000000060
17829  30.156  -62.052  -20.326 0.4000000060
133651  29.938  -72.693  -22.367 0.3000000119
9269  30.347  -72.425  -21.159 0.3000000119
124234  30.786  -71.506  -22.658 0.3000000119
11764  28.953  -68.918  -24.306 0.3000000119
10081  31.227  -70.985  -21.000 0.3000000119
11685  31.136  -70.289  -16.989 0.3000000119
10877  31.370  -70.343  -19.566 0.4000000060
11750  32.312  -69.171  -21.604 0.4000000060
11715  30.873  -69.066  -18.373 0.3000000119
12527  30.543  -68.587  -17.040 0.3000000119
12549  31.285  -68.666  -19.201 0.4000000060
12509  30.392  -68.339  -15.319 0.3000000119
120934  32.031  -66.387  -13.835 0.4000000060
128080  32.835  -66.449  -19.552 0.4000000060
14219  33.010  -66.008  -20.102 0.5000000000
15973  31.390  -64.524  -20.647 0.3000000119
14176  34.493  -65.670  -15.102 0.4000000060
126304  34.103  -63.315  -20.473 0.4000000060
17843  34.994  -61.383  -21.325 0.4000000060
16856  31.733  -63.306  -17.467 0.4000000060
16872  30.393  -63.200  -18.289 0.4000000060
16838  31.735  -63.792  -16.532 0.4000000060
15914  31.148  -64.300  -15.859 0.3000000119
16857  30.766  -63.471  -17.614 0.5000000000
17798  29.996  -62.977  -18.989 0.4000000060
17810  29.559  -62.686  -19.725 0.4000000060
16715  37.873  -63.712  -9.320 0.3000000119
16732  36.785  -63.905  -9.768 0.3000000119
17675  34.148  -62.116  -10.101 0.3000000119
17697  33.213  -62.816  -11.918 0.3000000119
17713  32.392  -62.732  -11.984 0.3000000119
15849  31.502  -63.880  -12.655 0.3000000119
16716  36.294  -63.337  -9.645 0.3000000119
17673  35.641  -62.668  -9.654 0.3000000119
18627  34.605  -61.516  -9.746 0.3000000119
17652  38.814  -63.204  -8.887 0.3000000119
17671  39.011  -62.414  -8.906 0.3000000119
17689  32.644  -61.931  -11.135 0.3000000119
18651  32.008  -61.557  -11.313 0.3000000119
18626  35.952  -61.817  -9.486 0.3000000119
19489  35.237  -60.729  -9.544 0.3000000119
17688  33.332  -62.101  -10.757 0.3000000119
20387  37.953  -60.115  -9.824 0.3000000119
19488  36.950  -60.875  -9.397 0.3000000119
20389  35.005  -59.771  -9.534 0.3000000119
20388  36.353  -59.955  -9.616 0.3000000119
21251  35.830  -59.058  -9.889 0.3000000119
18624  39.331  -61.509  -9.094 0.3000000119
19491  33.448  -60.044  -9.789 0.3000000119
20412  32.462  -59.237  -10.125 0.3000000119
20429  31.253  -59.290  -11.327 0.3000000119
20386  38.657  -59.575  -10.149 0.3000000119
20390  34.051  -59.545  -9.577 0.3000000119
21272  32.075  -58.466  -10.260 0.3000000119
21271  36.891  -58.683  -10.701 0.3000000119
22153  35.611  -58.267  -10.297 0.3000000119
21253  33.955  -58.710  -9.626 0.3000000119
22170  33.992  -57.387  -10.251 0.3000000119
21288  30.880  -58.832  -11.824 0.3000000119
20413  31.762  -59.268  -10.654 0.3000000119
22184  31.155  -57.958  -11.481 0.3000000119
21289  30.283  -59.133  -12.756 0.3000000119
20446  29.416  -59.874  -12.805 0.3000000119
21334  29.824  -58.099  -14.294 0.3000000119
21322  29.512  -58.638  -13.931 0.3000000119
21323  29.113  -58.596  -14.029 0.3000000119
15895  31.364  -64.441  -14.987 0.3000000119
118935  31.073  -63.737  -17.034 0.4000000060
121219  32.180  -63.354  -12.477 0.3000000119
19525  32.081  -60.780  -10.814 0.3000000119
17672  37.236  -62.784  -9.239 0.3000000119
126265  34.197  -60.910  -9.685 0.3000000119
128689  33.478  -62.581  -11.338 0.3000000119
16767  32.923  -63.182  -12.523 0.3000000119
16791  32.451  -63.774  -13.084 0.3000000119
18625  37.877  -61.769  -9.144 0.3000000119
18640  32.733  -61.409  -10.694 0.3000000119
22168  36.417  -57.997  -11.034 0.3000000119
22169  35.173  -57.610  -10.611 0.3000000119
20391  33.242  -59.322  -9.765 0.3000000119
21270  38.243  -58.849  -10.676 0.3000000119
22155  33.593  -58.001  -9.830 0.3000000119
18748  34.061  -60.863  -20.694 0.3000000119
18733  34.459  -61.202  -19.990 0.4000000060
17776  36.774  -62.416  -17.893 0.4000000060
17793  35.233  -61.868  -18.653 0.4000000060
18734  33.152  -61.375  -19.773 0.3000000119
17764  34.383  -62.768  -17.212 0.4000000060
17763  35.616  -62.784  -16.998 0.3000000119
18723  33.795  -61.553  -19.252 0.4000000060
17778  34.203  -62.388  -17.962 0.4000000060
16836  34.439  -63.130  -16.560 0.3000000119
17795  32.829  -61.985  -18.806 0.3000000119
17779  33.137  -62.460  -18.070 0.4000000060
115915  33.546  -63.233  -16.672 0.4000000060
17796  31.783  -62.378  -18.793 0.3000000119
17780  32.182  -62.676  -18.152 0.4000000060
16837  32.745  -63.589  -16.131 0.4000000060
17807  32.214  -61.858  -19.329 0.3000000119
17797  30.892  -62.666  -18.861 0.3000000119
17809  30.536  -62.383  -19.568 0.3000000119
18736  31.126  -61.724  -20.102 0.3000000119
16854  33.373  -62.856  -17.398 0.4000000060
17794  33.947  -61.916  -18.620 0.4000000060
13306  30.568  -67.222  -13.973 0.3000000119
18731  36.415  -61.808  -20.121 0.3000000119
112581  31.386  -70.016  -12.048 0.3000000119
12478  30.758  -68.770  -12.483 0.3000000119
13296  30.652  -67.536  -12.953 0.3000000119
122160  31.203  -66.663  -13.933 0.3000000119
18721  36.130  -61.649  -19.467 0.3000000119
16883  36.964  -62.325  -19.120 0.3000000119
12470  32.127  -68.482  -10.453 0.3000000119
13291  31.249  -67.464  -11.567 0.3000000119
13289  31.563  -67.956  -10.874 0.3000000119
129750  31.740  -66.614  -12.517 0.3000000119
120518  32.912  -66.173  -13.674 0.3000000119
17792  36.523  -61.955  -18.724 0.3000000119
124382  34.188  -69.709  -8.979 0.3000000119
13288  32.383  -67.727  -10.367 0.3000000119
12469  33.159  -68.856  -9.840 0.3000000119
14124  31.784  -66.798  -11.660 0.3000000119
131057  31.755  -67.300  -10.975 0.3000000119
128393  32.907  -66.250  -12.948 0.3000000119
13285  33.369  -67.975  -9.751 0.3000000119
13287  33.172  -67.216  -10.103 0.3000000119
14123  32.674  -66.536  -11.472 0.3000000119
14116  32.360  -66.910  -10.778 0.3000000119
14162  33.858  -65.901  -14.296 0.3000000119
15001  35.759  -65.614  -14.233 0.3000000119
15025  36.193  -65.198  -15.797 0.3000000119
12467  34.188  -68.757  -9.142 0.3000000119
113874  34.349  -66.065  -12.747 0.3000000119
112951  34.126  -66.242  -11.861 0.3000000119
14145  34.781  -65.865  -13.666 0.3000000119
17791  37.087  -62.420  -18.640 0.3000000119
13284  34.298  -67.850  -9.251 0.3000000119
12466  34.913  -68.879  -8.397 0.3000000119
14115  34.066  -66.873  -9.911 0.3000000119
14121  34.168  -66.423  -10.872 0.3000000119
131113  35.237  -65.952  -13.023 0.3000000119
15012  36.934  -65.289  -14.835 0.3000000119
15912  37.620  -64.185  -16.653 0.3000000119
17761  37.710  -63.324  -16.897 0.3000000119
17762  37.083  -62.845  -17.064 0.3000000119
18746  35.735  -61.570  -20.656 0.3000000119
14114  35.199  -66.596  -9.925 0.3000000119
112847  35.106  -66.118  -12.179 0.3000000119
14143  36.892  -65.815  -13.293 0.3000000119
15024  37.583  -64.745  -15.587 0.3000000119
14149  30.912  -66.900  -13.277 0.3000000119
12477  31.218  -69.124  -11.593 0.3000000119
11727  31.589  -69.179  -19.897 0.4000000060
12465  35.193  -68.810  -7.868 0.3000000119
12472  31.608  -68.811  -10.949 0.3000000119
12473  31.065  -68.291  -11.552 0.3000000119
12540  30.662  -68.553  -17.799 0.4000000060
13292  30.807  -67.752  -12.146 0.3000000119
13295  31.089  -66.969  -12.428 0.3000000119
13338  30.908  -67.250  -17.111 0.4000000060
14122  33.433  -66.405  -11.408 0.3000000119
14129  33.332  -66.270  -12.293 0.3000000119
14130  32.403  -66.448  -12.320 0.3000000119
14144  35.892  -65.780  -13.493 0.3000000119
14146  33.680  -66.066  -13.286 0.3000000119
14147  32.227  -66.409  -13.082 0.3000000119
14148  31.472  -66.625  -13.169 0.3000000119
14189  30.807  -67.106  -16.317 0.4000000060
14197  33.364  -65.707  -17.391 0.4000000060
14209  32.885  -66.242  -18.724 0.4000000060
15000  36.859  -65.540  -13.942 0.3000000119
15013  35.521  -65.476  -15.017 0.4000000060
15037  36.091  -64.915  -16.553 0.4000000060
15850  30.995  -64.341  -12.889 0.4000000060
15852  28.896  -64.405  -12.786 0.4000000060
15853  28.114  -64.274  -12.862 0.4000000060
15861  31.649  -64.269  -13.263 0.3000000119
15865  27.652  -64.712  -13.492 0.5000000000
15867  26.159  -64.305  -13.866 0.5000000000
15879  29.840  -64.862  -14.479 0.4000000060
15880  28.346  -65.084  -14.029 0.4000000060
15893  37.957  -64.312  -16.131 0.3000000119
15900  26.011  -64.240  -15.697 0.5000000000
15918  27.285  -64.539  -16.352 0.6000000238
15930  35.556  -64.525  -17.758 0.4000000060
15932  28.622  -64.462  -16.688 0.6000000238
15933  27.826  -64.433  -16.968 0.6000000238
15945  37.000  -63.543  -18.031 0.4000000060
16717  35.367  -63.148  -9.928 0.3000000119
16769  29.612  -64.127  -12.608 0.4000000060
16771  27.553  -63.534  -12.621 0.4000000060
16772  26.694  -63.785  -12.857 0.5000000000
16773  25.869  -63.493  -12.791 0.5000000000
16794  24.648  -63.118  -13.640 0.4000000060
16822  32.044  -64.099  -15.616 0.3000000119
16823  25.423  -63.685  -15.881 0.5000000000
16839  30.265  -64.041  -16.968 0.5000000000
16840  26.201  -63.968  -17.063 0.6000000238
16842  24.900  -63.066  -16.117 0.6000000238
16852  37.726  -63.352  -16.976 0.3000000119
16853  37.596  -63.102  -17.611 0.4000000060
16855  32.612  -63.326  -16.982 0.4000000060
16859  27.618  -64.118  -17.747 0.5000000000
16870  36.807  -63.060  -18.791 0.4000000060
16871  31.270  -62.941  -18.190 0.4000000060
16876  26.140  -63.375  -18.394 0.6000000238
16887  29.018  -63.255  -19.100 0.5000000000
16889  27.159  -63.313  -19.188 0.6000000238
16904  35.652  -62.439  -20.418 0.4000000060
16914  34.055  -62.506  -21.142 0.4000000060
17698  32.315  -62.185  -11.511 0.3000000119
17732  24.124  -62.490  -13.785 0.5000000000
17733  23.759  -61.888  -13.506 0.5000000000
17765  24.488  -62.419  -16.395 0.6000000238
17775  37.530  -62.888  -17.712 0.3000000119
17777  35.472  -62.349  -17.904 0.4000000060
17781  25.237  -62.876  -17.405 0.6000000238
17799  25.524  -62.211  -18.584 0.6999999881
17806  36.701  -62.026  -19.848 0.4000000060
17808  31.431  -62.108  -19.436 0.3000000119
17826  36.148  -61.878  -20.479 0.4000000060
17842  35.521  -61.602  -20.869 0.4000000060
17856  33.878  -61.077  -22.635 0.4000000060
17882  29.293  -61.544  -24.640 0.3000000119
18628  33.596  -61.357  -10.086 0.3000000119
18665  31.034  -62.198  -12.133 0.4000000060
18682  23.349  -61.408  -14.073 0.4000000060
18692  23.411  -61.278  -15.468 0.4000000060
18720  36.872  -62.013  -19.443 0.3000000119
18722  34.862  -61.521  -19.319 0.4000000060
18732  35.593  -61.344  -19.861 0.3000000119
18754  27.655  -61.748  -20.958 0.6000000238
18762  35.167  -61.310  -21.161 0.3000000119
18765  29.692  -61.012  -21.818 0.5000000000
18800  33.284  -60.237  -23.757 0.5000000000
19490  34.216  -60.271  -9.611 0.3000000119
19506  33.632  -60.645  -9.828 0.3000000119
19507  32.893  -60.600  -10.218 0.3000000119
19508  32.207  -59.973  -10.480 0.3000000119
19526  31.449  -60.076  -11.187 0.3000000119
19541  23.524  -60.835  -12.481 0.5000000000
19553  22.724  -60.057  -14.531 0.5000000000
19568  23.517  -60.296  -16.674 0.5000000000
19583  25.171  -60.581  -19.082 0.6999999881
19590  26.229  -60.721  -20.213 0.6999999881
19599  34.634  -60.943  -21.472 0.3000000119
19600  33.706  -60.646  -21.527 0.4000000060
19614  28.609  -60.195  -22.336 0.5000000000
19615  27.352  -60.921  -21.172 0.6999999881
19628  33.607  -60.256  -23.051 0.5000000000
19631  31.386  -59.277  -22.987 0.4000000060
19647  33.319  -59.844  -23.624 0.5000000000
19648  33.324  -59.944  -23.832 0.5000000000
19649  32.914  -59.976  -24.151 0.5000000000
19660  32.214  -59.525  -24.457 0.5000000000
19670  30.511  -59.321  -25.282 0.6000000238
20430  30.631  -59.727  -12.000 0.4000000060
20456  29.194  -59.108  -13.525 0.3000000119
20457  28.804  -58.804  -13.593 0.3000000119
20504  16.729  -59.302  -21.024 0.4000000060
20514  26.678  -58.564  -21.314 0.6999999881
20522  32.848  -59.398  -23.756 0.5000000000
20540  31.404  -58.898  -24.610 0.4000000060
20556  30.736  -58.846  -25.210 0.6000000238
21250  37.388  -59.403  -10.273 0.3000000119
21252  34.711  -59.124  -9.607 0.3000000119
21254  32.948  -58.543  -9.845 0.3000000119
21273  31.444  -58.569  -10.981 0.3000000119
21306  30.144  -58.542  -13.546 0.3000000119
21307  23.115  -58.687  -12.589 0.5000000000
21336  22.444  -58.470  -14.819 0.6000000238
21398  18.616  -58.877  -23.606 0.5000000000
21405  29.638  -57.943  -24.786 0.5000000000
21416  30.175  -58.417  -25.072 0.5000000000
21417  29.576  -58.064  -24.945 0.5000000000
21418  28.765  -57.604  -24.951 0.4000000060
22154  34.542  -58.009  -9.953 0.3000000119
22171  32.748  -57.593  -10.130 0.3000000119
22297  25.235  -57.048  -21.443 0.6000000238
22306  27.090  -56.927  -22.404 0.5000000000
22326  28.863  -56.955  -24.557 0.5000000000
22327  28.327  -56.022  -24.342 0.4000000060
22329  25.851  -56.957  -23.234 0.5000000000
22331  21.939  -57.057  -23.901 0.6000000238
22333  28.315  -56.258  -24.575 0.4000000060
22334  27.998  -56.007  -24.620 0.4000000060
22335  27.752  -55.825  -24.315 0.4000000060
23192  27.325  -55.965  -23.873 0.4000000060
23196  27.922  -55.744  -24.158 0.4000000060
23197  26.628  -56.461  -23.426 0.4000000060
24007  22.867  -56.017  -13.977 0.5000000000
24963  18.586  -54.590  -18.300 0.6999999881
24980  16.817  -54.666  -21.095 0.5000000000
24981  16.673  -55.169  -20.316 0.5000000000
24984  17.021  -54.139  -21.627 0.4000000060
26876  20.468  -52.212  -17.706 0.6999999881
27837  23.439  -51.501  -17.831 0.4000000060
112952  35.220  -66.262  -11.160 0.3000000119
113452  33.207  -66.674  -10.698 0.3000000119
113738  28.050  -65.021  -14.878 0.6000000238
116311  30.881  -63.421  -12.427 0.4000000060
117061  31.631  -67.849  -19.394 0.4000000060
117289  29.057  -60.463  -12.625 0.4000000060
117732  27.190  -64.823  -14.875 0.5000000000
118040  31.257  -71.361  -20.047 0.3000000119
118551  22.264  -57.209  -14.825 0.6000000238
119086  32.896  -62.361  -11.462 0.3000000119
119929  30.909  -64.087  -16.518 0.4000000060
121183  32.825  -59.844  -10.061 0.3000000119
121501  33.573  -61.891  -21.954 0.4000000060
121514  25.628  -64.078  -14.300 0.5000000000
121889  23.004  -60.690  -13.902 0.5000000000
122103  29.754  -62.439  -12.507 0.4000000060
122689  38.672  -60.821  -9.495 0.3000000119
122723  23.213  -57.175  -12.722 0.4000000060
123805  24.917  -62.552  -12.336 0.5000000000
125322  34.941  -62.155  -9.767 0.3000000119
125519  33.822  -65.045  -19.296 0.4000000060
125616  24.102  -57.249  -23.058 0.6000000238
126247  19.343  -58.813  -20.508 0.5000000000
127103  34.915  -58.586  -9.793 0.3000000119
128192  30.479  -61.008  -21.533 0.4000000060
128647  31.369  -71.062  -19.615 0.3000000119
129012  17.093  -55.002  -19.942 0.5000000000
129040  31.272  -66.727  -16.057 0.4000000060
129335  23.202  -59.595  -16.589 0.6000000238
130151  31.352  -71.305  -18.931 0.3000000119
130637  29.140  -63.788  -17.800 0.5000000000
130766  27.189  -56.029  -24.054 0.4000000060
131108  19.950  -58.569  -23.719 0.5000000000
131221  34.730  -61.076  -21.658 0.4000000060
131656  34.662  -69.419  -8.431 0.3000000119
132351  32.153  -64.798  -20.511 0.4000000060
132467  26.298  -57.713  -23.906 0.4000000060
132656  32.738  -66.071  -17.017 0.4000000060
132868  27.699  -58.762  -22.229 0.6999999881
133742  34.599  -66.245  -11.517 0.3000000119
134116  36.370  -64.114  -17.799 0.4000000060
134479  30.058  -60.535  -24.974 0.5000000000
134792  25.911  -62.845  -18.697 0.6000000238
135300  28.252  -57.311  -25.001 0.4000000060
135655  35.015  -63.191  -16.202 0.3000000119
135719  32.588  -62.929  -17.600 0.4000000060
