#!ascii label  , from subject sub-v1s13x0050008_ses-1 vox2ras=TkReg
383
81074  -19.352  -3.126  -37.028 0.0000000000
76513  -17.234  -8.104  -34.720 0.0000000000
76569  -22.664  -7.833  -38.041 0.0000000000
72410  -19.261  -12.626  -36.036 0.0000000000
142106  -22.046  7.670  -33.463 0.0000000000
87464  -21.864  4.587  -35.158 0.0000000000
84406  -16.560  0.576  -34.185 0.0000000000
69877  -18.092  -16.491  -33.923 0.0000000000
74931  -18.408  -10.194  -35.802 0.0000000000
73209  -17.412  -12.282  -34.646 0.0000000000
89839  -22.665  6.355  -34.153 0.0000000000
87447  -18.998  4.502  -34.686 0.0000000000
120567  -16.583  -3.413  -34.318 0.0000000000
82820  -14.562  -1.403  -31.927 0.0000000000
132797  -17.579  -1.454  -35.405 0.0000000000
84443  -20.377  1.169  -36.774 0.0000000000
83671  -21.748  -0.750  -36.732 0.0000000000
81064  -22.816  -3.207  -36.612 0.0000000000
79168  -16.273  -6.006  -34.008 0.0000000000
79203  -18.538  -5.631  -36.097 0.0000000000
79219  -21.587  -5.484  -37.936 0.0000000000
130987  -19.865  -8.041  -37.163 0.0000000000
74965  -20.666  -10.141  -37.315 0.0000000000
73249  -21.797  -12.061  -36.129 0.0000000000
85895  -15.911  2.349  -32.686 0.0000000000
85930  -19.747  3.092  -35.841 0.0000000000
86692  -22.880  3.539  -35.064 0.0000000000
71526  -16.683  -14.346  -33.783 0.0000000000
71540  -18.689  -14.535  -35.006 0.0000000000
74096  -17.119  -11.636  -34.394 0.0000000000
140203  -16.506  -12.377  -33.510 0.0000000000
88224  -19.203  5.241  -34.275 0.0000000000
87430  -17.789  4.367  -34.102 0.0000000000
81053  -17.633  -3.466  -35.388 0.0000000000
81948  -17.017  -2.565  -34.712 0.0000000000
81977  -19.001  -2.387  -36.758 0.0000000000
82880  -20.166  -1.296  -37.442 0.0000000000
81979  -20.421  -2.079  -37.539 0.0000000000
81981  -21.784  -2.234  -37.027 0.0000000000
126381  -21.545  -2.907  -37.334 0.0000000000
78258  -16.962  -6.595  -34.532 0.0000000000
79183  -17.040  -5.712  -34.687 0.0000000000
77392  -18.322  -6.802  -35.737 0.0000000000
77404  -19.390  -7.024  -36.628 0.0000000000
131002  -18.903  -7.942  -36.209 0.0000000000
74128  -18.939  -11.326  -36.213 0.0000000000
74950  -19.459  -9.894  -36.609 0.0000000000
74130  -20.167  -11.637  -36.715 0.0000000000
74131  -21.246  -11.433  -36.817 0.0000000000
73248  -20.861  -12.301  -36.410 0.0000000000
89826  -20.385  7.180  -32.764 0.0000000000
89823  -19.949  8.004  -31.845 0.0000000000
91288  -21.596  8.669  -32.866 0.0000000000
119306  -21.808  9.569  -33.365 0.0000000000
90544  -22.797  7.906  -34.190 0.0000000000
89065  -22.790  5.961  -34.309 0.0000000000
83601  -15.134  -0.621  -32.534 0.0000000000
84377  -14.727  0.108  -31.883 0.0000000000
85164  -15.804  1.692  -32.924 0.0000000000
85921  -17.084  2.467  -34.334 0.0000000000
85201  -17.986  1.886  -35.568 0.0000000000
84434  -21.694  0.904  -36.312 0.0000000000
85942  -21.591  2.462  -35.862 0.0000000000
85196  -23.192  2.112  -35.035 0.0000000000
140336  -22.064  -6.997  -38.191 0.0000000000
79221  -22.891  -5.576  -37.512 0.0000000000
69010  -16.836  -16.565  -33.637 0.0000000000
70722  -17.558  -15.301  -34.346 0.0000000000
121703  -17.697  -14.453  -34.593 0.0000000000
69893  -18.046  -15.726  -34.377 0.0000000000
75713  -17.017  -9.483  -34.386 0.0000000000
76525  -18.133  -8.947  -35.552 0.0000000000
132049  -17.454  -9.988  -34.915 0.0000000000
74111  -18.080  -11.485  -35.489 0.0000000000
73228  -18.338  -12.149  -35.548 0.0000000000
89829  -20.719  6.549  -33.635 0.0000000000
89831  -22.466  6.911  -33.933 0.0000000000
89048  -20.541  5.592  -34.497 0.0000000000
88237  -20.232  5.199  -34.787 0.0000000000
87450  -20.659  4.833  -35.116 0.0000000000
81015  -15.376  -4.002  -33.286 0.0000000000
81928  -15.542  -2.292  -33.258 0.0000000000
82832  -15.928  -1.561  -33.657 0.0000000000
83643  -17.324  -0.823  -35.152 0.0000000000
84431  -18.828  0.985  -36.486 0.0000000000
134480  -18.892  0.039  -36.654 0.0000000000
84444  -20.686  0.282  -36.958 0.0000000000
84435  -22.249  -0.059  -36.316 0.0000000000
82873  -22.953  -1.294  -36.176 0.0000000000
68992  -18.951  -17.465  -33.021 0.0000000000
69878  -19.559  -16.174  -33.670 0.0000000000
80119  -16.461  -5.105  -34.203 0.0000000000
80149  -17.740  -4.743  -35.426 0.0000000000
80158  -18.744  -4.825  -36.368 0.0000000000
80169  -20.055  -4.594  -37.513 0.0000000000
79217  -19.769  -5.560  -37.242 0.0000000000
132242  -20.511  -6.684  -37.736 0.0000000000
76568  -21.680  -8.004  -38.194 0.0000000000
134552  -18.863  -9.132  -36.179 0.0000000000
76556  -20.050  -8.756  -37.237 0.0000000000
75759  -22.057  -9.450  -37.844 0.0000000000
74952  -22.504  -10.494  -36.860 0.0000000000
126163  -22.881  -11.436  -35.750 0.0000000000
134901  -23.706  7.850  -34.624 0.0000000000
85909  -17.647  3.591  -34.549 0.0000000000
86691  -19.410  4.063  -35.110 0.0000000000
86704  -20.773  3.694  -35.712 0.0000000000
85214  -20.113  2.002  -36.458 0.0000000000
85931  -21.218  3.176  -35.842 0.0000000000
86706  -22.334  4.088  -35.203 0.0000000000
80171  -22.106  -4.425  -37.396 0.0000000000
80160  -23.529  -4.626  -36.741 0.0000000000
72371  -16.350  -13.388  -33.412 0.0000000000
72383  -17.143  -12.966  -34.233 0.0000000000
131160  -17.883  -13.624  -34.861 0.0000000000
72400  -19.228  -13.399  -35.741 0.0000000000
70724  -19.449  -15.521  -34.270 0.0000000000
71556  -19.892  -14.389  -35.026 0.0000000000
72401  -20.034  -13.737  -35.599 0.0000000000
126439  -17.386  4.191  -33.661 0.0000000000
126858  -18.666  -3.283  -36.438 0.0000000000
81054  -18.090  -3.311  -35.865 0.0000000000
81978  -19.721  -2.293  -37.348 0.0000000000
121166  -20.092  -2.976  -37.549 0.0000000000
121297  -20.901  -2.903  -37.624 0.0000000000
77380  -16.830  -7.394  -34.339 0.0000000000
77381  -17.443  -7.298  -34.977 0.0000000000
77391  -17.980  -7.244  -35.460 0.0000000000
124640  -18.463  -7.626  -35.833 0.0000000000
132046  -17.911  -8.103  -35.405 0.0000000000
73245  -18.816  -12.025  -35.945 0.0000000000
73246  -19.370  -11.812  -36.356 0.0000000000
73247  -19.969  -12.479  -36.383 0.0000000000
89827  -21.244  7.311  -33.127 0.0000000000
139996  -21.500  7.919  -32.933 0.0000000000
91289  -22.283  8.655  -33.839 0.0000000000
91291  -22.846  8.796  -34.797 0.0000000000
88239  -22.409  5.296  -34.666 0.0000000000
89066  -23.366  6.077  -34.361 0.0000000000
88253  -23.045  5.386  -34.608 0.0000000000
84393  -16.077  0.044  -33.699 0.0000000000
132658  -14.953  -0.027  -32.234 0.0000000000
84392  -15.486  0.247  -32.881 0.0000000000
84378  -15.145  0.694  -32.280 0.0000000000
85181  -16.043  1.071  -33.455 0.0000000000
85194  -16.707  1.502  -34.175 0.0000000000
84407  -17.030  0.941  -34.670 0.0000000000
85204  -22.840  1.457  -35.453 0.0000000000
77419  -23.108  -6.999  -37.706 0.0000000000
69011  -17.458  -17.040  -33.563 0.0000000000
69876  -17.461  -16.153  -34.015 0.0000000000
70704  -16.948  -15.715  -33.945 0.0000000000
138858  -17.004  -10.232  -34.371 0.0000000000
74097  -17.589  -11.531  -35.014 0.0000000000
73227  -17.861  -12.227  -35.153 0.0000000000
89036  -20.015  6.297  -33.512 0.0000000000
89040  -20.356  5.976  -34.090 0.0000000000
88225  -19.841  5.558  -34.278 0.0000000000
88235  -19.197  4.911  -34.544 0.0000000000
88236  -19.648  5.079  -34.662 0.0000000000
87449  -20.060  4.727  -35.058 0.0000000000
141311  -16.071  -3.913  -33.831 0.0000000000
124379  -15.829  -3.200  -33.598 0.0000000000
130883  -17.564  -2.266  -35.359 0.0000000000
82863  -17.178  -1.633  -34.917 0.0000000000
83617  -16.253  -0.820  -34.007 0.0000000000
129231  -17.545  -0.121  -35.427 0.0000000000
83656  -18.417  -0.749  -36.283 0.0000000000
82881  -20.789  -1.339  -37.365 0.0000000000
83669  -20.427  -0.532  -37.244 0.0000000000
83670  -21.056  -0.601  -37.083 0.0000000000
83657  -21.371  0.154  -36.726 0.0000000000
83659  -22.902  -0.626  -36.076 0.0000000000
83658  -22.402  -0.872  -36.414 0.0000000000
130083  -22.096  -2.868  -36.931 0.0000000000
126910  -22.889  -1.934  -36.340 0.0000000000
132116  -23.655  -3.124  -36.199 0.0000000000
139612  -15.876  -5.295  -33.664 0.0000000000
80118  -15.292  -4.948  -33.304 0.0000000000
79193  -17.631  -5.482  -35.291 0.0000000000
79194  -18.065  -5.324  -35.672 0.0000000000
80150  -18.231  -4.783  -35.867 0.0000000000
79204  -19.134  -5.613  -36.613 0.0000000000
137812  -19.737  -7.394  -36.993 0.0000000000
141632  -19.700  -6.886  -36.952 0.0000000000
77430  -20.999  -7.328  -38.100 0.0000000000
76557  -20.611  -8.209  -37.811 0.0000000000
75727  -18.497  -9.393  -35.862 0.0000000000
75739  -18.819  -9.805  -36.164 0.0000000000
74964  -19.941  -10.050  -36.923 0.0000000000
75756  -19.719  -9.330  -36.840 0.0000000000
75757  -20.303  -9.481  -37.296 0.0000000000
124688  -20.623  -8.997  -37.701 0.0000000000
75758  -21.150  -9.665  -37.730 0.0000000000
75741  -22.612  -9.790  -37.366 0.0000000000
74967  -21.844  -10.206  -37.483 0.0000000000
74132  -22.304  -11.308  -36.389 0.0000000000
73231  -22.465  -11.841  -35.771 0.0000000000
89838  -21.818  6.106  -34.186 0.0000000000
129046  -23.113  7.383  -34.168 0.0000000000
81911  -14.542  -1.845  -31.965 0.0000000000
85884  -15.520  2.088  -32.258 0.0000000000
86674  -16.516  3.009  -33.218 0.0000000000
85908  -16.922  3.023  -33.824 0.0000000000
85928  -18.522  2.760  -35.666 0.0000000000
86700  -18.290  3.376  -35.261 0.0000000000
86701  -19.143  3.448  -35.515 0.0000000000
86703  -20.265  3.718  -35.612 0.0000000000
86709  -20.113  3.301  -35.792 0.0000000000
85213  -19.507  1.598  -36.579 0.0000000000
85933  -22.788  2.834  -35.202 0.0000000000
85941  -20.900  2.522  -36.058 0.0000000000
125998  -22.089  3.228  -35.559 0.0000000000
86705  -21.532  3.886  -35.542 0.0000000000
137691  -23.576  3.661  -34.721 0.0000000000
80180  -21.018  -5.278  -37.927 0.0000000000
81076  -20.863  -4.525  -37.764 0.0000000000
80170  -21.547  -4.804  -37.730 0.0000000000
80172  -22.823  -4.915  -37.244 0.0000000000
70703  -16.507  -15.171  -33.675 0.0000000000
71525  -16.125  -14.673  -33.354 0.0000000000
129692  -16.303  -14.031  -33.411 0.0000000000
72372  -16.721  -13.552  -33.787 0.0000000000
71538  -17.286  -13.836  -34.335 0.0000000000
71539  -18.226  -14.128  -34.943 0.0000000000
71553  -18.286  -13.447  -35.208 0.0000000000
71554  -18.684  -13.761  -35.355 0.0000000000
74906  -16.729  -10.924  -34.030 0.0000000000
74087  -16.712  -11.909  -33.844 0.0000000000
140469  -17.009  -12.319  -34.160 0.0000000000
88223  -18.088  4.773  -33.960 0.0000000000
87431  -18.613  4.852  -34.273 0.0000000000
87446  -18.328  4.361  -34.534 0.0000000000
81040  -17.212  -3.414  -34.923 0.0000000000
81960  -17.429  -2.946  -35.197 0.0000000000
81967  -18.058  -2.514  -35.824 0.0000000000
81968  -18.493  -2.066  -36.297 0.0000000000
82871  -18.578  -1.400  -36.426 0.0000000000
82878  -18.927  -1.650  -36.722 0.0000000000
130012  -19.964  -1.778  -37.476 0.0000000000
82872  -22.213  -1.582  -36.654 0.0000000000
81980  -21.162  -2.138  -37.432 0.0000000000
81078  -22.083  -3.557  -37.116 0.0000000000
78243  -16.443  -6.832  -34.014 0.0000000000
78259  -17.646  -6.433  -35.239 0.0000000000
78276  -18.153  -6.003  -35.677 0.0000000000
78277  -18.995  -6.384  -36.400 0.0000000000
77403  -18.883  -7.149  -36.210 0.0000000000
130991  -19.368  -7.825  -36.605 0.0000000000
74932  -18.773  -10.644  -36.153 0.0000000000
74949  -19.129  -10.085  -36.389 0.0000000000
74129  -19.451  -10.767  -36.571 0.0000000000
74141  -20.391  -10.779  -36.980 0.0000000000
74966  -21.215  -10.618  -37.232 0.0000000000
89825  -19.873  7.371  -32.364 0.0000000000
90539  -20.932  8.083  -32.316 0.0000000000
91298  -23.350  9.100  -35.461 0.0000000000
89050  -21.867  5.595  -34.517 0.0000000000
89852  -23.518  6.904  -34.289 0.0000000000
84353  -13.507  0.364  -30.337 0.0000000000
85154  -14.288  1.182  -30.779 0.0000000000
85163  -15.392  1.549  -32.354 0.0000000000
124915  -16.399  2.184  -33.492 0.0000000000
85922  -17.714  2.688  -35.126 0.0000000000
123168  -20.961  1.057  -36.600 0.0000000000
85215  -21.228  1.763  -36.173 0.0000000000
85203  -22.014  1.631  -35.902 0.0000000000
85932  -22.389  2.313  -35.539 0.0000000000
78295  -21.852  -6.067  -38.090 0.0000000000
79220  -22.201  -5.344  -37.723 0.0000000000
78296  -22.593  -6.165  -37.851 0.0000000000
78278  -23.344  -6.145  -37.377 0.0000000000
69875  -16.226  -16.022  -33.386 0.0000000000
70721  -17.134  -14.821  -34.158 0.0000000000
119925  -18.096  -14.922  -34.710 0.0000000000
131980  -16.998  -8.742  -34.387 0.0000000000
76514  -17.554  -9.005  -34.995 0.0000000000
75726  -18.000  -9.704  -35.446 0.0000000000
74917  -17.291  -10.832  -34.696 0.0000000000
74918  -17.850  -10.671  -35.377 0.0000000000
138493  -18.333  -10.889  -35.765 0.0000000000
74112  -18.545  -11.415  -35.862 0.0000000000
89031  -18.942  6.865  -31.723 0.0000000000
89830  -21.594  6.684  -33.763 0.0000000000
89041  -20.994  6.074  -34.219 0.0000000000
89049  -21.197  5.679  -34.503 0.0000000000
124480  -20.942  5.298  -34.787 0.0000000000
88238  -21.423  5.002  -34.998 0.0000000000
81919  -14.906  -2.010  -32.449 0.0000000000
81929  -16.269  -2.468  -33.994 0.0000000000
82831  -15.335  -1.405  -32.888 0.0000000000
83616  -15.676  -0.676  -33.296 0.0000000000
131811  -16.549  -0.200  -34.265 0.0000000000
84417  -17.551  0.843  -35.370 0.0000000000
84430  -18.177  0.189  -35.998 0.0000000000
84432  -19.488  0.703  -36.830 0.0000000000
83667  -19.097  -0.858  -36.826 0.0000000000
84442  -20.062  0.343  -37.090 0.0000000000
84419  -22.516  0.766  -35.871 0.0000000000
84420  -23.277  0.690  -35.436 0.0000000000
130031  -23.135  -0.008  -35.774 0.0000000000
83645  -23.692  -0.862  -35.686 0.0000000000
76559  -23.139  -8.470  -37.562 0.0000000000
69012  -18.242  -17.119  -33.502 0.0000000000
134349  -15.942  -4.605  -33.712 0.0000000000
81016  -16.542  -4.290  -34.293 0.0000000000
80140  -17.157  -4.754  -34.828 0.0000000000
130113  -17.023  -3.981  -34.711 0.0000000000
128443  -17.924  -4.077  -35.623 0.0000000000
81055  -18.408  -4.061  -36.122 0.0000000000
81062  -19.013  -3.995  -36.668 0.0000000000
81063  -19.675  -3.861  -37.316 0.0000000000
80159  -19.365  -4.754  -36.949 0.0000000000
129391  -20.412  -5.155  -37.652 0.0000000000
79218  -20.426  -5.858  -37.658 0.0000000000
78293  -19.482  -6.357  -36.815 0.0000000000
78294  -19.926  -6.435  -37.270 0.0000000000
79235  -21.121  -5.983  -38.023 0.0000000000
78310  -21.308  -6.604  -38.114 0.0000000000
76526  -18.578  -8.532  -35.936 0.0000000000
76538  -19.106  -8.567  -36.365 0.0000000000
76539  -19.554  -8.630  -36.753 0.0000000000
75740  -19.238  -9.341  -36.459 0.0000000000
76558  -21.401  -8.870  -38.045 0.0000000000
75760  -22.321  -8.668  -38.020 0.0000000000
140242  -22.693  -9.154  -37.663 0.0000000000
74951  -21.821  -10.823  -36.992 0.0000000000
90554  -23.390  8.296  -34.767 0.0000000000
133195  -16.751  3.540  -33.250 0.0000000000
86675  -17.126  3.687  -33.706 0.0000000000
86690  -18.659  3.973  -34.978 0.0000000000
87461  -19.951  4.175  -35.262 0.0000000000
87462  -20.448  4.266  -35.383 0.0000000000
84418  -18.252  1.196  -35.963 0.0000000000
85202  -18.825  2.008  -36.187 0.0000000000
85939  -20.112  2.803  -36.069 0.0000000000
85940  -20.443  2.611  -36.139 0.0000000000
86710  -20.397  3.206  -35.883 0.0000000000
87465  -22.650  4.805  -34.875 0.0000000000
129995  -23.235  5.069  -34.700 0.0000000000
81075  -20.518  -3.751  -37.636 0.0000000000
81077  -21.383  -3.814  -37.571 0.0000000000
81079  -22.774  -4.103  -36.877 0.0000000000
81065  -23.573  -3.816  -36.445 0.0000000000
73196  -16.695  -12.753  -33.764 0.0000000000
72384  -17.630  -12.981  -34.774 0.0000000000
72398  -18.088  -12.890  -35.230 0.0000000000
72399  -18.620  -12.891  -35.610 0.0000000000
69894  -18.748  -16.013  -34.124 0.0000000000
70723  -18.673  -15.281  -34.615 0.0000000000
71541  -19.356  -14.845  -34.830 0.0000000000
71555  -19.285  -14.147  -35.344 0.0000000000
141075  -19.787  -13.100  -36.053 0.0000000000
73229  -20.496  -13.023  -36.014 0.0000000000
77418  -20.224  -7.456  -37.511 0.0000000000
80148  -17.454  -4.069  -35.165 0.0000000000
81961  -17.731  -2.924  -35.528 0.0000000000
81969  -22.483  -2.401  -36.645 0.0000000000
82848  -16.585  -1.669  -34.336 0.0000000000
82870  -18.092  -1.626  -35.857 0.0000000000
82879  -19.539  -1.541  -37.187 0.0000000000
82882  -21.433  -1.451  -37.086 0.0000000000
83629  -16.833  -0.861  -34.586 0.0000000000
83644  -17.833  -0.788  -35.691 0.0000000000
83668  -19.810  -0.634  -37.253 0.0000000000
84363  -15.048  1.019  -32.043 0.0000000000
84416  -17.059  0.045  -34.799 0.0000000000
84433  -20.620  1.883  -36.365 0.0000000000
85155  -15.247  1.591  -32.093 0.0000000000
85180  -15.545  1.083  -32.748 0.0000000000
85195  -17.279  1.733  -34.905 0.0000000000
85223  -19.961  1.213  -36.846 0.0000000000
85929  -19.643  2.438  -36.235 0.0000000000
86702  -19.823  3.643  -35.527 0.0000000000
86711  -20.698  3.066  -35.953 0.0000000000
87448  -19.557  4.603  -34.883 0.0000000000
87463  -21.077  4.401  -35.380 0.0000000000
134681  -19.214  2.792  -35.934 0.0000000000
135788  -19.976  -7.009  -37.264 0.0000000000
137814  -19.501  -0.075  -36.971 0.0000000000
137873  -18.418  -2.733  -36.233 0.0000000000
141049  -21.239  -10.180  -37.497 0.0000000000
141721  -18.581  -6.398  -36.037 0.0000000000
