#!ascii label  , from subject sub-v1s13x0050008_ses-1 vox2ras=TkReg
941
72383  -17.143  -12.966  -34.233 0.5555555820
72384  -17.630  -12.981  -34.774 0.6666666865
74111  -18.080  -11.485  -35.489 0.7777777910
74112  -18.545  -11.415  -35.862 0.7777777910
74931  -18.408  -10.194  -35.802 0.8888888955
74964  -19.941  -10.050  -36.923 0.8888888955
129692  -16.303  -14.031  -33.411 0.5555555820
73196  -16.695  -12.753  -33.764 0.5555555820
74096  -17.119  -11.636  -34.394 0.6666666865
74097  -17.589  -11.531  -35.014 0.8888888955
74128  -18.939  -11.326  -36.213 0.8888888955
74949  -19.129  -10.085  -36.389 0.8888888955
75756  -19.719  -9.330  -36.840 1.0000000000
75757  -20.303  -9.481  -37.296 0.8888888955
76557  -20.611  -8.209  -37.811 1.0000000000
74906  -16.729  -10.924  -34.030 0.7777777910
75713  -17.017  -9.483  -34.386 1.0000000000
131980  -16.998  -8.742  -34.387 1.0000000000
76525  -18.133  -8.947  -35.552 1.0000000000
131002  -18.903  -7.942  -36.209 1.0000000000
132046  -17.911  -8.103  -35.405 1.0000000000
130991  -19.368  -7.825  -36.605 1.0000000000
124640  -18.463  -7.626  -35.833 1.0000000000
77403  -18.883  -7.149  -36.210 1.0000000000
137812  -19.737  -7.394  -36.993 1.0000000000
77430  -20.999  -7.328  -38.100 1.0000000000
77404  -19.390  -7.024  -36.628 1.0000000000
141632  -19.700  -6.886  -36.952 1.0000000000
78310  -21.308  -6.604  -38.114 1.0000000000
79218  -20.426  -5.858  -37.658 1.0000000000
79219  -21.587  -5.484  -37.936 0.7777777910
77380  -16.830  -7.394  -34.339 0.8888888955
76513  -17.234  -8.104  -34.720 1.0000000000
77392  -18.322  -6.802  -35.737 1.0000000000
77381  -17.443  -7.298  -34.977 1.0000000000
78276  -18.153  -6.003  -35.677 1.0000000000
79204  -19.134  -5.613  -36.613 1.0000000000
79217  -19.769  -5.560  -37.242 1.0000000000
129391  -20.412  -5.155  -37.652 1.0000000000
80180  -21.018  -5.278  -37.927 1.0000000000
80170  -21.547  -4.804  -37.730 0.8888888955
81076  -20.863  -4.525  -37.764 1.0000000000
80171  -22.106  -4.425  -37.396 0.7777777910
81079  -22.774  -4.103  -36.877 0.7777777910
79168  -16.273  -6.006  -34.008 0.5555555820
81016  -16.542  -4.290  -34.293 0.7777777910
80119  -16.461  -5.105  -34.203 0.8888888955
79194  -18.065  -5.324  -35.672 1.0000000000
79203  -18.538  -5.631  -36.097 1.0000000000
80149  -17.740  -4.743  -35.426 0.8888888955
80150  -18.231  -4.783  -35.867 1.0000000000
80158  -18.744  -4.825  -36.368 1.0000000000
81063  -19.675  -3.861  -37.316 1.0000000000
81075  -20.518  -3.751  -37.636 0.8888888955
121166  -20.092  -2.976  -37.549 1.0000000000
126381  -21.545  -2.907  -37.334 0.8888888955
130083  -22.096  -2.868  -36.931 0.7777777910
132116  -23.655  -3.124  -36.199 0.6666666865
81970  -23.284  -2.514  -36.244 0.6666666865
80102  -14.934  -3.613  -32.810 0.4444444478
134349  -15.942  -4.605  -33.712 0.7777777910
81005  -15.155  -3.004  -32.923 0.6666666865
81040  -17.212  -3.414  -34.923 0.7777777910
81053  -17.633  -3.466  -35.388 0.8888888955
81062  -19.013  -3.995  -36.668 1.0000000000
81054  -18.090  -3.311  -35.865 1.0000000000
81074  -19.352  -3.126  -37.028 1.0000000000
81979  -20.421  -2.079  -37.539 0.8888888955
81980  -21.162  -2.138  -37.432 0.7777777910
81981  -21.784  -2.234  -37.027 0.7777777910
131976  -24.247  -2.566  -35.788 0.5555555820
126910  -22.889  -1.934  -36.340 0.7777777910
82874  -23.619  -1.799  -35.950 0.6666666865
81919  -14.906  -2.010  -32.449 0.6666666865
81929  -16.269  -2.468  -33.994 0.7777777910
81928  -15.542  -2.292  -33.258 0.7777777910
81948  -17.017  -2.565  -34.712 0.8888888955
81967  -18.058  -2.514  -35.824 0.8888888955
130883  -17.564  -2.266  -35.359 1.0000000000
81968  -18.493  -2.066  -36.297 1.0000000000
82878  -18.927  -1.650  -36.722 1.0000000000
81978  -19.721  -2.293  -37.348 0.8888888955
82881  -20.789  -1.339  -37.365 0.8888888955
83671  -21.748  -0.750  -36.732 0.8888888955
82872  -22.213  -1.582  -36.654 0.7777777910
83669  -20.427  -0.532  -37.244 0.8888888955
83670  -21.056  -0.601  -37.083 0.7777777910
82873  -22.953  -1.294  -36.176 0.7777777910
83645  -23.692  -0.862  -35.686 0.6666666865
82820  -14.562  -1.403  -31.927 0.6666666865
81911  -14.542  -1.845  -31.965 0.5555555820
82831  -15.335  -1.405  -32.888 0.7777777910
82832  -15.928  -1.561  -33.657 0.8888888955
82863  -17.178  -1.633  -34.917 0.8888888955
83643  -17.324  -0.823  -35.152 1.0000000000
132797  -17.579  -1.454  -35.405 1.0000000000
83667  -19.097  -0.858  -36.826 1.0000000000
82880  -20.166  -1.296  -37.442 0.8888888955
83657  -21.371  0.154  -36.726 0.7777777910
84419  -22.516  0.766  -35.871 0.7777777910
130031  -23.135  -0.008  -35.774 0.6666666865
126101  -24.049  0.084  -35.194 0.5555555820
83646  -24.512  -0.746  -35.221 0.5555555820
82821  -14.852  -1.231  -32.279 0.7777777910
83588  -14.625  -0.695  -31.894 0.6666666865
83616  -15.676  -0.676  -33.296 0.8888888955
129231  -17.545  -0.121  -35.427 1.0000000000
84432  -19.488  0.703  -36.830 0.8888888955
84442  -20.062  0.343  -37.090 0.8888888955
84443  -20.377  1.169  -36.774 0.8888888955
84444  -20.686  0.282  -36.958 0.8888888955
84434  -21.694  0.904  -36.312 0.7777777910
85204  -22.840  1.457  -35.453 0.7777777910
85942  -21.591  2.462  -35.862 0.7777777910
84408  -24.811  0.652  -34.596 0.5555555820
85196  -23.192  2.112  -35.035 0.6666666865
84341  -12.450  0.682  -28.870 0.4444444478
84353  -13.507  0.364  -30.337 0.5555555820
84392  -15.486  0.247  -32.881 0.7777777910
131811  -16.549  -0.200  -34.265 1.0000000000
84393  -16.077  0.044  -33.699 0.8888888955
84417  -17.551  0.843  -35.370 1.0000000000
84431  -18.828  0.985  -36.486 0.8888888955
85213  -19.507  1.598  -36.579 0.8888888955
85214  -20.113  2.002  -36.458 0.8888888955
85215  -21.228  1.763  -36.173 0.8888888955
85932  -22.389  2.313  -35.539 0.6666666865
125578  -23.926  2.032  -34.630 0.5555555820
85895  -15.911  2.349  -32.686 0.6666666865
85163  -15.392  1.549  -32.354 0.6666666865
124915  -16.399  2.184  -33.492 0.7777777910
85201  -17.986  1.886  -35.568 0.8888888955
85922  -17.714  2.688  -35.126 0.7777777910
85928  -18.522  2.760  -35.666 0.7777777910
85202  -18.825  2.008  -36.187 0.8888888955
85930  -19.747  3.092  -35.841 0.7777777910
86710  -20.397  3.206  -35.883 0.7777777910
85940  -20.443  2.611  -36.139 0.7777777910
85941  -20.900  2.522  -36.058 0.6666666865
86704  -20.773  3.694  -35.712 0.6666666865
86705  -21.532  3.886  -35.542 0.6666666865
125998  -22.089  3.228  -35.559 0.6666666865
85933  -22.788  2.834  -35.202 0.5555555820
87465  -22.650  4.805  -34.875 0.6666666865
86706  -22.334  4.088  -35.203 0.5555555820
137691  -23.576  3.661  -34.721 0.5555555820
85923  -23.558  2.852  -34.722 0.4444444478
87451  -23.188  4.357  -34.830 0.5555555820
86664  -16.793  4.109  -31.966 0.3333333433
86663  -16.279  2.901  -32.750 0.3333333433
86674  -16.516  3.009  -33.218 0.5555555820
85908  -16.922  3.023  -33.824 0.6666666865
86675  -17.126  3.687  -33.706 0.5555555820
86700  -18.290  3.376  -35.261 0.7777777910
86691  -19.410  4.063  -35.110 0.6666666865
86701  -19.143  3.448  -35.515 0.6666666865
86703  -20.265  3.718  -35.612 0.6666666865
87462  -20.448  4.266  -35.383 0.6666666865
88238  -21.423  5.002  -34.998 0.6666666865
87464  -21.864  4.587  -35.158 0.6666666865
129995  -23.235  5.069  -34.700 0.5555555820
88240  -23.647  5.718  -34.520 0.5555555820
88253  -23.045  5.386  -34.608 0.6666666865
126439  -17.386  4.191  -33.661 0.4444444478
88223  -18.088  4.773  -33.960 0.5555555820
87430  -17.789  4.367  -34.102 0.5555555820
87446  -18.328  4.361  -34.534 0.6666666865
87447  -18.998  4.502  -34.686 0.6666666865
87461  -19.951  4.175  -35.262 0.6666666865
87450  -20.659  4.833  -35.116 0.6666666865
89066  -23.366  6.077  -34.361 0.6666666865
138268  -23.834  6.500  -34.454 0.5555555820
88220  -17.795  5.567  -32.197 0.4444444478
88224  -19.203  5.241  -34.275 0.6666666865
88235  -19.197  4.911  -34.544 0.6666666865
88236  -19.648  5.079  -34.662 0.6666666865
87449  -20.060  4.727  -35.058 0.6666666865
89065  -22.790  5.961  -34.309 0.6666666865
138493  -18.333  -10.889  -35.765 0.8888888955
74917  -17.291  -10.832  -34.696 1.0000000000
75726  -18.000  -9.704  -35.446 1.0000000000
134552  -18.863  -9.132  -36.179 1.0000000000
76556  -20.050  -8.756  -37.237 1.0000000000
130012  -19.964  -1.778  -37.476 0.8888888955
82808  -14.405  -1.144  -31.664 0.5555555820
132653  -13.453  1.019  -30.027 0.5555555820
83601  -15.134  -0.621  -32.534 0.7777777910
123168  -20.961  1.057  -36.600 0.8888888955
85130  -13.018  1.253  -28.498 0.2222222239
87431  -18.613  4.852  -34.273 0.6666666865
81004  -14.756  -2.679  -32.426 0.4444444478
82807  -13.521  -1.868  -30.512 0.4444444478
89051  -24.150  6.326  -34.444 0.5555555820
88241  -24.363  5.553  -34.340 0.5555555820
120697  -17.279  4.455  -31.611 0.2222222239
87425  -17.335  4.797  -32.210 0.3333333433
127748  -24.104  7.022  -34.556 0.5555555820
70721  -17.134  -14.821  -34.158 0.5555555820
121703  -17.697  -14.453  -34.593 0.5555555820
72398  -18.088  -12.890  -35.230 0.5555555820
72399  -18.620  -12.891  -35.610 0.5555555820
74130  -20.167  -11.637  -36.715 0.7777777910
74141  -20.391  -10.779  -36.980 0.8888888955
70703  -16.507  -15.171  -33.675 0.5555555820
73245  -18.816  -12.025  -35.945 0.6666666865
74965  -20.666  -10.141  -37.315 0.7777777910
75758  -21.150  -9.665  -37.730 0.7777777910
76558  -21.401  -8.870  -38.045 0.8888888955
128870  -16.053  -14.255  -33.205 0.4444444478
140203  -16.506  -12.377  -33.510 0.5555555820
76568  -21.680  -8.004  -38.194 1.0000000000
74894  -15.786  -10.638  -32.368 0.2222222239
124641  -16.605  -9.954  -33.921 0.6666666865
140336  -22.064  -6.997  -38.191 0.8888888955
78296  -22.593  -6.165  -37.851 0.6666666865
80172  -22.823  -4.915  -37.244 0.7777777910
75701  -16.547  -9.006  -33.858 0.5555555820
80160  -23.529  -4.626  -36.741 0.6666666865
77369  -16.141  -7.472  -33.475 0.4444444478
81065  -23.573  -3.816  -36.445 0.5555555820
119404  -15.039  -5.142  -33.175 0.2222222239
81962  -25.013  -2.287  -35.317 0.5555555820
138116  -14.000  -3.750  -31.505 0.4444444478
83647  -25.153  -1.071  -34.940 0.5555555820
81880  -13.676  -2.312  -29.815 0.3333333433
83630  -24.975  -0.280  -34.747 0.5555555820
83578  -12.783  -0.350  -29.810 0.4444444478
84409  -25.774  0.186  -34.310 0.4444444478
85104  -13.196  0.917  -27.670 0.3333333433
123184  -24.674  1.601  -34.450 0.5555555820
127328  -25.106  2.955  -34.006 0.4444444478
86651  -16.518  3.561  -31.310 0.3333333433
85885  -15.877  2.530  -32.399 0.3333333433
123824  -24.081  4.157  -34.545 0.4444444478
88242  -25.207  5.404  -33.930 0.4444444478
89042  -25.334  6.805  -33.804 0.2222222239
88221  -18.770  5.198  -34.066 0.6666666865
88225  -19.841  5.558  -34.278 0.6666666865
88237  -20.232  5.199  -34.787 0.6666666865
89049  -21.197  5.679  -34.503 0.6666666865
89839  -22.665  6.355  -34.153 0.6666666865
89852  -23.518  6.904  -34.289 0.6666666865
89067  -24.006  7.033  -34.517 0.6666666865
89052  -24.539  6.907  -34.258 0.3333333433
89039  -19.389  5.574  -33.981 0.5555555820
72372  -16.721  -13.552  -33.787 0.5555555820
71538  -17.286  -13.836  -34.335 0.5555555820
131160  -17.883  -13.624  -34.861 0.6666666865
73209  -17.412  -12.282  -34.646 0.6666666865
73227  -17.861  -12.227  -35.153 0.7777777910
73228  -18.338  -12.149  -35.548 0.7777777910
75739  -18.819  -9.805  -36.164 1.0000000000
75727  -18.497  -9.393  -35.862 1.0000000000
74932  -18.773  -10.644  -36.153 0.8888888955
74950  -19.459  -9.894  -36.609 0.8888888955
74129  -19.451  -10.767  -36.571 0.8888888955
71526  -16.683  -14.346  -33.783 0.5555555820
71525  -16.125  -14.673  -33.354 0.4444444478
72371  -16.350  -13.388  -33.412 0.5555555820
140469  -17.009  -12.319  -34.160 0.6666666865
74087  -16.712  -11.909  -33.844 0.5555555820
74918  -17.850  -10.671  -35.377 0.8888888955
75740  -19.238  -9.341  -36.459 1.0000000000
76539  -19.554  -8.630  -36.753 1.0000000000
124688  -20.623  -8.997  -37.701 1.0000000000
74077  -16.555  -11.417  -33.634 0.5555555820
132049  -17.454  -9.988  -34.915 1.0000000000
138858  -17.004  -10.232  -34.371 1.0000000000
76514  -17.554  -9.005  -34.995 1.0000000000
76526  -18.578  -8.532  -35.936 1.0000000000
76538  -19.106  -8.567  -36.365 1.0000000000
130987  -19.865  -8.041  -37.163 1.0000000000
77391  -17.980  -7.244  -35.460 1.0000000000
132242  -20.511  -6.684  -37.736 1.0000000000
78293  -19.482  -6.357  -36.815 1.0000000000
78277  -18.995  -6.384  -36.400 1.0000000000
78294  -19.926  -6.435  -37.270 1.0000000000
79235  -21.121  -5.983  -38.023 1.0000000000
78295  -21.852  -6.067  -38.090 0.8888888955
79220  -22.201  -5.344  -37.723 0.7777777910
78258  -16.962  -6.595  -34.532 1.0000000000
78243  -16.443  -6.832  -34.014 0.5555555820
76504  -16.648  -8.148  -34.090 0.6666666865
77370  -16.347  -7.459  -33.760 0.5555555820
78259  -17.646  -6.433  -35.239 1.0000000000
79193  -17.631  -5.482  -35.291 1.0000000000
80159  -19.365  -4.754  -36.949 1.0000000000
80169  -20.055  -4.594  -37.513 1.0000000000
81077  -21.383  -3.814  -37.571 0.8888888955
81078  -22.083  -3.557  -37.116 0.7777777910
79149  -15.578  -5.686  -33.446 0.5555555820
78242  -16.076  -6.714  -33.603 0.5555555820
139612  -15.876  -5.295  -33.664 0.6666666865
141311  -16.071  -3.913  -33.831 0.6666666865
120567  -16.583  -3.413  -34.318 0.8888888955
80140  -17.157  -4.754  -34.828 0.8888888955
130113  -17.023  -3.981  -34.711 0.8888888955
79183  -17.040  -5.712  -34.687 0.8888888955
128443  -17.924  -4.077  -35.623 0.8888888955
81055  -18.408  -4.061  -36.122 1.0000000000
121297  -20.901  -2.903  -37.624 0.8888888955
81064  -22.816  -3.207  -36.612 0.7777777910
81066  -24.311  -3.515  -35.927 0.5555555820
81015  -15.376  -4.002  -33.286 0.5555555820
80094  -14.062  -4.460  -31.402 0.3333333433
80103  -14.975  -4.504  -33.039 0.3333333433
80118  -15.292  -4.948  -33.304 0.6666666865
124379  -15.829  -3.200  -33.598 0.7777777910
81960  -17.429  -2.946  -35.197 0.8888888955
126858  -18.666  -3.283  -36.438 1.0000000000
81977  -19.001  -2.387  -36.758 1.0000000000
83658  -22.402  -0.872  -36.414 0.7777777910
82864  -24.531  -1.584  -35.436 0.5555555820
82871  -18.578  -1.400  -36.426 1.0000000000
84435  -22.249  -0.059  -36.316 0.7777777910
83659  -22.902  -0.626  -36.076 0.7777777910
81910  -13.757  -2.562  -30.699 0.4444444478
83617  -16.253  -0.820  -34.007 0.8888888955
83656  -18.417  -0.749  -36.283 1.0000000000
134480  -18.892  0.039  -36.654 0.8888888955
84420  -23.277  0.690  -35.436 0.6666666865
83579  -14.448  -0.579  -31.609 0.5555555820
132658  -14.953  -0.027  -32.234 0.6666666865
84430  -18.177  0.189  -35.998 1.0000000000
85203  -22.014  1.631  -35.902 0.8888888955
85197  -23.810  1.212  -34.916 0.6666666865
84377  -14.727  0.108  -31.883 0.5555555820
84406  -16.560  0.576  -34.185 1.0000000000
85181  -16.043  1.071  -33.455 0.7777777910
84378  -15.145  0.694  -32.280 0.7777777910
84418  -18.252  1.196  -35.963 0.8888888955
84407  -17.030  0.941  -34.670 0.7777777910
85925  -25.352  2.110  -34.123 0.5555555820
85884  -15.520  2.088  -32.258 0.5555555820
85155  -15.247  1.591  -32.093 0.5555555820
85164  -15.804  1.692  -32.924 0.6666666865
85154  -14.288  1.182  -30.779 0.7777777910
85921  -17.084  2.467  -34.334 0.7777777910
85194  -16.707  1.502  -34.175 0.7777777910
85939  -20.112  2.803  -36.069 0.7777777910
86709  -20.113  3.301  -35.792 0.6666666865
85931  -21.218  3.176  -35.842 0.6666666865
86692  -22.880  3.539  -35.064 0.5555555820
86693  -24.284  3.319  -34.397 0.4444444478
87452  -23.840  4.951  -34.619 0.5555555820
133195  -16.751  3.540  -33.250 0.5555555820
85909  -17.647  3.591  -34.549 0.6666666865
86690  -18.659  3.973  -34.978 0.7777777910
88239  -22.409  5.296  -34.666 0.6666666865
124480  -20.942  5.298  -34.787 0.6666666865
89050  -21.867  5.595  -34.517 0.6666666865
82796  -13.046  -1.587  -30.004 0.4444444478
85131  -13.864  1.924  -29.038 0.3333333433
80996  -13.944  -3.777  -30.948 0.4444444478
81896  -13.494  -2.297  -30.182 0.4444444478
131712  -25.674  6.102  -33.714 0.3333333433
89840  -24.268  7.480  -34.559 0.3333333433
74131  -21.246  -11.433  -36.817 0.6666666865
70702  -15.987  -15.306  -33.266 0.5555555820
71511  -15.761  -15.044  -32.947 0.3333333433
79221  -22.891  -5.576  -37.512 0.6666666865
79139  -14.658  -6.318  -31.762 0.1111111119
142635  -14.256  -5.160  -31.566 0.1111111119
80963  -13.831  -2.898  -30.218 0.4444444478
124686  -13.130  -1.553  -29.697 0.3333333433
118573  -12.635  -0.972  -29.568 0.3333333433
85874  -15.523  2.724  -30.491 0.3333333433
89854  -24.085  7.730  -34.736 0.4444444478
70725  -20.247  -14.968  -34.372 0.4444444478
71527  -21.718  -14.888  -33.597 0.2222222239
70722  -17.558  -15.301  -34.346 0.4444444478
69893  -18.046  -15.726  -34.377 0.4444444478
71539  -18.226  -14.128  -34.943 0.4444444478
71540  -18.689  -14.535  -35.006 0.4444444478
71556  -19.892  -14.389  -35.026 0.4444444478
71557  -20.644  -14.181  -34.842 0.4444444478
72385  -21.521  -13.882  -34.584 0.2222222239
72400  -19.228  -13.399  -35.741 0.4444444478
72401  -20.034  -13.737  -35.599 0.4444444478
73210  -22.597  -13.016  -34.751 0.1111111119
72387  -23.243  -13.291  -34.252 0.1111111119
73229  -20.496  -13.023  -36.014 0.4444444478
73230  -21.407  -12.775  -35.734 0.3333333433
141075  -19.787  -13.100  -36.053 0.4444444478
73249  -21.797  -12.061  -36.129 0.3333333433
73211  -23.124  -12.551  -34.806 0.2222222239
73248  -20.861  -12.301  -36.410 0.4444444478
72410  -19.261  -12.626  -36.036 0.5555555820
73247  -19.969  -12.479  -36.383 0.4444444478
126163  -22.881  -11.436  -35.750 0.2222222239
74113  -23.492  -11.378  -35.356 0.1111111119
74933  -24.574  -10.024  -35.406 0.1111111119
74132  -22.304  -11.308  -36.389 0.3333333433
74952  -22.504  -10.494  -36.860 0.3333333433
74967  -21.844  -10.206  -37.483 0.4444444478
75741  -22.612  -9.790  -37.366 0.5555555820
140242  -22.693  -9.154  -37.663 0.6666666865
76540  -23.751  -8.628  -36.838 0.4444444478
75760  -22.321  -8.668  -38.020 0.6666666865
77406  -24.913  -7.439  -36.364 0.3333333433
76569  -22.664  -7.833  -38.041 0.6666666865
77421  -23.694  -7.376  -37.339 0.5555555820
78279  -23.869  -6.770  -37.157 0.5555555820
78280  -24.578  -6.712  -36.592 0.5555555820
77405  -24.254  -7.403  -36.899 0.4444444478
126382  -24.056  -6.017  -36.798 0.3333333433
77419  -23.108  -6.999  -37.706 0.5555555820
79195  -24.812  -4.967  -35.811 0.4444444478
80161  -24.252  -4.356  -36.198 0.5555555820
79206  -24.197  -5.194  -36.490 0.4444444478
89048  -20.541  5.592  -34.497 0.5555555820
89838  -21.818  6.106  -34.186 0.5555555820
134901  -23.706  7.850  -34.624 0.5555555820
70724  -19.449  -15.521  -34.270 0.4444444478
71542  -21.201  -14.613  -34.151 0.2222222239
124129  -22.338  -12.484  -35.354 0.2222222239
74953  -23.193  -9.957  -36.654 0.4444444478
74954  -23.832  -10.019  -35.934 0.3333333433
76559  -23.139  -8.470  -37.562 0.6666666865
80151  -24.959  -4.112  -35.606 0.4444444478
89830  -21.594  6.684  -33.763 0.5555555820
89829  -20.719  6.549  -33.635 0.5555555820
71553  -18.286  -13.447  -35.208 0.4444444478
128571  -24.252  -8.817  -36.289 0.2222222239
69012  -18.242  -17.119  -33.502 0.4444444478
69878  -19.559  -16.174  -33.670 0.4444444478
70706  -21.000  -15.419  -33.579 0.2222222239
70707  -21.882  -15.409  -33.085 0.2222222239
70708  -22.727  -15.402  -32.791 0.1111111119
70704  -16.948  -15.715  -33.945 0.4444444478
69877  -18.092  -16.491  -33.923 0.4444444478
71543  -22.021  -14.279  -33.943 0.1111111119
71528  -22.509  -14.771  -33.352 0.1111111119
72374  -24.200  -13.299  -33.850 0.1111111119
74098  -23.697  -12.010  -34.888 0.1111111119
134126  -24.859  -11.521  -34.530 0.1111111119
74919  -24.890  -10.735  -34.841 0.1111111119
76527  -24.927  -8.725  -35.859 0.2222222239
78267  -25.287  -6.781  -35.996 0.1111111119
76542  -25.107  -8.033  -36.055 0.2222222239
79207  -24.880  -5.885  -36.136 0.2222222239
139540  -25.352  -5.443  -35.552 0.2222222239
81056  -25.143  -3.148  -35.365 0.4444444478
81949  -25.710  -2.419  -34.808 0.3333333433
82849  -25.265  -1.755  -35.017 0.4444444478
82850  -25.881  -1.413  -34.554 0.3333333433
85873  -14.766  2.057  -30.669 0.4444444478
85198  -25.584  1.217  -34.218 0.4444444478
86694  -24.930  3.848  -34.096 0.3333333433
89853  -24.089  7.811  -34.760 0.5555555820
89036  -20.015  6.297  -33.512 0.5555555820
89831  -22.466  6.911  -33.933 0.5555555820
90544  -22.797  7.906  -34.190 0.5555555820
90554  -23.390  8.296  -34.767 0.5555555820
89826  -20.385  7.180  -32.764 0.5555555820
119925  -18.096  -14.922  -34.710 0.4444444478
73246  -19.370  -11.812  -36.356 0.5555555820
74966  -21.215  -10.618  -37.232 0.6666666865
75759  -22.057  -9.450  -37.844 0.6666666865
78278  -23.344  -6.145  -37.377 0.5555555820
79205  -23.480  -5.400  -37.055 0.5555555820
87453  -24.667  4.733  -34.214 0.3333333433
71541  -19.356  -14.845  -34.830 0.4444444478
70705  -20.135  -15.654  -33.791 0.4444444478
69876  -17.461  -16.153  -34.015 0.4444444478
69894  -18.748  -16.013  -34.124 0.4444444478
70723  -18.673  -15.281  -34.615 0.4444444478
71554  -18.684  -13.761  -35.355 0.4444444478
71555  -19.285  -14.147  -35.344 0.4444444478
72402  -21.006  -13.489  -35.330 0.4444444478
72403  -21.875  -13.192  -34.999 0.4444444478
72386  -22.360  -13.607  -34.379 0.1111111119
136717  -23.875  -12.645  -34.412 0.1111111119
120143  -23.587  -13.838  -33.686 0.1111111119
73231  -22.465  -11.841  -35.771 0.3333333433
134296  -23.001  -11.944  -35.306 0.2222222239
74133  -23.172  -10.759  -36.036 0.2222222239
125599  -24.011  -10.713  -35.372 0.1111111119
74951  -21.821  -10.823  -36.992 0.3333333433
75742  -23.168  -9.207  -37.082 0.4444444478
76541  -24.469  -8.140  -36.536 0.3333333433
75743  -23.753  -9.322  -36.427 0.4444444478
77393  -25.473  -7.553  -35.769 0.1111111119
77420  -23.312  -7.737  -37.612 0.5555555820
89041  -20.994  6.074  -34.219 0.5555555820
89040  -20.356  5.976  -34.090 0.5555555820
129046  -23.113  7.383  -34.168 0.5555555820
74099  -24.221  -11.411  -34.900 0.1111111119
89827  -21.244  7.311  -33.127 0.5555555820
75728  -24.376  -9.372  -35.868 0.2222222239
120162  -18.873  -16.709  -33.575 0.4444444478
69879  -20.426  -16.244  -33.193 0.4444444478
69880  -21.306  -16.062  -32.850 0.2222222239
69010  -16.836  -16.565  -33.637 0.4444444478
72373  -22.849  -14.029  -33.795 0.1111111119
63706  -19.396  -23.405  -30.306 0.1111111119
66487  -16.410  -20.746  -31.968 0.3333333433
64570  -18.637  -22.137  -30.919 0.2222222239
64554  -19.432  -22.524  -30.580 0.2222222239
64555  -20.182  -22.213  -30.511 0.1111111119
68171  -15.046  -18.898  -32.369 0.3333333433
66508  -15.297  -20.035  -32.280 0.3333333433
65514  -15.440  -20.638  -32.124 0.3333333433
66511  -17.950  -20.171  -31.849 0.3333333433
134802  -18.818  -21.375  -31.174 0.2222222239
139914  -19.079  -20.383  -31.515 0.2222222239
65484  -19.549  -21.647  -30.845 0.2222222239
65485  -20.447  -21.497  -30.638 0.1111111119
118482  -19.290  -20.867  -31.241 0.2222222239
68972  -14.885  -17.521  -32.041 0.2222222239
68989  -15.275  -18.089  -32.470 0.2222222239
67347  -15.530  -19.445  -32.426 0.3333333433
66509  -15.988  -20.041  -32.352 0.3333333433
66510  -17.066  -19.982  -32.161 0.3333333433
66490  -19.692  -20.172  -31.455 0.1111111119
122145  -15.511  -17.282  -32.574 0.2222222239
133893  -16.210  -16.954  -33.132 0.3333333433
120149  -16.179  -17.852  -32.917 0.3333333433
68990  -16.753  -17.275  -33.302 0.3333333433
119889  -17.090  -17.841  -33.114 0.3333333433
68173  -16.727  -18.565  -32.754 0.3333333433
67350  -18.242  -19.038  -32.314 0.3333333433
68174  -17.647  -18.444  -32.742 0.3333333433
67351  -19.152  -18.896  -32.116 0.3333333433
68176  -19.620  -18.055  -32.426 0.3333333433
68157  -20.015  -18.786  -31.856 0.3333333433
67330  -20.315  -19.494  -31.476 0.1111111119
70680  -15.273  -16.055  -31.997 0.2222222239
133820  -15.601  -16.461  -32.628 0.2222222239
69011  -17.458  -17.040  -33.563 0.3333333433
68992  -18.951  -17.465  -33.021 0.3333333433
68177  -20.555  -18.076  -31.999 0.1111111119
70687  -15.676  -15.712  -32.752 0.3333333433
142378  -19.660  -17.438  -32.764 0.3333333433
69013  -19.736  -16.884  -33.083 0.3333333433
139566  -20.336  -16.800  -32.851 0.3333333433
81041  -25.845  -3.248  -34.820 0.2222222239
80141  -25.671  -3.950  -35.043 0.2222222239
83631  -25.618  -0.640  -34.557 0.2222222239
66488  -17.478  -20.777  -31.699 0.3333333433
65500  -18.029  -21.487  -31.360 0.3333333433
65501  -20.055  -20.888  -31.004 0.1111111119
68172  -15.816  -18.692  -32.605 0.3333333433
67349  -17.335  -19.166  -32.438 0.3333333433
67328  -18.774  -19.796  -31.812 0.3333333433
67329  -19.601  -19.429  -31.740 0.3333333433
69875  -16.226  -16.022  -33.386 0.3333333433
68993  -20.291  -17.351  -32.565 0.3333333433
63705  -18.427  -23.508  -30.367 0.1111111119
65497  -14.814  -21.299  -31.828 0.3333333433
65498  -15.709  -21.452  -31.900 0.3333333433
65499  -16.903  -21.661  -31.526 0.3333333433
64569  -17.724  -22.179  -31.138 0.3333333433
63707  -20.340  -23.515  -30.169 0.1111111119
122907  -20.805  -22.751  -30.266 0.1111111119
67346  -14.923  -19.654  -32.198 0.3333333433
124605  -20.846  -22.009  -30.423 0.1111111119
68971  -14.719  -18.336  -32.020 0.2222222239
66473  -20.764  -20.853  -30.717 0.1111111119
117653  -14.819  -17.041  -31.458 0.2222222239
68158  -20.837  -18.798  -31.516 0.1111111119
69842  -15.101  -16.745  -32.020 0.2222222239
69860  -20.863  -16.753  -32.645 0.1111111119
71501  -15.408  -15.586  -32.157 0.1111111119
85184  -26.521  0.923  -33.852 0.2222222239
84398  -26.531  0.049  -33.946 0.2222222239
72358  -15.727  -13.428  -32.231 0.2222222239
130885  -16.405  -9.589  -33.622 0.5555555820
64553  -18.784  -22.870  -30.561 0.1111111119
68156  -14.711  -19.150  -31.898 0.2222222239
66489  -18.503  -20.693  -31.519 0.3333333433
142363  -17.886  -19.634  -32.124 0.3333333433
67348  -16.404  -19.319  -32.495 0.3333333433
66491  -20.570  -20.216  -31.081 0.1111111119
68175  -18.595  -18.272  -32.620 0.3333333433
68991  -17.971  -17.744  -33.174 0.3333333433
62880  -18.898  -24.304  -30.032 0.1111111119
64552  -18.010  -22.820  -30.745 0.2222222239
64568  -15.981  -22.289  -31.610 0.3333333433
63721  -16.953  -22.729  -31.057 0.3333333433
67327  -14.662  -19.986  -31.701 0.2222222239
129558  -26.328  -3.774  -34.536 0.1111111119
81043  -27.003  -3.547  -33.929 0.1111111119
81042  -26.393  -2.960  -34.413 0.1111111119
81935  -27.190  -1.954  -33.586 0.1111111119
83632  -26.243  -0.602  -34.224 0.1111111119
82840  -27.719  -1.361  -33.068 0.1111111119
82838  -26.639  -1.291  -34.006 0.1111111119
82839  -27.163  -1.145  -33.537 0.1111111119
85910  -25.925  2.643  -33.797 0.2222222239
83623  -26.866  -0.548  -33.749 0.1111111119
86676  -25.777  3.487  -33.721 0.1111111119
87432  -25.685  4.519  -33.753 0.1111111119
86677  -26.438  3.115  -33.531 0.1111111119
87434  -27.354  4.796  -33.253 0.1111111119
89031  -18.942  6.865  -31.723 0.4444444478
89043  -26.132  6.723  -33.538 0.1111111119
90556  -24.046  8.425  -35.139 0.3333333433
90545  -24.430  8.235  -34.632 0.2222222239
90546  -25.270  8.391  -33.989 0.1111111119
89832  -25.807  7.315  -33.613 0.1111111119
90542  -26.861  8.164  -33.695 0.1111111119
142106  -22.046  7.670  -33.463 0.4444444478
139996  -21.500  7.919  -32.933 0.4444444478
91289  -22.283  8.655  -33.839 0.4444444478
91291  -22.846  8.796  -34.797 0.4444444478
91298  -23.350  9.100  -35.461 0.4444444478
91299  -23.639  9.398  -35.856 0.4444444478
127005  -23.901  9.033  -35.593 0.2222222239
91300  -23.914  9.621  -36.085 0.2222222239
91292  -24.281  9.086  -35.278 0.2222222239
137259  -24.957  9.691  -34.754 0.2222222239
91293  -25.747  9.725  -34.372 0.2222222239
121547  -22.886  13.491  -38.168 0.1111111119
93370  -24.315  12.775  -37.217 0.1111111119
92016  -26.649  10.950  -35.206 0.1111111119
89823  -19.949  8.004  -31.845 0.4444444478
90539  -20.932  8.083  -32.316 0.3333333433
91288  -21.596  8.669  -32.866 0.4444444478
92004  -22.314  9.521  -34.406 0.4444444478
134689  -22.772  9.567  -35.494 0.4444444478
91308  -23.185  9.729  -36.197 0.4444444478
92644  -21.974  11.003  -35.626 0.3333333433
92021  -23.058  10.199  -36.806 0.3333333433
92653  -23.104  10.847  -37.088 0.1111111119
91310  -23.515  10.246  -36.629 0.1111111119
92645  -23.902  11.183  -36.563 0.1111111119
118925  -24.582  10.009  -35.371 0.2222222239
92646  -24.917  11.503  -35.747 0.1111111119
93352  -24.512  12.145  -36.486 0.1111111119
89822  -19.601  8.093  -31.333 0.2222222239
119306  -21.808  9.569  -33.365 0.3333333433
92008  -22.227  10.302  -35.018 0.3333333433
92013  -22.579  10.311  -36.302 0.4444444478
140667  -22.119  11.019  -36.584 0.2222222239
92652  -22.559  10.826  -37.029 0.2222222239
92643  -21.741  11.724  -36.122 0.1111111119
92651  -22.067  11.760  -36.998 0.1111111119
93358  -23.477  12.000  -37.152 0.1111111119
140482  -22.296  12.233  -37.432 0.1111111119
139802  -22.760  12.268  -37.572 0.1111111119
90537  -21.051  9.169  -31.815 0.3333333433
91286  -21.414  9.789  -32.342 0.3333333433
92000  -21.565  10.497  -32.891 0.3333333433
92003  -21.893  10.372  -33.871 0.3333333433
92007  -21.748  11.233  -34.365 0.2222222239
136772  -21.631  11.739  -35.155 0.2222222239
93351  -21.406  12.535  -35.400 0.1111111119
94084  -21.830  13.020  -37.217 0.1111111119
93368  -22.453  13.054  -37.745 0.1111111119
94804  -21.519  15.747  -38.620 0.1111111119
91280  -20.660  10.381  -30.245 0.1111111119
134118  -21.156  11.060  -31.151 0.1111111119
91998  -21.399  10.746  -31.932 0.2222222239
92635  -21.475  11.475  -32.525 0.2222222239
123318  -21.625  11.093  -33.386 0.3333333433
93344  -21.419  12.326  -32.695 0.2222222239
92638  -21.490  11.892  -33.430 0.3333333433
93347  -21.324  12.969  -33.364 0.2222222239
134667  -21.083  13.378  -34.582 0.1111111119
94070  -20.639  14.216  -34.400 0.1111111119
94079  -21.072  13.473  -35.792 0.1111111119
93356  -21.551  12.669  -36.429 0.1111111119
124122  -21.165  13.720  -36.734 0.1111111119
94083  -20.551  14.655  -37.249 0.1111111119
94091  -21.864  13.976  -37.805 0.1111111119
94096  -22.784  14.087  -38.697 0.1111111119
94093  -23.482  13.634  -38.456 0.1111111119
91995  -20.919  11.035  -30.442 0.1111111119
92630  -20.978  11.805  -30.439 0.1111111119
92632  -21.265  11.607  -31.504 0.1111111119
127813  -21.097  12.443  -30.889 0.1111111119
94064  -21.236  13.855  -31.656 0.1111111119
94068  -21.152  13.833  -32.643 0.1111111119
94071  -20.904  13.949  -33.612 0.1111111119
95462  -20.437  15.359  -33.337 0.1111111119
94768  -20.238  14.839  -34.790 0.1111111119
95467  -19.770  15.537  -35.274 0.1111111119
94078  -20.541  14.378  -36.327 0.1111111119
127997  -21.211  13.208  -30.280 0.1111111119
93336  -21.637  13.102  -29.687 0.1111111119
94054  -21.326  13.888  -30.660 0.1111111119
95452  -21.471  15.337  -31.594 0.1111111119
94762  -21.189  14.604  -32.068 0.1111111119
95458  -20.973  15.315  -32.508 0.1111111119
94749  -22.349  14.688  -30.038 0.1111111119
95441  -21.943  15.287  -30.643 0.1111111119
81022  -26.893  -2.692  -33.909 0.1111111119
81023  -27.554  -2.883  -33.379 0.1111111119
85185  -27.315  1.117  -33.325 0.1111111119
84399  -27.186  0.243  -33.458 0.1111111119
128430  -26.914  1.751  -33.508 0.1111111119
123185  -26.566  4.864  -33.484 0.1111111119
89825  -19.873  7.371  -32.364 0.4444444478
90555  -23.840  8.609  -35.223 0.4444444478
121089  -25.056  9.054  -34.376 0.2222222239
90547  -26.118  8.919  -33.882 0.1111111119
89833  -26.559  7.373  -33.533 0.1111111119
139077  -24.963  10.733  -35.333 0.2222222239
93353  -25.348  12.180  -36.159 0.1111111119
93369  -23.334  12.975  -37.706 0.1111111119
95461  -20.006  15.430  -34.236 0.1111111119
96131  -21.879  16.111  -31.226 0.1111111119
95442  -22.806  15.466  -30.283 0.1111111119
81024  -28.575  -3.092  -32.823 0.1111111119
130182  -26.393  6.103  -33.525 0.1111111119
89035  -19.140  6.456  -32.495 0.4444444478
93335  -21.130  12.582  -29.927 0.1111111119
93324  -21.984  12.488  -29.372 0.1111111119
94056  -22.855  14.075  -29.611 0.1111111119
94760  -21.437  14.600  -31.106 0.1111111119
80125  -27.886  -3.789  -33.306 0.1111111119
139644  -26.773  -4.284  -34.240 0.1111111119
80126  -28.864  -4.041  -32.978 0.1111111119
81924  -28.974  -2.260  -32.509 0.1111111119
83625  -28.162  -0.750  -32.657 0.1111111119
83624  -27.480  -0.585  -33.227 0.1111111119
85186  -27.715  0.658  -33.016 0.1111111119
84400  -27.867  0.015  -32.818 0.1111111119
85170  -27.605  1.849  -33.088 0.1111111119
140658  -27.800  3.329  -32.936 0.1111111119
133919  -27.836  5.446  -33.282 0.1111111119
88227  -27.026  5.654  -33.402 0.1111111119
90548  -27.142  8.937  -34.047 0.1111111119
89834  -27.569  7.327  -33.657 0.1111111119
92017  -27.503  10.663  -35.469 0.1111111119
92648  -27.131  11.430  -35.883 0.1111111119
90535  -19.616  8.541  -30.868 0.2222222239
90536  -20.232  8.763  -31.358 0.3333333433
93372  -25.808  12.967  -37.494 0.1111111119
91279  -20.137  9.786  -29.859 0.1111111119
91284  -21.090  10.237  -31.257 0.2222222239
94097  -24.228  13.706  -38.809 0.1111111119
94104  -24.282  13.943  -39.591 0.1111111119
91276  -20.571  10.418  -29.310 0.1111111119
92627  -21.191  12.100  -29.612 0.1111111119
92628  -21.720  11.687  -29.134 0.1111111119
94805  -22.598  14.750  -39.327 0.1111111119
93325  -23.057  12.716  -29.071 0.1111111119
95466  -19.597  16.174  -34.737 0.1111111119
95488  -19.630  16.411  -36.614 0.1111111119
95504  -20.701  16.070  -38.204 0.1111111119
95505  -21.452  16.236  -38.324 0.1111111119
94043  -22.471  13.276  -29.436 0.1111111119
118507  -21.335  16.054  -32.103 0.1111111119
96795  -20.112  17.330  -33.271 0.1111111119
119754  -22.472  16.111  -30.655 0.1111111119
85183  -26.185  1.846  -33.882 0.1111111119
90541  -25.934  7.999  -33.625 0.1111111119
81934  -26.466  -2.118  -34.244 0.1111111119
81936  -28.040  -2.190  -32.927 0.1111111119
85911  -26.652  2.455  -33.548 0.1111111119
87433  -26.665  3.973  -33.402 0.1111111119
86678  -27.196  3.118  -33.227 0.1111111119
89044  -26.944  6.593  -33.456 0.1111111119
91309  -23.424  9.834  -36.399 0.2222222239
92014  -24.250  10.508  -36.035 0.1111111119
92009  -25.372  10.312  -34.844 0.2222222239
92010  -26.240  10.375  -34.674 0.1111111119
94092  -22.410  13.862  -38.179 0.1111111119
93359  -25.190  12.691  -36.806 0.1111111119
94094  -24.265  13.336  -37.979 0.1111111119
93371  -24.981  13.171  -37.491 0.1111111119
92011  -27.083  10.239  -34.788 0.1111111119
92015  -25.706  11.006  -35.137 0.2222222239
93357  -22.625  11.545  -37.337 0.1111111119
91283  -20.490  9.604  -30.842 0.1111111119
92640  -21.436  12.287  -34.356 0.2222222239
124455  -21.309  14.094  -37.371 0.1111111119
94793  -21.050  15.057  -38.030 0.1111111119
94794  -22.011  14.756  -38.630 0.1111111119
125643  -20.803  10.969  -29.750 0.1111111119
125050  -21.344  12.313  -31.881 0.1111111119
94074  -20.603  14.204  -35.274 0.1111111119
94792  -20.166  15.617  -37.662 0.1111111119
94779  -19.912  15.187  -36.883 0.1111111119
131892  -20.987  11.547  -29.718 0.1111111119
93340  -21.216  13.123  -31.275 0.1111111119
128560  -21.314  13.053  -32.262 0.1111111119
94765  -20.814  14.627  -32.977 0.1111111119
94764  -20.482  14.740  -33.864 0.1111111119
95460  -19.944  16.129  -33.676 0.1111111119
94771  -20.085  14.971  -35.826 0.1111111119
95475  -19.669  15.743  -36.329 0.1111111119
94055  -21.811  13.872  -29.847 0.1111111119
94748  -21.709  14.489  -30.370 0.1111111119
95457  -20.609  15.989  -32.849 0.1111111119
96149  -20.337  16.639  -33.101 0.1111111119
91294  -26.667  9.653  -34.324 0.1111111119
92647  -26.099  11.773  -35.732 0.1111111119
137307  -26.516  12.545  -37.127 0.1111111119
96151  -19.589  16.842  -34.325 0.1111111119
96140  -21.620  16.977  -31.626 0.1111111119
85912  -27.239  2.358  -33.260 0.1111111119
86679  -27.716  3.979  -32.989 0.1111111119
91295  -27.472  9.500  -34.544 0.1111111119
92654  -26.781  12.083  -36.490 0.1111111119
93377  -25.997  13.183  -38.524 0.1111111119
90528  -19.714  9.277  -29.572 0.1111111119
93376  -25.107  13.452  -38.328 0.1111111119
96165  -19.673  17.019  -36.251 0.1111111119
95489  -19.738  16.054  -37.161 0.1111111119
138096  -20.620  17.134  -32.769 0.1111111119
96796  -20.563  17.805  -32.812 0.1111111119
96148  -19.849  16.862  -33.632 0.1111111119
63720  -15.925  -23.049  -31.235 0.2222222239
76489  -15.170  -8.461  -32.408 0.2222222239
75700  -16.321  -8.935  -33.546 0.3333333433
76503  -16.322  -8.205  -33.595 0.4444444478
89034  -18.513  6.219  -32.284 0.3333333433
89033  -18.092  6.108  -31.622 0.2222222239
89821  -18.721  7.355  -30.910 0.1111111119
89818  -19.439  8.545  -30.489 0.1111111119
85864  -14.725  2.319  -29.741 0.1111111119
129359  -15.624  -9.820  -32.560 0.2222222239
85865  -15.577  2.523  -29.552 0.1111111119
86652  -17.092  4.035  -31.144 0.1111111119
88217  -17.840  5.608  -31.205 0.1111111119
89813  -18.062  7.143  -29.662 0.1111111119
89817  -18.512  7.691  -30.075 0.1111111119
73185  -15.819  -12.456  -32.368 0.2222222239
74905  -16.500  -10.452  -33.681 0.3333333433
80076  -14.219  -4.225  -30.706 0.2222222239
133189  -17.619  4.993  -31.528 0.1111111119
80095  -14.424  -4.962  -30.915 0.1111111119
80980  -14.056  -3.507  -30.457 0.3333333433
89030  -18.467  6.659  -31.336 0.3333333433
75688  -15.346  -9.177  -32.239 0.2222222239
89026  -18.221  6.951  -30.496 0.1111111119
87416  -17.682  4.493  -31.294 0.1111111119
89029  -17.965  6.218  -30.833 0.1111111119
87406  -17.867  5.168  -30.863 0.1111111119
88207  -17.752  5.674  -30.337 0.1111111119
142006  -24.979  -9.416  -35.475 0.1111111119
63704  -17.497  -23.502  -30.522 0.1111111119
63718  -14.320  -23.303  -31.457 0.1111111119
123676  -14.397  -22.102  -31.633 0.1111111119
128389  -14.591  -20.866  -31.498 0.1111111119
66486  -14.878  -20.398  -32.043 0.1111111119
73172  -15.807  -12.909  -31.709 0.1111111119
77349  -15.046  -7.775  -31.825 0.1111111119
122194  -12.638  -0.923  -28.850 0.2222222239
83557  -12.416  -0.254  -28.046 0.2222222239
83542  -13.173  -0.272  -27.408 0.2222222239
84303  -14.682  0.139  -26.835 0.2222222239
64566  -14.086  -22.717  -31.511 0.1111111119
78224  -14.822  -6.988  -32.323 0.1111111119
63717  -13.740  -23.475  -31.178 0.1111111119
63702  -15.589  -23.789  -31.045 0.1111111119
64565  -13.886  -22.726  -31.210 0.1111111119
125950  -14.151  -22.268  -31.417 0.1111111119
65483  -14.247  -21.366  -31.093 0.1111111119
67310  -14.578  -19.498  -31.404 0.1111111119
68965  -14.645  -17.826  -31.521 0.1111111119
72347  -15.808  -13.601  -31.442 0.1111111119
130153  -15.988  -12.228  -31.627 0.1111111119
128736  -15.727  -10.021  -32.017 0.1111111119
141840  -15.442  -8.072  -31.194 0.1111111119
82788  -14.037  -1.305  -28.732 0.2222222239
127322  -16.112  0.413  -26.863 0.2222222239
129339  -15.580  1.463  -28.122 0.1111111119
62894  -14.819  -23.812  -31.286 0.1111111119
85105  -14.176  0.976  -27.366 0.2222222239
85851  -14.872  2.173  -28.900 0.1111111119
74062  -15.875  -11.494  -32.074 0.1111111119
81865  -13.431  -1.590  -29.193 0.2222222239
118078  -15.032  -16.346  -31.422 0.1111111119
68138  -14.619  -18.654  -31.532 0.1111111119
64567  -15.058  -22.072  -31.805 0.1111111119
65496  -14.375  -21.710  -31.431 0.1111111119
139552  -15.324  -22.666  -31.601 0.1111111119
63703  -16.538  -23.604  -30.742 0.1111111119
63719  -15.088  -23.232  -31.451 0.1111111119
62893  -14.203  -24.050  -31.227 0.1111111119
73151  -16.174  -12.884  -31.123 0.1111111119
82746  -14.845  -0.504  -27.097 0.1111111119
66472  -14.381  -20.448  -31.122 0.1111111119
72331  -16.246  -13.714  -30.796 0.1111111119
85107  -16.451  0.563  -27.255 0.1111111119
85118  -16.827  0.994  -27.817 0.1111111119
85875  -16.299  3.165  -30.694 0.1111111119
81881  -14.252  -2.199  -29.468 0.1111111119
118057  -16.238  2.848  -29.991 0.1111111119
134762  -16.801  2.939  -30.349 0.1111111119
76560  -23.799  -7.963  -37.173 0.5555555820
77418  -20.224  -7.456  -37.511 1.0000000000
80148  -17.454  -4.069  -35.165 0.8888888955
80979  -13.840  -3.077  -30.571 0.4444444478
80995  -13.909  -3.138  -31.149 0.4444444478
81961  -17.731  -2.924  -35.528 0.8888888955
81969  -22.483  -2.401  -36.645 0.7777777910
82756  -12.966  -0.643  -28.036 0.2222222239
82757  -13.969  -0.642  -27.778 0.1111111119
82758  -15.121  -0.530  -27.547 0.1111111119
82770  -13.333  -1.018  -28.519 0.2222222239
82797  -13.132  -1.121  -30.173 0.4444444478
82848  -16.585  -1.669  -34.336 0.8888888955
82870  -18.092  -1.626  -35.857 1.0000000000
82879  -19.539  -1.541  -37.187 1.0000000000
82882  -21.433  -1.451  -37.086 0.7777777910
83543  -14.177  -0.190  -27.073 0.2222222239
83567  -12.170  -0.159  -28.953 0.2222222239
83629  -16.833  -0.861  -34.586 0.8888888955
83644  -17.833  -0.788  -35.691 1.0000000000
83668  -19.810  -0.634  -37.253 1.0000000000
84316  -12.800  0.219  -27.555 0.3333333433
84317  -13.766  0.301  -27.083 0.2222222239
84318  -15.050  0.470  -26.990 0.2222222239
84332  -12.370  0.483  -28.185 0.3333333433
84352  -12.747  0.461  -29.521 0.4444444478
84363  -15.048  1.019  -32.043 0.7777777910
84416  -17.059  0.045  -34.799 1.0000000000
84433  -20.620  1.883  -36.365 0.8888888955
85106  -15.254  1.025  -27.431 0.2222222239
85117  -14.147  1.571  -28.121 0.2222222239
85145  -13.148  1.214  -29.311 0.5555555820
85146  -14.032  1.673  -29.942 0.3333333433
85180  -15.545  1.083  -32.748 0.7777777910
85195  -17.279  1.733  -34.905 0.8888888955
85223  -19.961  1.213  -36.846 0.8888888955
85866  -16.391  2.367  -29.356 0.1111111119
85924  -24.484  2.467  -34.357 0.4444444478
85929  -19.643  2.438  -36.235 0.7777777910
86702  -19.823  3.643  -35.527 0.6666666865
86711  -20.698  3.066  -35.953 0.6666666865
87448  -19.557  4.603  -34.883 0.6666666865
87463  -21.077  4.401  -35.380 0.6666666865
88226  -26.092  5.430  -33.616 0.1111111119
89841  -25.018  7.603  -33.967 0.3333333433
93360  -25.979  12.437  -36.556 0.1111111119
95474  -19.536  16.325  -35.793 0.1111111119
96150  -20.983  16.674  -32.479 0.1111111119
123979  -14.656  -22.683  -31.622 0.1111111119
132711  -24.857  6.177  -34.070 0.5555555820
134681  -19.214  2.792  -35.934 0.7777777910
135788  -19.976  -7.009  -37.264 1.0000000000
137814  -19.501  -0.075  -36.971 0.8888888955
137873  -18.418  -2.733  -36.233 1.0000000000
140365  -20.032  -22.877  -30.380 0.1111111119
141049  -21.239  -10.180  -37.497 0.7777777910
141721  -18.581  -6.398  -36.037 1.0000000000
