#!ascii label  , from subject sub-v1s13x0050033_ses-1 vox2ras=TkReg
1120
43210  13.073  -41.775  65.415 0.0000000000
34999  5.911  -50.545  47.376 0.0000000000
38839  4.950  -46.594  61.082 0.0000000000
42372  7.424  -42.863  55.255 0.0000000000
129831  4.440  -37.910  54.030 0.0000000000
134750  7.107  -43.103  64.380 0.0000000000
42305  9.387  -42.506  59.492 0.0000000000
134495  15.695  -45.580  67.065 0.0000000000
38772  9.876  -46.514  66.688 0.0000000000
35809  6.396  -49.275  63.203 0.0000000000
120551  5.761  -39.568  61.161 0.0000000000
43350  3.794  -42.478  55.523 0.0000000000
119812  5.950  -36.105  59.706 0.0000000000
34924  4.247  -50.436  56.554 0.0000000000
36919  7.251  -49.250  54.351 0.0000000000
39776  7.875  -45.970  57.882 0.0000000000
45377  7.968  -39.775  56.789 0.0000000000
38989  7.654  -46.536  50.526 0.0000000000
41515  4.532  -44.325  50.264 0.0000000000
44518  4.549  -39.985  47.406 0.0000000000
50926  5.018  -33.338  52.505 0.0000000000
43214  9.912  -42.203  64.994 0.0000000000
43257  10.277  -41.913  62.044 0.0000000000
42191  14.002  -43.033  67.281 0.0000000000
39682  12.805  -45.339  67.523 0.0000000000
41320  10.307  -43.376  67.408 0.0000000000
40513  7.887  -44.800  66.824 0.0000000000
47281  4.989  -37.896  61.198 0.0000000000
134086  4.194  -48.722  58.531 0.0000000000
37891  4.986  -47.878  57.181 0.0000000000
39765  5.767  -46.640  59.482 0.0000000000
44370  10.665  -40.730  56.678 0.0000000000
43327  9.996  -41.698  57.072 0.0000000000
37786  4.339  -47.704  63.032 0.0000000000
34862  5.056  -50.479  61.655 0.0000000000
135036  4.137  -49.382  60.656 0.0000000000
119183  4.129  -50.722  58.622 0.0000000000
38913  9.450  -46.032  54.372 0.0000000000
36917  9.514  -47.841  53.082 0.0000000000
40638  7.802  -44.204  53.431 0.0000000000
45406  3.724  -39.354  54.503 0.0000000000
124732  4.410  -43.194  52.845 0.0000000000
44454  4.809  -40.959  51.198 0.0000000000
129307  4.637  -41.565  48.809 0.0000000000
136186  5.341  -38.828  51.046 0.0000000000
40534  5.323  -45.343  62.456 0.0000000000
41384  6.440  -44.577  60.806 0.0000000000
42293  7.825  -42.700  61.471 0.0000000000
43299  11.385  -41.617  59.445 0.0000000000
37734  17.943  -47.431  65.132 0.0000000000
133557  17.255  -47.453  61.825 0.0000000000
137545  14.871  -47.162  64.755 0.0000000000
38794  12.219  -47.178  64.498 0.0000000000
36714  8.152  -48.033  64.656 0.0000000000
38785  5.678  -46.236  64.770 0.0000000000
43331  5.267  -41.756  57.573 0.0000000000
41463  5.229  -43.413  55.773 0.0000000000
44349  4.088  -40.798  58.868 0.0000000000
46331  3.945  -38.263  57.428 0.0000000000
49222  5.206  -36.711  57.106 0.0000000000
43219  16.088  -42.357  64.074 0.0000000000
39702  21.404  -44.705  63.833 0.0000000000
40514  21.560  -44.101  66.315 0.0000000000
39667  18.043  -45.273  66.909 0.0000000000
42201  16.833  -43.553  66.629 0.0000000000
33865  4.333  -51.788  54.596 0.0000000000
34955  4.867  -51.378  53.531 0.0000000000
36901  5.114  -49.458  55.431 0.0000000000
38885  7.293  -47.185  56.479 0.0000000000
39785  9.063  -45.066  56.166 0.0000000000
40594  8.177  -44.289  59.136 0.0000000000
133893  9.348  -43.306  56.565 0.0000000000
42350  7.826  -42.167  55.585 0.0000000000
45336  6.735  -39.626  58.778 0.0000000000
34952  7.998  -51.043  52.543 0.0000000000
34962  9.495  -50.219  50.263 0.0000000000
36962  6.224  -48.283  49.245 0.0000000000
40641  5.049  -44.071  53.098 0.0000000000
38972  5.112  -45.386  50.768 0.0000000000
38024  4.919  -47.170  49.109 0.0000000000
39891  4.694  -45.667  47.125 0.0000000000
41555  5.894  -43.507  47.083 0.0000000000
50864  8.515  -34.212  59.853 0.0000000000
49219  8.004  -35.246  55.579 0.0000000000
51768  6.931  -32.232  54.858 0.0000000000
49243  6.344  -35.806  52.467 0.0000000000
48360  5.374  -36.677  49.141 0.0000000000
43223  11.609  -42.120  64.667 0.0000000000
128125  11.293  -42.299  63.822 0.0000000000
117897  12.959  -42.119  63.892 0.0000000000
43198  13.174  -41.844  66.432 0.0000000000
42193  12.478  -42.986  67.402 0.0000000000
43200  11.609  -41.990  66.430 0.0000000000
138228  10.294  -42.365  66.619 0.0000000000
35020  5.641  -51.233  46.347 0.0000000000
35970  5.680  -49.274  46.969 0.0000000000
37832  4.613  -47.996  59.868 0.0000000000
38859  5.180  -47.504  59.120 0.0000000000
38848  5.252  -47.116  59.888 0.0000000000
37816  19.637  -47.128  60.662 0.0000000000
37810  4.197  -47.661  61.425 0.0000000000
36772  4.128  -48.560  61.712 0.0000000000
36790  4.098  -48.624  60.788 0.0000000000
36805  4.228  -48.950  59.218 0.0000000000
40625  8.811  -44.187  54.441 0.0000000000
128529  9.239  -45.093  53.575 0.0000000000
40626  8.074  -43.987  53.995 0.0000000000
47365  4.137  -38.065  54.528 0.0000000000
123671  3.967  -39.815  53.553 0.0000000000
138394  4.407  -39.435  52.703 0.0000000000
121514  5.106  -39.951  51.213 0.0000000000
46404  5.129  -38.249  52.433 0.0000000000
41354  6.200  -43.780  63.382 0.0000000000
41359  6.325  -43.607  62.518 0.0000000000
135260  7.737  -42.686  62.814 0.0000000000
43288  10.466  -41.724  60.856 0.0000000000
44345  11.961  -41.168  57.724 0.0000000000
122014  16.345  -46.583  66.568 0.0000000000
37735  16.823  -47.372  65.290 0.0000000000
38766  15.367  -47.001  66.298 0.0000000000
38756  11.362  -46.039  67.177 0.0000000000
38781  12.142  -47.105  65.763 0.0000000000
38782  11.278  -47.113  65.791 0.0000000000
121608  8.905  -47.420  65.583 0.0000000000
41341  7.261  -44.105  65.869 0.0000000000
39693  6.682  -45.382  66.113 0.0000000000
133316  6.146  -44.500  64.712 0.0000000000
40523  5.455  -45.471  64.079 0.0000000000
44348  5.176  -40.694  58.936 0.0000000000
43315  4.762  -41.313  58.313 0.0000000000
44308  4.612  -39.913  60.044 0.0000000000
48262  5.440  -36.758  60.511 0.0000000000
47291  4.181  -38.062  59.658 0.0000000000
125688  5.178  -37.010  58.708 0.0000000000
48297  4.526  -37.396  56.878 0.0000000000
49203  5.671  -36.301  58.293 0.0000000000
39677  19.356  -45.361  66.850 0.0000000000
33859  4.220  -51.373  55.675 0.0000000000
34941  4.665  -50.852  54.664 0.0000000000
35892  4.698  -49.730  55.814 0.0000000000
38870  6.048  -47.064  58.093 0.0000000000
37890  5.977  -47.671  56.689 0.0000000000
39786  7.610  -46.551  57.179 0.0000000000
38884  8.321  -46.483  56.386 0.0000000000
124633  8.496  -45.829  56.971 0.0000000000
132995  7.950  -43.300  59.992 0.0000000000
128713  7.692  -43.910  59.808 0.0000000000
41382  8.375  -43.539  59.444 0.0000000000
43340  9.341  -40.940  56.283 0.0000000000
43328  9.501  -41.839  56.500 0.0000000000
43341  8.567  -41.026  56.040 0.0000000000
42349  9.082  -42.716  55.906 0.0000000000
44396  7.724  -40.483  56.409 0.0000000000
44372  7.111  -40.123  57.157 0.0000000000
45357  7.577  -39.409  57.558 0.0000000000
116809  15.889  -47.274  62.169 0.0000000000
117870  16.689  -47.430  60.681 0.0000000000
35815  8.029  -49.789  63.018 0.0000000000
34860  7.823  -50.726  62.001 0.0000000000
34843  6.583  -50.302  62.541 0.0000000000
33810  5.112  -51.009  61.156 0.0000000000
32762  5.589  -51.464  60.975 0.0000000000
117780  4.148  -50.806  57.719 0.0000000000
33852  4.207  -51.396  56.294 0.0000000000
35921  5.490  -50.296  54.171 0.0000000000
34953  6.666  -51.079  52.994 0.0000000000
35930  7.540  -50.359  53.303 0.0000000000
38968  8.821  -46.036  51.352 0.0000000000
36948  9.707  -48.259  51.121 0.0000000000
38000  9.127  -47.702  50.262 0.0000000000
35940  8.474  -49.355  49.165 0.0000000000
36955  6.984  -47.784  49.716 0.0000000000
41446  4.007  -43.403  55.746 0.0000000000
40629  5.100  -43.806  54.094 0.0000000000
41478  4.294  -43.387  54.236 0.0000000000
121300  4.468  -43.452  51.314 0.0000000000
39835  4.988  -44.943  51.449 0.0000000000
117421  4.920  -45.148  50.698 0.0000000000
38005  5.146  -46.397  49.856 0.0000000000
39860  4.719  -45.595  49.562 0.0000000000
39022  4.478  -46.291  48.278 0.0000000000
126013  4.518  -45.271  48.742 0.0000000000
43461  4.582  -41.440  48.169 0.0000000000
42479  5.220  -42.999  47.700 0.0000000000
117625  5.129  -42.157  47.367 0.0000000000
50877  9.159  -33.313  58.359 0.0000000000
50086  8.367  -34.776  57.217 0.0000000000
50093  9.016  -33.691  56.762 0.0000000000
52724  5.460  -31.579  54.030 0.0000000000
50912  5.787  -32.878  53.668 0.0000000000
128757  6.796  -33.592  53.641 0.0000000000
50115  5.530  -33.801  52.502 0.0000000000
117952  5.648  -36.302  50.688 0.0000000000
50130  5.258  -34.581  50.664 0.0000000000
42257  8.580  -42.430  64.489 0.0000000000
42272  8.319  -42.404  63.099 0.0000000000
43240  10.629  -42.231  63.444 0.0000000000
40501  14.670  -44.285  67.189 0.0000000000
38753  14.326  -45.847  67.092 0.0000000000
130123  13.049  -44.502  67.538 0.0000000000
39674  11.474  -44.737  67.659 0.0000000000
39685  10.012  -45.208  67.503 0.0000000000
38759  8.643  -45.716  67.090 0.0000000000
41321  9.449  -44.098  67.302 0.0000000000
42224  8.264  -43.090  66.353 0.0000000000
45291  5.801  -38.774  62.116 0.0000000000
45298  5.143  -39.071  61.324 0.0000000000
46259  5.569  -37.836  62.605 0.0000000000
48248  5.767  -36.717  62.687 0.0000000000
49163  6.252  -35.744  62.160 0.0000000000
35871  3.985  -49.477  57.660 0.0000000000
36859  4.404  -49.233  56.495 0.0000000000
37873  4.331  -48.344  58.060 0.0000000000
38858  5.537  -47.146  58.797 0.0000000000
39778  6.312  -46.431  58.881 0.0000000000
117526  10.437  -41.802  57.959 0.0000000000
42314  9.600  -42.613  58.582 0.0000000000
44371  9.958  -40.811  56.533 0.0000000000
44394  9.353  -40.144  56.345 0.0000000000
45376  8.785  -39.569  56.605 0.0000000000
45334  8.007  -38.753  57.996 0.0000000000
35801  5.486  -48.619  63.168 0.0000000000
140067  5.715  -49.922  62.522 0.0000000000
35816  4.886  -49.306  62.389 0.0000000000
140073  4.641  -50.131  61.456 0.0000000000
34877  4.437  -50.557  60.422 0.0000000000
33828  4.419  -51.330  59.132 0.0000000000
34889  4.203  -50.510  59.534 0.0000000000
35860  4.024  -49.407  58.533 0.0000000000
37928  8.351  -47.832  54.894 0.0000000000
36918  8.492  -48.723  53.938 0.0000000000
37927  9.308  -46.923  54.165 0.0000000000
38945  9.200  -45.659  52.169 0.0000000000
38946  7.840  -45.483  51.552 0.0000000000
44416  3.682  -40.594  54.832 0.0000000000
126762  4.001  -42.200  54.108 0.0000000000
43360  4.103  -41.397  53.641 0.0000000000
43371  4.356  -41.493  52.789 0.0000000000
127129  4.514  -42.795  50.823 0.0000000000
41521  4.497  -43.657  49.753 0.0000000000
137057  4.837  -41.255  50.511 0.0000000000
135642  5.002  -40.264  49.507 0.0000000000
138026  4.932  -39.219  48.749 0.0000000000
51793  4.884  -32.534  52.456 0.0000000000
50938  4.942  -33.623  50.961 0.0000000000
51824  5.271  -32.770  50.805 0.0000000000
39732  4.963  -46.025  61.608 0.0000000000
40559  5.596  -45.646  61.157 0.0000000000
40543  5.723  -45.141  61.576 0.0000000000
42294  7.139  -43.257  61.173 0.0000000000
42301  8.483  -42.445  60.785 0.0000000000
43278  9.007  -42.023  61.856 0.0000000000
120435  9.799  -41.894  60.778 0.0000000000
43301  9.880  -42.095  59.945 0.0000000000
43326  11.060  -41.338  57.654 0.0000000000
37754  19.348  -47.215  64.117 0.0000000000
119414  18.770  -47.216  62.162 0.0000000000
37777  17.559  -47.390  63.444 0.0000000000
38780  13.946  -47.076  65.805 0.0000000000
37760  13.679  -46.978  64.414 0.0000000000
37793  13.867  -47.034  62.430 0.0000000000
36742  8.441  -48.949  63.891 0.0000000000
36729  6.962  -48.188  63.943 0.0000000000
123073  7.339  -46.068  66.357 0.0000000000
37744  6.590  -46.829  64.963 0.0000000000
37765  5.741  -47.334  64.135 0.0000000000
38807  4.929  -46.914  63.952 0.0000000000
38818  4.548  -46.257  62.722 0.0000000000
42351  6.502  -42.381  55.952 0.0000000000
41462  6.470  -43.294  55.068 0.0000000000
42333  4.967  -42.440  57.158 0.0000000000
42334  4.290  -42.417  57.165 0.0000000000
43344  3.763  -41.331  57.127 0.0000000000
45307  3.959  -39.470  59.672 0.0000000000
134163  3.672  -39.661  58.270 0.0000000000
44397  3.655  -40.334  56.695 0.0000000000
116542  3.857  -38.723  56.001 0.0000000000
48303  4.386  -37.572  56.085 0.0000000000
47354  4.713  -37.268  55.538 0.0000000000
43220  14.370  -42.092  64.433 0.0000000000
38806  20.347  -46.252  63.142 0.0000000000
41343  24.089  -42.571  66.020 0.0000000000
41324  23.102  -42.783  67.386 0.0000000000
41345  22.384  -43.346  66.027 0.0000000000
40519  21.805  -44.051  65.420 0.0000000000
38776  20.468  -45.818  64.866 0.0000000000
37732  19.858  -46.848  64.557 0.0000000000
38750  17.903  -46.184  66.755 0.0000000000
39679  16.763  -45.546  66.870 0.0000000000
40511  16.953  -44.377  66.783 0.0000000000
40499  16.235  -44.533  66.864 0.0000000000
42203  15.063  -42.840  66.962 0.0000000000
43208  15.067  -42.111  66.302 0.0000000000
35922  4.964  -50.521  54.398 0.0000000000
36900  5.713  -49.192  55.108 0.0000000000
36879  4.797  -48.966  56.090 0.0000000000
37908  5.996  -48.247  56.023 0.0000000000
37929  7.219  -48.385  55.249 0.0000000000
38899  8.279  -46.980  55.880 0.0000000000
39793  9.198  -45.153  55.369 0.0000000000
41460  8.615  -43.378  55.286 0.0000000000
121219  5.818  -45.772  60.550 0.0000000000
40595  6.860  -45.598  59.301 0.0000000000
120311  8.020  -45.220  58.627 0.0000000000
42315  9.362  -43.105  58.091 0.0000000000
40593  8.646  -44.409  58.446 0.0000000000
40601  8.774  -44.666  57.719 0.0000000000
120103  9.246  -44.034  56.770 0.0000000000
42371  8.535  -42.888  55.477 0.0000000000
43330  6.156  -41.350  57.118 0.0000000000
44347  6.117  -40.221  58.668 0.0000000000
45318  6.389  -39.899  59.428 0.0000000000
46315  7.873  -38.662  58.955 0.0000000000
45304  7.262  -39.310  60.572 0.0000000000
127636  6.606  -39.456  61.265 0.0000000000
33817  8.385  -51.377  60.537 0.0000000000
33800  6.243  -50.661  62.082 0.0000000000
35929  8.731  -49.742  53.007 0.0000000000
34958  9.471  -50.484  51.287 0.0000000000
35949  6.243  -49.432  48.286 0.0000000000
40628  6.108  -43.807  53.937 0.0000000000
39810  6.196  -44.557  52.675 0.0000000000
38947  6.310  -45.365  51.551 0.0000000000
40642  4.878  -44.005  52.855 0.0000000000
39822  5.117  -44.816  52.006 0.0000000000
37987  5.679  -46.218  50.456 0.0000000000
38003  5.547  -46.916  50.110 0.0000000000
36963  5.397  -47.791  49.209 0.0000000000
124158  5.647  -48.570  48.476 0.0000000000
36977  4.745  -47.686  47.778 0.0000000000
41537  4.662  -44.172  48.616 0.0000000000
40713  5.322  -44.739  47.200 0.0000000000
49175  6.791  -35.218  61.736 0.0000000000
50846  8.374  -33.983  61.856 0.0000000000
50058  6.779  -35.481  59.830 0.0000000000
50088  6.106  -35.887  58.115 0.0000000000
49220  6.999  -35.807  56.120 0.0000000000
49237  6.784  -36.390  54.506 0.0000000000
50903  8.082  -33.538  54.896 0.0000000000
49236  7.497  -35.533  54.048 0.0000000000
48315  6.187  -36.836  53.110 0.0000000000
48335  5.652  -37.368  51.450 0.0000000000
47414  5.523  -37.633  50.048 0.0000000000
47456  5.201  -38.099  48.370 0.0000000000
48410  5.101  -36.777  47.778 0.0000000000
117013  12.225  -41.880  65.266 0.0000000000
43222  12.581  -41.998  64.572 0.0000000000
43199  12.323  -41.968  66.651 0.0000000000
43211  12.313  -41.782  66.002 0.0000000000
43212  11.555  -41.927  65.670 0.0000000000
32916  5.835  -51.367  47.111 0.0000000000
128260  5.702  -51.164  46.860 0.0000000000
35008  5.730  -50.404  46.893 0.0000000000
123487  5.830  -49.777  47.523 0.0000000000
120509  4.871  -47.322  60.383 0.0000000000
38849  4.881  -47.790  59.477 0.0000000000
38838  5.271  -46.538  60.603 0.0000000000
120114  19.965  -46.818  62.321 0.0000000000
38829  20.230  -46.663  60.980 0.0000000000
37801  19.817  -46.936  61.565 0.0000000000
137776  4.580  -47.209  60.986 0.0000000000
37820  4.360  -47.881  60.538 0.0000000000
119168  4.359  -48.510  59.904 0.0000000000
41461  7.857  -43.505  54.595 0.0000000000
47377  4.229  -38.274  53.854 0.0000000000
46389  4.143  -38.730  53.557 0.0000000000
47389  4.534  -38.465  53.304 0.0000000000
46405  4.583  -38.812  52.872 0.0000000000
47376  4.871  -37.979  53.266 0.0000000000
42259  6.687  -43.313  63.912 0.0000000000
42274  6.911  -43.090  62.950 0.0000000000
42273  7.489  -42.784  63.657 0.0000000000
122459  16.215  -45.809  66.947 0.0000000000
38752  15.412  -46.097  66.896 0.0000000000
38771  10.859  -46.622  66.539 0.0000000000
38783  10.354  -47.161  65.949 0.0000000000
37741  10.796  -47.422  65.099 0.0000000000
37763  9.789  -47.610  65.220 0.0000000000
37725  9.392  -47.064  66.123 0.0000000000
42239  7.313  -43.227  65.027 0.0000000000
40521  6.588  -44.368  65.397 0.0000000000
41351  6.360  -43.902  64.242 0.0000000000
118840  6.059  -44.270  63.938 0.0000000000
44325  5.660  -40.225  59.651 0.0000000000
44326  4.866  -40.379  59.634 0.0000000000
44307  5.288  -39.910  60.446 0.0000000000
49192  5.708  -36.374  60.088 0.0000000000
48268  5.259  -36.962  59.669 0.0000000000
130259  5.634  -36.474  59.195 0.0000000000
49204  5.498  -36.569  58.422 0.0000000000
49191  5.824  -36.223  58.918 0.0000000000
34933  4.336  -50.808  55.881 0.0000000000
35893  4.427  -50.045  56.202 0.0000000000
39777  6.958  -46.521  57.985 0.0000000000
38869  6.583  -47.072  57.298 0.0000000000
42307  8.599  -42.852  59.942 0.0000000000
42306  9.084  -43.140  59.090 0.0000000000
44395  8.535  -40.253  56.329 0.0000000000
34825  7.034  -49.779  63.107 0.0000000000
34826  6.217  -49.900  62.790 0.0000000000
33820  4.794  -51.063  60.580 0.0000000000
32763  5.155  -51.402  60.645 0.0000000000
34915  4.079  -50.202  57.288 0.0000000000
117697  4.209  -50.888  56.848 0.0000000000
131819  4.222  -51.017  56.225 0.0000000000
35920  6.675  -49.924  53.976 0.0000000000
37985  8.826  -46.677  50.729 0.0000000000
38001  7.905  -47.232  50.150 0.0000000000
36954  8.201  -47.930  49.698 0.0000000000
42373  3.836  -43.077  55.517 0.0000000000
41465  4.090  -43.393  55.058 0.0000000000
42392  3.890  -42.908  54.717 0.0000000000
41509  4.558  -44.129  50.971 0.0000000000
40662  4.701  -44.781  50.524 0.0000000000
39847  4.759  -45.339  49.944 0.0000000000
122746  4.616  -45.016  49.928 0.0000000000
124574  4.544  -45.187  49.345 0.0000000000
40675  4.511  -44.558  49.641 0.0000000000
43472  4.470  -40.662  47.805 0.0000000000
43471  4.654  -41.455  47.527 0.0000000000
126719  4.681  -40.791  47.047 0.0000000000
51719  8.935  -32.375  59.912 0.0000000000
51731  9.028  -32.278  58.842 0.0000000000
50888  9.136  -33.305  57.552 0.0000000000
51743  9.079  -32.564  57.849 0.0000000000
51781  5.333  -32.327  53.599 0.0000000000
51780  5.650  -32.218  54.129 0.0000000000
50921  5.357  -32.991  53.184 0.0000000000
50123  5.283  -34.136  52.035 0.0000000000
50129  5.111  -34.287  51.319 0.0000000000
50931  4.851  -33.608  51.723 0.0000000000
42237  9.048  -42.411  65.206 0.0000000000
42256  9.312  -42.246  64.408 0.0000000000
43225  9.900  -42.149  63.927 0.0000000000
43238  12.104  -42.262  62.880 0.0000000000
41316  14.293  -43.631  67.241 0.0000000000
40502  13.803  -44.198  67.376 0.0000000000
41317  13.462  -43.513  67.366 0.0000000000
42194  11.112  -43.065  67.414 0.0000000000
124996  11.636  -43.704  67.496 0.0000000000
40504  11.007  -44.215  67.542 0.0000000000
39675  10.530  -44.746  67.600 0.0000000000
40505  10.193  -44.435  67.513 0.0000000000
40506  9.671  -44.599  67.438 0.0000000000
41332  9.680  -43.467  67.340 0.0000000000
43202  10.135  -42.179  65.964 0.0000000000
42223  9.576  -42.569  66.622 0.0000000000
136374  9.506  -42.355  65.800 0.0000000000
42238  8.143  -42.782  65.405 0.0000000000
46273  5.725  -38.329  62.370 0.0000000000
48235  6.072  -36.558  63.589 0.0000000000
49164  6.139  -36.142  62.899 0.0000000000
117129  5.943  -36.222  62.206 0.0000000000
36820  4.051  -48.868  57.980 0.0000000000
36837  4.140  -48.797  57.266 0.0000000000
39766  5.482  -46.995  59.507 0.0000000000
119791  5.047  -47.642  58.459 0.0000000000
120607  10.436  -41.322  57.116 0.0000000000
45375  9.592  -39.374  56.458 0.0000000000
45355  9.087  -38.852  56.882 0.0000000000
46330  8.734  -38.443  57.591 0.0000000000
36743  5.000  -48.147  63.283 0.0000000000
35810  5.153  -48.973  62.810 0.0000000000
36756  4.518  -48.611  62.570 0.0000000000
35826  4.139  -49.229  61.243 0.0000000000
133213  4.436  -49.687  61.510 0.0000000000
34863  4.310  -49.925  60.935 0.0000000000
35838  4.208  -49.880  60.182 0.0000000000
38914  8.765  -47.000  55.112 0.0000000000
39808  8.486  -44.661  53.067 0.0000000000
134700  9.069  -45.159  52.818 0.0000000000
39819  8.278  -45.021  52.381 0.0000000000
122030  3.584  -39.887  55.072 0.0000000000
125954  3.876  -41.359  54.447 0.0000000000
44423  3.882  -40.537  54.007 0.0000000000
44442  4.571  -40.550  52.213 0.0000000000
44431  4.162  -40.551  53.181 0.0000000000
43384  4.581  -41.694  51.897 0.0000000000
127098  4.488  -42.668  51.615 0.0000000000
43402  4.691  -41.910  51.060 0.0000000000
43422  4.682  -41.938  50.276 0.0000000000
132506  5.277  -39.226  50.603 0.0000000000
123821  5.168  -39.733  50.038 0.0000000000
45460  4.984  -39.542  49.150 0.0000000000
46449  5.182  -39.057  49.650 0.0000000000
52750  5.048  -31.957  52.793 0.0000000000
52769  4.921  -32.132  52.114 0.0000000000
52785  5.022  -32.394  51.400 0.0000000000
39731  5.084  -45.627  62.055 0.0000000000
116657  5.343  -45.621  61.645 0.0000000000
40544  5.470  -45.201  62.040 0.0000000000
42285  6.917  -43.085  61.991 0.0000000000
41363  6.378  -43.767  61.757 0.0000000000
42302  7.878  -42.970  60.595 0.0000000000
129351  9.858  -42.089  62.917 0.0000000000
43259  9.006  -42.060  62.624 0.0000000000
43258  9.553  -41.937  62.199 0.0000000000
130337  10.341  -41.825  60.333 0.0000000000
43300  10.588  -41.849  59.661 0.0000000000
43312  10.858  -41.749  58.751 0.0000000000
37755  18.719  -47.387  64.626 0.0000000000
117008  18.555  -47.362  63.724 0.0000000000
135237  17.993  -47.426  64.250 0.0000000000
119276  15.954  -47.276  65.035 0.0000000000
37757  16.291  -47.318  64.350 0.0000000000
37758  15.375  -47.168  64.391 0.0000000000
134266  13.650  -45.263  67.457 0.0000000000
38768  13.619  -46.638  66.488 0.0000000000
132404  12.388  -47.180  65.128 0.0000000000
37739  12.931  -47.084  64.760 0.0000000000
37761  12.800  -46.970  63.859 0.0000000000
37781  13.924  -46.861  63.459 0.0000000000
127276  12.093  -47.293  63.217 0.0000000000
37783  11.283  -47.716  63.469 0.0000000000
36728  7.792  -48.531  64.058 0.0000000000
36715  7.482  -47.762  64.596 0.0000000000
38774  7.930  -45.680  66.810 0.0000000000
128090  8.091  -46.197  66.627 0.0000000000
39692  7.259  -45.588  66.503 0.0000000000
38784  6.128  -46.041  65.298 0.0000000000
136359  6.445  -46.330  65.334 0.0000000000
37745  6.020  -46.634  64.717 0.0000000000
36717  6.225  -47.209  64.426 0.0000000000
37766  5.253  -47.443  63.811 0.0000000000
37746  5.441  -46.826  64.310 0.0000000000
117388  5.260  -45.425  62.902 0.0000000000
137120  4.730  -46.112  63.191 0.0000000000
39717  4.920  -45.735  62.659 0.0000000000
39718  4.644  -46.099  62.110 0.0000000000
42332  5.826  -42.088  56.781 0.0000000000
41444  5.521  -42.772  56.405 0.0000000000
43316  4.194  -41.336  58.330 0.0000000000
42316  4.470  -41.850  57.710 0.0000000000
43332  4.013  -41.823  57.666 0.0000000000
42335  3.906  -42.317  56.936 0.0000000000
43317  3.911  -41.118  58.157 0.0000000000
46294  4.717  -38.756  60.804 0.0000000000
136218  4.343  -39.405  60.201 0.0000000000
46295  4.128  -38.763  60.068 0.0000000000
47300  4.104  -37.913  58.810 0.0000000000
46303  3.842  -38.742  59.315 0.0000000000
46316  3.763  -38.713  58.358 0.0000000000
44373  3.671  -40.286  57.662 0.0000000000
45358  3.691  -39.194  57.567 0.0000000000
45378  3.677  -39.490  56.780 0.0000000000
122699  3.820  -38.697  56.857 0.0000000000
48288  4.904  -37.039  57.328 0.0000000000
48296  4.760  -37.143  56.563 0.0000000000
47355  4.263  -37.806  55.296 0.0000000000
49230  5.294  -36.740  56.170 0.0000000000
125512  15.336  -42.226  64.591 0.0000000000
132963  15.710  -42.294  63.593 0.0000000000
43235  16.445  -42.281  63.199 0.0000000000
39715  21.370  -44.855  62.861 0.0000000000
121400  21.517  -44.721  61.953 0.0000000000
39703  20.830  -45.501  63.408 0.0000000000
136608  22.220  -43.223  67.452 0.0000000000
41325  22.504  -42.936  67.764 0.0000000000
41337  22.324  -43.324  66.906 0.0000000000
38760  20.304  -45.835  65.517 0.0000000000
38793  20.160  -46.415  64.499 0.0000000000
38777  20.047  -46.371  65.149 0.0000000000
119202  18.481  -45.700  66.808 0.0000000000
38749  18.542  -46.314  66.613 0.0000000000
39678  17.600  -45.666  66.844 0.0000000000
39668  17.326  -45.239  66.855 0.0000000000
41338  18.115  -43.759  66.576 0.0000000000
41328  17.404  -44.056  66.743 0.0000000000
41329  16.284  -43.880  66.804 0.0000000000
41330  15.379  -43.446  66.926 0.0000000000
42202  15.817  -43.178  66.776 0.0000000000
42255  16.265  -42.445  64.990 0.0000000000
42236  15.864  -42.441  66.014 0.0000000000
120264  15.395  -42.162  65.550 0.0000000000
116115  14.627  -41.877  65.562 0.0000000000
32837  4.384  -52.236  54.218 0.0000000000
35906  4.957  -50.255  55.091 0.0000000000
35905  5.365  -49.923  54.809 0.0000000000
36858  4.543  -48.520  56.771 0.0000000000
37909  5.150  -48.288  56.376 0.0000000000
38900  6.720  -47.833  56.166 0.0000000000
37907  6.754  -48.208  55.742 0.0000000000
37906  7.647  -47.702  55.699 0.0000000000
38883  8.856  -45.806  56.114 0.0000000000
40615  9.075  -44.084  55.180 0.0000000000
40607  9.239  -44.123  56.009 0.0000000000
124981  6.007  -45.152  60.986 0.0000000000
40578  7.380  -44.757  59.606 0.0000000000
42330  9.686  -42.404  57.535 0.0000000000
42331  9.488  -42.740  56.830 0.0000000000
41425  9.219  -43.754  57.616 0.0000000000
43342  7.679  -41.268  55.977 0.0000000000
43343  6.713  -41.650  56.286 0.0000000000
44346  6.836  -39.729  58.014 0.0000000000
124041  6.453  -40.294  57.793 0.0000000000
116811  17.959  -47.326  62.027 0.0000000000
37803  18.391  -47.393  61.406 0.0000000000
138352  17.745  -47.450  61.423 0.0000000000
33807  8.140  -51.085  61.323 0.0000000000
121806  5.460  -50.198  62.165 0.0000000000
34844  5.959  -50.304  62.327 0.0000000000
134302  5.672  -50.773  61.733 0.0000000000
32819  4.237  -51.807  55.295 0.0000000000
32829  4.290  -52.338  54.839 0.0000000000
33877  7.005  -51.714  52.439 0.0000000000
33888  8.110  -51.883  51.999 0.0000000000
36937  9.144  -48.890  53.126 0.0000000000
35936  9.512  -49.268  50.308 0.0000000000
120209  9.501  -49.835  51.705 0.0000000000
34957  9.620  -49.790  50.962 0.0000000000
117091  9.391  -51.251  50.816 0.0000000000
34972  8.996  -50.178  49.272 0.0000000000
36961  7.572  -48.608  49.230 0.0000000000
126784  7.604  -49.338  48.763 0.0000000000
35941  6.667  -49.003  48.729 0.0000000000
35942  6.065  -48.636  48.916 0.0000000000
40616  6.657  -43.551  54.434 0.0000000000
40617  5.671  -43.614  54.757 0.0000000000
40640  5.626  -44.102  53.222 0.0000000000
39811  5.310  -44.488  52.529 0.0000000000
127100  4.249  -42.320  53.282 0.0000000000
42408  4.141  -43.011  53.768 0.0000000000
124693  4.670  -43.824  52.560 0.0000000000
39823  5.032  -44.787  51.935 0.0000000000
38949  5.084  -45.068  51.468 0.0000000000
38948  5.353  -45.198  51.525 0.0000000000
38971  5.354  -45.605  50.832 0.0000000000
37988  5.123  -46.235  50.053 0.0000000000
38015  4.834  -46.544  49.285 0.0000000000
138158  5.269  -47.361  49.434 0.0000000000
127373  5.264  -47.538  49.252 0.0000000000
35943  5.548  -48.184  48.913 0.0000000000
36965  5.300  -47.842  48.901 0.0000000000
36968  4.986  -47.967  48.113 0.0000000000
36969  4.895  -47.488  48.667 0.0000000000
126211  4.496  -46.023  47.388 0.0000000000
39900  4.822  -45.735  45.998 0.0000000000
42455  4.572  -42.597  49.265 0.0000000000
133373  4.519  -44.134  49.241 0.0000000000
121108  4.576  -43.384  48.953 0.0000000000
41556  5.549  -43.747  47.367 0.0000000000
134829  5.207  -43.862  47.717 0.0000000000
40712  5.803  -44.483  46.831 0.0000000000
50845  8.774  -33.207  61.360 0.0000000000
50854  8.422  -34.136  60.862 0.0000000000
50057  7.671  -34.882  60.339 0.0000000000
117035  7.751  -34.961  59.332 0.0000000000
50076  6.730  -35.559  58.795 0.0000000000
50095  7.683  -35.316  56.645 0.0000000000
49229  6.358  -36.338  55.602 0.0000000000
49228  7.431  -35.829  55.045 0.0000000000
51769  6.222  -31.828  54.725 0.0000000000
51756  6.972  -31.496  55.441 0.0000000000
131888  7.776  -31.770  56.021 0.0000000000
51755  8.620  -32.498  56.340 0.0000000000
50904  7.437  -32.898  54.690 0.0000000000
50114  6.395  -34.758  52.626 0.0000000000
50113  7.043  -34.684  53.277 0.0000000000
125026  6.819  -35.981  53.337 0.0000000000
48323  6.060  -36.602  52.312 0.0000000000
48324  5.671  -37.476  52.297 0.0000000000
48334  5.910  -36.158  51.481 0.0000000000
49265  5.412  -35.470  50.242 0.0000000000
48348  5.462  -36.599  49.932 0.0000000000
137574  5.482  -37.150  49.566 0.0000000000
47443  5.354  -37.937  48.763 0.0000000000
124385  5.375  -37.202  48.724 0.0000000000
50953  5.472  -34.635  49.783 0.0000000000
43213  10.780  -42.103  65.319 0.0000000000
43224  10.687  -42.219  64.347 0.0000000000
116876  12.127  -42.252  63.696 0.0000000000
123725  12.861  -42.132  63.017 0.0000000000
43187  13.549  -42.257  66.994 0.0000000000
42192  13.213  -42.989  67.364 0.0000000000
42206  12.974  -42.658  67.224 0.0000000000
42207  11.995  -42.753  67.265 0.0000000000
119370  11.250  -42.710  67.195 0.0000000000
117741  9.953  -43.120  67.358 0.0000000000
43190  10.899  -42.411  66.899 0.0000000000
43201  10.856  -42.100  66.194 0.0000000000
122496  5.848  -50.271  45.989 0.0000000000
35981  5.827  -49.105  46.241 0.0000000000
37853  4.481  -48.317  59.040 0.0000000000
37852  4.736  -47.976  58.632 0.0000000000
39757  5.586  -46.412  60.125 0.0000000000
37796  4.117  -47.917  62.278 0.0000000000
120991  4.218  -49.185  60.029 0.0000000000
39801  9.304  -45.133  54.514 0.0000000000
40637  8.665  -44.442  53.767 0.0000000000
46377  3.901  -38.664  54.314 0.0000000000
45419  3.842  -39.225  53.866 0.0000000000
45431  4.218  -39.250  53.120 0.0000000000
45442  4.647  -39.641  52.248 0.0000000000
120574  4.634  -39.201  52.485 0.0000000000
46420  5.066  -39.257  51.622 0.0000000000
41355  5.807  -44.551  63.254 0.0000000000
41360  5.944  -44.168  62.678 0.0000000000
42284  7.545  -42.765  62.266 0.0000000000
43276  10.946  -41.754  61.369 0.0000000000
119413  11.072  -41.655  60.396 0.0000000000
43311  11.626  -41.480  58.543 0.0000000000
132422  12.359  -41.350  58.409 0.0000000000
37722  17.611  -47.222  66.039 0.0000000000
37723  16.827  -47.171  66.177 0.0000000000
37724  16.074  -47.260  65.863 0.0000000000
37736  15.230  -47.237  65.347 0.0000000000
38755  12.305  -46.076  67.140 0.0000000000
38769  12.680  -46.671  66.469 0.0000000000
38770  11.782  -46.673  66.489 0.0000000000
139204  11.729  -47.305  64.423 0.0000000000
37764  8.860  -47.934  64.947 0.0000000000
37742  8.068  -47.414  65.325 0.0000000000
40516  7.595  -44.450  66.450 0.0000000000
39689  7.255  -45.072  66.585 0.0000000000
40517  6.812  -44.731  66.080 0.0000000000
40518  6.196  -45.086  65.516 0.0000000000
40522  5.768  -45.231  64.766 0.0000000000
39696  5.481  -45.870  64.623 0.0000000000
40525  5.786  -44.822  64.039 0.0000000000
40528  5.512  -45.179  63.397 0.0000000000
43302  4.458  -40.839  58.948 0.0000000000
44327  4.351  -40.335  59.428 0.0000000000
47290  5.045  -37.381  60.498 0.0000000000
122645  4.504  -38.078  60.390 0.0000000000
136279  4.679  -37.553  59.874 0.0000000000
47299  4.658  -37.431  59.147 0.0000000000
47315  4.626  -37.323  58.328 0.0000000000
47331  4.297  -37.654  57.259 0.0000000000
48278  5.053  -36.956  57.967 0.0000000000
49214  5.309  -36.662  57.804 0.0000000000
138639  21.827  -44.140  63.743 0.0000000000
40507  21.478  -43.800  67.230 0.0000000000
118798  19.726  -45.842  66.356 0.0000000000
39666  18.909  -44.813  67.085 0.0000000000
42219  16.335  -42.942  66.409 0.0000000000
139131  4.306  -51.497  54.999 0.0000000000
117283  4.419  -51.132  55.136 0.0000000000
35907  4.603  -50.525  55.459 0.0000000000
127448  5.697  -47.428  57.437 0.0000000000
39775  8.891  -44.884  56.911 0.0000000000
41366  7.370  -43.544  60.443 0.0000000000
41383  6.980  -44.271  60.308 0.0000000000
130631  8.880  -41.915  55.852 0.0000000000
43329  6.920  -40.850  56.618 0.0000000000
37805  16.496  -47.395  61.485 0.0000000000
37804  17.232  -47.474  61.107 0.0000000000
34842  7.431  -50.293  62.578 0.0000000000
34861  6.916  -50.769  62.095 0.0000000000
33836  4.361  -51.454  58.238 0.0000000000
118022  4.199  -51.759  55.852 0.0000000000
34946  5.151  -50.802  53.769 0.0000000000
34954  5.562  -51.174  53.240 0.0000000000
35931  6.085  -50.603  53.599 0.0000000000
37968  9.644  -46.702  51.762 0.0000000000
36936  9.749  -47.996  52.056 0.0000000000
125270  9.557  -47.373  51.085 0.0000000000
36953  9.497  -48.548  50.433 0.0000000000
35939  9.169  -49.481  49.667 0.0000000000
36960  8.947  -48.625  49.684 0.0000000000
41445  4.333  -43.343  56.205 0.0000000000
127361  4.925  -43.667  54.987 0.0000000000
41464  4.437  -43.587  55.464 0.0000000000
40618  4.494  -43.640  54.623 0.0000000000
40630  4.703  -43.711  53.723 0.0000000000
121759  4.443  -43.263  52.056 0.0000000000
136097  4.543  -43.582  52.314 0.0000000000
41502  4.584  -43.932  51.805 0.0000000000
130874  4.773  -44.582  51.281 0.0000000000
38990  5.168  -46.006  50.144 0.0000000000
38991  5.081  -45.749  50.186 0.0000000000
39004  4.971  -45.995  49.729 0.0000000000
38025  4.717  -46.855  48.922 0.0000000000
39013  4.626  -46.067  49.028 0.0000000000
39866  4.543  -45.699  48.886 0.0000000000
39874  4.511  -45.594  48.004 0.0000000000
42463  4.624  -42.399  48.542 0.0000000000
42462  4.775  -42.265  47.910 0.0000000000
42478  5.620  -42.835  47.234 0.0000000000
50074  8.675  -34.212  58.835 0.0000000000
50075  8.005  -34.930  58.294 0.0000000000
50085  8.917  -34.114  57.819 0.0000000000
50094  8.545  -34.579  56.121 0.0000000000
51779  6.474  -32.709  54.293 0.0000000000
50920  6.104  -33.673  53.051 0.0000000000
50122  5.824  -34.749  52.089 0.0000000000
49249  5.993  -35.610  51.922 0.0000000000
49250  5.597  -34.869  51.556 0.0000000000
49256  5.482  -35.133  50.929 0.0000000000
49272  5.344  -35.763  49.521 0.0000000000
42258  7.771  -42.744  64.486 0.0000000000
128926  8.235  -42.456  63.848 0.0000000000
42271  9.033  -42.195  63.587 0.0000000000
123822  10.657  -42.146  62.723 0.0000000000
43256  11.121  -42.064  62.218 0.0000000000
39671  15.107  -44.901  67.155 0.0000000000
121742  15.177  -45.419  67.164 0.0000000000
39681  14.427  -45.115  67.372 0.0000000000
39672  13.764  -44.784  67.503 0.0000000000
140197  13.168  -44.894  67.653 0.0000000000
41318  12.496  -43.480  67.456 0.0000000000
40503  12.133  -44.225  67.559 0.0000000000
39683  11.892  -45.333  67.534 0.0000000000
39684  10.928  -45.261  67.537 0.0000000000
38757  10.395  -45.941  67.219 0.0000000000
38758  9.452  -45.803  67.234 0.0000000000
38773  8.928  -46.378  66.768 0.0000000000
39686  9.293  -45.147  67.395 0.0000000000
40512  9.067  -44.764  67.310 0.0000000000
118952  8.448  -44.817  67.081 0.0000000000
42209  9.393  -43.099  67.208 0.0000000000
41339  8.712  -43.401  66.876 0.0000000000
41340  7.996  -43.740  66.376 0.0000000000
41346  7.601  -43.437  65.767 0.0000000000
45297  5.501  -39.160  61.566 0.0000000000
45305  5.252  -39.467  61.094 0.0000000000
45292  5.506  -38.802  61.796 0.0000000000
46283  5.337  -38.367  61.740 0.0000000000
47274  5.411  -37.593  61.986 0.0000000000
47261  5.785  -37.409  63.364 0.0000000000
47273  5.571  -37.319  62.590 0.0000000000
48249  5.523  -37.024  62.135 0.0000000000
48256  5.709  -36.517  61.820 0.0000000000
120739  5.931  -36.051  61.494 0.0000000000
49185  5.949  -36.011  60.613 0.0000000000
35881  4.154  -49.635  56.878 0.0000000000
36836  4.429  -48.238  57.409 0.0000000000
37872  4.701  -47.898  57.916 0.0000000000
38871  5.243  -47.507  57.967 0.0000000000
39764  7.194  -45.934  58.524 0.0000000000
43313  10.106  -42.147  58.971 0.0000000000
120301  10.007  -42.205  58.056 0.0000000000
44393  10.146  -40.015  56.348 0.0000000000
45356  8.342  -39.115  57.193 0.0000000000
35800  5.975  -48.651  63.365 0.0000000000
34827  5.734  -49.352  62.904 0.0000000000
34845  5.313  -49.652  62.478 0.0000000000
35825  4.870  -49.875  62.015 0.0000000000
35817  4.459  -49.235  61.925 0.0000000000
34876  4.675  -50.560  61.055 0.0000000000
33821  4.569  -51.166  59.925 0.0000000000
35849  4.101  -49.675  59.387 0.0000000000
130209  4.001  -50.079  58.843 0.0000000000
34903  3.987  -50.108  58.118 0.0000000000
36899  7.829  -48.583  54.641 0.0000000000
36898  8.982  -47.860  54.066 0.0000000000
37950  9.663  -46.728  53.055 0.0000000000
39818  9.543  -45.820  53.276 0.0000000000
121252  3.760  -41.537  55.309 0.0000000000
135320  3.862  -42.101  54.825 0.0000000000
127099  4.414  -42.475  52.438 0.0000000000
42447  4.480  -43.578  50.559 0.0000000000
120202  4.556  -42.772  50.044 0.0000000000
43437  4.667  -41.783  49.515 0.0000000000
44469  5.055  -40.495  50.347 0.0000000000
126650  4.885  -41.060  49.821 0.0000000000
43451  4.791  -40.858  49.119 0.0000000000
44485  4.829  -40.141  48.929 0.0000000000
44501  4.635  -40.565  48.479 0.0000000000
138025  4.781  -39.642  48.577 0.0000000000
52734  5.179  -31.767  53.406 0.0000000000
130348  4.805  -33.009  52.336 0.0000000000
51806  4.762  -32.901  51.723 0.0000000000
51823  5.971  -32.576  50.628 0.0000000000
34998  6.028  -50.686  47.454 0.0000000000
39745  5.281  -46.024  61.179 0.0000000000
41368  6.159  -44.486  61.378 0.0000000000
139999  6.082  -43.979  62.277 0.0000000000
41367  6.682  -43.904  60.950 0.0000000000
42283  8.290  -42.358  62.205 0.0000000000
132249  10.218  -41.772  61.336 0.0000000000
43277  9.644  -41.860  61.561 0.0000000000
43289  9.084  -42.074  61.117 0.0000000000
42300  9.152  -42.228  60.313 0.0000000000
37776  19.254  -47.199  63.087 0.0000000000
116815  18.259  -47.290  62.822 0.0000000000
37792  17.430  -47.390  62.558 0.0000000000
37756  17.188  -47.433  64.325 0.0000000000
37778  16.656  -47.368  63.586 0.0000000000
116810  16.701  -47.413  62.319 0.0000000000
116813  16.233  -47.307  62.914 0.0000000000
116808  14.852  -47.133  62.037 0.0000000000
38767  14.551  -46.719  66.464 0.0000000000
37737  14.347  -47.145  65.076 0.0000000000
120012  13.025  -47.072  65.657 0.0000000000
37738  13.569  -47.104  65.133 0.0000000000
37759  14.529  -47.012  64.262 0.0000000000
132226  14.612  -46.973  62.871 0.0000000000
37795  11.589  -47.711  62.813 0.0000000000
36741  9.198  -48.864  63.784 0.0000000000
35808  7.818  -49.262  63.538 0.0000000000
35799  7.067  -49.009  63.533 0.0000000000
134583  6.497  -48.627  63.523 0.0000000000
37726  8.468  -46.866  66.117 0.0000000000
37727  7.634  -46.662  65.940 0.0000000000
38775  6.682  -45.910  65.918 0.0000000000
37728  6.931  -46.461  65.675 0.0000000000
37743  7.210  -47.079  65.183 0.0000000000
36716  6.750  -47.461  64.483 0.0000000000
36730  6.224  -47.904  63.879 0.0000000000
36731  5.602  -47.994  63.577 0.0000000000
37785  4.806  -47.444  63.553 0.0000000000
121888  4.903  -46.329  63.776 0.0000000000
38808  4.557  -46.810  63.296 0.0000000000
38819  4.381  -46.980  62.338 0.0000000000
130322  4.595  -46.693  61.548 0.0000000000
41443  6.157  -42.918  55.661 0.0000000000
41426  4.699  -42.995  56.684 0.0000000000
42352  4.121  -42.906  56.747 0.0000000000
42353  3.865  -42.892  56.207 0.0000000000
126879  3.740  -41.974  56.247 0.0000000000
45306  4.815  -39.487  60.727 0.0000000000
44309  4.219  -39.892  59.758 0.0000000000
44328  4.004  -40.145  59.290 0.0000000000
45337  3.772  -39.556  58.965 0.0000000000
44350  3.830  -40.345  58.606 0.0000000000
44407  3.656  -40.757  55.897 0.0000000000
45394  3.629  -39.709  55.908 0.0000000000
127356  3.799  -39.117  55.124 0.0000000000
46351  4.159  -37.985  56.577 0.0000000000
120061  4.153  -38.008  55.777 0.0000000000
46366  4.009  -38.339  55.137 0.0000000000
48308  5.128  -37.217  54.643 0.0000000000
116702  13.910  -41.799  65.204 0.0000000000
137688  14.394  -42.254  63.672 0.0000000000
137096  15.513  -42.271  63.210 0.0000000000
37791  20.056  -46.763  63.022 0.0000000000
137886  23.390  -42.752  66.674 0.0000000000
40524  21.949  -43.993  64.375 0.0000000000
40520  21.274  -44.623  65.674 0.0000000000
125795  20.841  -45.375  64.331 0.0000000000
38792  20.428  -46.045  64.016 0.0000000000
37753  20.121  -46.665  63.808 0.0000000000
37775  19.832  -46.991  63.578 0.0000000000
38748  19.096  -46.141  66.503 0.0000000000
38763  18.916  -46.696  66.314 0.0000000000
38764  18.196  -46.743  66.501 0.0000000000
38765  17.362  -46.673  66.571 0.0000000000
38751  17.059  -46.050  66.846 0.0000000000
39680  15.894  -45.339  67.004 0.0000000000
41313  18.853  -44.276  67.069 0.0000000000
41327  18.606  -43.990  66.934 0.0000000000
40497  17.995  -44.850  66.922 0.0000000000
40498  17.122  -44.803  66.835 0.0000000000
39669  16.515  -45.098  66.899 0.0000000000
39670  15.823  -44.900  66.981 0.0000000000
40500  15.406  -44.433  66.991 0.0000000000
41315  15.025  -43.799  67.081 0.0000000000
42204  14.427  -42.693  67.087 0.0000000000
42220  15.410  -42.613  66.618 0.0000000000
42221  14.737  -42.387  66.812 0.0000000000
43197  14.239  -41.941  66.557 0.0000000000
43209  13.854  -41.717  65.882 0.0000000000
34948  4.466  -51.363  54.405 0.0000000000
34947  4.721  -50.973  54.061 0.0000000000
139642  4.983  -50.631  54.067 0.0000000000
36920  6.091  -49.587  54.575 0.0000000000
133257  6.640  -48.941  54.889 0.0000000000
36878  5.414  -48.774  55.711 0.0000000000
38898  9.016  -46.158  55.452 0.0000000000
136249  5.523  -46.040  60.739 0.0000000000
39756  6.096  -46.047  59.834 0.0000000000
40579  6.455  -45.174  60.231 0.0000000000
41405  8.866  -43.783  58.721 0.0000000000
139922  8.437  -45.381  57.686 0.0000000000
41442  9.146  -43.395  55.937 0.0000000000
132902  6.490  -40.682  57.306 0.0000000000
43314  5.723  -40.912  57.963 0.0000000000
44306  6.305  -39.820  60.367 0.0000000000
45335  7.329  -39.190  58.438 0.0000000000
46302  7.914  -38.760  59.945 0.0000000000
45317  7.114  -39.308  59.498 0.0000000000
45296  6.043  -39.199  61.802 0.0000000000
43237  13.734  -42.171  63.616 0.0000000000
37802  19.172  -47.225  61.445 0.0000000000
119512  18.782  -47.463  60.701 0.0000000000
122949  18.451  -47.553  59.965 0.0000000000
117871  17.273  -47.488  60.468 0.0000000000
33808  7.248  -51.242  61.490 0.0000000000
116384  6.059  -51.583  52.752 0.0000000000
35919  8.012  -49.539  53.732 0.0000000000
125477  8.529  -50.328  52.715 0.0000000000
35928  9.559  -49.140  52.159 0.0000000000
140168  9.167  -49.925  52.391 0.0000000000
34959  8.920  -51.232  51.742 0.0000000000
33887  8.839  -52.048  51.270 0.0000000000
33903  9.180  -52.103  50.337 0.0000000000
34973  8.123  -50.017  48.619 0.0000000000
34987  6.106  -49.972  47.823 0.0000000000
40627  7.225  -43.828  53.923 0.0000000000
40639  6.714  -44.149  53.304 0.0000000000
39809  7.425  -44.550  52.795 0.0000000000
39820  6.929  -45.019  52.201 0.0000000000
41489  4.556  -43.531  53.359 0.0000000000
40649  4.866  -44.436  52.079 0.0000000000
39812  5.045  -44.471  52.385 0.0000000000
38970  5.768  -45.643  51.004 0.0000000000
37986  6.825  -45.983  50.825 0.0000000000
38002  6.531  -46.945  50.239 0.0000000000
36956  5.995  -47.560  49.749 0.0000000000
38004  5.226  -46.718  49.851 0.0000000000
36957  5.190  -47.217  49.542 0.0000000000
35950  5.916  -48.996  48.379 0.0000000000
34988  5.985  -49.628  47.897 0.0000000000
35959  5.604  -48.967  47.742 0.0000000000
36976  5.176  -48.340  47.405 0.0000000000
36995  5.380  -48.343  46.508 0.0000000000
40687  4.479  -44.740  49.002 0.0000000000
40714  4.868  -45.176  47.483 0.0000000000
41536  4.873  -43.335  48.210 0.0000000000
41557  4.939  -44.400  47.904 0.0000000000
39890  4.920  -45.492  46.649 0.0000000000
39889  5.290  -45.319  46.363 0.0000000000
121550  6.484  -35.643  63.013 0.0000000000
50035  6.191  -35.690  61.173 0.0000000000
50042  7.633  -34.731  61.320 0.0000000000
50043  6.760  -35.334  60.786 0.0000000000
50044  6.196  -35.808  60.252 0.0000000000
50059  6.112  -35.921  59.378 0.0000000000
137196  5.980  -36.000  58.734 0.0000000000
49213  5.639  -36.271  57.614 0.0000000000
50087  7.236  -35.415  57.720 0.0000000000
49212  6.462  -35.792  57.194 0.0000000000
49221  5.858  -36.231  56.696 0.0000000000
48302  5.684  -36.828  55.090 0.0000000000
48316  5.245  -37.491  53.801 0.0000000000
50896  8.614  -33.548  55.682 0.0000000000
50100  8.325  -34.401  55.196 0.0000000000
50911  7.505  -33.570  54.274 0.0000000000
50106  8.036  -34.231  54.546 0.0000000000
49227  7.991  -35.035  54.674 0.0000000000
48307  6.073  -36.918  54.064 0.0000000000
47402  5.416  -38.079  51.471 0.0000000000
46433  5.443  -38.262  50.876 0.0000000000
48347  5.571  -37.406  50.690 0.0000000000
46434  5.387  -38.502  50.109 0.0000000000
126378  5.323  -38.453  49.318 0.0000000000
123669  5.113  -38.770  48.897 0.0000000000
45490  4.747  -39.291  48.252 0.0000000000
50932  4.934  -34.024  51.034 0.0000000000
50132  5.371  -35.047  50.027 0.0000000000
48372  5.269  -36.528  48.446 0.0000000000
119085  5.120  -37.476  47.921 0.0000000000
45511  4.691  -39.231  47.813 0.0000000000
34951  9.044  -50.506  52.125 0.0000000000
35934  9.691  -49.131  51.118 0.0000000000
37740  11.673  -47.281  64.985 0.0000000000
37930  6.216  -48.633  55.427 0.0000000000
38014  5.151  -47.017  49.557 0.0000000000
38754  13.235  -46.011  67.123 0.0000000000
38779  14.672  -47.169  65.855 0.0000000000
38795  5.262  -46.396  64.305 0.0000000000
38817  20.161  -46.623  61.699 0.0000000000
38969  8.064  -46.067  50.930 0.0000000000
39673  12.432  -44.805  67.684 0.0000000000
39676  9.908  -44.818  67.531 0.0000000000
39687  8.529  -45.271  67.138 0.0000000000
39688  7.847  -45.253  66.883 0.0000000000
39695  5.887  -45.699  65.180 0.0000000000
39698  5.180  -45.985  64.091 0.0000000000
39704  5.105  -45.741  63.426 0.0000000000
39821  5.714  -44.924  52.107 0.0000000000
40510  17.818  -44.450  66.810 0.0000000000
40700  4.656  -44.929  48.290 0.0000000000
41314  15.651  -44.008  66.917 0.0000000000
41319  10.992  -43.528  67.466 0.0000000000
41331  14.708  -43.182  67.116 0.0000000000
41333  9.138  -43.642  67.161 0.0000000000
41334  8.456  -44.167  66.842 0.0000000000
41347  6.957  -43.792  65.262 0.0000000000
41356  5.535  -45.081  62.863 0.0000000000
41361  5.674  -44.823  62.531 0.0000000000
41364  5.872  -44.493  62.044 0.0000000000
42205  13.761  -42.635  67.173 0.0000000000
42208  10.557  -42.904  67.305 0.0000000000
42222  10.085  -42.732  67.119 0.0000000000
42240  6.747  -43.565  64.627 0.0000000000
42292  8.526  -42.254  61.467 0.0000000000
43186  14.186  -42.366  66.993 0.0000000000
43188  12.654  -42.271  66.991 0.0000000000
43189  11.797  -42.327  66.949 0.0000000000
43221  13.451  -41.964  64.534 0.0000000000
43236  15.010  -42.311  63.630 0.0000000000
44519  4.567  -39.878  48.102 0.0000000000
46419  5.122  -38.718  51.888 0.0000000000
46471  4.965  -38.884  48.448 0.0000000000
46492  4.880  -38.835  48.129 0.0000000000
47316  4.155  -37.758  57.965 0.0000000000
47364  4.524  -37.660  54.670 0.0000000000
47429  5.457  -37.679  49.335 0.0000000000
48257  5.373  -37.038  61.339 0.0000000000
48261  5.675  -36.362  60.988 0.0000000000
48289  4.608  -37.287  57.591 0.0000000000
48409  5.017  -36.880  47.460 0.0000000000
50107  7.662  -34.482  53.965 0.0000000000
50863  9.069  -33.317  59.362 0.0000000000
50913  5.451  -32.562  53.641 0.0000000000
50939  5.227  -34.260  50.462 0.0000000000
51754  9.027  -32.813  57.119 0.0000000000
51767  7.886  -32.533  55.341 0.0000000000
116688  8.864  -42.658  66.117 0.0000000000
116814  16.909  -47.402  62.957 0.0000000000
119238  8.905  -42.920  66.805 0.0000000000
119941  9.932  -43.956  67.438 0.0000000000
121023  6.531  -44.037  64.841 0.0000000000
123132  5.242  -37.196  48.233 0.0000000000
123270  4.280  -39.798  52.836 0.0000000000
123967  3.715  -39.860  54.317 0.0000000000
126676  10.418  -43.889  67.462 0.0000000000
127512  12.975  -43.982  67.436 0.0000000000
128435  5.072  -32.591  52.966 0.0000000000
128647  19.535  -47.042  62.264 0.0000000000
129311  4.835  -39.388  47.076 0.0000000000
129384  11.755  -43.216  67.451 0.0000000000
130201  21.788  -44.183  63.202 0.0000000000
131144  14.358  -44.682  67.320 0.0000000000
131211  5.690  -37.400  52.936 0.0000000000
131767  4.999  -41.492  46.988 0.0000000000
135297  8.953  -44.295  67.153 0.0000000000
138939  6.299  -45.629  65.630 0.0000000000
139473  20.862  -45.327  64.928 0.0000000000
