#!ascii label  , from subject sub-v1s13x0050035_ses-1 vox2ras=TkReg
792
40637  -18.238  -27.391  68.285 0.0000000000
56689  -39.401  -11.447  61.541 0.0000000000
64895  -40.767  -3.747  56.086 0.0000000000
64981  -49.927  -3.452  51.594 0.0000000000
138888  -39.634  -16.159  60.501 0.0000000000
64935  -45.656  -3.471  53.613 0.0000000000
123903  -50.815  -4.474  43.402 0.0000000000
66949  -55.447  -1.055  42.092 0.0000000000
58580  -43.096  -10.064  60.880 0.0000000000
62848  -42.044  -5.208  60.040 0.0000000000
61810  -38.239  -5.804  59.766 0.0000000000
43727  -21.557  -24.051  70.348 0.0000000000
42711  -24.662  -25.012  68.731 0.0000000000
42724  -28.055  -25.652  67.435 0.0000000000
44815  -32.685  -24.532  66.376 0.0000000000
46906  -36.822  -21.745  64.640 0.0000000000
49001  -40.221  -19.430  63.306 0.0000000000
53167  -42.176  -15.545  61.759 0.0000000000
61823  -45.876  -5.810  58.221 0.0000000000
66969  -57.463  -0.638  39.985 0.0000000000
57587  -40.055  -10.610  63.003 0.0000000000
60636  -39.442  -7.788  62.980 0.0000000000
59582  -38.872  -8.270  60.396 0.0000000000
44796  -20.546  -23.253  68.044 0.0000000000
43734  -22.797  -24.113  69.748 0.0000000000
48013  -36.462  -21.104  62.651 0.0000000000
46918  -38.647  -21.039  63.846 0.0000000000
49015  -38.783  -19.510  62.841 0.0000000000
54910  -39.863  -13.342  60.730 0.0000000000
53155  -40.548  -16.034  62.319 0.0000000000
54896  -40.674  -13.607  62.257 0.0000000000
54903  -42.661  -13.268  61.572 0.0000000000
65821  -41.792  -2.534  59.808 0.0000000000
62850  -43.803  -4.731  59.237 0.0000000000
65853  -43.803  -2.476  57.737 0.0000000000
63979  -48.094  -3.900  52.593 0.0000000000
63933  -48.620  -3.956  55.577 0.0000000000
62925  -50.837  -5.080  53.660 0.0000000000
62952  -52.177  -5.558  51.891 0.0000000000
64108  -53.206  -3.674  44.275 0.0000000000
64070  -52.164  -4.269  45.750 0.0000000000
132109  -38.955  -18.547  60.537 0.0000000000
62976  -46.269  -5.164  49.748 0.0000000000
65100  -52.162  -2.528  42.130 0.0000000000
64110  -54.857  -3.583  43.914 0.0000000000
64166  -55.567  -3.651  39.922 0.0000000000
57629  -43.457  -10.702  58.627 0.0000000000
126768  -42.036  -7.911  61.065 0.0000000000
63858  -39.566  -5.110  61.209 0.0000000000
42701  -20.089  -25.652  69.998 0.0000000000
41655  -24.906  -26.292  66.384 0.0000000000
42722  -26.154  -25.263  68.061 0.0000000000
41657  -26.580  -27.119  65.801 0.0000000000
40658  -29.674  -27.052  65.886 0.0000000000
41677  -32.125  -26.420  65.355 0.0000000000
41680  -34.189  -25.680  64.336 0.0000000000
45840  -34.715  -23.284  65.583 0.0000000000
123143  -38.306  -23.402  62.944 0.0000000000
50051  -39.644  -17.902  62.788 0.0000000000
50052  -41.546  -18.212  62.749 0.0000000000
50076  -43.385  -18.389  60.193 0.0000000000
52165  -44.112  -15.917  59.838 0.0000000000
54916  -43.925  -13.219  59.301 0.0000000000
65871  -46.374  -2.933  56.389 0.0000000000
125926  -50.390  -4.321  46.878 0.0000000000
64999  -52.624  -3.535  49.877 0.0000000000
41605  -18.717  -26.721  69.825 0.0000000000
57599  -39.433  -10.700  62.610 0.0000000000
58564  -38.947  -9.114  62.756 0.0000000000
58587  -39.283  -9.840  60.381 0.0000000000
48028  -36.997  -21.084  61.743 0.0000000000
49014  -38.139  -20.178  62.762 0.0000000000
48030  -38.384  -19.979  61.056 0.0000000000
55768  -39.647  -12.566  60.963 0.0000000000
54901  -40.365  -13.993  61.805 0.0000000000
55751  -40.016  -12.279  62.278 0.0000000000
140562  -40.427  -12.170  62.598 0.0000000000
65837  -42.679  -2.476  58.882 0.0000000000
65851  -41.987  -2.410  57.336 0.0000000000
64980  -49.367  -3.514  52.191 0.0000000000
64938  -49.102  -3.337  53.346 0.0000000000
64961  -50.585  -3.392  52.493 0.0000000000
63960  -51.634  -4.585  52.552 0.0000000000
63981  -51.844  -3.988  51.916 0.0000000000
63034  -54.146  -5.097  44.730 0.0000000000
139775  -53.941  -4.181  45.517 0.0000000000
61991  -54.019  -6.072  45.548 0.0000000000
65995  -51.803  -2.507  41.208 0.0000000000
65996  -53.759  -1.677  42.190 0.0000000000
65983  -53.830  -2.467  43.612 0.0000000000
65992  -55.216  -1.750  43.295 0.0000000000
64130  -55.125  -3.727  43.304 0.0000000000
124900  -56.074  -1.795  42.953 0.0000000000
127723  -56.457  -2.822  40.348 0.0000000000
58600  -43.418  -10.122  59.876 0.0000000000
58599  -43.185  -9.304  59.855 0.0000000000
58579  -42.532  -9.366  61.251 0.0000000000
61791  -38.869  -6.145  61.468 0.0000000000
61782  -39.627  -6.368  61.891 0.0000000000
63866  -38.987  -4.885  60.974 0.0000000000
64843  -39.190  -4.001  59.994 0.0000000000
63885  -37.917  -4.921  59.012 0.0000000000
117877  -20.979  -25.255  69.479 0.0000000000
42702  -21.580  -24.645  69.936 0.0000000000
43742  -23.436  -24.373  69.288 0.0000000000
43768  -26.990  -24.841  67.253 0.0000000000
42723  -27.077  -25.531  67.711 0.0000000000
41624  -26.977  -26.240  67.430 0.0000000000
41640  -27.597  -26.751  66.941 0.0000000000
40657  -28.238  -27.451  65.541 0.0000000000
40646  -29.079  -26.433  66.962 0.0000000000
42741  -32.426  -25.743  66.234 0.0000000000
141970  -33.292  -25.981  65.191 0.0000000000
136265  -33.683  -25.148  65.715 0.0000000000
46915  -35.429  -21.528  64.140 0.0000000000
46905  -34.614  -21.896  64.378 0.0000000000
126380  -35.784  -22.568  65.162 0.0000000000
43797  -35.587  -24.366  64.884 0.0000000000
44852  -36.856  -23.324  64.561 0.0000000000
43815  -37.387  -24.212  62.859 0.0000000000
44853  -37.521  -23.163  64.104 0.0000000000
131687  -39.251  -20.656  63.663 0.0000000000
46919  -39.268  -21.474  63.593 0.0000000000
46930  -40.492  -21.209  62.501 0.0000000000
48016  -41.028  -20.455  62.495 0.0000000000
50075  -39.053  -18.241  61.390 0.0000000000
52146  -39.716  -17.305  62.186 0.0000000000
53156  -41.038  -16.009  62.581 0.0000000000
52120  -40.919  -16.886  63.017 0.0000000000
51098  -42.010  -17.115  62.149 0.0000000000
50065  -42.745  -18.409  61.418 0.0000000000
52147  -42.645  -16.809  61.365 0.0000000000
53179  -43.200  -15.541  60.815 0.0000000000
56684  -43.088  -11.680  61.100 0.0000000000
54911  -43.545  -13.120  60.510 0.0000000000
56690  -43.397  -11.570  60.631 0.0000000000
56702  -43.631  -11.626  59.009 0.0000000000
44772  -20.247  -23.416  70.454 0.0000000000
44763  -20.651  -23.642  71.023 0.0000000000
42689  -20.247  -24.783  71.710 0.0000000000
60690  -42.090  -6.838  59.240 0.0000000000
61820  -42.182  -6.545  58.664 0.0000000000
62861  -45.190  -5.168  58.546 0.0000000000
64915  -43.908  -2.877  53.987 0.0000000000
65882  -44.573  -2.434  55.751 0.0000000000
65897  -45.490  -2.702  55.174 0.0000000000
62895  -49.354  -5.241  55.554 0.0000000000
140844  -48.873  -5.588  56.085 0.0000000000
121790  -52.869  -3.891  46.603 0.0000000000
64057  -51.398  -4.203  46.566 0.0000000000
64048  -52.177  -3.781  47.441 0.0000000000
64037  -51.587  -3.781  48.159 0.0000000000
65011  -53.095  -3.621  49.110 0.0000000000
62977  -53.244  -5.045  49.995 0.0000000000
66966  -54.218  -1.473  40.459 0.0000000000
66958  -56.362  -0.630  40.800 0.0000000000
66974  -55.792  -1.173  39.020 0.0000000000
66975  -56.913  -0.804  38.697 0.0000000000
57600  -41.731  -10.466  62.193 0.0000000000
58568  -41.851  -9.057  61.934 0.0000000000
58556  -39.608  -9.227  63.054 0.0000000000
122465  -38.720  -7.644  61.970 0.0000000000
60689  -38.704  -7.361  59.779 0.0000000000
127343  -21.272  -23.361  69.632 0.0000000000
43733  -22.150  -24.056  69.978 0.0000000000
44799  -23.558  -23.632  67.986 0.0000000000
122218  -36.358  -21.436  64.119 0.0000000000
46907  -37.556  -21.726  64.388 0.0000000000
47998  -37.772  -20.675  63.465 0.0000000000
47999  -38.441  -20.420  63.613 0.0000000000
48999  -38.968  -19.681  63.269 0.0000000000
118607  -39.901  -15.189  60.424 0.0000000000
53177  -40.187  -15.828  61.728 0.0000000000
54071  -40.349  -14.503  61.699 0.0000000000
54059  -40.727  -14.514  62.197 0.0000000000
54902  -41.355  -14.099  62.262 0.0000000000
54067  -42.716  -14.217  61.427 0.0000000000
132212  -41.684  -13.249  62.175 0.0000000000
56677  -41.805  -11.875  62.191 0.0000000000
44784  -19.976  -23.301  68.538 0.0000000000
64824  -41.909  -3.805  60.458 0.0000000000
62849  -42.950  -4.832  59.674 0.0000000000
64846  -43.138  -2.982  59.510 0.0000000000
64847  -43.894  -3.395  59.048 0.0000000000
64858  -45.177  -3.610  58.298 0.0000000000
64957  -46.416  -3.821  53.090 0.0000000000
136605  -47.079  -3.150  54.785 0.0000000000
123585  -48.550  -3.361  54.212 0.0000000000
63946  -49.659  -3.914  54.526 0.0000000000
64107  -51.842  -4.205  43.794 0.0000000000
117853  -51.215  -4.683  44.080 0.0000000000
121377  -52.693  -4.208  45.212 0.0000000000
64058  -53.800  -4.152  46.557 0.0000000000
126841  -39.555  -11.922  59.376 0.0000000000
55779  -39.566  -12.715  58.992 0.0000000000
64896  -41.427  -3.272  55.507 0.0000000000
63976  -44.913  -4.181  52.324 0.0000000000
63993  -45.431  -4.738  51.669 0.0000000000
64010  -46.848  -4.841  51.010 0.0000000000
64012  -48.630  -4.229  50.680 0.0000000000
64128  -51.247  -3.824  42.977 0.0000000000
65081  -53.216  -3.067  43.773 0.0000000000
137888  -54.515  -3.520  44.224 0.0000000000
63052  -54.114  -5.090  43.895 0.0000000000
66006  -56.757  -1.622  41.587 0.0000000000
65109  -55.704  -3.334  40.942 0.0000000000
58608  -42.976  -9.149  58.817 0.0000000000
59595  -42.695  -8.361  59.409 0.0000000000
61802  -41.733  -6.357  60.487 0.0000000000
60650  -40.938  -7.594  62.174 0.0000000000
60666  -41.114  -6.774  61.584 0.0000000000
62833  -41.267  -5.280  60.772 0.0000000000
64822  -40.612  -3.815  60.560 0.0000000000
64855  -40.307  -3.199  59.105 0.0000000000
133154  -39.141  -9.108  58.947 0.0000000000
60701  -38.522  -7.535  58.635 0.0000000000
62871  -37.173  -5.665  57.712 0.0000000000
41606  -19.401  -26.225  69.450 0.0000000000
41613  -19.413  -26.278  68.509 0.0000000000
120043  -25.196  -26.566  65.534 0.0000000000
44809  -23.337  -23.619  67.020 0.0000000000
44800  -24.176  -24.227  68.315 0.0000000000
42721  -25.371  -25.114  68.360 0.0000000000
41656  -25.987  -26.846  66.153 0.0000000000
40679  -29.657  -27.364  64.120 0.0000000000
40670  -31.196  -26.739  64.277 0.0000000000
45838  -33.069  -23.106  65.542 0.0000000000
45853  -33.568  -22.545  65.048 0.0000000000
44833  -34.139  -23.940  65.859 0.0000000000
43796  -34.795  -24.942  65.100 0.0000000000
42764  -35.160  -25.113  64.389 0.0000000000
44867  -38.669  -22.794  63.275 0.0000000000
50074  -38.772  -19.164  61.104 0.0000000000
50050  -39.390  -18.764  62.903 0.0000000000
50036  -39.821  -18.303  63.232 0.0000000000
52131  -39.999  -17.212  62.595 0.0000000000
50037  -40.310  -18.081  63.384 0.0000000000
49002  -40.901  -18.824  63.203 0.0000000000
49018  -41.828  -19.027  62.396 0.0000000000
49038  -42.689  -19.740  60.789 0.0000000000
52199  -43.967  -15.958  58.601 0.0000000000
54073  -43.644  -14.026  60.335 0.0000000000
54082  -44.227  -14.467  59.375 0.0000000000
54086  -43.899  -14.241  58.587 0.0000000000
55787  -43.392  -12.832  58.184 0.0000000000
41599  -19.434  -26.051  70.451 0.0000000000
65867  -43.142  -2.289  56.222 0.0000000000
65855  -45.551  -2.879  57.293 0.0000000000
131355  -46.532  -3.948  57.668 0.0000000000
64899  -47.461  -3.316  55.627 0.0000000000
63910  -48.009  -4.724  56.887 0.0000000000
61839  -47.504  -6.330  57.439 0.0000000000
64032  -46.883  -4.807  49.141 0.0000000000
64023  -48.899  -4.221  49.753 0.0000000000
63017  -50.415  -4.943  44.980 0.0000000000
64068  -49.729  -4.824  45.624 0.0000000000
64045  -48.686  -4.375  47.748 0.0000000000
64025  -50.703  -3.754  49.435 0.0000000000
64997  -51.238  -3.411  50.894 0.0000000000
63998  -52.255  -3.784  51.240 0.0000000000
40629  -18.146  -27.336  69.178 0.0000000000
57607  -39.235  -10.806  61.992 0.0000000000
57615  -39.315  -10.776  60.822 0.0000000000
46960  -36.528  -21.232  60.854 0.0000000000
48029  -37.870  -20.534  61.634 0.0000000000
48047  -37.968  -20.459  60.226 0.0000000000
130038  -39.610  -12.131  61.575 0.0000000000
56683  -39.592  -11.599  62.231 0.0000000000
64880  -40.732  -3.464  56.809 0.0000000000
64869  -41.092  -2.993  57.448 0.0000000000
64881  -41.348  -3.036  56.538 0.0000000000
63997  -49.089  -3.856  51.419 0.0000000000
121517  -50.051  -3.293  52.370 0.0000000000
64962  -51.192  -3.503  52.050 0.0000000000
64982  -50.753  -3.370  51.741 0.0000000000
63019  -54.194  -5.223  45.403 0.0000000000
66956  -54.476  -1.249  41.657 0.0000000000
65991  -54.223  -1.811  43.113 0.0000000000
66942  -54.833  -1.361  42.618 0.0000000000
65993  -55.773  -1.879  43.247 0.0000000000
66943  -55.845  -1.405  42.749 0.0000000000
57616  -43.395  -10.686  60.390 0.0000000000
58589  -43.251  -9.907  60.385 0.0000000000
61801  -38.582  -5.856  60.685 0.0000000000
61800  -38.419  -5.290  60.170 0.0000000000
62847  -38.305  -4.850  59.814 0.0000000000
62846  -37.984  -5.321  59.360 0.0000000000
42696  -21.140  -24.445  70.439 0.0000000000
43743  -24.063  -24.622  68.841 0.0000000000
42710  -23.993  -24.947  68.995 0.0000000000
43755  -27.482  -25.257  67.453 0.0000000000
41625  -27.813  -26.140  67.434 0.0000000000
120708  -28.394  -26.549  67.048 0.0000000000
41626  -28.618  -26.111  67.273 0.0000000000
44814  -31.986  -24.307  66.503 0.0000000000
43774  -32.501  -25.129  66.478 0.0000000000
140298  -32.919  -24.877  66.346 0.0000000000
42742  -33.091  -25.321  66.092 0.0000000000
43775  -33.410  -24.592  66.034 0.0000000000
126052  -36.027  -21.819  64.776 0.0000000000
45856  -36.511  -22.483  64.942 0.0000000000
44851  -36.153  -23.406  65.007 0.0000000000
45857  -37.224  -22.429  64.604 0.0000000000
48001  -39.668  -20.040  63.488 0.0000000000
46920  -39.821  -20.903  63.325 0.0000000000
48015  -40.353  -20.294  63.095 0.0000000000
49016  -40.776  -19.732  62.972 0.0000000000
51121  -39.368  -17.458  61.441 0.0000000000
52163  -39.769  -16.597  61.435 0.0000000000
53166  -41.544  -15.695  62.275 0.0000000000
52132  -41.312  -16.631  62.630 0.0000000000
52133  -42.070  -16.271  61.974 0.0000000000
53178  -42.668  -15.942  61.256 0.0000000000
52148  -43.356  -16.389  60.688 0.0000000000
57609  -43.141  -10.905  60.963 0.0000000000
44773  -20.991  -23.455  70.271 0.0000000000
43726  -20.962  -24.042  70.782 0.0000000000
61812  -42.075  -6.148  59.681 0.0000000000
61822  -45.083  -5.782  58.315 0.0000000000
61837  -45.816  -6.353  57.874 0.0000000000
61852  -46.429  -6.978  57.387 0.0000000000
64916  -44.835  -3.055  53.968 0.0000000000
141322  -45.134  -2.802  54.616 0.0000000000
117867  -45.691  -3.051  54.454 0.0000000000
117736  -49.886  -4.646  43.200 0.0000000000
64049  -53.467  -3.815  47.457 0.0000000000
65021  -52.595  -3.621  48.405 0.0000000000
57588  -40.798  -10.521  62.689 0.0000000000
58567  -41.194  -9.668  62.433 0.0000000000
58557  -40.231  -9.876  62.926 0.0000000000
58578  -38.829  -9.175  62.069 0.0000000000
59558  -38.768  -8.390  62.384 0.0000000000
59571  -38.783  -8.331  61.503 0.0000000000
60676  -38.728  -7.331  61.016 0.0000000000
44785  -20.958  -23.243  68.879 0.0000000000
44808  -22.885  -23.424  67.497 0.0000000000
47996  -35.960  -21.251  63.447 0.0000000000
47997  -36.841  -21.095  63.445 0.0000000000
46916  -37.197  -21.310  64.006 0.0000000000
48998  -38.441  -20.081  63.261 0.0000000000
54077  -40.121  -14.296  61.017 0.0000000000
119705  -40.216  -15.125  61.378 0.0000000000
121389  -40.330  -13.270  62.117 0.0000000000
54895  -40.568  -14.241  62.070 0.0000000000
54060  -41.073  -14.107  62.411 0.0000000000
54897  -41.097  -13.454  62.435 0.0000000000
122823  -40.845  -12.896  62.527 0.0000000000
56667  -40.010  -11.267  62.893 0.0000000000
56669  -41.193  -11.981  62.617 0.0000000000
56676  -41.274  -11.281  62.538 0.0000000000
126268  -42.152  -11.165  61.933 0.0000000000
128964  -20.559  -23.309  69.593 0.0000000000
64834  -41.895  -3.083  60.302 0.0000000000
64835  -42.587  -3.308  60.071 0.0000000000
64845  -42.423  -2.740  59.842 0.0000000000
65838  -43.355  -2.586  58.534 0.0000000000
65824  -43.616  -2.888  58.875 0.0000000000
64857  -44.398  -3.202  58.512 0.0000000000
138183  -44.543  -3.721  58.729 0.0000000000
65840  -44.991  -3.002  57.975 0.0000000000
63978  -47.356  -3.947  52.813 0.0000000000
125269  -47.253  -3.592  53.559 0.0000000000
64958  -48.161  -3.538  53.393 0.0000000000
64920  -49.849  -3.532  53.775 0.0000000000
63947  -50.369  -4.322  53.979 0.0000000000
62910  -50.382  -5.448  54.332 0.0000000000
64085  -52.348  -4.272  44.551 0.0000000000
64086  -53.671  -4.032  45.095 0.0000000000
63977  -45.876  -4.310  52.353 0.0000000000
62965  -45.657  -5.313  50.321 0.0000000000
134967  -46.373  -5.097  50.443 0.0000000000
64011  -47.741  -4.551  50.842 0.0000000000
64021  -47.140  -4.818  50.078 0.0000000000
65099  -51.266  -2.904  41.657 0.0000000000
65089  -50.768  -3.430  42.143 0.0000000000
65090  -51.681  -3.101  42.539 0.0000000000
65080  -52.273  -3.457  43.417 0.0000000000
65091  -52.639  -2.684  43.077 0.0000000000
65082  -54.788  -2.873  43.999 0.0000000000
133280  -54.066  -3.162  44.238 0.0000000000
64109  -54.344  -4.165  44.326 0.0000000000
64129  -54.544  -4.365  43.595 0.0000000000
65092  -55.742  -3.061  43.019 0.0000000000
67870  -56.994  -0.598  40.493 0.0000000000
65998  -56.823  -1.051  41.361 0.0000000000
66007  -57.316  -1.162  40.756 0.0000000000
57636  -43.055  -10.683  57.867 0.0000000000
57628  -43.110  -9.930  58.280 0.0000000000
59583  -42.721  -8.456  60.338 0.0000000000
60677  -42.125  -7.591  60.621 0.0000000000
59559  -40.649  -8.324  62.594 0.0000000000
59560  -41.475  -8.327  62.035 0.0000000000
60649  -40.060  -7.658  62.732 0.0000000000
62824  -40.119  -5.658  61.530 0.0000000000
61783  -40.329  -6.149  61.643 0.0000000000
62825  -40.324  -5.541  61.255 0.0000000000
61792  -40.856  -5.853  61.185 0.0000000000
62832  -40.696  -5.038  60.932 0.0000000000
63869  -40.619  -4.326  60.752 0.0000000000
63868  -39.955  -4.454  60.752 0.0000000000
63887  -38.906  -4.043  59.057 0.0000000000
139774  -39.792  -3.700  60.011 0.0000000000
41607  -20.161  -25.679  69.119 0.0000000000
42708  -20.959  -25.483  68.685 0.0000000000
119750  -24.178  -26.281  65.707 0.0000000000
41674  -24.500  -26.491  64.679 0.0000000000
118643  -23.917  -23.839  67.501 0.0000000000
41623  -25.734  -25.597  67.886 0.0000000000
41639  -26.748  -26.838  66.643 0.0000000000
41638  -26.082  -26.333  67.188 0.0000000000
41676  -26.075  -27.007  65.006 0.0000000000
40676  -26.839  -27.411  64.242 0.0000000000
126454  -28.943  -27.165  66.113 0.0000000000
40668  -29.102  -27.426  65.076 0.0000000000
118785  -28.891  -27.684  64.113 0.0000000000
134953  -29.890  -27.176  65.107 0.0000000000
41659  -31.659  -26.397  65.958 0.0000000000
41658  -30.868  -26.512  66.128 0.0000000000
40660  -31.268  -26.669  65.317 0.0000000000
136769  -31.877  -26.541  64.752 0.0000000000
122332  -32.585  -26.340  64.715 0.0000000000
41679  -33.815  -25.768  64.826 0.0000000000
132328  -33.265  -26.091  64.743 0.0000000000
41696  -33.742  -25.899  64.262 0.0000000000
41709  -34.184  -25.728  63.925 0.0000000000
136743  -35.156  -22.698  65.320 0.0000000000
137532  -33.970  -22.166  64.564 0.0000000000
45854  -34.443  -22.457  65.112 0.0000000000
45839  -33.894  -23.142  65.623 0.0000000000
43788  -34.893  -24.131  65.543 0.0000000000
43807  -35.831  -24.763  64.051 0.0000000000
42774  -35.465  -25.172  63.698 0.0000000000
44865  -37.711  -23.641  63.337 0.0000000000
44880  -37.933  -23.907  62.696 0.0000000000
46908  -38.165  -21.649  64.162 0.0000000000
45858  -37.911  -22.320  64.263 0.0000000000
45874  -38.666  -22.098  63.921 0.0000000000
49037  -38.529  -19.735  60.367 0.0000000000
50064  -39.351  -17.968  62.216 0.0000000000
141299  -39.361  -18.287  62.635 0.0000000000
53165  -40.390  -15.704  61.963 0.0000000000
121272  -39.862  -16.709  61.886 0.0000000000
126013  -40.342  -16.559  62.349 0.0000000000
51088  -40.900  -17.241  63.051 0.0000000000
51087  -40.445  -17.468  63.081 0.0000000000
50038  -40.895  -17.841  63.263 0.0000000000
50066  -43.137  -18.037  60.912 0.0000000000
49028  -42.471  -19.051  61.554 0.0000000000
49029  -42.953  -18.815  60.799 0.0000000000
52164  -43.870  -16.402  60.142 0.0000000000
52181  -44.195  -15.896  59.349 0.0000000000
54907  -43.271  -13.695  61.012 0.0000000000
55770  -43.769  -13.105  59.880 0.0000000000
54912  -43.818  -13.662  60.009 0.0000000000
54087  -44.148  -13.934  59.100 0.0000000000
136423  -44.217  -14.548  58.975 0.0000000000
54921  -43.807  -13.424  58.727 0.0000000000
127564  -43.381  -13.829  57.913 0.0000000000
127160  -43.415  -12.090  58.410 0.0000000000
56710  -43.292  -11.400  58.183 0.0000000000
42694  -20.240  -25.360  70.924 0.0000000000
62859  -43.302  -5.348  59.042 0.0000000000
64897  -42.262  -2.832  55.148 0.0000000000
64882  -42.217  -2.517  56.149 0.0000000000
65870  -45.829  -2.761  56.498 0.0000000000
65869  -44.897  -2.524  56.645 0.0000000000
65856  -46.174  -2.967  56.824 0.0000000000
64871  -46.230  -3.313  57.344 0.0000000000
64872  -47.028  -3.793  57.134 0.0000000000
64918  -47.644  -3.287  54.911 0.0000000000
64900  -48.216  -3.467  55.169 0.0000000000
62884  -48.390  -5.333  56.614 0.0000000000
61840  -48.063  -6.141  57.023 0.0000000000
62875  -47.824  -5.464  57.244 0.0000000000
64022  -47.814  -4.525  49.347 0.0000000000
64034  -48.548  -4.366  48.649 0.0000000000
63018  -51.452  -4.666  44.860 0.0000000000
63033  -50.454  -4.963  44.313 0.0000000000
129277  -50.379  -4.531  46.253 0.0000000000
64056  -49.590  -4.530  46.554 0.0000000000
64067  -48.747  -4.726  46.105 0.0000000000
64055  -48.738  -4.491  46.939 0.0000000000
64046  -49.745  -4.283  47.483 0.0000000000
65020  -51.600  -3.624  48.958 0.0000000000
64036  -50.537  -3.973  48.420 0.0000000000
65008  -50.657  -3.572  50.335 0.0000000000
65009  -51.649  -3.432  49.935 0.0000000000
64998  -52.074  -3.466  50.669 0.0000000000
57586  -39.706  -10.647  62.849 0.0000000000
58565  -39.335  -9.799  62.815 0.0000000000
57598  -39.070  -9.941  62.480 0.0000000000
57606  -39.100  -9.952  61.506 0.0000000000
58586  -38.961  -9.131  60.954 0.0000000000
48014  -37.334  -20.732  62.696 0.0000000000
49026  -38.508  -19.679  62.021 0.0000000000
54906  -40.115  -13.615  61.557 0.0000000000
55763  -39.813  -12.828  61.580 0.0000000000
127958  -40.028  -13.046  61.982 0.0000000000
55752  -40.406  -12.635  62.378 0.0000000000
130941  -40.145  -11.891  62.589 0.0000000000
56666  -39.803  -11.396  62.656 0.0000000000
65835  -41.182  -2.761  59.347 0.0000000000
65822  -42.268  -2.553  59.608 0.0000000000
65836  -41.542  -2.602  58.333 0.0000000000
130372  -42.264  -2.372  58.330 0.0000000000
65852  -42.923  -2.303  57.845 0.0000000000
64959  -48.865  -3.522  52.787 0.0000000000
138704  -49.520  -3.313  52.799 0.0000000000
64960  -49.852  -3.279  53.062 0.0000000000
64940  -50.533  -3.626  53.212 0.0000000000
63959  -51.056  -4.370  53.220 0.0000000000
63980  -51.208  -3.773  52.619 0.0000000000
62941  -52.191  -4.880  51.969 0.0000000000
64087  -54.085  -4.368  45.117 0.0000000000
122041  -52.751  -2.141  41.680 0.0000000000
65990  -53.168  -2.137  42.676 0.0000000000
65984  -54.707  -2.192  43.614 0.0000000000
65985  -55.345  -2.346  43.545 0.0000000000
65083  -55.406  -3.008  43.640 0.0000000000
65093  -55.838  -2.336  43.259 0.0000000000
65102  -56.298  -2.220  42.563 0.0000000000
66017  -57.827  -0.939  39.375 0.0000000000
66016  -57.710  -1.320  39.969 0.0000000000
65119  -57.319  -2.291  39.551 0.0000000000
118812  -55.789  -3.966  39.049 0.0000000000
57621  -43.559  -10.756  59.504 0.0000000000
58609  -43.435  -9.964  59.132 0.0000000000
58588  -42.973  -9.276  60.650 0.0000000000
59572  -42.480  -8.537  60.857 0.0000000000
142095  -39.122  -7.067  62.441 0.0000000000
132378  -39.412  -7.130  62.482 0.0000000000
60648  -39.179  -6.609  62.018 0.0000000000
62831  -39.241  -5.335  61.316 0.0000000000
64831  -39.418  -4.324  60.658 0.0000000000
63877  -38.773  -4.547  60.283 0.0000000000
63886  -38.456  -4.469  59.506 0.0000000000
63896  -38.134  -4.568  58.661 0.0000000000
126100  -20.795  -25.088  70.220 0.0000000000
138192  -20.518  -25.438  69.711 0.0000000000
42709  -21.774  -25.188  69.332 0.0000000000
41636  -24.425  -26.029  66.932 0.0000000000
140337  -26.438  -25.712  67.784 0.0000000000
40656  -27.384  -27.254  65.979 0.0000000000
40645  -28.244  -27.058  66.466 0.0000000000
142354  -28.842  -26.785  66.718 0.0000000000
40647  -29.420  -26.752  66.574 0.0000000000
41660  -32.342  -26.207  65.853 0.0000000000
41678  -32.795  -26.199  65.277 0.0000000000
41661  -32.931  -25.912  65.697 0.0000000000
42753  -33.499  -25.641  65.438 0.0000000000
42754  -34.105  -25.336  65.224 0.0000000000
46914  -34.619  -21.570  63.626 0.0000000000
45855  -35.243  -22.090  64.829 0.0000000000
44850  -35.436  -23.399  65.353 0.0000000000
43798  -36.330  -24.145  64.335 0.0000000000
46929  -39.794  -21.794  62.897 0.0000000000
46931  -41.207  -21.055  61.955 0.0000000000
48031  -41.685  -20.559  61.907 0.0000000000
122170  -39.149  -17.817  60.526 0.0000000000
130525  -40.826  -16.077  62.673 0.0000000000
51097  -41.413  -17.449  62.805 0.0000000000
128221  -42.002  -17.784  62.312 0.0000000000
51109  -42.629  -17.717  61.606 0.0000000000
51110  -43.208  -17.258  60.896 0.0000000000
123052  -43.617  -16.930  60.403 0.0000000000
53188  -43.773  -15.571  60.276 0.0000000000
55759  -42.918  -12.417  61.362 0.0000000000
125375  -43.243  -12.931  61.086 0.0000000000
55764  -43.367  -12.318  60.812 0.0000000000
55769  -43.574  -12.345  60.299 0.0000000000
55775  -43.715  -12.416  59.573 0.0000000000
55780  -43.714  -12.590  58.903 0.0000000000
56696  -43.580  -11.557  59.954 0.0000000000
44762  -20.004  -23.540  71.368 0.0000000000
44754  -20.254  -23.792  71.689 0.0000000000
42695  -20.720  -24.637  70.985 0.0000000000
62851  -44.523  -4.801  58.926 0.0000000000
61821  -44.033  -5.718  58.413 0.0000000000
65895  -43.634  -2.670  54.639 0.0000000000
65881  -43.658  -2.424  55.439 0.0000000000
65896  -44.524  -2.621  54.861 0.0000000000
141483  -44.996  -2.540  55.417 0.0000000000
65884  -46.218  -2.830  55.822 0.0000000000
63934  -49.259  -4.330  55.241 0.0000000000
63921  -48.817  -4.767  55.905 0.0000000000
64069  -50.916  -4.650  45.634 0.0000000000
64047  -50.966  -4.052  47.507 0.0000000000
65010  -52.348  -3.517  49.278 0.0000000000
66957  -55.402  -0.840  41.215 0.0000000000
66968  -56.692  -0.605  39.764 0.0000000000
120528  -57.396  -0.684  39.260 0.0000000000
66976  -57.619  -0.948  38.569 0.0000000000
57608  -42.560  -10.400  61.464 0.0000000000
128224  -42.081  -9.770  61.903 0.0000000000
58566  -40.402  -9.064  62.857 0.0000000000
59549  -39.851  -8.391  63.072 0.0000000000
58555  -39.113  -8.967  62.967 0.0000000000
59547  -38.934  -8.357  62.893 0.0000000000
60635  -39.042  -7.582  62.811 0.0000000000
139761  -38.791  -7.299  62.153 0.0000000000
122169  -38.703  -6.504  61.133 0.0000000000
61811  -38.577  -6.484  60.273 0.0000000000
44774  -21.686  -23.625  69.978 0.0000000000
44775  -22.350  -23.737  69.643 0.0000000000
44787  -22.872  -23.653  69.144 0.0000000000
44788  -23.573  -23.927  68.765 0.0000000000
44831  -32.551  -23.751  66.042 0.0000000000
46917  -37.943  -21.075  64.013 0.0000000000
48000  -39.078  -20.131  63.602 0.0000000000
49000  -39.630  -19.249  63.206 0.0000000000
53187  -39.876  -15.912  60.993 0.0000000000
121813  -40.371  -15.132  61.716 0.0000000000
54064  -40.481  -14.916  61.920 0.0000000000
54058  -40.609  -15.135  62.113 0.0000000000
135892  -40.867  -15.379  62.445 0.0000000000
54065  -41.108  -15.015  62.379 0.0000000000
54066  -41.972  -14.788  61.966 0.0000000000
122324  -42.123  -13.915  61.903 0.0000000000
55753  -40.819  -12.425  62.636 0.0000000000
55754  -41.452  -12.502  62.380 0.0000000000
55758  -42.201  -12.517  61.890 0.0000000000
56678  -42.483  -11.799  61.602 0.0000000000
57601  -42.708  -11.176  61.368 0.0000000000
62840  -41.799  -4.674  60.471 0.0000000000
62841  -42.464  -4.229  60.072 0.0000000000
63878  -43.339  -3.891  59.572 0.0000000000
65823  -42.887  -2.678  59.270 0.0000000000
63888  -44.207  -4.136  59.062 0.0000000000
63889  -44.910  -4.349  58.728 0.0000000000
63897  -45.588  -4.439  58.335 0.0000000000
62862  -45.893  -5.147  58.273 0.0000000000
64936  -46.605  -3.323  54.142 0.0000000000
64937  -47.606  -3.320  54.225 0.0000000000
64939  -49.291  -3.373  53.660 0.0000000000
64919  -49.252  -3.477  54.170 0.0000000000
64901  -48.950  -3.642  54.814 0.0000000000
62896  -49.883  -4.806  54.871 0.0000000000
64071  -53.504  -4.118  45.829 0.0000000000
126990  -54.100  -4.533  47.074 0.0000000000
127325  -39.525  -11.810  60.579 0.0000000000
131161  -39.440  -10.378  59.851 0.0000000000
56695  -39.495  -11.100  59.713 0.0000000000
53197  -39.558  -15.828  59.530 0.0000000000
124752  -39.859  -14.192  60.003 0.0000000000
55774  -39.687  -12.628  60.026 0.0000000000
63931  -40.774  -4.012  55.272 0.0000000000
64912  -41.697  -3.317  54.631 0.0000000000
64913  -42.400  -3.015  54.329 0.0000000000
64933  -43.313  -3.142  53.326 0.0000000000
64934  -44.101  -3.230  53.214 0.0000000000
119759  -44.888  -3.550  53.073 0.0000000000
64956  -45.543  -3.853  52.863 0.0000000000
133273  -46.698  -4.309  52.389 0.0000000000
63994  -46.377  -4.684  51.735 0.0000000000
63995  -47.498  -4.391  51.862 0.0000000000
63996  -48.540  -3.933  52.041 0.0000000000
135139  -48.302  -4.257  51.369 0.0000000000
65069  -54.174  -3.782  44.606 0.0000000000
62012  -53.699  -5.817  44.181 0.0000000000
66950  -56.254  -0.924  41.756 0.0000000000
65997  -56.297  -1.475  42.229 0.0000000000
65101  -55.831  -3.126  42.066 0.0000000000
65111  -57.119  -1.878  40.671 0.0000000000
65110  -56.470  -2.488  41.468 0.0000000000
59609  -42.312  -8.324  58.457 0.0000000000
130499  -42.311  -7.546  59.831 0.0000000000
138175  -41.989  -6.798  60.017 0.0000000000
59561  -42.051  -8.487  61.399 0.0000000000
60651  -41.618  -7.708  61.523 0.0000000000
131291  -40.230  -6.928  62.113 0.0000000000
121761  -41.755  -7.109  61.074 0.0000000000
61793  -41.443  -6.177  60.979 0.0000000000
128761  -41.596  -5.527  60.541 0.0000000000
63870  -41.274  -4.401  60.706 0.0000000000
64823  -41.264  -3.685  60.535 0.0000000000
64833  -41.297  -3.224  60.343 0.0000000000
125305  -39.932  -3.861  60.416 0.0000000000
64844  -40.451  -3.339  59.946 0.0000000000
63907  -40.196  -3.985  56.661 0.0000000000
58597  -39.075  -9.090  59.882 0.0000000000
139431  -38.874  -8.460  58.527 0.0000000000
133070  -38.888  -8.309  59.331 0.0000000000
60688  -38.154  -6.457  59.163 0.0000000000
61819  -37.495  -5.965  58.424 0.0000000000
62857  -37.538  -5.529  58.503 0.0000000000
118584  -40.041  -4.412  55.771 0.0000000000
41612  -18.767  -26.888  68.856 0.0000000000
41619  -18.805  -26.864  67.960 0.0000000000
41620  -19.435  -26.236  67.616 0.0000000000
42703  -22.282  -24.566  69.707 0.0000000000
43744  -24.574  -24.810  68.621 0.0000000000
41637  -25.259  -26.040  67.187 0.0000000000
134233  -25.476  -26.475  66.518 0.0000000000
40666  -27.525  -27.555  64.943 0.0000000000
41641  -29.733  -26.379  66.816 0.0000000000
40648  -30.111  -26.664  66.383 0.0000000000
40659  -30.414  -26.868  65.647 0.0000000000
40669  -30.486  -26.979  64.710 0.0000000000
41695  -33.075  -26.163  64.071 0.0000000000
44849  -32.286  -23.160  65.345 0.0000000000
44832  -33.321  -23.835  65.991 0.0000000000
43787  -34.178  -24.669  65.605 0.0000000000
42763  -34.468  -25.445  64.627 0.0000000000
42773  -34.730  -25.477  63.959 0.0000000000
44866  -38.147  -22.935  63.677 0.0000000000
45875  -39.218  -22.342  63.193 0.0000000000
50063  -38.977  -18.724  62.277 0.0000000000
52119  -40.339  -16.937  62.655 0.0000000000
51086  -40.013  -17.653  63.054 0.0000000000
123626  -40.143  -18.691  63.356 0.0000000000
49017  -41.416  -19.763  62.510 0.0000000000
49027  -42.074  -19.811  61.728 0.0000000000
50053  -42.276  -18.383  62.070 0.0000000000
53168  -42.688  -15.096  61.313 0.0000000000
54072  -43.348  -14.693  60.753 0.0000000000
54078  -43.870  -14.764  60.176 0.0000000000
54079  -44.028  -14.314  59.847 0.0000000000
53189  -44.178  -15.159  59.718 0.0000000000
55793  -42.908  -13.090  57.377 0.0000000000
62858  -42.482  -5.676  59.347 0.0000000000
134473  -42.734  -2.240  56.903 0.0000000000
118974  -43.462  -2.286  57.026 0.0000000000
65868  -43.985  -2.310  56.355 0.0000000000
129947  -44.168  -2.418  57.071 0.0000000000
65854  -44.624  -2.675  57.519 0.0000000000
64870  -45.638  -3.215  57.811 0.0000000000
64859  -45.981  -3.748  57.973 0.0000000000
62873  -46.508  -5.393  58.054 0.0000000000
64917  -46.386  -2.960  55.016 0.0000000000
118349  -46.944  -3.103  55.413 0.0000000000
64898  -46.810  -3.098  56.064 0.0000000000
63919  -47.735  -4.036  56.672 0.0000000000
63909  -47.504  -4.669  57.284 0.0000000000
62874  -47.206  -5.524  57.729 0.0000000000
61838  -46.685  -6.348  57.876 0.0000000000
128617  -48.027  -4.454  50.111 0.0000000000
64013  -49.684  -3.816  50.683 0.0000000000
64106  -50.422  -4.857  43.758 0.0000000000
63050  -49.696  -5.038  43.813 0.0000000000
63032  -49.504  -5.128  44.605 0.0000000000
63031  -48.514  -5.111  44.474 0.0000000000
64054  -47.857  -4.520  47.235 0.0000000000
127695  -49.431  -4.230  48.269 0.0000000000
64035  -49.682  -4.101  49.064 0.0000000000
64024  -49.960  -3.965  49.867 0.0000000000
64996  -50.488  -3.455  51.078 0.0000000000
64983  -51.555  -3.505  51.414 0.0000000000
63999  -52.480  -4.457  51.351 0.0000000000
64014  -52.861  -4.058  50.582 0.0000000000
62966  -52.864  -4.858  50.868 0.0000000000
62953  -52.521  -5.238  51.428 0.0000000000
42712  -25.014  -25.041  68.532 0.0000000000
43816  -37.849  -24.275  62.107 0.0000000000
44764  -21.230  -23.709  70.538 0.0000000000
52180  -44.065  -16.504  59.610 0.0000000000
54898  -41.092  -12.942  62.517 0.0000000000
54917  -44.031  -13.782  59.557 0.0000000000
56668  -40.568  -11.751  62.757 0.0000000000
59548  -39.215  -8.382  63.065 0.0000000000
60647  -38.958  -6.899  62.220 0.0000000000
60665  -38.767  -6.955  61.758 0.0000000000
62822  -39.105  -6.060  61.688 0.0000000000
62823  -39.323  -5.846  61.576 0.0000000000
62830  -38.708  -5.497  61.316 0.0000000000
62860  -44.344  -5.289  58.790 0.0000000000
63859  -40.097  -4.992  61.048 0.0000000000
63867  -39.502  -4.682  60.939 0.0000000000
63898  -46.275  -4.548  58.032 0.0000000000
63908  -46.907  -4.630  57.733 0.0000000000
64821  -39.996  -4.110  60.648 0.0000000000
64832  -40.689  -3.551  60.447 0.0000000000
64854  -39.679  -3.594  59.437 0.0000000000
64883  -46.655  -3.154  56.670 0.0000000000
64884  -47.287  -3.424  56.342 0.0000000000
64914  -43.129  -2.915  54.103 0.0000000000
65810  -41.332  -2.906  60.119 0.0000000000
65811  -41.827  -2.689  60.032 0.0000000000
65839  -44.148  -2.789  58.226 0.0000000000
65883  -45.366  -2.573  55.892 0.0000000000
66008  -57.665  -0.908  40.176 0.0000000000
66959  -57.266  -0.817  40.665 0.0000000000
67862  -56.828  -0.732  41.075 0.0000000000
123312  -42.014  -2.485  59.139 0.0000000000
126754  -38.603  -4.957  60.453 0.0000000000
127289  -39.747  -10.016  63.001 0.0000000000
128141  -38.724  -5.410  60.891 0.0000000000
130955  -40.484  -11.106  62.818 0.0000000000
131027  -38.830  -7.679  62.486 0.0000000000
131139  -37.767  -5.793  59.041 0.0000000000
131369  -41.149  -8.889  62.392 0.0000000000
135984  -39.816  -12.366  62.004 0.0000000000
141637  -37.258  -5.802  58.085 0.0000000000
