#!ascii label  , from subject sub-v1s13x0050035_ses-1 vox2ras=TkReg
1551
41129  14.382  -29.058  70.162 0.0000000000
62393  40.682  -7.652  38.637 0.0000000000
140305  27.009  -25.063  52.032 0.0000000000
47078  37.173  -22.134  54.672 0.0000000000
46093  20.630  -24.148  53.977 0.0000000000
45021  21.633  -25.135  66.645 0.0000000000
69390  48.211  -0.633  30.580 0.0000000000
123685  47.290  -2.164  39.591 0.0000000000
56495  34.978  -13.357  46.201 0.0000000000
72166  51.270  2.073  21.914 0.0000000000
46062  28.257  -23.742  57.043 0.0000000000
43161  17.934  -27.129  68.724 0.0000000000
136040  48.133  -2.785  35.208 0.0000000000
65437  44.131  -4.184  33.960 0.0000000000
63325  39.449  -6.889  43.453 0.0000000000
65316  42.659  -4.677  43.602 0.0000000000
61396  35.454  -8.850  41.896 0.0000000000
49341  32.880  -20.954  48.069 0.0000000000
45192  33.149  -24.440  52.753 0.0000000000
48074  24.249  -22.623  58.689 0.0000000000
45968  24.045  -24.132  63.040 0.0000000000
45074  20.679  -24.989  60.316 0.0000000000
126024  16.671  -26.643  62.444 0.0000000000
48183  23.346  -21.557  53.309 0.0000000000
69367  52.781  -1.017  31.474 0.0000000000
68399  51.627  -1.604  35.790 0.0000000000
64378  43.932  -5.127  39.304 0.0000000000
61313  36.745  -8.696  46.980 0.0000000000
52489  36.428  -17.638  50.597 0.0000000000
69446  49.304  0.104  25.843 0.0000000000
68502  53.408  -1.438  26.529 0.0000000000
134288  56.851  -0.377  24.197 0.0000000000
46012  27.818  -22.945  59.996 0.0000000000
42186  15.737  -27.982  69.421 0.0000000000
44023  17.898  -25.859  72.858 0.0000000000
134524  14.862  -27.010  73.365 0.0000000000
67437  43.998  -2.693  32.072 0.0000000000
63294  38.230  -6.176  45.191 0.0000000000
65297  40.231  -4.919  45.893 0.0000000000
36389  9.250  -33.787  72.689 0.0000000000
138141  36.182  -10.197  39.722 0.0000000000
45215  27.257  -24.059  49.904 0.0000000000
46139  29.807  -23.684  50.086 0.0000000000
44218  30.424  -25.639  52.344 0.0000000000
46065  22.972  -23.713  56.638 0.0000000000
123447  22.514  -24.206  59.016 0.0000000000
122577  20.902  -24.689  56.898 0.0000000000
48184  21.907  -22.074  53.228 0.0000000000
123254  23.707  -22.299  55.590 0.0000000000
45034  23.236  -24.561  64.433 0.0000000000
69378  50.444  -0.670  30.598 0.0000000000
67417  52.742  -2.357  33.405 0.0000000000
67419  50.969  -2.529  33.583 0.0000000000
67375  47.098  -2.183  37.110 0.0000000000
133795  49.057  -1.269  37.366 0.0000000000
63403  40.497  -6.354  35.845 0.0000000000
64400  42.664  -5.558  36.600 0.0000000000
123633  42.316  -6.528  38.951 0.0000000000
58406  32.828  -11.218  44.054 0.0000000000
60352  33.833  -9.246  45.022 0.0000000000
58382  36.268  -11.011  46.753 0.0000000000
48210  34.864  -21.431  51.422 0.0000000000
50433  34.524  -19.557  49.246 0.0000000000
49280  37.104  -19.935  52.838 0.0000000000
70348  46.652  0.109  27.971 0.0000000000
70374  47.614  0.694  25.454 0.0000000000
125870  49.002  -0.140  28.892 0.0000000000
136334  50.904  -1.029  28.889 0.0000000000
70422  55.140  0.589  21.503 0.0000000000
70395  54.112  0.426  23.175 0.0000000000
69441  54.944  -0.560  25.263 0.0000000000
70380  52.780  0.236  24.418 0.0000000000
45172  27.680  -24.823  54.759 0.0000000000
43281  29.767  -26.312  54.433 0.0000000000
44172  30.653  -25.177  57.301 0.0000000000
44054  19.886  -26.026  68.296 0.0000000000
44983  22.843  -24.802  70.446 0.0000000000
44976  20.399  -25.195  72.225 0.0000000000
69393  45.931  -0.715  30.171 0.0000000000
67432  48.925  -2.699  32.559 0.0000000000
67435  45.826  -2.948  32.353 0.0000000000
66429  46.444  -3.634  34.492 0.0000000000
66415  45.720  -2.989  36.999 0.0000000000
61391  40.010  -8.160  40.961 0.0000000000
62363  42.130  -7.196  40.787 0.0000000000
63323  41.019  -6.140  42.891 0.0000000000
55583  33.835  -15.079  45.592 0.0000000000
49217  40.049  -21.046  56.081 0.0000000000
39109  13.008  -31.288  70.844 0.0000000000
40076  13.441  -29.242  73.451 0.0000000000
38192  11.618  -31.860  73.537 0.0000000000
62404  38.097  -8.188  37.223 0.0000000000
132124  38.162  -9.474  40.428 0.0000000000
62352  37.259  -7.868  42.960 0.0000000000
133141  36.396  -5.934  45.569 0.0000000000
47174  30.475  -22.123  48.035 0.0000000000
47146  32.645  -22.669  50.304 0.0000000000
46102  35.127  -23.502  53.604 0.0000000000
132822  33.260  -26.918  54.352 0.0000000000
43288  35.822  -26.381  54.767 0.0000000000
46977  25.576  -22.528  59.811 0.0000000000
45984  24.487  -23.789  60.612 0.0000000000
46962  24.124  -23.045  59.988 0.0000000000
45059  22.389  -24.481  62.086 0.0000000000
45053  20.849  -25.058  62.833 0.0000000000
45114  18.677  -25.124  58.505 0.0000000000
44112  18.544  -25.659  61.589 0.0000000000
136650  18.800  -25.869  63.964 0.0000000000
43183  17.562  -26.866  65.613 0.0000000000
42211  15.704  -28.060  66.326 0.0000000000
128035  13.906  -29.490  67.093 0.0000000000
46143  24.781  -23.737  50.544 0.0000000000
123467  23.229  -21.470  50.780 0.0000000000
46119  25.493  -23.614  52.700 0.0000000000
46079  25.940  -23.132  55.158 0.0000000000
47017  25.926  -22.366  57.454 0.0000000000
68381  54.602  -1.337  36.217 0.0000000000
67398  50.184  -2.058  35.297 0.0000000000
65438  42.494  -4.212  33.725 0.0000000000
65408  43.843  -4.634  36.656 0.0000000000
66375  45.499  -3.560  39.625 0.0000000000
64347  44.058  -6.151  41.550 0.0000000000
64334  46.090  -5.227  42.097 0.0000000000
61398  33.027  -8.977  42.246 0.0000000000
136502  34.731  -6.938  45.341 0.0000000000
62269  37.152  -7.119  48.018 0.0000000000
52534  33.981  -17.207  46.866 0.0000000000
54561  35.856  -15.418  48.327 0.0000000000
51392  39.608  -18.197  53.340 0.0000000000
128963  38.729  -15.783  51.388 0.0000000000
56470  37.404  -13.292  48.869 0.0000000000
58331  38.777  -11.553  49.608 0.0000000000
60294  40.068  -9.565  50.111 0.0000000000
70399  49.850  1.385  23.559 0.0000000000
125093  51.112  -0.993  26.344 0.0000000000
69397  53.067  -1.362  30.455 0.0000000000
45069  28.634  -24.356  60.334 0.0000000000
41128  14.924  -28.484  69.953 0.0000000000
120147  15.555  -27.316  71.761 0.0000000000
41113  14.530  -28.444  71.619 0.0000000000
64296  37.328  -5.084  46.631 0.0000000000
65270  38.566  -4.333  47.813 0.0000000000
35495  8.290  -34.505  70.628 0.0000000000
45207  27.198  -24.886  51.426 0.0000000000
45205  28.965  -24.876  51.303 0.0000000000
44226  28.874  -25.443  52.010 0.0000000000
46080  21.887  -24.230  55.264 0.0000000000
135441  21.686  -24.503  56.845 0.0000000000
45160  20.820  -24.579  55.413 0.0000000000
48185  21.019  -22.308  52.583 0.0000000000
47088  22.027  -23.030  53.721 0.0000000000
47066  22.918  -22.775  55.290 0.0000000000
128867  21.663  -24.968  64.966 0.0000000000
45010  22.868  -24.849  67.378 0.0000000000
69379  49.712  -0.690  30.842 0.0000000000
135524  50.913  -1.595  31.814 0.0000000000
68437  50.159  -1.758  31.882 0.0000000000
67354  47.120  -1.981  38.788 0.0000000000
68362  47.765  -1.653  38.292 0.0000000000
63385  40.404  -7.116  36.973 0.0000000000
117877  41.621  -6.538  37.655 0.0000000000
62400  41.147  -7.104  38.117 0.0000000000
124454  33.376  -13.078  44.118 0.0000000000
132104  33.897  -11.910  44.768 0.0000000000
58396  33.953  -10.915  45.002 0.0000000000
57428  35.397  -12.581  46.404 0.0000000000
48176  36.490  -21.525  53.250 0.0000000000
49282  35.913  -20.816  52.130 0.0000000000
48175  37.183  -21.083  53.700 0.0000000000
69401  47.561  0.018  29.269 0.0000000000
69413  47.376  0.059  28.020 0.0000000000
134770  48.345  -0.080  29.410 0.0000000000
69389  49.938  -0.441  30.183 0.0000000000
71284  53.431  1.315  22.165 0.0000000000
71285  52.566  1.497  22.401 0.0000000000
133988  53.439  0.414  23.765 0.0000000000
71273  52.124  1.250  23.138 0.0000000000
45158  27.466  -24.174  55.504 0.0000000000
44184  28.953  -25.054  55.762 0.0000000000
45144  28.617  -24.381  56.411 0.0000000000
43152  19.283  -26.471  68.835 0.0000000000
119231  20.291  -25.852  69.669 0.0000000000
44040  19.174  -26.383  70.922 0.0000000000
44943  17.849  -24.541  75.078 0.0000000000
44941  19.410  -24.794  74.665 0.0000000000
68462  45.156  -1.155  30.419 0.0000000000
68447  45.981  -1.767  31.172 0.0000000000
68448  45.124  -1.797  31.048 0.0000000000
66458  44.368  -3.330  32.786 0.0000000000
66457  45.292  -3.463  33.017 0.0000000000
65425  44.897  -4.052  34.178 0.0000000000
122136  46.100  -3.086  36.193 0.0000000000
65406  45.150  -3.938  35.887 0.0000000000
62365  39.852  -7.750  41.762 0.0000000000
62349  40.622  -6.744  42.412 0.0000000000
63324  40.235  -6.540  43.150 0.0000000000
69404  44.880  -0.524  29.253 0.0000000000
38198  12.597  -31.441  72.213 0.0000000000
37308  11.371  -32.942  71.904 0.0000000000
61440  36.748  -8.779  37.266 0.0000000000
60440  38.375  -9.175  39.306 0.0000000000
60442  36.729  -9.633  38.574 0.0000000000
60401  35.954  -9.511  41.284 0.0000000000
60400  36.969  -9.562  41.206 0.0000000000
61380  36.874  -8.429  42.425 0.0000000000
62337  36.747  -7.370  43.592 0.0000000000
140684  35.916  -7.337  43.619 0.0000000000
47176  28.851  -22.446  47.517 0.0000000000
45202  31.920  -24.204  51.951 0.0000000000
46137  31.395  -23.435  50.542 0.0000000000
46128  32.419  -23.530  51.521 0.0000000000
47118  33.893  -22.885  52.059 0.0000000000
130224  34.319  -24.439  53.416 0.0000000000
43269  31.833  -26.592  56.202 0.0000000000
43292  31.433  -26.797  54.422 0.0000000000
43267  33.451  -27.116  56.053 0.0000000000
42313  35.952  -27.345  56.108 0.0000000000
44188  37.114  -25.579  55.531 0.0000000000
48073  24.791  -22.457  59.072 0.0000000000
46961  24.599  -22.871  60.048 0.0000000000
46979  24.340  -22.705  59.488 0.0000000000
45111  21.528  -24.649  59.196 0.0000000000
46015  22.231  -24.368  59.910 0.0000000000
45073  21.232  -24.890  60.920 0.0000000000
45052  21.717  -24.831  62.446 0.0000000000
136403  20.506  -25.068  60.994 0.0000000000
45149  17.718  -25.123  56.490 0.0000000000
44114  16.947  -26.235  61.015 0.0000000000
44129  17.545  -25.960  60.443 0.0000000000
120603  17.976  -26.035  62.071 0.0000000000
44101  18.660  -25.721  62.427 0.0000000000
44090  18.086  -26.185  63.748 0.0000000000
44081  18.031  -26.438  65.111 0.0000000000
120524  17.315  -26.639  63.996 0.0000000000
139977  15.030  -28.484  66.390 0.0000000000
136900  25.167  -23.638  49.156 0.0000000000
47158  23.991  -22.900  49.364 0.0000000000
49286  22.782  -21.334  52.696 0.0000000000
48201  23.330  -21.454  52.500 0.0000000000
47139  24.303  -22.709  51.727 0.0000000000
129755  24.637  -22.488  52.895 0.0000000000
46091  25.893  -23.242  54.277 0.0000000000
47087  24.618  -22.214  54.417 0.0000000000
48103  23.907  -22.709  56.991 0.0000000000
125919  25.067  -22.418  57.058 0.0000000000
48101  25.253  -22.324  57.923 0.0000000000
133625  25.927  -22.297  58.420 0.0000000000
45974  24.260  -24.070  61.591 0.0000000000
40070  11.844  -29.512  75.422 0.0000000000
42152  12.786  -28.075  75.385 0.0000000000
68434  53.830  -1.146  32.443 0.0000000000
67395  53.034  -2.274  34.902 0.0000000000
130914  53.674  -1.883  35.518 0.0000000000
68382  53.357  -1.234  36.294 0.0000000000
69328  52.984  -0.606  36.968 0.0000000000
66427  48.734  -3.251  33.976 0.0000000000
136893  49.354  -2.942  34.240 0.0000000000
67399  49.281  -2.234  35.416 0.0000000000
69318  50.250  -0.761  38.023 0.0000000000
64388  43.174  -5.143  37.928 0.0000000000
64399  43.225  -5.083  37.023 0.0000000000
65380  43.704  -4.780  38.427 0.0000000000
65379  44.644  -3.779  38.387 0.0000000000
65367  44.562  -4.793  39.681 0.0000000000
64337  42.694  -5.745  42.424 0.0000000000
63330  43.157  -6.256  41.715 0.0000000000
64336  43.639  -5.743  42.279 0.0000000000
60404  32.299  -9.552  42.104 0.0000000000
60340  35.021  -9.230  45.951 0.0000000000
62304  33.923  -7.954  44.747 0.0000000000
132013  35.653  -7.708  46.607 0.0000000000
62282  35.574  -6.703  46.574 0.0000000000
62280  36.889  -7.808  47.333 0.0000000000
49353  31.852  -20.800  47.075 0.0000000000
49365  32.262  -20.252  46.640 0.0000000000
51437  35.508  -18.603  50.188 0.0000000000
51469  34.418  -18.355  48.186 0.0000000000
52520  35.305  -17.447  48.918 0.0000000000
53553  35.304  -16.021  48.018 0.0000000000
53529  36.549  -16.306  49.736 0.0000000000
50339  39.984  -19.969  55.106 0.0000000000
55498  39.818  -14.768  52.038 0.0000000000
55515  38.441  -14.445  50.575 0.0000000000
56450  38.680  -13.516  50.476 0.0000000000
57391  38.233  -12.402  49.489 0.0000000000
57373  39.989  -12.615  51.335 0.0000000000
69435  48.635  0.016  26.322 0.0000000000
70372  50.032  0.299  25.411 0.0000000000
135758  50.680  0.414  25.069 0.0000000000
131876  50.441  -0.730  26.404 0.0000000000
69387  52.228  -1.032  30.514 0.0000000000
138138  51.512  -1.206  29.459 0.0000000000
69386  53.066  -1.057  30.758 0.0000000000
69385  53.957  -0.954  30.881 0.0000000000
136596  55.736  -0.042  22.801 0.0000000000
69431  54.011  -0.918  25.875 0.0000000000
68491  55.009  -2.148  27.444 0.0000000000
68484  54.364  -2.549  28.748 0.0000000000
46047  27.809  -23.153  57.708 0.0000000000
142262  29.062  -23.699  58.178 0.0000000000
46010  29.159  -23.691  59.555 0.0000000000
43155  17.290  -27.296  69.636 0.0000000000
43139  17.999  -26.617  71.545 0.0000000000
43140  17.065  -26.859  71.352 0.0000000000
44025  16.236  -26.073  73.158 0.0000000000
44006  15.717  -25.335  74.828 0.0000000000
67438  43.042  -2.733  32.115 0.0000000000
66441  42.977  -3.713  33.205 0.0000000000
63312  38.531  -6.655  44.489 0.0000000000
64318  39.636  -6.183  44.582 0.0000000000
135814  39.317  -5.206  46.099 0.0000000000
65269  39.471  -4.330  47.383 0.0000000000
36394  10.678  -33.575  71.611 0.0000000000
35494  9.145  -34.536  71.033 0.0000000000
35484  8.414  -34.084  72.449 0.0000000000
121358  35.902  -9.799  38.352 0.0000000000
60418  34.401  -9.766  40.737 0.0000000000
46160  29.017  -23.119  48.774 0.0000000000
46140  28.908  -23.854  50.021 0.0000000000
45204  29.924  -24.544  51.228 0.0000000000
45194  31.393  -25.153  52.190 0.0000000000
135902  23.666  -22.975  57.353 0.0000000000
46028  23.348  -23.546  58.780 0.0000000000
46050  22.417  -24.272  57.328 0.0000000000
45131  21.429  -24.622  57.559 0.0000000000
120649  20.241  -24.871  58.381 0.0000000000
132190  15.782  -27.196  62.767 0.0000000000
136567  15.207  -27.254  62.004 0.0000000000
49272  22.036  -21.517  52.901 0.0000000000
49251  22.714  -21.647  53.690 0.0000000000
48144  23.915  -21.983  54.890 0.0000000000
48146  23.028  -22.254  55.027 0.0000000000
48123  23.293  -22.718  55.697 0.0000000000
45042  23.730  -24.306  63.697 0.0000000000
131527  52.085  -0.904  30.992 0.0000000000
68427  53.313  -1.941  32.905 0.0000000000
67429  52.379  -2.021  32.602 0.0000000000
67418  51.941  -2.452  33.490 0.0000000000
67408  51.504  -2.425  34.400 0.0000000000
67384  48.048  -2.136  36.195 0.0000000000
68402  48.875  -1.838  36.101 0.0000000000
68369  48.444  -1.397  37.796 0.0000000000
68361  48.484  -1.324  38.680 0.0000000000
64425  41.463  -5.366  34.853 0.0000000000
63393  41.282  -6.203  36.041 0.0000000000
63383  42.099  -5.994  37.156 0.0000000000
64379  43.233  -5.525  38.872 0.0000000000
66322  43.957  -3.988  43.935 0.0000000000
131102  32.087  -10.418  42.868 0.0000000000
61366  32.751  -9.298  43.173 0.0000000000
59441  33.613  -9.959  44.728 0.0000000000
132480  34.758  -9.871  45.736 0.0000000000
59411  36.713  -10.264  46.929 0.0000000000
48239  34.137  -21.107  50.031 0.0000000000
49340  33.477  -20.569  48.431 0.0000000000
49312  34.621  -20.479  50.174 0.0000000000
50400  35.650  -19.736  51.098 0.0000000000
50398  36.987  -18.579  51.858 0.0000000000
70365  45.637  0.666  26.342 0.0000000000
70375  46.727  0.740  25.765 0.0000000000
70354  47.128  0.118  27.198 0.0000000000
69436  47.943  0.039  26.752 0.0000000000
69423  49.387  -0.469  27.460 0.0000000000
69422  50.062  -0.818  27.743 0.0000000000
69400  49.882  -0.351  29.136 0.0000000000
69388  50.815  -0.644  30.073 0.0000000000
71297  53.619  1.533  21.394 0.0000000000
70409  54.948  0.388  22.404 0.0000000000
120244  55.051  0.012  23.153 0.0000000000
69450  55.686  -0.385  24.651 0.0000000000
69451  54.708  -0.279  24.521 0.0000000000
69442  53.929  -0.454  25.100 0.0000000000
128985  53.273  -0.646  25.522 0.0000000000
45185  27.225  -25.077  53.376 0.0000000000
44211  28.656  -25.867  53.454 0.0000000000
117599  29.332  -25.759  55.128 0.0000000000
44182  30.481  -25.727  56.290 0.0000000000
44181  31.261  -25.944  56.749 0.0000000000
44069  20.395  -25.599  66.868 0.0000000000
45001  22.417  -25.004  68.149 0.0000000000
134981  21.336  -25.326  69.032 0.0000000000
127552  21.713  -24.917  71.086 0.0000000000
44021  19.552  -25.533  72.505 0.0000000000
44939  20.851  -25.191  73.799 0.0000000000
68460  47.285  -0.851  30.714 0.0000000000
67447  48.341  -1.988  32.019 0.0000000000
68446  46.880  -1.554  31.255 0.0000000000
67433  47.917  -2.951  32.649 0.0000000000
66455  47.139  -3.438  33.281 0.0000000000
67436  44.930  -2.896  32.224 0.0000000000
66456  46.217  -3.415  33.084 0.0000000000
125026  46.966  -3.259  35.053 0.0000000000
66422  46.706  -2.895  35.828 0.0000000000
67376  46.384  -2.430  37.519 0.0000000000
67363  46.407  -2.334  38.452 0.0000000000
61411  40.128  -8.185  39.150 0.0000000000
62371  41.611  -7.570  40.296 0.0000000000
120795  41.359  -7.438  41.011 0.0000000000
63332  41.411  -6.455  42.173 0.0000000000
65317  41.851  -4.953  43.856 0.0000000000
65304  40.693  -5.185  44.981 0.0000000000
65303  41.488  -4.706  44.623 0.0000000000
65302  42.263  -4.327  44.323 0.0000000000
55598  34.146  -14.217  45.485 0.0000000000
48134  38.521  -21.486  55.396 0.0000000000
124044  44.922  0.769  26.480 0.0000000000
70349  45.812  0.097  27.916 0.0000000000
69402  46.692  -0.217  29.513 0.0000000000
73050  51.134  3.441  20.221 0.0000000000
72191  50.818  3.043  20.771 0.0000000000
39118  13.456  -30.902  70.141 0.0000000000
138634  13.927  -29.133  72.027 0.0000000000
39099  12.997  -30.903  71.842 0.0000000000
39090  12.676  -30.767  73.289 0.0000000000
39084  10.807  -30.898  75.380 0.0000000000
37296  10.410  -32.760  73.556 0.0000000000
62412  39.629  -7.499  37.075 0.0000000000
62414  37.753  -7.733  36.403 0.0000000000
62402  39.401  -7.969  37.840 0.0000000000
61412  39.466  -8.650  39.609 0.0000000000
61405  39.390  -8.677  40.510 0.0000000000
61392  39.176  -8.413  41.509 0.0000000000
60432  37.020  -9.992  39.526 0.0000000000
60399  37.862  -9.386  41.105 0.0000000000
62351  38.090  -7.805  42.938 0.0000000000
62319  38.042  -7.033  44.027 0.0000000000
63295  37.273  -5.983  45.373 0.0000000000
64297  36.625  -5.410  46.716 0.0000000000
119787  31.660  -21.710  48.205 0.0000000000
46159  29.756  -22.897  48.786 0.0000000000
47156  31.689  -22.648  49.491 0.0000000000
48241  32.820  -21.809  49.245 0.0000000000
47144  33.889  -22.174  50.864 0.0000000000
47116  35.342  -22.333  52.801 0.0000000000
47080  36.200  -22.986  54.229 0.0000000000
44209  30.298  -26.198  53.113 0.0000000000
43299  31.739  -26.278  53.192 0.0000000000
44206  33.333  -25.994  53.335 0.0000000000
42315  34.374  -27.288  55.983 0.0000000000
43276  34.631  -27.106  55.147 0.0000000000
44196  34.606  -25.960  53.850 0.0000000000
44194  35.862  -25.530  54.522 0.0000000000
46076  36.830  -23.828  55.377 0.0000000000
46075  37.442  -23.762  55.944 0.0000000000
45997  26.095  -23.257  60.319 0.0000000000
45998  25.258  -23.180  60.255 0.0000000000
45985  24.148  -23.714  61.081 0.0000000000
45986  23.763  -23.795  61.450 0.0000000000
46014  23.034  -23.774  59.760 0.0000000000
142036  23.244  -23.917  61.253 0.0000000000
45977  23.146  -24.016  62.107 0.0000000000
45051  22.565  -24.407  62.825 0.0000000000
45044  21.689  -24.845  63.569 0.0000000000
45036  20.966  -25.096  64.443 0.0000000000
45148  19.521  -24.861  56.100 0.0000000000
45133  19.452  -24.900  57.853 0.0000000000
45113  19.618  -25.010  58.949 0.0000000000
44146  17.324  -25.780  58.939 0.0000000000
44145  18.078  -25.596  59.760 0.0000000000
45075  19.838  -25.174  60.496 0.0000000000
44111  19.290  -25.408  61.947 0.0000000000
45037  20.093  -25.332  64.107 0.0000000000
44078  20.268  -25.501  65.969 0.0000000000
44070  19.665  -25.867  66.515 0.0000000000
43174  18.456  -26.620  66.715 0.0000000000
43169  17.942  -26.951  67.245 0.0000000000
43192  16.586  -27.166  64.374 0.0000000000
42220  16.355  -27.639  65.804 0.0000000000
42203  16.701  -27.745  67.658 0.0000000000
42195  15.926  -28.098  67.892 0.0000000000
41137  15.309  -28.524  68.196 0.0000000000
40108  14.343  -29.400  68.833 0.0000000000
40117  13.920  -29.974  68.657 0.0000000000
38215  13.279  -31.302  69.247 0.0000000000
46163  26.273  -23.580  48.514 0.0000000000
46141  26.234  -24.140  49.880 0.0000000000
45208  26.351  -24.622  51.231 0.0000000000
47148  24.214  -23.006  50.870 0.0000000000
46132  24.699  -23.491  51.447 0.0000000000
134552  26.371  -24.593  52.645 0.0000000000
46105  26.323  -23.929  53.791 0.0000000000
46090  26.491  -23.785  54.621 0.0000000000
46077  27.270  -23.703  56.065 0.0000000000
48143  24.363  -22.330  55.701 0.0000000000
47039  25.522  -22.544  56.576 0.0000000000
46048  26.880  -22.793  57.339 0.0000000000
47016  27.266  -22.692  58.432 0.0000000000
46975  27.011  -22.718  59.942 0.0000000000
42165  13.998  -28.052  73.305 0.0000000000
43119  14.217  -26.377  75.022 0.0000000000
68413  54.414  -2.085  34.275 0.0000000000
67431  49.819  -2.455  32.530 0.0000000000
67409  50.603  -2.442  34.585 0.0000000000
68400  50.686  -1.540  35.895 0.0000000000
118505  49.363  -1.368  36.701 0.0000000000
68385  50.340  -1.154  36.700 0.0000000000
68384  51.313  -1.161  36.545 0.0000000000
66442  42.060  -3.617  33.066 0.0000000000
131700  43.329  -4.186  33.816 0.0000000000
64424  42.184  -5.324  35.085 0.0000000000
65421  42.941  -4.956  35.029 0.0000000000
65419  44.528  -4.355  35.533 0.0000000000
65391  44.983  -3.695  36.832 0.0000000000
66388  45.158  -3.257  38.734 0.0000000000
66374  46.199  -3.122  39.880 0.0000000000
62378  42.302  -7.233  40.185 0.0000000000
63346  43.475  -6.525  40.382 0.0000000000
64356  44.097  -6.116  40.426 0.0000000000
65325  45.021  -5.205  42.746 0.0000000000
64335  45.442  -5.489  42.089 0.0000000000
64354  45.284  -5.371  40.833 0.0000000000
65334  45.908  -4.771  40.915 0.0000000000
66360  46.621  -3.478  40.595 0.0000000000
60419  33.356  -9.742  40.744 0.0000000000
61397  34.486  -8.724  42.026 0.0000000000
61365  33.219  -8.598  43.380 0.0000000000
62340  33.856  -7.997  43.615 0.0000000000
62354  35.273  -7.705  43.204 0.0000000000
63315  35.246  -6.681  44.807 0.0000000000
63279  36.077  -5.935  46.667 0.0000000000
64271  36.904  -5.383  48.090 0.0000000000
50461  33.408  -19.610  47.555 0.0000000000
54585  34.012  -16.236  46.428 0.0000000000
55563  34.822  -15.056  46.820 0.0000000000
124925  35.605  -14.115  47.282 0.0000000000
49244  38.716  -20.327  54.370 0.0000000000
50367  38.501  -19.294  53.412 0.0000000000
52460  38.257  -17.858  52.136 0.0000000000
52458  39.519  -17.444  52.731 0.0000000000
53514  37.672  -16.447  50.902 0.0000000000
54526  37.092  -15.763  50.020 0.0000000000
55527  36.796  -14.581  48.900 0.0000000000
56482  36.432  -13.157  47.720 0.0000000000
57416  36.615  -12.410  47.549 0.0000000000
58364  37.512  -11.037  47.783 0.0000000000
59399  37.972  -10.290  47.880 0.0000000000
57372  40.697  -11.860  51.423 0.0000000000
59378  39.913  -10.312  49.938 0.0000000000
60310  38.902  -9.541  48.605 0.0000000000
125335  38.663  -8.049  48.989 0.0000000000
72167  50.379  2.297  21.849 0.0000000000
71275  50.452  1.517  23.120 0.0000000000
70382  51.064  0.717  24.482 0.0000000000
69444  51.674  -0.415  25.676 0.0000000000
68503  52.515  -1.611  26.854 0.0000000000
68494  50.723  -1.267  27.996 0.0000000000
68485  52.000  -1.803  28.876 0.0000000000
134531  52.937  -2.374  28.625 0.0000000000
69396  53.991  -1.678  30.615 0.0000000000
45071  26.692  -23.749  60.272 0.0000000000
45070  27.677  -23.966  60.372 0.0000000000
41120  14.742  -28.496  70.758 0.0000000000
41121  14.210  -29.117  71.050 0.0000000000
64278  37.065  -4.935  47.489 0.0000000000
65271  37.714  -4.584  47.908 0.0000000000
44227  28.129  -25.244  51.725 0.0000000000
44221  27.498  -25.281  52.183 0.0000000000
46092  21.629  -23.862  54.246 0.0000000000
46081  21.027  -24.335  54.712 0.0000000000
45028  21.681  -24.989  65.872 0.0000000000
45020  22.463  -24.898  66.475 0.0000000000
69380  48.845  -0.841  31.064 0.0000000000
68444  49.534  -1.198  31.426 0.0000000000
68351  47.834  -1.705  39.140 0.0000000000
62401  40.402  -7.442  37.712 0.0000000000
56507  34.498  -13.380  45.532 0.0000000000
57440  33.778  -12.644  44.562 0.0000000000
57429  34.820  -12.568  45.773 0.0000000000
58395  34.511  -11.750  45.390 0.0000000000
48159  36.917  -21.830  53.979 0.0000000000
48158  37.523  -21.424  54.369 0.0000000000
69391  47.627  -0.307  29.977 0.0000000000
141522  48.517  -0.295  30.007 0.0000000000
126952  49.091  -0.476  30.386 0.0000000000
71299  52.066  1.898  21.846 0.0000000000
71286  51.685  1.667  22.515 0.0000000000
45145  27.857  -24.053  56.235 0.0000000000
134876  18.612  -26.815  69.034 0.0000000000
43153  18.951  -26.646  69.624 0.0000000000
118002  18.677  -26.727  70.351 0.0000000000
68475  44.483  -0.921  29.958 0.0000000000
68463  44.483  -1.485  30.651 0.0000000000
66440  43.831  -3.769  33.303 0.0000000000
121815  44.640  -3.799  33.467 0.0000000000
65418  45.141  -4.065  35.008 0.0000000000
137617  39.266  -7.830  42.240 0.0000000000
62350  39.807  -7.231  42.583 0.0000000000
37306  12.120  -32.419  70.813 0.0000000000
61451  36.382  -8.418  36.544 0.0000000000
61426  37.146  -9.058  37.989 0.0000000000
60457  36.317  -9.298  37.802 0.0000000000
61395  36.445  -8.956  41.836 0.0000000000
61381  35.899  -8.340  42.473 0.0000000000
62353  36.335  -7.811  43.013 0.0000000000
46118  32.719  -23.922  52.208 0.0000000000
46117  33.499  -23.624  52.459 0.0000000000
43268  32.643  -26.746  56.593 0.0000000000
124475  33.391  -26.844  57.141 0.0000000000
45092  20.880  -24.877  59.673 0.0000000000
45091  21.428  -24.732  60.124 0.0000000000
43210  16.423  -26.563  61.542 0.0000000000
44102  17.220  -26.300  61.810 0.0000000000
44097  18.034  -26.040  62.867 0.0000000000
43198  17.361  -26.431  63.164 0.0000000000
48182  24.093  -21.827  52.997 0.0000000000
47107  24.627  -22.297  53.575 0.0000000000
48166  23.966  -21.773  53.949 0.0000000000
48085  24.128  -22.696  57.879 0.0000000000
48102  24.531  -22.500  57.483 0.0000000000
48084  24.693  -22.445  58.316 0.0000000000
45975  24.011  -23.985  62.080 0.0000000000
40063  11.628  -29.247  75.963 0.0000000000
41085  11.922  -28.838  75.860 0.0000000000
119473  53.479  -0.891  31.740 0.0000000000
69366  54.327  -0.737  32.112 0.0000000000
68398  52.623  -1.735  35.660 0.0000000000
68383  52.270  -1.171  36.420 0.0000000000
130339  48.117  -3.319  34.339 0.0000000000
67411  48.704  -2.872  34.817 0.0000000000
67400  48.435  -2.422  35.553 0.0000000000
127639  44.274  -4.405  38.867 0.0000000000
64326  43.111  -5.144  42.919 0.0000000000
60405  31.243  -9.959  41.704 0.0000000000
60338  36.422  -9.453  46.711 0.0000000000
61325  35.292  -8.430  46.236 0.0000000000
61324  36.026  -8.616  46.627 0.0000000000
139993  36.288  -8.019  46.921 0.0000000000
61312  37.433  -8.712  47.358 0.0000000000
48257  32.160  -21.184  47.777 0.0000000000
49352  32.561  -20.557  47.363 0.0000000000
51436  35.963  -18.275  50.581 0.0000000000
51452  35.274  -18.172  49.440 0.0000000000
52505  35.665  -17.470  49.495 0.0000000000
53530  35.813  -16.727  49.164 0.0000000000
52504  36.118  -17.136  49.915 0.0000000000
125851  40.274  -14.998  52.455 0.0000000000
56443  39.142  -13.994  51.146 0.0000000000
56442  39.647  -13.410  51.432 0.0000000000
56449  39.263  -13.049  50.929 0.0000000000
56441  40.188  -13.370  51.892 0.0000000000
70373  48.531  0.410  25.580 0.0000000000
118755  49.234  0.636  25.045 0.0000000000
69445  49.976  -0.272  26.130 0.0000000000
69376  52.949  -0.944  31.097 0.0000000000
69375  53.949  -0.809  31.377 0.0000000000
70394  56.025  -0.173  23.404 0.0000000000
70407  56.587  -0.197  22.848 0.0000000000
70393  56.781  -0.298  23.599 0.0000000000
68501  54.367  -1.588  26.715 0.0000000000
141381  53.961  -2.319  27.707 0.0000000000
46026  28.134  -22.993  58.947 0.0000000000
45110  28.894  -23.461  58.881 0.0000000000
46011  28.547  -23.374  59.775 0.0000000000
42185  16.383  -27.694  69.289 0.0000000000
43146  17.001  -27.142  70.491 0.0000000000
42170  16.329  -27.259  70.838 0.0000000000
119541  15.211  -27.125  72.666 0.0000000000
43135  15.966  -26.704  72.495 0.0000000000
43127  15.475  -26.438  73.417 0.0000000000
44016  15.980  -25.681  73.970 0.0000000000
44017  15.329  -25.921  74.238 0.0000000000
67439  42.171  -2.769  32.167 0.0000000000
66459  43.483  -3.241  32.685 0.0000000000
66460  42.644  -3.205  32.639 0.0000000000
63293  39.058  -6.283  44.967 0.0000000000
120400  38.774  -5.744  45.675 0.0000000000
135304  9.954  -34.148  70.910 0.0000000000
35489  8.167  -34.530  71.628 0.0000000000
35490  7.083  -34.717  71.903 0.0000000000
46152  27.512  -23.636  49.026 0.0000000000
45221  28.147  -23.766  49.570 0.0000000000
44225  29.696  -25.256  51.852 0.0000000000
127609  30.581  -24.860  51.722 0.0000000000
141099  23.372  -23.212  56.837 0.0000000000
46049  23.282  -23.565  57.614 0.0000000000
121854  21.051  -24.762  58.355 0.0000000000
45132  20.508  -24.786  57.671 0.0000000000
48202  21.516  -21.411  52.416 0.0000000000
49271  22.416  -21.439  52.952 0.0000000000
49252  22.440  -21.825  53.557 0.0000000000
48168  22.824  -21.849  54.348 0.0000000000
48169  22.584  -22.316  54.296 0.0000000000
47041  22.699  -23.567  55.721 0.0000000000
47040  23.181  -23.117  56.113 0.0000000000
48104  23.504  -22.931  56.510 0.0000000000
45027  23.660  -24.655  65.171 0.0000000000
68442  51.449  -1.190  31.387 0.0000000000
68436  52.233  -1.284  31.731 0.0000000000
67430  50.768  -2.225  32.519 0.0000000000
131937  51.548  -2.293  32.826 0.0000000000
68387  47.724  -2.009  36.802 0.0000000000
68370  47.745  -1.772  37.470 0.0000000000
64414  40.119  -5.927  35.188 0.0000000000
64413  40.965  -5.856  35.345 0.0000000000
63375  42.251  -6.106  38.115 0.0000000000
63374  42.696  -6.019  38.743 0.0000000000
59463  31.478  -10.839  42.834 0.0000000000
59453  32.633  -10.489  43.854 0.0000000000
60380  32.560  -9.885  43.449 0.0000000000
59452  33.247  -10.604  44.361 0.0000000000
130764  35.552  -10.934  46.285 0.0000000000
59428  34.769  -10.760  45.727 0.0000000000
59426  36.010  -10.195  46.494 0.0000000000
48225  34.288  -21.645  50.797 0.0000000000
49299  34.719  -20.917  50.747 0.0000000000
49281  36.501  -20.361  52.440 0.0000000000
49297  36.069  -20.061  51.790 0.0000000000
50385  36.693  -19.534  52.200 0.0000000000
50399  36.234  -19.192  51.519 0.0000000000
70355  46.299  0.193  27.320 0.0000000000
70364  46.378  0.406  26.539 0.0000000000
125144  48.027  0.069  28.596 0.0000000000
69424  47.983  -0.029  27.620 0.0000000000
119534  48.783  -0.168  28.028 0.0000000000
122011  48.670  -0.234  27.123 0.0000000000
122738  49.576  -0.413  28.350 0.0000000000
129453  50.159  -0.426  29.668 0.0000000000
69377  51.184  -0.837  30.714 0.0000000000
141491  51.575  -0.889  30.364 0.0000000000
70410  54.061  0.783  22.563 0.0000000000
70379  55.417  -0.208  23.922 0.0000000000
119215  54.421  0.041  23.812 0.0000000000
69452  53.702  -0.049  24.422 0.0000000000
70369  53.037  -0.254  25.009 0.0000000000
44199  27.555  -25.137  53.974 0.0000000000
44198  28.165  -25.501  54.163 0.0000000000
45171  28.515  -25.327  54.967 0.0000000000
44173  30.011  -25.138  56.688 0.0000000000
44183  29.727  -25.442  55.946 0.0000000000
44171  31.525  -25.565  57.833 0.0000000000
44062  19.796  -25.958  67.402 0.0000000000
44061  20.540  -25.673  67.790 0.0000000000
139265  20.621  -25.687  68.803 0.0000000000
44029  20.523  -25.447  71.258 0.0000000000
135874  21.122  -25.175  70.995 0.0000000000
44975  21.226  -24.960  71.836 0.0000000000
44974  21.953  -24.826  71.736 0.0000000000
44963  21.628  -24.904  72.461 0.0000000000
44032  18.193  -26.238  72.226 0.0000000000
44031  18.846  -26.203  71.795 0.0000000000
44022  18.719  -25.723  72.726 0.0000000000
68461  46.399  -1.068  30.756 0.0000000000
67449  46.390  -2.352  31.740 0.0000000000
67434  46.808  -2.916  32.478 0.0000000000
139950  44.062  -2.224  31.436 0.0000000000
67451  44.673  -2.366  31.567 0.0000000000
66439  45.850  -3.694  33.660 0.0000000000
140142  46.135  -3.752  34.074 0.0000000000
66438  46.516  -3.653  33.806 0.0000000000
66416  45.597  -3.472  36.245 0.0000000000
66402  45.689  -2.752  38.082 0.0000000000
61404  40.176  -8.325  40.064 0.0000000000
62372  40.800  -7.873  40.539 0.0000000000
64338  41.833  -5.889  42.662 0.0000000000
130690  41.442  -5.567  43.387 0.0000000000
64307  39.738  -5.680  45.265 0.0000000000
64317  40.306  -5.810  44.443 0.0000000000
65296  41.139  -4.497  45.442 0.0000000000
66301  41.584  -3.859  45.852 0.0000000000
65295  41.904  -4.057  45.080 0.0000000000
66300  42.324  -3.442  45.575 0.0000000000
55611  33.507  -14.528  44.794 0.0000000000
56523  33.377  -13.815  44.252 0.0000000000
70357  44.559  0.424  27.122 0.0000000000
70356  45.507  0.324  27.043 0.0000000000
69425  44.935  0.121  27.821 0.0000000000
69403  45.710  -0.375  29.358 0.0000000000
69392  46.774  -0.595  30.253 0.0000000000
39108  13.478  -30.467  71.094 0.0000000000
38191  12.283  -31.521  72.913 0.0000000000
125649  12.770  -31.019  72.605 0.0000000000
39091  12.069  -31.105  73.848 0.0000000000
38186  11.306  -31.378  74.452 0.0000000000
36388  10.197  -33.552  72.500 0.0000000000
36383  9.808  -33.254  73.254 0.0000000000
63395  39.180  -7.037  36.171 0.0000000000
62421  38.260  -7.143  35.938 0.0000000000
61450  37.224  -8.273  36.823 0.0000000000
62403  38.903  -7.927  37.345 0.0000000000
61438  38.706  -8.359  37.949 0.0000000000
61424  39.316  -8.422  38.672 0.0000000000
61413  38.739  -9.165  39.973 0.0000000000
61406  38.631  -9.046  40.881 0.0000000000
60433  36.172  -10.064  39.060 0.0000000000
61394  37.393  -8.952  41.778 0.0000000000
61379  37.769  -8.368  42.364 0.0000000000
61393  38.271  -8.781  41.678 0.0000000000
141273  38.303  -7.399  43.471 0.0000000000
62336  37.624  -7.428  43.530 0.0000000000
121807  36.722  -6.375  44.868 0.0000000000
62320  37.171  -6.932  44.159 0.0000000000
64309  36.860  -5.525  46.063 0.0000000000
48259  29.881  -21.589  46.655 0.0000000000
121866  30.597  -21.603  47.291 0.0000000000
135863  31.041  -21.788  47.916 0.0000000000
46150  29.443  -23.370  49.399 0.0000000000
46149  30.353  -23.143  49.437 0.0000000000
46136  32.171  -23.225  50.772 0.0000000000
47147  31.919  -22.911  50.069 0.0000000000
47155  32.356  -22.363  49.553 0.0000000000
47154  33.093  -22.137  49.895 0.0000000000
47145  33.344  -22.424  50.580 0.0000000000
47099  34.912  -23.020  53.091 0.0000000000
47117  34.628  -22.578  52.405 0.0000000000
47098  35.659  -22.847  53.514 0.0000000000
46089  35.606  -23.641  54.105 0.0000000000
44210  29.525  -26.217  53.602 0.0000000000
43300  30.225  -26.494  53.799 0.0000000000
43291  32.422  -26.953  54.569 0.0000000000
131376  32.005  -26.646  53.752 0.0000000000
44207  32.473  -26.181  53.236 0.0000000000
43298  32.904  -26.634  53.772 0.0000000000
43275  35.487  -26.973  55.298 0.0000000000
42314  35.084  -27.294  55.847 0.0000000000
129851  35.178  -26.693  54.709 0.0000000000
43289  34.591  -26.619  54.358 0.0000000000
44195  35.252  -26.121  54.283 0.0000000000
45170  35.125  -25.251  54.099 0.0000000000
45156  36.488  -24.816  55.030 0.0000000000
46959  25.856  -22.802  60.163 0.0000000000
46960  25.174  -22.770  60.112 0.0000000000
45999  24.612  -23.288  60.312 0.0000000000
46946  24.184  -23.427  60.505 0.0000000000
45987  22.590  -24.291  61.415 0.0000000000
46001  22.794  -24.059  60.616 0.0000000000
45969  23.418  -24.065  62.973 0.0000000000
45045  20.727  -25.127  63.637 0.0000000000
140197  21.623  -24.909  64.340 0.0000000000
45134  18.311  -25.157  57.553 0.0000000000
127550  18.921  -24.946  56.821 0.0000000000
44174  16.865  -25.686  58.143 0.0000000000
138822  16.660  -25.796  58.672 0.0000000000
44128  18.355  -25.623  60.723 0.0000000000
45076  18.944  -25.319  60.196 0.0000000000
45063  19.142  -25.337  61.072 0.0000000000
44096  18.726  -25.800  63.250 0.0000000000
44095  19.399  -25.576  63.663 0.0000000000
44087  20.168  -25.409  65.032 0.0000000000
44088  19.301  -25.705  64.611 0.0000000000
44079  19.505  -25.766  65.611 0.0000000000
43182  18.261  -26.535  65.896 0.0000000000
43168  18.600  -26.686  67.521 0.0000000000
43175  17.755  -26.925  66.435 0.0000000000
43200  15.983  -27.333  63.672 0.0000000000
42221  15.669  -27.942  65.345 0.0000000000
42210  16.530  -27.696  66.681 0.0000000000
42194  16.383  -27.855  68.436 0.0000000000
42204  16.016  -27.962  67.154 0.0000000000
128958  14.547  -28.875  66.726 0.0000000000
123434  14.648  -28.938  67.641 0.0000000000
41138  14.721  -28.944  68.550 0.0000000000
40116  14.178  -29.454  68.092 0.0000000000
40123  13.591  -30.084  67.782 0.0000000000
39132  13.321  -30.805  68.400 0.0000000000
46154  24.642  -23.494  49.616 0.0000000000
46153  25.360  -23.933  49.829 0.0000000000
46142  25.717  -24.307  50.677 0.0000000000
47149  23.685  -22.383  50.199 0.0000000000
47140  23.894  -22.064  51.197 0.0000000000
46120  24.834  -23.102  52.322 0.0000000000
46131  25.259  -23.876  51.936 0.0000000000
45197  25.893  -24.247  52.307 0.0000000000
45187  26.094  -24.052  53.026 0.0000000000
45186  26.612  -24.597  53.281 0.0000000000
46078  26.734  -23.596  55.505 0.0000000000
47038  26.219  -22.735  56.759 0.0000000000
127617  26.526  -22.426  58.138 0.0000000000
48071  25.842  -22.386  59.240 0.0000000000
46993  26.628  -22.432  59.121 0.0000000000
46976  26.259  -22.557  59.846 0.0000000000
46958  26.511  -22.865  60.204 0.0000000000
127107  25.135  -23.693  60.304 0.0000000000
117809  22.032  -25.073  68.929 0.0000000000
119005  22.963  -24.948  68.946 0.0000000000
44991  23.396  -24.951  69.757 0.0000000000
40085  13.526  -29.621  72.792 0.0000000000
41106  13.832  -28.846  72.982 0.0000000000
41094  13.585  -28.598  73.779 0.0000000000
42143  12.805  -27.607  76.102 0.0000000000
117947  13.753  -26.827  75.268 0.0000000000
128562  13.800  -26.564  76.407 0.0000000000
43984  14.730  -25.689  76.497 0.0000000000
43981  14.152  -26.456  76.624 0.0000000000
67406  53.463  -2.392  33.978 0.0000000000
68438  49.264  -1.882  31.981 0.0000000000
67410  49.712  -2.553  34.735 0.0000000000
123623  50.079  -2.775  33.990 0.0000000000
67397  51.089  -2.078  35.200 0.0000000000
69331  50.510  -0.874  37.407 0.0000000000
69330  51.167  -0.816  37.232 0.0000000000
69316  51.848  -0.330  37.749 0.0000000000
65439  41.582  -4.271  33.658 0.0000000000
64412  41.763  -5.746  35.535 0.0000000000
64411  42.521  -5.501  35.734 0.0000000000
64410  43.333  -5.071  36.023 0.0000000000
118264  44.025  -4.626  35.961 0.0000000000
65420  43.820  -4.676  35.291 0.0000000000
65407  44.489  -4.262  36.330 0.0000000000
65392  44.289  -4.175  37.141 0.0000000000
65366  44.824  -3.980  39.302 0.0000000000
66387  45.828  -2.786  39.066 0.0000000000
62379  41.812  -7.405  39.668 0.0000000000
63339  43.486  -6.621  41.066 0.0000000000
63338  44.180  -6.306  40.946 0.0000000000
65324  45.878  -5.107  42.660 0.0000000000
64346  44.895  -5.815  41.391 0.0000000000
64345  45.708  -5.301  41.540 0.0000000000
123170  32.697  -9.413  41.514 0.0000000000
60403  33.757  -9.144  41.564 0.0000000000
61383  33.695  -8.635  42.374 0.0000000000
61350  32.961  -8.971  43.995 0.0000000000
61337  33.581  -8.644  44.590 0.0000000000
62322  34.334  -7.435  44.839 0.0000000000
62323  34.112  -7.667  44.264 0.0000000000
62355  34.376  -7.988  43.116 0.0000000000
62321  34.669  -7.176  44.505 0.0000000000
62338  35.218  -7.116  44.023 0.0000000000
62270  36.530  -6.906  47.531 0.0000000000
63280  35.645  -6.200  46.117 0.0000000000
63267  36.162  -6.359  47.195 0.0000000000
64279  36.508  -5.601  47.319 0.0000000000
63260  36.614  -6.169  47.811 0.0000000000
49339  34.031  -20.088  48.820 0.0000000000
50444  33.713  -19.830  48.124 0.0000000000
131619  34.233  -19.284  48.507 0.0000000000
120532  34.389  -17.607  47.665 0.0000000000
51485  33.904  -18.243  47.384 0.0000000000
54575  34.920  -15.712  47.307 0.0000000000
54574  35.429  -15.360  47.738 0.0000000000
55562  35.262  -14.873  47.269 0.0000000000
55545  35.748  -14.725  47.805 0.0000000000
48133  39.223  -21.205  55.794 0.0000000000
49227  38.969  -20.853  55.059 0.0000000000
51379  39.938  -18.780  54.075 0.0000000000
50349  39.475  -19.627  54.378 0.0000000000
50366  39.203  -19.044  53.686 0.0000000000
50383  38.148  -18.881  52.857 0.0000000000
51409  39.089  -18.054  52.787 0.0000000000
53497  39.342  -16.073  51.972 0.0000000000
53481  40.052  -16.458  52.633 0.0000000000
53498  38.799  -16.492  51.715 0.0000000000
52474  38.403  -17.182  51.803 0.0000000000
53499  38.259  -16.496  51.332 0.0000000000
54509  38.115  -15.941  51.002 0.0000000000
56460  37.727  -13.780  49.514 0.0000000000
55526  37.322  -14.563  49.454 0.0000000000
56461  37.192  -13.991  49.038 0.0000000000
56471  36.771  -13.761  48.398 0.0000000000
57404  37.086  -12.668  48.183 0.0000000000
58332  38.102  -11.666  48.966 0.0000000000
58347  38.017  -10.984  48.398 0.0000000000
58346  38.547  -10.918  48.968 0.0000000000
57371  41.298  -11.957  52.004 0.0000000000
131163  40.510  -10.176  50.567 0.0000000000
60299  39.741  -9.765  49.608 0.0000000000
60300  39.366  -9.615  49.161 0.0000000000
61290  39.115  -8.811  49.029 0.0000000000
61300  38.607  -8.719  48.415 0.0000000000
61289  39.638  -8.966  49.686 0.0000000000
72179  50.044  2.995  21.165 0.0000000000
71255  46.903  1.134  25.148 0.0000000000
70398  50.716  1.165  23.802 0.0000000000
69433  52.031  -1.072  26.253 0.0000000000
69412  50.299  -0.709  28.655 0.0000000000
68473  52.368  -1.692  29.708 0.0000000000
68472  53.388  -2.229  29.837 0.0000000000
134454  54.683  -0.790  31.331 0.0000000000
142110  54.878  0.893  20.879 0.0000000000
69440  55.905  -0.602  25.351 0.0000000000
42187  15.414  -28.119  69.830 0.0000000000
135359  15.681  -27.582  70.960 0.0000000000
42176  15.256  -27.999  70.467 0.0000000000
42171  15.063  -27.875  71.258 0.0000000000
121422  14.847  -27.730  72.099 0.0000000000
64308  37.783  -5.554  45.879 0.0000000000
64295  38.336  -5.105  46.386 0.0000000000
65289  37.904  -4.693  47.205 0.0000000000
132799  27.449  -24.517  50.646 0.0000000000
45214  28.091  -24.227  50.304 0.0000000000
45206  28.079  -24.738  51.005 0.0000000000
46066  22.259  -24.250  56.299 0.0000000000
45146  21.358  -24.539  56.148 0.0000000000
45147  20.431  -24.707  56.185 0.0000000000
136382  21.368  -22.774  53.153 0.0000000000
47067  22.423  -23.333  54.717 0.0000000000
121208  22.604  -24.786  65.330 0.0000000000
133993  23.353  -24.710  66.001 0.0000000000
120424  23.297  -24.760  66.750 0.0000000000
45009  23.805  -24.794  67.369 0.0000000000
68443  50.507  -1.041  31.255 0.0000000000
67362  47.039  -1.975  37.931 0.0000000000
63394  40.047  -6.876  36.367 0.0000000000
125000  40.819  -6.692  36.528 0.0000000000
63384  41.005  -6.920  37.275 0.0000000000
63376  41.766  -6.748  38.492 0.0000000000
57449  33.202  -12.126  44.173 0.0000000000
58405  33.443  -11.362  44.468 0.0000000000
58384  35.125  -11.727  46.063 0.0000000000
58383  35.817  -11.784  46.605 0.0000000000
48194  35.779  -21.559  52.580 0.0000000000
139258  35.404  -21.268  51.923 0.0000000000
48193  36.341  -21.015  52.658 0.0000000000
49266  36.853  -20.715  53.052 0.0000000000
49265  37.487  -20.322  53.445 0.0000000000
119753  47.084  0.109  28.704 0.0000000000
130624  49.297  -0.274  29.651 0.0000000000
71272  53.169  0.944  23.001 0.0000000000
70396  52.500  0.749  23.779 0.0000000000
45157  28.171  -24.649  55.606 0.0000000000
45143  29.378  -24.760  56.572 0.0000000000
45129  29.865  -24.564  57.398 0.0000000000
44055  19.247  -26.418  67.896 0.0000000000
130048  19.935  -26.077  69.047 0.0000000000
44048  19.608  -26.279  69.647 0.0000000000
44039  19.879  -25.957  70.510 0.0000000000
44030  19.733  -25.810  71.542 0.0000000000
44955  18.182  -24.785  74.371 0.0000000000
44013  18.464  -25.217  73.551 0.0000000000
68474  45.232  -0.726  29.849 0.0000000000
129007  45.700  -1.281  30.747 0.0000000000
67450  45.474  -2.413  31.640 0.0000000000
136557  45.282  -3.809  33.708 0.0000000000
66430  45.699  -3.847  34.352 0.0000000000
137276  45.994  -3.557  35.379 0.0000000000
131305  40.570  -7.610  41.330 0.0000000000
133856  40.370  -7.268  41.972 0.0000000000
64327  40.672  -5.950  43.657 0.0000000000
126030  12.631  -31.956  70.602 0.0000000000
38206  12.542  -31.792  71.462 0.0000000000
37307  11.925  -32.434  71.665 0.0000000000
37301  11.694  -32.353  72.612 0.0000000000
61439  37.444  -8.627  37.441 0.0000000000
119688  37.937  -8.731  38.009 0.0000000000
60441  37.696  -9.332  38.818 0.0000000000
60431  37.962  -9.588  39.756 0.0000000000
59493  35.705  -10.196  40.084 0.0000000000
60416  36.419  -10.022  40.459 0.0000000000
63314  36.092  -6.827  44.313 0.0000000000
47175  29.723  -22.099  47.549 0.0000000000
46130  30.770  -24.032  51.098 0.0000000000
46138  30.609  -23.556  50.276 0.0000000000
46129  31.640  -23.774  51.284 0.0000000000
47135  32.903  -22.944  51.028 0.0000000000
47134  33.608  -22.642  51.289 0.0000000000
46127  33.187  -23.260  51.753 0.0000000000
46116  34.228  -23.300  52.746 0.0000000000
46103  34.551  -23.748  53.336 0.0000000000
123982  30.947  -26.705  55.056 0.0000000000
43293  30.580  -26.624  54.424 0.0000000000
43279  31.664  -26.849  55.282 0.0000000000
43278  32.517  -26.981  55.615 0.0000000000
43277  33.228  -27.143  55.076 0.0000000000
42306  36.625  -27.466  56.663 0.0000000000
43273  36.953  -26.345  55.530 0.0000000000
48072  25.298  -22.430  59.343 0.0000000000
46978  24.969  -22.535  59.719 0.0000000000
46002  22.025  -24.558  60.756 0.0000000000
45060  21.824  -24.750  61.565 0.0000000000
45061  20.863  -25.000  61.791 0.0000000000
45115  17.763  -25.458  58.230 0.0000000000
44130  16.673  -26.142  60.180 0.0000000000
120698  17.241  -25.929  59.715 0.0000000000
44113  17.797  -26.013  61.273 0.0000000000
44089  18.466  -26.102  64.539 0.0000000000
139322  17.858  -26.429  64.442 0.0000000000
43191  17.370  -26.786  64.808 0.0000000000
42212  15.018  -28.338  65.690 0.0000000000
41152  14.539  -28.723  66.007 0.0000000000
138250  24.209  -23.178  50.120 0.0000000000
49304  22.723  -20.995  51.955 0.0000000000
48216  23.310  -21.374  51.661 0.0000000000
48200  23.964  -21.876  52.089 0.0000000000
47124  24.357  -22.402  52.416 0.0000000000
46107  25.170  -22.898  53.123 0.0000000000
46106  25.745  -23.397  53.464 0.0000000000
47106  25.256  -22.768  53.935 0.0000000000
47086  25.258  -22.685  54.787 0.0000000000
48122  23.634  -22.640  56.082 0.0000000000
48121  24.255  -22.492  56.468 0.0000000000
48083  25.304  -22.355  58.722 0.0000000000
41095  13.035  -29.112  74.153 0.0000000000
41083  13.177  -28.331  74.604 0.0000000000
41084  12.469  -28.814  75.126 0.0000000000
41075  12.263  -28.246  75.942 0.0000000000
67407  52.436  -2.463  34.230 0.0000000000
67421  48.627  -3.196  33.190 0.0000000000
67420  49.422  -2.979  33.363 0.0000000000
68368  49.300  -1.040  38.158 0.0000000000
124137  49.782  -1.035  37.355 0.0000000000
64389  42.702  -5.584  37.496 0.0000000000
65393  43.705  -4.622  37.516 0.0000000000
131276  44.170  -4.206  37.988 0.0000000000
63331  42.255  -6.306  41.921 0.0000000000
63340  42.663  -6.775  41.239 0.0000000000
65333  46.452  -4.762  41.675 0.0000000000
60420  31.720  -9.715  41.391 0.0000000000
60351  34.434  -9.209  45.492 0.0000000000
61336  34.079  -8.500  45.205 0.0000000000
61326  34.648  -8.391  45.741 0.0000000000
62303  34.379  -7.718  45.352 0.0000000000
62291  34.909  -7.412  46.074 0.0000000000
62281  36.095  -7.230  47.111 0.0000000000
50432  34.994  -19.036  49.718 0.0000000000
51453  34.713  -18.736  48.980 0.0000000000
51468  34.895  -18.032  48.765 0.0000000000
52521  34.822  -17.482  48.279 0.0000000000
53554  34.730  -16.727  47.655 0.0000000000
53541  35.288  -16.767  48.428 0.0000000000
128966  35.702  -16.166  48.576 0.0000000000
54544  36.172  -15.850  49.010 0.0000000000
50338  40.781  -19.684  55.442 0.0000000000
50348  40.323  -19.261  54.757 0.0000000000
51378  40.693  -18.516  54.491 0.0000000000
54508  39.351  -15.277  51.726 0.0000000000
54524  38.302  -15.298  50.835 0.0000000000
55507  38.877  -14.892  51.222 0.0000000000
56459  38.244  -13.191  49.861 0.0000000000
129871  37.845  -13.026  49.330 0.0000000000
57382  38.822  -12.508  50.249 0.0000000000
58318  39.408  -11.667  50.301 0.0000000000
70362  47.997  0.262  26.067 0.0000000000
71260  49.041  1.202  24.098 0.0000000000
70383  50.095  0.868  24.518 0.0000000000
132880  50.765  -0.204  25.731 0.0000000000
127195  51.495  -0.930  29.979 0.0000000000
69398  52.221  -1.173  30.206 0.0000000000
70408  55.882  0.020  22.196 0.0000000000
69430  55.208  -0.952  25.946 0.0000000000
68500  55.603  -1.392  26.607 0.0000000000
138512  56.120  -2.351  28.300 0.0000000000
46046  28.577  -23.474  58.003 0.0000000000
45994  28.974  -23.900  60.208 0.0000000000
43154  18.225  -26.962  69.661 0.0000000000
121316  17.821  -26.910  70.580 0.0000000000
43133  17.484  -26.449  72.200 0.0000000000
118210  16.230  -26.969  71.635 0.0000000000
43134  16.697  -26.611  72.221 0.0000000000
44024  16.991  -26.016  72.901 0.0000000000
44015  16.758  -25.482  73.785 0.0000000000
44944  17.031  -24.575  75.289 0.0000000000
44930  16.682  -24.633  75.947 0.0000000000
67452  43.387  -2.260  31.513 0.0000000000
62335  38.753  -7.054  43.796 0.0000000000
63311  39.222  -6.612  44.229 0.0000000000
138829  39.684  -4.872  46.407 0.0000000000
64294  39.047  -4.709  46.866 0.0000000000
65288  40.048  -4.541  46.786 0.0000000000
141252  10.629  -33.581  70.693 0.0000000000
35483  9.117  -34.323  71.781 0.0000000000
36390  8.198  -33.684  73.363 0.0000000000
59494  34.952  -10.200  40.065 0.0000000000
60417  35.403  -9.892  40.685 0.0000000000
60402  34.917  -9.336  41.374 0.0000000000
46151  28.768  -23.492  49.317 0.0000000000
124884  28.689  -24.396  50.667 0.0000000000
45213  29.397  -24.220  50.679 0.0000000000
45212  30.099  -23.989  50.691 0.0000000000
45203  31.247  -24.404  51.657 0.0000000000
45193  32.339  -24.809  52.446 0.0000000000
46994  23.788  -22.979  58.230 0.0000000000
137970  22.790  -24.117  58.188 0.0000000000
46029  21.968  -24.467  58.269 0.0000000000
45112  20.582  -24.884  59.044 0.0000000000
43222  15.977  -26.510  60.751 0.0000000000
127406  15.848  -26.918  61.871 0.0000000000
49270  22.865  -21.503  53.371 0.0000000000
48167  23.243  -21.638  54.136 0.0000000000
48145  23.255  -21.986  54.967 0.0000000000
136441  23.361  -22.420  55.424 0.0000000000
68435  53.005  -1.248  32.119 0.0000000000
125407  51.557  -1.753  32.151 0.0000000000
67396  52.034  -2.181  35.066 0.0000000000
66421  47.594  -2.708  35.559 0.0000000000
68386  48.446  -1.622  36.899 0.0000000000
64426  40.590  -5.414  34.691 0.0000000000
64401  41.990  -5.934  36.293 0.0000000000
139170  41.491  -6.412  36.803 0.0000000000
65301  43.081  -4.089  44.095 0.0000000000
65315  43.535  -4.580  43.446 0.0000000000
60381  31.526  -10.487  42.389 0.0000000000
60390  31.810  -10.041  42.172 0.0000000000
60364  32.984  -9.796  44.174 0.0000000000
60363  33.364  -9.275  44.497 0.0000000000
59440  34.241  -10.002  45.292 0.0000000000
60339  35.688  -9.350  46.344 0.0000000000
48250  33.180  -21.246  48.813 0.0000000000
49327  33.792  -20.840  49.177 0.0000000000
49326  34.340  -20.339  49.545 0.0000000000
50419  34.807  -19.828  49.951 0.0000000000
49298  35.403  -20.645  51.376 0.0000000000
49311  35.113  -20.183  50.607 0.0000000000
50418  35.307  -19.386  50.408 0.0000000000
50417  35.795  -18.912  50.860 0.0000000000
51425  36.384  -18.393  51.132 0.0000000000
70363  47.295  0.341  26.285 0.0000000000
69434  49.318  -0.318  26.609 0.0000000000
118231  49.923  -0.718  26.879 0.0000000000
69399  50.721  -0.708  29.439 0.0000000000
71296  54.373  1.189  21.120 0.0000000000
71283  54.270  1.032  21.883 0.0000000000
70378  56.263  -0.310  24.088 0.0000000000
128592  27.527  -25.394  52.824 0.0000000000
44212  27.862  -25.512  53.403 0.0000000000
44197  28.954  -25.913  54.306 0.0000000000
43280  30.230  -26.224  55.311 0.0000000000
43270  31.044  -26.399  55.814 0.0000000000
43261  32.063  -26.210  57.151 0.0000000000
45130  29.071  -24.053  57.398 0.0000000000
121202  30.948  -25.022  58.212 0.0000000000
45161  20.059  -24.642  54.652 0.0000000000
45012  21.138  -25.336  67.195 0.0000000000
45011  21.978  -25.133  67.334 0.0000000000
45002  21.421  -25.333  68.173 0.0000000000
44993  21.696  -25.046  69.663 0.0000000000
44047  20.979  -25.395  69.643 0.0000000000
44985  21.375  -25.103  70.358 0.0000000000
44984  22.084  -24.836  70.392 0.0000000000
44973  22.464  -24.916  71.587 0.0000000000
43145  18.521  -26.637  71.048 0.0000000000
44966  19.329  -25.076  73.411 0.0000000000
44965  20.155  -25.028  73.152 0.0000000000
44964  20.926  -24.941  72.792 0.0000000000
126820  48.770  -1.384  31.539 0.0000000000
68445  47.929  -1.271  31.322 0.0000000000
67448  47.379  -2.166  31.894 0.0000000000
66437  48.007  -3.439  33.611 0.0000000000
137401  44.429  -1.950  31.129 0.0000000000
118194  47.303  -3.528  34.242 0.0000000000
66428  47.797  -3.124  34.872 0.0000000000
67385  47.268  -2.410  36.340 0.0000000000
67386  46.521  -2.630  36.641 0.0000000000
134420  46.602  -2.478  39.324 0.0000000000
62394  39.971  -7.905  38.288 0.0000000000
130816  40.979  -7.837  39.621 0.0000000000
62364  41.014  -7.028  41.716 0.0000000000
63341  41.817  -6.881  41.456 0.0000000000
122029  42.251  -5.302  43.142 0.0000000000
63310  39.910  -6.358  43.935 0.0000000000
64316  41.071  -5.337  44.144 0.0000000000
66311  42.682  -3.713  44.803 0.0000000000
56508  33.883  -13.471  44.815 0.0000000000
47055  38.075  -22.162  55.746 0.0000000000
48135  37.815  -21.782  55.037 0.0000000000
48113  38.776  -21.825  56.187 0.0000000000
69415  45.321  -0.161  28.593 0.0000000000
69414  46.210  0.011  28.703 0.0000000000
141559  51.662  2.275  21.391 0.0000000000
72178  50.972  2.553  21.299 0.0000000000
40103  13.882  -29.881  70.381 0.0000000000
40095  13.803  -29.721  71.311 0.0000000000
39098  13.502  -30.045  71.971 0.0000000000
40086  13.109  -30.388  72.682 0.0000000000
40077  12.986  -29.911  73.549 0.0000000000
39082  12.453  -30.436  74.021 0.0000000000
39083  11.744  -30.463  74.809 0.0000000000
37302  10.874  -33.000  72.634 0.0000000000
37295  11.151  -32.460  73.288 0.0000000000
38193  10.840  -32.064  74.033 0.0000000000
38187  10.418  -31.617  74.960 0.0000000000
63404  39.656  -6.458  35.662 0.0000000000
141567  39.859  -7.715  37.720 0.0000000000
62413  38.652  -7.611  36.673 0.0000000000
119778  38.882  -8.842  39.255 0.0000000000
60415  37.460  -9.810  40.438 0.0000000000
61378  38.591  -8.148  42.299 0.0000000000
123730  38.901  -7.519  42.994 0.0000000000
63313  37.692  -6.550  44.684 0.0000000000
48266  31.126  -21.012  46.831 0.0000000000
48258  31.408  -21.353  47.513 0.0000000000
47165  28.530  -22.913  48.153 0.0000000000
47164  29.302  -22.656  48.177 0.0000000000
118154  29.943  -22.474  48.251 0.0000000000
46148  31.194  -23.084  49.806 0.0000000000
47157  31.110  -22.655  49.130 0.0000000000
125830  31.102  -22.195  48.475 0.0000000000
47162  31.828  -22.187  48.918 0.0000000000
140617  32.358  -21.991  49.074 0.0000000000
48251  32.429  -21.592  48.576 0.0000000000
48240  33.476  -21.518  49.558 0.0000000000
48226  33.731  -21.866  50.264 0.0000000000
47133  34.355  -22.203  51.538 0.0000000000
48195  35.041  -21.873  52.133 0.0000000000
48177  35.936  -22.117  53.159 0.0000000000
47097  36.341  -22.303  53.708 0.0000000000
47079  36.686  -22.437  54.295 0.0000000000
44220  28.259  -25.606  52.585 0.0000000000
44219  29.380  -25.849  52.677 0.0000000000
137420  31.056  -26.529  53.601 0.0000000000
44208  31.153  -26.022  52.801 0.0000000000
44217  31.997  -25.695  52.757 0.0000000000
45184  32.829  -25.364  52.959 0.0000000000
137224  33.901  -27.209  55.362 0.0000000000
43290  33.905  -26.999  54.659 0.0000000000
43297  33.833  -26.481  53.895 0.0000000000
44205  34.025  -25.775  53.514 0.0000000000
125681  33.714  -25.018  53.227 0.0000000000
45183  34.466  -25.132  53.633 0.0000000000
45182  34.947  -24.297  53.857 0.0000000000
45169  35.690  -24.528  54.409 0.0000000000
43287  36.504  -25.933  55.013 0.0000000000
46088  36.196  -23.757  54.752 0.0000000000
47057  36.761  -22.946  54.944 0.0000000000
47056  37.456  -22.512  55.315 0.0000000000
45976  23.735  -23.926  62.375 0.0000000000
46027  23.882  -22.885  58.984 0.0000000000
46013  23.763  -23.190  59.610 0.0000000000
46000  23.624  -23.571  60.482 0.0000000000
45043  22.841  -24.440  63.650 0.0000000000
45035  22.262  -24.747  64.384 0.0000000000
45029  20.939  -25.186  65.439 0.0000000000
124625  20.011  -24.745  55.522 0.0000000000
124440  19.963  -24.814  56.935 0.0000000000
45093  20.182  -25.057  59.700 0.0000000000
45095  18.153  -25.410  58.964 0.0000000000
45094  18.815  -25.234  59.360 0.0000000000
125381  19.478  -25.172  59.741 0.0000000000
45062  19.945  -25.186  61.440 0.0000000000
45054  20.065  -25.228  62.338 0.0000000000
44100  19.376  -25.501  62.810 0.0000000000
45046  20.086  -25.305  63.230 0.0000000000
127697  20.991  -25.263  66.335 0.0000000000
44080  18.740  -26.087  65.331 0.0000000000
44071  18.950  -26.172  66.188 0.0000000000
44063  19.131  -26.309  67.037 0.0000000000
43160  18.643  -26.768  68.321 0.0000000000
43199  16.609  -26.871  63.414 0.0000000000
43184  16.865  -27.215  65.298 0.0000000000
42232  16.249  -27.574  65.036 0.0000000000
43176  17.055  -27.275  66.140 0.0000000000
126244  17.256  -27.324  67.003 0.0000000000
43170  17.525  -27.324  67.858 0.0000000000
43162  17.053  -27.549  68.602 0.0000000000
124562  15.814  -28.072  68.731 0.0000000000
41145  15.336  -28.452  67.187 0.0000000000
41127  15.242  -28.454  69.158 0.0000000000
135139  14.607  -28.962  69.357 0.0000000000
40109  14.155  -29.611  69.472 0.0000000000
39125  13.765  -30.453  69.381 0.0000000000
140553  12.894  -31.752  69.213 0.0000000000
38216  12.961  -31.767  69.882 0.0000000000
37316  12.339  -32.327  70.021 0.0000000000
137879  26.979  -23.520  48.554 0.0000000000
123851  26.686  -23.809  49.173 0.0000000000
46164  25.470  -23.506  48.519 0.0000000000
117702  25.852  -23.815  49.168 0.0000000000
45216  26.676  -24.473  50.623 0.0000000000
45196  26.466  -24.785  51.960 0.0000000000
120410  25.183  -24.043  51.235 0.0000000000
45209  25.784  -24.369  51.550 0.0000000000
45195  26.942  -25.014  52.617 0.0000000000
45173  26.989  -24.523  54.102 0.0000000000
45159  27.081  -24.178  54.890 0.0000000000
47065  24.635  -22.294  55.138 0.0000000000
47064  25.208  -22.561  55.689 0.0000000000
48120  24.857  -22.440  56.317 0.0000000000
47063  26.026  -23.009  56.029 0.0000000000
46064  26.782  -23.212  56.388 0.0000000000
46063  27.503  -23.421  56.754 0.0000000000
46992  27.413  -22.708  59.377 0.0000000000
119306  23.423  -24.877  68.165 0.0000000000
41105  14.291  -28.296  72.490 0.0000000000
42159  14.338  -27.375  73.742 0.0000000000
128104  13.754  -27.831  74.171 0.0000000000
43120  13.984  -27.050  74.536 0.0000000000
43128  14.727  -26.569  74.170 0.0000000000
44007  14.884  -25.749  75.033 0.0000000000
44932  15.286  -25.127  76.237 0.0000000000
68426  54.165  -1.774  33.298 0.0000000000
130921  50.230  -2.663  33.193 0.0000000000
68401  49.757  -1.596  35.968 0.0000000000
69329  52.025  -0.696  37.099 0.0000000000
141329  42.103  -3.161  32.596 0.0000000000
65428  42.104  -4.831  34.375 0.0000000000
126584  42.900  -4.571  34.272 0.0000000000
65427  43.595  -4.521  34.500 0.0000000000
65426  44.376  -4.363  34.724 0.0000000000
136117  44.622  -3.807  37.607 0.0000000000
66403  45.087  -3.325  37.751 0.0000000000
67345  46.901  -2.746  40.101 0.0000000000
62392  41.382  -7.294  38.956 0.0000000000
63362  41.940  -7.014  39.144 0.0000000000
63361  42.387  -6.985  39.615 0.0000000000
63347  42.828  -6.901  40.639 0.0000000000
118267  42.817  -6.867  40.083 0.0000000000
63360  42.950  -6.364  39.505 0.0000000000
64371  43.678  -5.901  39.768 0.0000000000
64370  44.301  -5.530  40.046 0.0000000000
65326  44.060  -5.172  42.821 0.0000000000
119464  44.585  -5.693  42.153 0.0000000000
64355  44.668  -5.879  40.702 0.0000000000
65349  44.840  -5.258  40.294 0.0000000000
65348  45.268  -4.527  40.162 0.0000000000
65347  45.984  -3.947  40.360 0.0000000000
139565  46.398  -4.196  40.974 0.0000000000
135529  32.497  -9.599  42.590 0.0000000000
61385  32.827  -9.048  42.766 0.0000000000
61384  33.233  -8.656  42.793 0.0000000000
61349  33.545  -8.230  44.105 0.0000000000
62356  33.702  -8.303  42.984 0.0000000000
141772  34.215  -8.344  42.590 0.0000000000
61382  34.942  -8.291  42.528 0.0000000000
63296  35.863  -6.279  45.146 0.0000000000
63281  35.123  -6.637  45.997 0.0000000000
64310  36.198  -5.803  46.155 0.0000000000
49351  33.182  -20.264  47.725 0.0000000000
50462  32.885  -19.806  47.012 0.0000000000
50460  33.860  -19.063  47.807 0.0000000000
122855  33.366  -18.996  47.153 0.0000000000
135882  34.051  -15.546  46.136 0.0000000000
141817  34.426  -16.304  46.984 0.0000000000
54584  34.467  -15.623  46.638 0.0000000000
55582  34.425  -14.822  46.200 0.0000000000
55581  35.020  -14.229  46.669 0.0000000000
48157  38.238  -21.096  54.706 0.0000000000
49245  37.871  -20.690  54.074 0.0000000000
49264  38.200  -19.979  53.730 0.0000000000
49243  39.373  -20.299  54.845 0.0000000000
50350  38.820  -19.660  53.907 0.0000000000
50368  37.802  -19.584  53.158 0.0000000000
50384  37.408  -19.138  52.563 0.0000000000
51411  37.835  -18.420  52.277 0.0000000000
52475  37.657  -17.772  51.700 0.0000000000
51391  40.405  -18.013  53.852 0.0000000000
52445  40.943  -17.305  53.787 0.0000000000
52446  40.219  -17.360  53.248 0.0000000000
52459  38.843  -17.629  52.348 0.0000000000
127694  37.749  -17.073  51.315 0.0000000000
52488  37.123  -17.086  50.888 0.0000000000
53515  37.118  -16.365  50.401 0.0000000000
54543  36.833  -15.348  49.399 0.0000000000
128261  37.932  -15.008  50.380 0.0000000000
54560  36.395  -15.172  48.785 0.0000000000
55544  36.286  -14.613  48.333 0.0000000000
56472  36.129  -13.976  47.814 0.0000000000
56494  35.500  -13.398  46.822 0.0000000000
57417  36.003  -12.644  47.098 0.0000000000
58366  36.452  -11.781  47.146 0.0000000000
57392  37.699  -12.470  48.857 0.0000000000
57415  37.060  -11.797  47.664 0.0000000000
58365  36.924  -11.042  47.250 0.0000000000
59410  37.385  -10.293  47.370 0.0000000000
60323  37.788  -9.522  47.532 0.0000000000
57364  40.701  -12.631  51.933 0.0000000000
57380  40.055  -11.751  50.850 0.0000000000
58305  41.302  -11.174  51.584 0.0000000000
58317  40.042  -10.998  50.362 0.0000000000
58330  39.450  -10.948  49.813 0.0000000000
59389  39.003  -10.271  48.948 0.0000000000
60311  38.367  -9.526  48.055 0.0000000000
61301  38.029  -8.717  47.859 0.0000000000
62268  38.026  -7.819  48.382 0.0000000000
142194  38.725  -7.635  49.379 0.0000000000
62259  37.608  -6.896  48.669 0.0000000000
71287  50.788  1.800  22.521 0.0000000000
71274  51.226  1.399  23.164 0.0000000000
70397  51.587  0.989  23.821 0.0000000000
70381  51.908  0.508  24.459 0.0000000000
70371  51.383  0.201  25.095 0.0000000000
70370  52.211  -0.016  25.066 0.0000000000
69443  52.519  -0.556  25.596 0.0000000000
69432  52.955  -1.055  26.076 0.0000000000
68492  53.200  -2.028  27.320 0.0000000000
68495  50.556  -1.191  27.074 0.0000000000
68504  51.460  -1.544  27.231 0.0000000000
68486  51.404  -1.559  28.431 0.0000000000
68493  52.202  -1.943  27.876 0.0000000000
68471  54.489  -2.359  30.048 0.0000000000
68459  54.805  -1.268  30.900 0.0000000000
36395  9.858  -34.048  71.791 0.0000000000
38199  12.232  -31.914  72.184 0.0000000000
38230  12.714  -31.515  68.676 0.0000000000
40069  12.475  -29.742  74.531 0.0000000000
42142  13.393  -26.915  75.939 0.0000000000
42144  12.505  -27.987  76.090 0.0000000000
42151  13.365  -27.504  75.143 0.0000000000
42164  14.605  -27.608  72.943 0.0000000000
42175  16.577  -27.434  70.079 0.0000000000
43099  14.344  -26.580  76.690 0.0000000000
43111  13.909  -26.384  75.776 0.0000000000
43209  17.456  -26.288  62.477 0.0000000000
43274  36.321  -26.728  55.382 0.0000000000
43985  14.241  -26.240  76.616 0.0000000000
43992  15.454  -25.095  75.673 0.0000000000
43993  14.777  -25.498  75.932 0.0000000000
43994  14.249  -25.977  76.239 0.0000000000
44005  16.504  -25.015  74.643 0.0000000000
44014  17.600  -25.363  73.653 0.0000000000
44038  20.699  -25.519  70.403 0.0000000000
44916  15.669  -25.147  76.499 0.0000000000
44919  16.311  -24.919  76.332 0.0000000000
44931  15.926  -24.742  76.173 0.0000000000
44945  16.234  -24.761  75.501 0.0000000000
44952  20.544  -25.025  73.586 0.0000000000
44953  19.783  -24.874  73.970 0.0000000000
44954  19.008  -24.739  74.206 0.0000000000
44956  17.333  -24.849  74.507 0.0000000000
44962  22.203  -24.938  72.144 0.0000000000
44992  22.502  -24.859  69.690 0.0000000000
45109  29.595  -23.939  58.550 0.0000000000
46104  33.875  -24.055  53.056 0.0000000000
47163  30.464  -22.600  48.677 0.0000000000
47167  24.616  -23.221  48.668 0.0000000000
49226  39.673  -20.636  55.421 0.0000000000
51393  38.855  -18.634  53.092 0.0000000000
51410  38.521  -18.262  52.563 0.0000000000
52476  36.970  -17.805  51.270 0.0000000000
52490  35.793  -17.866  50.058 0.0000000000
53468  40.715  -16.712  53.275 0.0000000000
53482  39.178  -16.889  52.180 0.0000000000
54525  37.674  -15.713  50.491 0.0000000000
54542  37.446  -15.143  49.960 0.0000000000
55505  39.725  -14.045  51.777 0.0000000000
55506  39.387  -14.595  51.576 0.0000000000
55516  37.831  -14.465  50.008 0.0000000000
56451  38.187  -13.884  50.085 0.0000000000
56483  35.934  -13.459  47.346 0.0000000000
57381  39.485  -12.310  50.754 0.0000000000
57439  34.274  -12.621  45.111 0.0000000000
58316  40.678  -11.053  50.963 0.0000000000
59388  39.451  -10.308  49.426 0.0000000000
59398  38.518  -10.282  48.420 0.0000000000
59427  35.288  -10.072  46.115 0.0000000000
59454  32.159  -10.653  43.288 0.0000000000
60324  37.125  -9.505  47.114 0.0000000000
60434  35.575  -10.127  38.790 0.0000000000
61367  32.290  -9.963  42.734 0.0000000000
61425  38.489  -8.804  38.671 0.0000000000
62258  38.237  -7.188  49.172 0.0000000000
62339  34.535  -7.542  43.787 0.0000000000
63259  37.086  -6.113  48.494 0.0000000000
63297  35.375  -6.427  45.546 0.0000000000
64380  42.801  -5.656  38.232 0.0000000000
120513  36.653  -16.900  50.320 0.0000000000
121105  15.900  -27.711  70.122 0.0000000000
121966  18.115  -26.947  67.935 0.0000000000
122676  22.352  -24.826  71.082 0.0000000000
125173  37.565  -8.042  47.743 0.0000000000
126303  40.872  -14.910  53.013 0.0000000000
127436  37.580  -11.770  48.297 0.0000000000
128828  34.619  -14.000  46.016 0.0000000000
130253  39.041  -10.800  49.349 0.0000000000
136411  35.839  -6.076  45.728 0.0000000000
137390  14.366  -25.953  75.606 0.0000000000
139183  16.464  -26.382  72.688 0.0000000000
139980  9.561  -34.322  71.343 0.0000000000
140721  37.374  -17.438  51.289 0.0000000000
141208  15.937  -27.255  71.285 0.0000000000
141615  19.266  -26.448  70.216 0.0000000000
141896  10.355  -33.160  72.976 0.0000000000
141931  37.229  -23.191  55.526 0.0000000000
142292  54.534  0.397  22.808 0.0000000000
