#!ascii label  , from subject sub-v1s13x0050057_ses-1 vox2ras=TkReg
697
19011  32.958  -61.235  -22.219 0.6000000238
21309  26.103  -59.519  -20.150 0.6999999881
20523  26.982  -59.888  -18.863 0.6999999881
18968  29.650  -61.534  -18.173 0.8999999762
18983  30.855  -61.691  -19.183 0.8000000119
18992  31.800  -61.466  -20.276 0.8000000119
111358  32.834  -60.400  -22.445 0.6000000238
119274  33.140  -60.914  -22.950 0.6999999881
19020  33.302  -61.009  -23.771 0.6999999881
21304  25.834  -58.704  -19.929 0.6999999881
21311  24.943  -58.646  -20.980 0.6999999881
124254  26.837  -59.329  -18.966 0.6999999881
20510  27.925  -59.263  -18.075 0.6000000238
19765  28.315  -60.094  -18.152 0.6999999881
19750  29.018  -60.062  -18.046 0.6999999881
120277  29.577  -60.104  -18.245 0.8000000119
19774  31.177  -60.175  -19.557 0.8000000119
19775  30.839  -60.898  -19.217 0.8000000119
19785  31.752  -60.606  -20.241 0.8000000119
19796  32.580  -60.728  -21.563 0.6000000238
19816  33.075  -60.314  -24.294 0.6999999881
19026  33.075  -61.143  -24.817 0.6999999881
22094  25.233  -58.384  -20.338 0.5000000000
22095  24.451  -57.657  -20.352 0.6000000238
22082  26.075  -58.190  -19.058 0.4000000060
21289  26.775  -58.656  -18.628 0.6000000238
122518  28.226  -58.624  -17.750 0.5000000000
21286  30.104  -58.956  -18.572 0.6000000238
20521  30.069  -59.802  -18.497 0.8000000119
20533  30.632  -59.498  -19.074 0.6999999881
20539  31.703  -59.697  -20.307 0.6999999881
20546  32.103  -59.317  -21.115 0.6999999881
20553  32.773  -59.469  -22.871 0.5000000000
20559  33.021  -59.499  -23.936 0.6000000238
20566  32.615  -59.734  -24.682 0.6000000238
19824  32.677  -60.421  -24.945 0.6000000238
19034  31.365  -61.417  -26.137 0.5000000000
22896  25.017  -56.490  -19.268 0.5000000000
22096  23.452  -57.351  -20.591 0.6000000238
22097  22.551  -57.143  -20.769 0.6000000238
22083  25.248  -57.642  -19.626 0.5000000000
21287  29.591  -58.539  -18.188 0.5000000000
108613  30.644  -58.575  -19.231 0.6000000238
21302  31.256  -58.142  -19.931 0.6000000238
21316  32.073  -58.450  -21.312 0.6000000238
21315  32.416  -58.960  -22.023 0.5000000000
21324  32.634  -58.654  -22.824 0.5000000000
21334  32.826  -58.705  -23.617 0.6000000238
21341  32.544  -58.777  -24.453 0.6000000238
20573  31.990  -60.145  -25.282 0.5000000000
20574  31.044  -59.885  -25.546 0.5000000000
19841  29.672  -60.782  -26.872 0.5000000000
19835  31.168  -60.654  -25.830 0.5000000000
22908  23.720  -56.617  -20.049 0.5000000000
22910  21.841  -56.349  -20.405 0.5000000000
111084  26.497  -57.790  -18.272 0.5000000000
22060  27.503  -57.312  -17.558 0.4000000060
22059  28.192  -57.003  -17.525 0.3000000119
22058  28.854  -57.495  -17.748 0.4000000060
22081  30.064  -57.252  -19.098 0.3000000119
22895  29.859  -56.544  -19.100 0.3000000119
22080  30.597  -57.694  -19.423 0.5000000000
22092  31.473  -57.430  -20.525 0.5000000000
22101  32.015  -57.517  -21.368 0.5000000000
21325  32.424  -58.026  -22.323 0.5000000000
112622  32.661  -58.121  -23.249 0.5000000000
22116  32.701  -57.875  -24.006 0.6000000238
22119  32.095  -57.922  -24.644 0.6000000238
20567  31.930  -59.340  -25.108 0.5000000000
21347  30.996  -59.046  -25.346 0.5000000000
19837  29.488  -60.080  -26.590 0.5000000000
121101  23.145  -55.839  -19.849 0.5000000000
22897  24.028  -55.824  -19.592 0.5000000000
22885  25.568  -56.211  -18.462 0.5000000000
22870  26.890  -56.705  -17.615 0.4000000060
22883  28.786  -56.530  -17.936 0.4000000060
22882  29.344  -56.328  -18.587 0.3000000119
22907  30.568  -56.784  -19.623 0.3000000119
111285  31.692  -56.769  -21.028 0.4000000060
22110  32.380  -57.095  -22.302 0.5000000000
22109  32.606  -57.378  -23.283 0.4000000060
22120  31.060  -58.056  -25.184 0.5000000000
22124  29.921  -57.892  -25.480 0.5000000000
21348  30.028  -58.749  -25.611 0.5000000000
20594  29.345  -59.813  -27.197 0.5000000000
20595  28.991  -59.065  -27.104 0.4000000060
20576  29.255  -59.265  -26.262 0.5000000000
22898  22.952  -55.145  -19.354 0.5000000000
23668  23.830  -55.118  -19.064 0.5000000000
22886  24.682  -55.558  -18.899 0.5000000000
113162  27.014  -56.010  -17.516 0.4000000060
23637  28.426  -55.702  -17.841 0.4000000060
23649  29.660  -55.648  -19.073 0.3000000119
23679  30.850  -55.884  -20.088 0.3000000119
22906  31.417  -56.030  -20.853 0.4000000060
23687  32.184  -55.571  -22.261 0.4000000060
23686  32.410  -55.890  -22.897 0.4000000060
22920  32.301  -56.330  -22.275 0.4000000060
22919  32.514  -56.562  -23.054 0.4000000060
22922  32.529  -56.773  -23.845 0.5000000000
22927  31.118  -56.420  -24.885 0.5000000000
22926  31.617  -57.168  -24.780 0.6000000238
22125  29.030  -57.717  -25.690 0.4000000060
21349  29.192  -58.458  -25.848 0.5000000000
23653  24.222  -54.855  -18.443 0.4000000060
23639  26.789  -55.189  -17.499 0.4000000060
23652  25.239  -55.227  -18.180 0.4000000060
23638  27.655  -55.602  -17.554 0.4000000060
24486  29.198  -54.974  -18.685 0.4000000060
23667  30.335  -55.297  -19.673 0.4000000060
24508  31.493  -54.625  -21.352 0.4000000060
23684  31.724  -55.390  -21.477 0.4000000060
23691  32.195  -55.105  -23.250 0.4000000060
122178  32.127  -55.552  -24.087 0.5000000000
117734  31.458  -55.633  -24.537 0.5000000000
22930  29.667  -57.147  -25.415 0.5000000000
22932  28.329  -56.624  -25.583 0.4000000060
113630  28.877  -57.092  -25.574 0.4000000060
24489  23.758  -54.507  -17.944 0.4000000060
23640  25.864  -54.780  -17.679 0.4000000060
24471  28.205  -54.931  -17.812 0.4000000060
24497  30.520  -54.512  -19.962 0.4000000060
113865  31.938  -54.751  -22.212 0.4000000060
24514  31.897  -54.157  -22.914 0.4000000060
117934  31.787  -54.912  -24.137 0.4000000060
110829  30.967  -54.932  -24.617 0.5000000000
23695  30.403  -55.742  -25.035 0.4000000060
22931  29.343  -56.395  -25.353 0.6000000238
24488  24.793  -54.375  -17.774 0.4000000060
24473  26.504  -54.252  -17.374 0.4000000060
24472  27.488  -54.497  -17.495 0.4000000060
124083  29.341  -54.288  -18.745 0.4000000060
25354  30.228  -53.784  -19.670 0.4000000060
108224  30.790  -53.725  -20.485 0.4000000060
25373  31.339  -52.987  -22.186 0.5000000000
25368  31.572  -53.879  -21.998 0.4000000060
25372  31.612  -53.470  -22.758 0.3000000119
25376  31.501  -53.630  -23.569 0.3000000119
24516  31.787  -54.393  -23.613 0.4000000060
122026  30.135  -54.948  -24.945 0.4000000060
23696  29.373  -55.483  -25.178 0.4000000060
25341  29.204  -53.665  -18.459 0.4000000060
25355  29.698  -53.763  -19.034 0.4000000060
25365  30.835  -52.929  -20.729 0.3000000119
25369  31.163  -53.300  -21.321 0.3000000119
26181  31.368  -52.842  -23.089 0.3000000119
25377  30.991  -52.900  -24.017 0.3000000119
25381  30.954  -53.612  -24.299 0.3000000119
24521  29.348  -54.488  -24.929 0.4000000060
24522  28.067  -54.626  -24.746 0.4000000060
24474  25.578  -53.992  -17.376 0.3000000119
25325  27.919  -53.617  -17.467 0.3000000119
25342  28.627  -53.589  -17.910 0.3000000119
112611  29.620  -53.155  -18.716 0.3000000119
26174  30.651  -52.269  -20.461 0.3000000119
26178  30.971  -52.356  -21.438 0.3000000119
26991  30.444  -51.567  -23.742 0.4000000060
26185  30.923  -52.170  -23.416 0.3000000119
26194  29.641  -52.325  -24.446 0.3000000119
25382  30.008  -53.265  -24.599 0.3000000119
25383  28.755  -53.687  -24.704 0.4000000060
25384  27.632  -53.955  -24.553 0.4000000060
25385  26.611  -54.226  -24.604 0.4000000060
106863  31.089  -52.164  -22.489 0.4000000060
26992  29.909  -51.101  -24.026 0.4000000060
27000  30.011  -51.746  -24.228 0.4000000060
26195  28.722  -52.273  -24.480 0.3000000119
111978  28.155  -53.073  -24.529 0.4000000060
26196  27.595  -52.334  -24.389 0.4000000060
26197  26.346  -52.872  -24.345 0.4000000060
110957  27.057  -53.389  -24.424 0.4000000060
114675  26.066  -53.742  -24.533 0.4000000060
27001  29.341  -51.607  -24.331 0.4000000060
27003  27.613  -51.459  -24.299 0.5000000000
112591  26.779  -51.884  -24.221 0.4000000060
27005  25.595  -52.271  -24.067 0.4000000060
25387  25.108  -53.812  -25.064 0.3000000119
26186  24.457  -52.649  -24.281 0.3000000119
19001  32.632  -61.706  -21.433 0.6999999881
19764  29.953  -60.619  -18.427 0.8000000119
20545  32.473  -59.839  -21.803 0.6000000238
19797  32.180  -60.193  -20.931 0.6999999881
19834  32.180  -60.884  -25.490 0.6000000238
21274  27.385  -58.281  -17.897 0.4000000060
108137  29.409  -57.935  -18.051 0.4000000060
21308  31.676  -58.803  -20.488 0.6999999881
22884  26.290  -56.903  -18.026 0.5000000000
105240  31.681  -58.072  -20.710 0.5000000000
111633  31.182  -56.709  -20.312 0.4000000060
123543  32.617  -57.292  -23.915 0.6000000238
22121  30.645  -57.184  -25.196 0.5000000000
117733  30.260  -56.559  -25.221 0.6000000238
24511  31.241  -54.003  -21.142 0.3000000119
24520  30.485  -54.225  -24.653 0.4000000060
114287  24.896  -53.869  -17.303 0.4000000060
115934  29.091  -52.898  -24.596 0.3000000119
26198  25.233  -53.377  -24.579 0.3000000119
16730  27.310  -64.118  -18.318 0.6000000238
16712  27.006  -64.121  -17.356 0.6000000238
15083  29.444  -66.557  -18.703 0.6000000238
16696  24.605  -64.526  -16.087 0.5000000000
16713  26.032  -63.765  -16.903 0.6000000238
17519  27.111  -63.468  -18.000 0.6999999881
104337  26.609  -63.535  -17.634 0.6999999881
16695  25.563  -64.212  -16.086 0.6000000238
16744  28.225  -64.604  -19.429 0.6000000238
15942  27.708  -64.606  -18.146 0.6000000238
15946  28.326  -65.084  -19.526 0.6000000238
15117  28.960  -65.663  -20.149 0.6000000238
15098  29.367  -66.508  -19.663 0.6000000238
14281  29.398  -66.948  -21.077 0.6000000238
14280  30.009  -67.637  -21.683 0.6999999881
17508  23.800  -63.703  -17.501 0.6000000238
18272  25.591  -62.718  -17.810 0.6999999881
16715  24.167  -64.123  -16.816 0.5000000000
17521  25.406  -63.154  -17.803 0.6999999881
16731  25.627  -63.431  -17.508 0.6999999881
17518  28.015  -63.555  -18.392 0.6999999881
16745  27.752  -64.139  -18.824 0.6999999881
15958  28.647  -64.979  -20.085 0.5000000000
15116  29.111  -66.033  -21.008 0.6000000238
15152  29.468  -66.403  -22.529 0.6000000238
14291  29.670  -67.149  -22.531 0.6999999881
14302  29.632  -66.747  -23.111 0.6999999881
13473  30.568  -68.102  -23.292 0.6999999881
115021  30.236  -67.637  -24.201 0.6999999881
13524  37.266  -69.079  -27.602 0.4000000060
111141  33.478  -69.023  -27.510 0.5000000000
13527  31.807  -68.529  -27.148 0.6000000238
12686  31.548  -68.771  -26.202 0.6000000238
14319  30.270  -67.704  -25.216 0.6999999881
17538  21.768  -62.930  -19.358 0.5000000000
18275  23.031  -62.753  -18.592 0.5000000000
18973  24.146  -61.573  -18.518 0.6000000238
17524  22.639  -63.429  -18.281 0.5000000000
18273  24.719  -62.239  -18.006 0.6999999881
18274  23.821  -62.503  -18.356 0.5000000000
17522  24.287  -63.099  -18.043 0.6000000238
18260  26.371  -62.045  -17.426 0.6999999881
18271  26.395  -62.859  -17.782 0.6999999881
17517  29.077  -63.387  -18.370 0.6999999881
16743  28.849  -64.490  -19.727 0.6999999881
15957  29.290  -65.374  -21.189 0.6000000238
15976  29.732  -65.740  -22.469 0.6000000238
102849  30.417  -65.864  -23.789 0.6999999881
15167  29.817  -66.723  -23.900 0.6999999881
15193  30.275  -67.233  -25.690 0.6999999881
13511  30.587  -67.860  -26.604 0.6000000238
15201  30.556  -67.366  -26.489 0.6000000238
19801  23.181  -60.655  -22.271 0.5000000000
18995  21.725  -61.710  -20.723 0.4000000060
18993  23.418  -60.879  -20.243 0.5000000000
18994  22.563  -61.279  -20.465 0.5000000000
18986  22.869  -61.576  -19.610 0.5000000000
19779  24.307  -60.649  -20.048 0.6000000238
18985  23.676  -61.195  -19.340 0.6000000238
18970  26.419  -61.216  -17.831 0.6999999881
104172  24.924  -61.357  -18.108 0.6000000238
18957  27.333  -61.647  -17.545 0.6999999881
17505  28.593  -62.791  -17.780 0.6999999881
17536  29.464  -63.857  -19.115 0.6999999881
16754  30.313  -64.612  -20.524 0.6999999881
16767  29.805  -64.966  -21.130 0.6999999881
15975  30.427  -65.250  -22.314 0.6999999881
15988  30.966  -65.278  -23.008 0.6999999881
16018  30.458  -66.653  -25.306 0.6999999881
108223  32.455  -67.388  -28.123 0.5000000000
14356  30.897  -67.482  -27.216 0.6000000238
15192  30.630  -66.792  -26.196 0.6000000238
19802  22.128  -60.744  -22.445 0.4000000060
19800  24.147  -60.582  -22.070 0.6000000238
19790  23.277  -60.732  -21.224 0.6000000238
19788  25.107  -60.491  -20.891 0.6000000238
19777  25.873  -60.347  -19.526 0.6000000238
18969  27.242  -60.941  -18.097 0.6000000238
18956  28.305  -61.536  -17.726 0.6999999881
18257  28.895  -62.002  -17.630 0.6999999881
17516  30.072  -63.138  -18.574 0.6999999881
17535  30.474  -63.628  -19.264 0.6999999881
17534  31.591  -62.896  -19.873 0.8000000119
120058  31.151  -63.416  -19.611 0.8000000119
16765  31.610  -64.432  -21.288 0.6000000238
16791  31.821  -64.878  -22.955 0.6000000238
16004  32.109  -65.335  -24.788 0.8000000119
16005  31.154  -65.979  -24.814 0.6999999881
15210  33.259  -66.987  -28.537 0.5000000000
14361  31.528  -67.253  -27.846 0.6000000238
110738  31.216  -66.155  -26.585 0.6999999881
15211  32.035  -66.551  -28.478 0.6000000238
19817  23.998  -60.124  -23.175 0.5000000000
20561  22.881  -59.914  -24.328 0.4000000060
20568  21.629  -59.773  -24.838 0.4000000060
19810  24.493  -60.281  -22.464 0.5000000000
19811  23.861  -60.380  -22.959 0.5000000000
19798  25.413  -60.194  -21.346 0.6000000238
19776  26.470  -60.159  -19.197 0.6000000238
20522  27.551  -60.161  -18.389 0.6000000238
19751  28.649  -60.801  -18.081 0.6999999881
18269  30.286  -62.211  -18.539 0.8000000119
18281  31.390  -62.023  -19.769 0.8000000119
17547  32.090  -63.114  -20.510 0.6000000238
17564  32.939  -63.577  -22.194 0.6000000238
16790  32.501  -64.600  -23.358 0.6999999881
16802  32.670  -64.755  -24.275 0.6999999881
16819  32.288  -64.763  -26.296 0.6999999881
15206  31.107  -66.775  -27.702 0.6000000238
16029  31.250  -65.793  -27.561 0.6000000238
16832  30.821  -64.023  -28.467 0.6000000238
16041  31.410  -65.948  -28.476 0.6000000238
16826  31.075  -64.922  -28.190 0.6000000238
21319  23.863  -58.670  -21.882 0.5000000000
21335  23.274  -59.602  -23.564 0.5000000000
21336  22.439  -59.324  -23.826 0.5000000000
21338  20.466  -58.525  -23.676 0.5000000000
21317  25.201  -59.370  -21.426 0.5000000000
20554  24.549  -60.005  -22.568 0.5000000000
19786  26.128  -59.996  -20.041 0.6000000238
18290  31.918  -62.288  -20.361 0.6999999881
18289  32.440  -62.491  -20.964 0.6000000238
17563  33.306  -63.430  -23.148 0.6000000238
17582  33.239  -64.077  -24.751 0.6999999881
17590  33.277  -63.179  -25.145 0.6000000238
17598  32.224  -63.971  -26.598 0.6000000238
16820  31.459  -64.726  -27.393 0.6999999881
16040  32.119  -65.666  -28.887 0.5000000000
17609  31.036  -63.539  -28.846 0.4000000060
22102  23.213  -57.893  -21.284 0.5000000000
22111  22.055  -58.054  -22.214 0.5000000000
22112  21.131  -57.646  -22.360 0.5000000000
22106  19.864  -57.831  -22.409 0.5000000000
21313  19.657  -58.533  -21.349 0.5000000000
19803  19.024  -59.830  -21.357 0.5000000000
18323  33.295  -61.746  -23.015 0.6000000238
18328  33.430  -62.619  -24.374 0.6000000238
18334  32.655  -62.580  -25.838 0.4000000060
18338  31.927  -63.104  -26.581 0.5000000000
17600  30.483  -63.115  -27.847 0.4000000060
17610  30.572  -63.208  -28.386 0.4000000060
17602  30.687  -63.986  -28.087 0.5000000000
22104  21.551  -57.351  -21.564 0.5000000000
116225  20.968  -57.117  -21.530 0.5000000000
22099  19.986  -57.819  -21.585 0.5000000000
20541  19.947  -59.058  -20.722 0.5000000000
19792  19.547  -60.376  -20.573 0.5000000000
18996  19.419  -61.209  -20.225 0.4000000060
18286  19.018  -62.444  -19.856 0.5000000000
17542  18.662  -63.327  -19.813 0.4000000060
16747  18.464  -64.268  -19.477 0.4000000060
16748  17.724  -64.661  -19.781 0.4000000060
19033  32.433  -61.691  -25.663 0.6000000238
18335  31.635  -62.236  -26.390 0.4000000060
18339  30.886  -62.770  -27.154 0.4000000060
18345  30.389  -62.794  -28.114 0.4000000060
22916  21.287  -56.822  -20.931 0.5000000000
22098  20.556  -57.270  -21.009 0.4000000060
118839  20.322  -58.150  -20.740 0.4000000060
20536  20.580  -59.026  -20.158 0.5000000000
18987  20.478  -61.070  -19.336 0.4000000060
18988  19.954  -61.599  -19.501 0.5000000000
18976  20.086  -62.146  -18.891 0.4000000060
18276  19.831  -62.714  -18.647 0.5000000000
18285  19.576  -62.289  -19.336 0.5000000000
121653  19.797  -63.658  -17.942 0.3000000119
16719  19.104  -64.851  -17.770 0.3000000119
114183  18.578  -65.266  -17.042 0.3000000119
19035  30.395  -61.136  -26.541 0.4000000060
22911  21.369  -56.465  -20.310 0.5000000000
22086  20.884  -57.406  -20.252 0.5000000000
21305  20.894  -58.282  -20.044 0.4000000060
23681  21.685  -55.785  -19.756 0.4000000060
22899  21.433  -56.106  -19.704 0.4000000060
115278  21.424  -57.837  -19.467 0.4000000060
20525  21.910  -59.569  -18.810 0.4000000060
23656  21.683  -55.575  -19.211 0.4000000060
22888  21.517  -55.961  -18.933 0.4000000060
22072  21.596  -56.925  -19.007 0.4000000060
23655  21.908  -55.245  -18.527 0.4000000060
105304  22.310  -57.939  -18.641 0.4000000060
20524  22.473  -60.022  -18.151 0.4000000060
19754  22.276  -60.826  -17.562 0.4000000060
22071  22.077  -56.678  -18.342 0.4000000060
114318  22.466  -54.839  -18.647 0.3000000119
21276  23.099  -58.655  -17.966 0.4000000060
20511  23.352  -59.180  -17.321 0.4000000060
19753  22.785  -60.609  -16.963 0.4000000060
119928  22.499  -54.822  -17.900 0.4000000060
18948  21.766  -61.569  -16.266 0.4000000060
18935  21.492  -61.335  -15.607 0.4000000060
24476  23.389  -54.512  -17.382 0.3000000119
22871  22.689  -56.380  -17.477 0.4000000060
22062  23.396  -57.469  -16.981 0.4000000060
21275  23.441  -58.407  -17.233 0.4000000060
20499  23.507  -59.163  -16.588 0.4000000060
18934  22.280  -61.035  -15.895 0.4000000060
19723  23.294  -59.855  -16.023 0.3000000119
18312  33.283  -62.684  -22.572 0.6000000238
20547  25.430  -59.867  -21.463 0.5000000000
19019  33.411  -61.855  -24.090 0.6000000238
19038  30.553  -61.966  -26.813 0.4000000060
15084  28.905  -65.822  -18.209 0.6000000238
14301  29.978  -67.327  -23.279 0.6999999881
16006  30.272  -66.462  -24.531 0.6999999881
13539  34.514  -68.862  -28.045 0.5000000000
121883  34.097  -66.904  -28.702 0.5000000000
13510  32.568  -68.993  -27.068 0.5000000000
14360  33.362  -68.025  -28.027 0.4000000060
14355  31.421  -67.991  -27.386 0.6000000238
18291  22.093  -62.045  -19.879 0.5000000000
16741  30.859  -64.106  -19.909 0.6999999881
15200  30.988  -66.726  -27.185 0.6000000238
18972  25.194  -60.768  -18.692 0.6000000238
16766  30.690  -64.826  -21.393 0.6999999881
16803  31.679  -65.278  -23.844 0.8000000119
16017  31.060  -66.271  -25.746 0.6999999881
19819  22.746  -60.173  -24.287 0.4000000060
17555  31.975  -63.887  -20.865 0.6000000238
16776  32.401  -64.392  -22.502 0.6000000238
16814  32.650  -64.772  -25.285 0.6999999881
16016  31.842  -65.563  -25.763 0.6999999881
106735  32.900  -66.258  -28.845 0.5000000000
105865  33.911  -66.413  -28.877 0.5000000000
16028  31.659  -65.440  -26.752 0.6999999881
16035  31.138  -65.992  -28.042 0.6000000238
17546  32.529  -63.349  -21.259 0.6999999881
17575  32.946  -64.052  -22.962 0.6999999881
16789  33.157  -64.096  -23.752 0.6999999881
17599  31.156  -63.666  -27.391 0.6000000238
104845  31.281  -65.081  -28.562 0.6000000238
105843  31.329  -64.299  -28.937 0.6000000238
21328  22.736  -58.822  -22.952 0.5000000000
21329  21.801  -58.476  -23.127 0.5000000000
22113  20.420  -57.821  -22.797 0.4000000060
18322  33.447  -62.615  -23.524 0.6000000238
118299  32.752  -63.374  -25.997 0.6000000238
17543  18.032  -64.014  -20.259 0.3000000119
18340  30.275  -62.342  -27.606 0.4000000060
19782  20.094  -60.802  -19.963 0.5000000000
17527  19.116  -63.801  -18.990 0.4000000060
16735  18.164  -65.225  -18.206 0.4000000060
22887  21.945  -55.748  -18.193 0.4000000060
110561  22.964  -57.610  -17.822 0.4000000060
8796  40.290  -73.682  -19.134 0.3000000119
10277  40.927  -73.057  -19.225 0.3000000119
15148  36.444  -66.026  -22.300 0.4000000060
104892  38.337  -66.416  -22.093 0.4000000060
113080  38.141  -66.317  -21.304 0.4000000060
15110  38.522  -66.463  -20.643 0.4000000060
109626  35.751  -66.414  -23.760 0.4000000060
15150  34.655  -66.149  -22.563 0.4000000060
15151  34.026  -66.740  -22.894 0.4000000060
14289  33.353  -67.627  -22.478 0.5000000000
14279  33.235  -67.610  -21.534 0.5000000000
13440  32.714  -68.284  -21.146 0.5000000000
15164  38.001  -66.986  -23.604 0.4000000060
15149  35.367  -65.919  -22.473 0.5000000000
117915  32.612  -68.286  -20.129 0.5000000000
15146  38.654  -66.714  -23.009 0.5000000000
15147  37.585  -66.456  -22.680 0.5000000000
15131  38.970  -66.457  -21.468 0.4000000060
14268  38.950  -66.856  -19.896 0.4000000060
14267  39.993  -66.999  -19.863 0.4000000060
13410  40.213  -68.505  -18.716 0.3000000119
11793  40.482  -70.138  -18.851 0.4000000060
14334  36.343  -68.424  -25.866 0.4000000060
14317  34.689  -67.493  -24.857 0.4000000060
13478  34.172  -68.455  -25.362 0.4000000060
14315  36.853  -67.777  -25.104 0.4000000060
15181  36.217  -66.898  -24.414 0.4000000060
14316  35.692  -67.444  -25.088 0.4000000060
14299  34.297  -66.966  -23.988 0.4000000060
14318  33.841  -67.982  -24.436 0.5000000000
14314  38.034  -68.151  -25.085 0.4000000060
15180  37.397  -67.338  -24.326 0.4000000060
106456  35.839  -66.113  -23.081 0.4000000060
13470  33.089  -68.535  -23.947 0.5000000000
13461  32.926  -68.385  -22.967 0.5000000000
13450  32.244  -68.675  -21.692 0.5000000000
13451  31.532  -68.668  -21.384 0.6000000238
13463  31.621  -68.687  -22.208 0.6000000238
13442  31.416  -68.621  -20.585 0.6000000238
13482  30.784  -68.371  -24.771 0.6000000238
115634  30.979  -68.411  -22.622 0.6000000238
13443  30.734  -68.346  -20.229 0.5000000000
113809  39.491  -66.590  -20.670 0.4000000060
14271  29.758  -67.171  -20.178 0.5000000000
14251  40.565  -67.672  -19.275 0.4000000060
12599  40.864  -69.356  -18.784 0.4000000060
13494  34.603  -69.107  -26.276 0.4000000060
13495  33.665  -69.056  -25.907 0.5000000000
13479  33.308  -68.771  -24.950 0.5000000000
13480  32.437  -68.892  -24.602 0.5000000000
13462  32.302  -68.692  -22.566 0.5000000000
123863  31.614  -68.816  -24.869 0.5000000000
13472  31.511  -68.629  -23.152 0.6000000238
13481  31.170  -68.643  -25.519 0.6000000238
105467  31.624  -68.714  -24.107 0.6000000238
8797  39.673  -74.334  -19.074 0.3000000119
10276  41.392  -72.742  -18.577 0.3000000119
11792  42.662  -70.503  -18.632 0.3000000119
13492  37.873  -68.935  -26.369 0.4000000060
13493  37.068  -69.138  -26.629 0.4000000060
120391  35.775  -69.365  -26.704 0.4000000060
14335  35.182  -68.304  -25.710 0.4000000060
12683  34.758  -69.648  -27.307 0.4000000060
12676  33.364  -69.205  -26.330 0.5000000000
12684  33.645  -69.376  -27.020 0.4000000060
12685  32.552  -69.079  -26.344 0.5000000000
13464  30.855  -68.371  -21.923 0.6000000238
14270  30.103  -67.803  -20.697 0.5000000000
13508  35.497  -69.770  -27.433 0.4000000060
15182  35.197  -66.742  -24.321 0.4000000060
115398  31.959  -68.676  -20.150 0.5000000000
11803  42.337  -70.354  -19.080 0.3000000119
8127  39.133  -74.853  -19.611 0.3000000119
12669  32.034  -69.014  -25.491 0.5000000000
12675  34.157  -69.423  -26.695 0.5000000000
12677  32.858  -69.058  -25.588 0.5000000000
13433  31.385  -68.594  -19.761 0.6000000238
13441  32.131  -68.682  -20.849 0.5000000000
13449  32.806  -68.321  -22.053 0.5000000000
13452  30.735  -68.375  -21.083 0.5000000000
13471  32.367  -68.729  -23.513 0.5000000000
13496  30.740  -68.307  -26.184 0.6000000238
13509  34.966  -69.679  -26.935 0.4000000060
14257  30.236  -67.903  -19.928 0.5000000000
14290  30.311  -67.843  -22.561 0.6999999881
14300  33.561  -67.708  -23.469 0.5000000000
14333  37.540  -68.652  -25.831 0.4000000060
14336  30.347  -67.782  -26.008 0.6999999881
14348  31.133  -68.317  -26.860 0.6000000238
14354  32.316  -68.230  -27.613 0.6000000238
15072  29.522  -66.509  -17.699 0.6000000238
15099  28.853  -65.774  -19.219 0.6000000238
15134  35.600  -65.796  -21.582 0.5000000000
15137  29.244  -65.973  -21.816 0.6000000238
15165  36.736  -66.569  -23.441 0.4000000060
15166  34.942  -66.255  -23.370 0.4000000060
15183  30.053  -67.063  -24.833 0.6999999881
15212  31.317  -66.469  -28.123 0.6000000238
15966  34.815  -65.922  -21.882 0.4000000060
15967  29.795  -65.321  -21.752 0.6999999881
15989  29.783  -66.144  -23.163 0.6999999881
16039  33.475  -65.734  -29.060 0.5000000000
16694  26.479  -64.126  -16.241 0.6000000238
16714  25.101  -63.844  -16.789 0.6000000238
16718  19.472  -64.141  -18.125 0.3000000119
16729  27.830  -64.619  -18.960 0.6000000238
16734  18.798  -64.579  -18.645 0.3000000119
16742  29.891  -64.310  -19.768 0.6999999881
16753  31.249  -64.325  -20.615 0.6000000238
16755  29.301  -64.859  -20.499 0.5000000000
16764  32.260  -64.134  -21.649 0.6000000238
16777  31.494  -64.783  -22.134 0.6000000238
17506  27.722  -62.942  -17.851 0.6999999881
17507  24.767  -63.445  -17.574 0.6000000238
17520  26.100  -63.176  -17.800 0.6999999881
17523  23.436  -63.247  -18.086 0.6000000238
17526  19.618  -63.386  -18.462 0.4000000060
17537  28.403  -64.006  -19.147 0.6999999881
17541  19.305  -62.970  -19.186 0.5000000000
17581  33.424  -63.361  -24.102 0.6000000238
17591  32.954  -64.038  -25.734 0.6000000238
17603  30.543  -63.401  -28.262 0.5000000000
18258  28.033  -62.208  -17.444 0.6999999881
18259  27.119  -62.497  -17.566 0.6999999881
18270  29.512  -62.548  -18.020 0.6999999881
18282  30.905  -62.741  -19.178 0.8000000119
18283  23.303  -61.970  -18.879 0.6000000238
18284  22.568  -62.380  -19.181 0.5000000000
18300  32.920  -62.652  -21.702 0.6999999881
18329  33.235  -62.141  -25.032 0.6000000238
18353  30.415  -62.485  -28.263 0.4000000060
18947  22.365  -61.101  -16.643 0.4000000060
18955  29.321  -60.746  -18.174 0.6999999881
18967  30.372  -61.212  -18.708 0.8999999762
18971  25.572  -61.716  -17.733 0.6999999881
18982  31.313  -61.125  -19.698 0.8000000119
18984  24.451  -60.886  -19.094 0.6000000238
18989  19.343  -61.866  -19.892 0.5000000000
18991  32.219  -61.793  -20.754 0.6999999881
19002  22.321  -60.989  -21.394 0.5000000000
19741  23.249  -59.976  -16.901 0.4000000060
19742  22.850  -60.551  -16.311 0.4000000060
19752  27.917  -60.894  -18.067 0.6999999881
19763  30.517  -60.357  -18.897 0.8000000119
19766  26.831  -60.497  -18.485 0.6000000238
19767  26.078  -60.640  -18.566 0.6000000238
19778  25.146  -60.531  -19.814 0.6000000238
19781  20.663  -60.397  -19.570 0.4000000060
19784  32.267  -61.062  -20.808 0.6000000238
19787  25.668  -60.232  -20.535 0.6000000238
19789  24.241  -60.595  -21.071 0.6000000238
19791  20.238  -59.898  -20.261 0.5000000000
19799  24.888  -60.417  -21.754 0.6000000238
19808  33.076  -60.254  -23.398 0.6000000238
19809  25.032  -60.127  -21.975 0.5000000000
19812  23.023  -60.442  -23.341 0.4000000060
19818  23.412  -60.156  -23.756 0.5000000000
19825  22.985  -60.032  -24.297 0.4000000060
19836  30.213  -60.395  -26.183 0.5000000000
19842  29.396  -60.351  -26.937 0.5000000000
20486  23.442  -59.009  -15.744 0.3000000119
20508  29.445  -59.312  -18.109 0.6000000238
20509  28.659  -59.297  -17.901 0.6000000238
20512  23.026  -59.579  -17.768 0.4000000060
20534  26.501  -59.694  -19.467 0.6000000238
20540  25.784  -59.921  -20.816 0.6000000238
20542  19.442  -59.183  -21.195 0.5000000000
20548  24.961  -59.745  -21.959 0.5000000000
20555  23.974  -59.825  -23.139 0.5000000000
20560  23.435  -60.037  -23.811 0.5000000000
20562  22.235  -59.746  -24.573 0.4000000060
20575  30.066  -59.627  -25.839 0.5000000000
20577  28.888  -59.106  -26.736 0.4000000060
20584  29.142  -59.785  -26.921 0.5000000000
21272  28.966  -58.432  -17.743 0.5000000000
21273  28.200  -57.866  -17.559 0.4000000060
21288  27.326  -59.247  -18.480 0.6999999881
21290  22.547  -59.107  -18.450 0.4000000060
21291  21.940  -58.710  -19.007 0.4000000060
21301  31.240  -59.139  -19.707 0.6999999881
21303  26.455  -59.035  -19.441 0.6000000238
21310  25.625  -59.273  -20.812 0.5000000000
21312  24.093  -58.231  -21.090 0.5000000000
21318  24.663  -59.023  -21.672 0.5000000000
21320  22.981  -58.364  -22.072 0.5000000000
21321  19.404  -58.291  -22.115 0.5000000000
21326  24.353  -59.470  -22.378 0.5000000000
21327  23.618  -59.157  -22.727 0.5000000000
21330  21.027  -58.199  -23.251 0.4000000060
21337  21.491  -59.101  -24.038 0.5000000000
21342  31.804  -58.598  -24.998 0.5000000000
22061  26.880  -57.418  -17.798 0.5000000000
22068  29.993  -58.022  -18.700 0.5000000000
22069  29.467  -57.163  -18.443 0.4000000060
22070  25.789  -57.205  -18.763 0.5000000000
22084  24.468  -56.835  -19.777 0.5000000000
22085  21.288  -56.713  -19.663 0.4000000060
22093  31.041  -57.350  -19.931 0.5000000000
22103  22.365  -57.622  -21.470 0.5000000000
22105  20.495  -57.409  -21.822 0.5000000000
22868  28.131  -56.279  -17.595 0.4000000060
22869  27.563  -56.502  -17.507 0.4000000060
22894  30.273  -56.028  -19.501 0.3000000119
22900  21.109  -56.750  -20.321 0.5000000000
22909  22.783  -56.409  -20.235 0.5000000000
22914  31.923  -56.140  -21.569 0.4000000060
22915  21.927  -57.095  -21.032 0.5000000000
22917  20.884  -56.868  -21.004 0.4000000060
22925  32.346  -57.214  -24.274 0.6000000238
23641  22.354  -55.315  -17.685 0.4000000060
23650  29.011  -55.722  -18.377 0.3000000119
23651  26.236  -55.886  -17.775 0.4000000060
23654  23.297  -54.752  -18.636 0.4000000060
23669  22.004  -55.200  -19.251 0.4000000060
23678  31.224  -55.260  -20.738 0.4000000060
23680  22.295  -55.625  -19.837 0.5000000000
23690  32.412  -56.007  -23.634 0.5000000000
23694  32.060  -56.358  -24.359 0.5000000000
24475  24.217  -54.107  -17.333 0.4000000060
24487  28.763  -54.405  -18.240 0.4000000060
24498  29.826  -54.611  -19.294 0.4000000060
24509  31.022  -54.538  -20.625 0.3000000119
24519  31.337  -54.244  -24.206 0.4000000060
24523  27.147  -54.661  -24.711 0.4000000060
25386  25.716  -54.271  -24.928 0.3000000119
26164  30.482  -53.016  -20.021 0.3000000119
26165  30.032  -53.077  -19.296 0.3000000119
26193  30.375  -52.305  -24.171 0.3000000119
27002  28.427  -51.507  -24.355 0.5000000000
105911  34.271  -66.356  -22.151 0.4000000060
106046  19.635  -59.674  -20.806 0.5000000000
106419  30.540  -68.183  -25.575 0.6000000238
107286  30.891  -68.352  -23.899 0.6000000238
107657  36.529  -69.494  -27.428 0.4000000060
108117  30.770  -55.106  -20.219 0.4000000060
109010  31.892  -68.805  -26.742 0.6000000238
110250  30.196  -65.647  -22.969 0.6999999881
110506  29.379  -66.780  -21.869 0.6999999881
111033  34.559  -69.542  -27.571 0.5000000000
111159  33.049  -62.004  -22.158 0.6000000238
111826  24.986  -63.021  -18.028 0.6999999881
113104  19.922  -63.993  -17.320 0.3000000119
113448  28.198  -54.215  -17.773 0.4000000060
115912  31.554  -63.645  -20.184 0.8000000119
115956  29.280  -66.453  -20.453 0.6000000238
116216  25.570  -61.051  -17.997 0.6000000238
116388  22.817  -60.248  -17.482 0.4000000060
119218  18.180  -64.883  -19.103 0.4000000060
119360  22.967  -54.625  -18.117 0.4000000060
119901  32.111  -56.768  -21.669 0.4000000060
120532  28.982  -65.347  -20.639 0.6000000238
120985  29.234  -66.440  -21.465 0.6000000238
121202  28.978  -61.343  -17.942 0.6999999881
123109  24.630  -61.113  -18.542 0.6000000238
123652  28.704  -55.146  -18.195 0.4000000060
124501  19.516  -64.441  -17.513 0.3000000119
