#!ascii label  , from subject sub-v1s13x0050057_ses-1 vox2ras=TkReg
1249
111806  28.689  -78.439  -26.956 0.5000000000
11737  23.495  -70.299  -13.789 0.6000000238
12524  23.357  -69.449  -14.502 0.6000000238
12569  22.235  -68.942  -16.257 0.6000000238
12546  22.810  -69.092  -15.440 0.6999999881
12589  21.743  -68.955  -17.085 0.6000000238
12545  23.964  -68.928  -15.693 0.6999999881
12588  22.845  -68.999  -17.300 0.6000000238
8851  25.258  -74.162  -21.904 0.5000000000
8878  27.615  -73.822  -23.983 0.6000000238
110179  27.027  -73.388  -23.141 0.6000000238
9604  25.985  -73.665  -23.152 0.5000000000
8890  28.469  -74.685  -24.977 0.5000000000
8877  28.112  -74.549  -24.077 0.4000000060
9602  27.110  -73.472  -23.831 0.5000000000
9603  26.546  -73.473  -23.577 0.6000000238
119222  21.522  -73.492  -16.819 0.5000000000
7588  32.031  -76.516  -28.693 0.4000000060
10256  22.334  -72.817  -15.830 0.5000000000
9511  20.816  -73.152  -16.823 0.5000000000
10243  21.529  -72.118  -15.454 0.6000000238
10228  23.181  -71.849  -14.372 0.6000000238
10937  23.884  -71.079  -13.610 0.6000000238
11724  25.241  -70.552  -13.503 0.6999999881
11738  22.545  -70.259  -14.203 0.6000000238
11736  24.108  -69.746  -13.967 0.6999999881
12509  26.979  -69.679  -13.475 0.6000000238
12511  25.044  -69.710  -13.931 0.6999999881
13335  27.218  -68.637  -13.675 0.6000000238
12523  25.839  -69.326  -14.194 0.6000000238
121342  24.581  -69.133  -14.773 0.6999999881
13354  26.703  -68.352  -14.099 0.6999999881
108886  22.405  -69.128  -18.003 0.6000000238
9570  24.944  -74.145  -21.084 0.5000000000
9594  25.923  -73.605  -22.219 0.6000000238
9584  25.572  -73.684  -21.378 0.5000000000
124421  28.005  -74.316  -23.355 0.6000000238
8865  27.577  -73.721  -23.038 0.6999999881
9593  26.565  -73.412  -22.769 0.6000000238
7567  28.958  -75.730  -25.154 0.4000000060
9507  24.012  -73.495  -16.462 0.5000000000
9508  23.151  -73.232  -16.215 0.5000000000
111402  31.434  -78.027  -29.043 0.5000000000
10255  23.067  -72.782  -15.543 0.5000000000
10225  25.547  -72.495  -14.122 0.6999999881
10241  23.477  -72.516  -14.963 0.6000000238
10206  25.996  -71.951  -13.536 0.6999999881
10208  24.312  -71.747  -13.790 0.6000000238
10227  23.932  -72.200  -14.313 0.6000000238
10207  25.116  -71.852  -13.692 0.6999999881
106366  23.148  -71.087  -13.918 0.6000000238
10935  25.510  -71.296  -13.429 0.6999999881
108551  27.676  -70.055  -12.957 0.6000000238
11723  26.099  -70.768  -13.346 0.6000000238
12508  27.938  -69.026  -13.126 0.6000000238
12510  26.013  -69.961  -13.709 0.6000000238
13334  28.590  -68.402  -13.228 0.6000000238
14159  28.023  -67.988  -13.608 0.6999999881
12605  24.266  -69.076  -18.326 0.6999999881
12606  23.091  -69.322  -18.803 0.5000000000
112132  26.047  -68.545  -14.517 0.6999999881
13373  24.793  -68.558  -15.995 0.6999999881
112550  23.433  -69.232  -18.178 0.6000000238
9569  26.787  -73.251  -20.467 0.5000000000
119718  26.116  -73.419  -20.883 0.5000000000
9571  25.329  -73.680  -20.567 0.5000000000
9581  28.051  -73.533  -21.270 0.6999999881
107183  26.808  -73.215  -21.258 0.6000000238
8187  28.301  -75.226  -23.288 0.5000000000
8179  28.323  -74.552  -22.483 0.6999999881
9591  27.948  -73.634  -22.101 0.6999999881
9592  27.246  -73.397  -22.472 0.6000000238
9582  27.410  -73.314  -21.685 0.6000000238
7552  29.407  -76.632  -24.753 0.4000000060
7553  28.777  -76.290  -24.221 0.4000000060
8198  28.437  -75.540  -24.163 0.5000000000
9506  24.876  -73.732  -16.678 0.5000000000
104084  25.961  -73.504  -15.309 0.5000000000
123709  25.361  -73.421  -15.514 0.5000000000
9489  23.796  -73.079  -15.648 0.5000000000
10224  26.331  -72.710  -14.034 0.6000000238
10239  25.227  -73.012  -14.927 0.5000000000
10205  26.899  -72.287  -13.517 0.6999999881
10931  29.634  -71.815  -12.930 0.6000000238
10933  27.618  -71.783  -13.184 0.6999999881
104597  29.866  -70.974  -12.698 0.6000000238
10917  28.260  -71.313  -12.891 0.6000000238
10934  26.706  -71.388  -13.242 0.6999999881
12505  30.509  -69.636  -13.329 0.6999999881
124179  29.284  -70.519  -12.607 0.6000000238
11722  27.580  -70.937  -12.957 0.6000000238
13351  30.385  -68.203  -14.476 0.6000000238
13332  30.331  -68.683  -13.778 0.6999999881
12507  28.863  -68.987  -12.818 0.6999999881
14217  30.075  -67.298  -16.240 0.6000000238
14174  30.136  -67.680  -14.780 0.6000000238
13333  29.396  -68.301  -13.371 0.6999999881
12629  23.978  -68.881  -19.791 0.6000000238
116078  29.228  -67.553  -13.866 0.6999999881
12566  24.768  -68.620  -16.940 0.6999999881
121999  23.912  -69.284  -18.834 0.6000000238
15055  29.508  -66.511  -15.686 0.6999999881
14199  29.857  -67.134  -15.220 0.6000000238
14176  28.566  -67.321  -13.930 0.8000000119
13353  27.231  -67.761  -14.000 0.6999999881
14178  26.543  -67.682  -14.381 0.6999999881
13372  25.372  -68.422  -15.197 0.6999999881
9555  26.753  -73.377  -19.608 0.6000000238
8850  28.630  -74.155  -21.480 0.6999999881
8836  28.541  -73.780  -20.838 0.6999999881
9568  27.471  -73.272  -20.891 0.6000000238
118373  28.962  -75.202  -21.799 0.5000000000
7543  29.160  -76.875  -23.745 0.4000000060
107441  28.645  -76.190  -23.387 0.5000000000
104624  25.764  -73.885  -16.925 0.5000000000
9527  25.097  -73.838  -17.627 0.5000000000
9505  26.447  -73.911  -16.179 0.5000000000
9474  26.589  -73.346  -14.674 0.6000000238
9456  28.703  -73.117  -13.812 0.6000000238
10222  27.928  -73.342  -14.145 0.6999999881
9475  25.914  -73.039  -14.579 0.6999999881
10203  29.467  -72.586  -13.403 0.6999999881
10204  27.805  -72.648  -13.585 0.6999999881
10930  30.562  -71.544  -13.040 0.6000000238
123323  30.145  -72.266  -13.206 0.6000000238
10932  28.640  -72.107  -13.135 0.6999999881
121390  31.886  -69.588  -15.081 0.6999999881
11735  31.172  -70.139  -13.693 0.6999999881
11719  31.295  -70.979  -13.371 0.6999999881
15118  23.250  -67.317  -19.790 0.6000000238
12584  31.283  -68.613  -16.515 0.6000000238
12542  31.390  -69.224  -14.989 0.6999999881
11720  30.588  -70.555  -13.063 0.6999999881
13418  30.334  -67.958  -18.601 0.6000000238
13384  30.393  -67.892  -17.019 0.6000000238
116102  30.871  -68.371  -17.355 0.6000000238
12564  31.090  -68.717  -15.613 0.6000000238
12543  30.834  -68.718  -14.700 0.6999999881
14241  24.438  -67.897  -19.027 0.6000000238
14227  29.999  -67.252  -17.288 0.6000000238
13383  30.648  -68.187  -16.240 0.6000000238
118767  25.252  -67.367  -15.500 0.6999999881
14218  24.814  -67.587  -16.405 0.6000000238
120098  24.791  -67.845  -17.840 0.6999999881
13420  24.583  -68.327  -18.582 0.6000000238
116585  29.971  -67.415  -19.230 0.5000000000
15072  29.522  -66.509  -17.699 0.6000000238
106694  29.611  -66.460  -16.684 0.8000000119
120270  28.102  -65.904  -14.842 0.8000000119
15018  26.943  -66.250  -14.546 0.8000000119
118950  27.095  -66.960  -14.317 0.8000000119
14201  25.763  -67.682  -14.939 0.6999999881
103658  25.059  -68.002  -16.043 0.6999999881
15035  29.238  -66.688  -14.803 0.8000000119
15016  28.454  -66.588  -14.462 0.8000000119
9567  28.118  -73.477  -20.494 0.6999999881
9554  27.515  -73.323  -20.061 0.6999999881
9556  25.856  -73.640  -19.088 0.6000000238
8168  29.457  -74.664  -21.155 0.6999999881
9540  26.791  -73.643  -18.728 0.6000000238
9541  26.052  -73.872  -17.994 0.5000000000
106343  26.675  -73.984  -17.196 0.5000000000
18303  19.611  -63.064  -22.333 0.6000000238
9504  27.174  -74.080  -16.651 0.5000000000
17557  19.744  -63.696  -21.981 0.5000000000
9486  27.299  -74.095  -15.862 0.5000000000
17549  20.538  -63.900  -20.288 0.6000000238
9484  28.879  -74.279  -15.245 0.6999999881
121982  28.210  -74.099  -15.073 0.6000000238
9470  30.079  -73.644  -14.208 0.6999999881
9472  28.407  -73.781  -14.579 0.6999999881
108759  21.099  -65.664  -19.049 0.6000000238
10929  31.312  -71.753  -13.359 0.6999999881
10201  30.835  -72.363  -13.371 0.6000000238
12541  32.413  -69.657  -15.364 0.6999999881
11733  32.532  -70.930  -14.260 0.6999999881
119446  22.963  -66.904  -18.214 0.6000000238
15120  21.656  -66.407  -19.275 0.6000000238
12563  31.760  -69.109  -15.791 0.6000000238
11734  31.861  -70.541  -13.945 0.6999999881
122195  22.986  -66.576  -17.284 0.6000000238
15119  22.404  -66.885  -20.043 0.6000000238
13432  32.155  -68.596  -19.301 0.6000000238
110819  31.442  -68.583  -17.253 0.6000000238
104212  23.650  -66.581  -16.622 0.6999999881
14219  24.401  -67.386  -17.061 0.6000000238
14242  23.985  -67.461  -18.626 0.6000000238
13417  30.798  -68.370  -18.358 0.6000000238
15914  27.720  -64.823  -15.919 0.6000000238
15902  26.204  -65.095  -15.071 0.6000000238
15039  25.466  -65.787  -15.009 0.6999999881
121307  24.404  -66.922  -16.235 0.6000000238
14229  24.609  -67.787  -18.106 0.6000000238
15913  28.444  -65.206  -16.539 0.6000000238
15037  27.287  -65.439  -14.966 0.8000000119
15073  29.112  -65.719  -17.132 0.6000000238
15901  28.300  -65.437  -15.520 0.6999999881
110601  25.667  -66.710  -14.965 0.8000000119
9566  28.754  -73.721  -20.225 0.6999999881
9553  28.302  -73.496  -19.616 0.6999999881
117204  28.141  -73.555  -18.862 0.6999999881
8834  29.962  -74.411  -20.356 0.6999999881
8835  29.112  -74.118  -20.695 0.6999999881
9539  27.557  -73.728  -18.421 0.6000000238
110880  26.939  -73.913  -17.974 0.6000000238
19012  21.073  -60.940  -22.695 0.6000000238
19022  20.164  -61.038  -24.273 0.6000000238
19004  20.464  -61.776  -22.031 0.6000000238
18313  19.766  -62.302  -22.584 0.6000000238
9526  27.565  -74.023  -17.478 0.6000000238
18302  20.095  -62.821  -21.618 0.5000000000
8750  29.773  -74.465  -15.369 0.6999999881
9485  28.046  -74.249  -15.630 0.6999999881
17548  21.025  -63.370  -19.857 0.4000000060
18293  20.632  -63.073  -20.648 0.5000000000
113075  30.924  -73.915  -14.379 0.6999999881
8732  30.298  -74.244  -14.805 0.8000000119
17539  21.305  -63.839  -19.163 0.5000000000
10221  30.916  -73.169  -13.815 0.6000000238
9471  29.189  -73.739  -14.386 0.6999999881
15943  21.348  -65.277  -18.342 0.6000000238
10947  31.963  -71.407  -13.666 0.6999999881
10220  31.761  -72.462  -13.631 0.6999999881
15932  22.206  -65.515  -17.236 0.6999999881
15075  21.533  -66.061  -18.319 0.6000000238
12561  33.282  -69.000  -16.317 0.6999999881
12540  33.297  -69.690  -15.560 0.6999999881
16697  23.635  -64.874  -16.230 0.5000000000
15074  22.172  -66.232  -17.608 0.6000000238
13415  32.818  -68.321  -18.414 0.6000000238
13397  32.602  -68.536  -17.688 0.6000000238
12562  32.493  -69.136  -16.098 0.6999999881
15059  22.767  -66.008  -16.817 0.6999999881
13416  32.027  -68.642  -18.337 0.6000000238
13398  31.944  -68.659  -17.514 0.6000000238
15903  25.216  -64.938  -15.409 0.5000000000
15915  24.207  -65.304  -15.709 0.6000000238
113321  31.384  -68.605  -18.872 0.6000000238
15931  27.745  -64.681  -17.019 0.6000000238
117652  27.194  -64.401  -16.383 0.5000000000
15040  24.747  -65.748  -15.383 0.6999999881
15941  28.157  -65.194  -18.766 0.6000000238
8820  29.724  -74.064  -19.380 0.6999999881
9538  28.895  -73.742  -18.858 0.6999999881
108261  28.261  -73.889  -18.165 0.6000000238
9525  28.395  -74.181  -17.265 0.6000000238
19813  22.004  -60.517  -23.638 0.4000000060
19821  20.934  -60.367  -24.760 0.5000000000
19003  21.379  -61.341  -21.645 0.5000000000
8785  29.976  -74.705  -16.848 0.6999999881
8767  30.047  -74.721  -15.974 0.6999999881
9503  27.840  -74.217  -16.531 0.6000000238
18292  21.345  -62.556  -20.232 0.5000000000
8731  31.650  -74.250  -14.679 0.6999999881
109232  22.371  -62.987  -18.796 0.4000000060
11750  34.629  -70.847  -15.382 0.6999999881
10962  33.668  -71.992  -14.692 0.6999999881
10218  33.197  -73.289  -14.594 0.6999999881
16733  21.513  -64.431  -18.452 0.6000000238
13382  34.139  -68.766  -16.408 0.6999999881
12539  34.283  -70.003  -15.569 0.6999999881
116576  32.631  -71.900  -14.014 0.6999999881
10219  32.573  -72.932  -14.080 0.6999999881
17509  22.932  -63.937  -17.639 0.5000000000
119745  21.780  -64.983  -17.732 0.5000000000
13396  33.374  -68.492  -17.120 0.6000000238
116208  33.949  -69.334  -15.921 0.6999999881
11752  32.928  -70.372  -14.910 0.6999999881
16716  23.252  -64.434  -16.946 0.5000000000
117709  32.842  -68.135  -19.233 0.5000000000
14239  33.462  -67.665  -18.721 0.6000000238
123102  33.102  -68.348  -17.768 0.6000000238
110925  30.447  -74.396  -18.718 0.6999999881
120427  29.588  -74.415  -17.642 0.6999999881
19826  22.351  -59.995  -24.769 0.4000000060
104729  30.254  -74.589  -17.835 0.6999999881
9524  28.976  -74.161  -17.936 0.6999999881
20569  20.895  -59.777  -24.882 0.4000000060
122262  20.118  -60.213  -24.820 0.6000000238
8748  31.415  -74.802  -15.439 0.8000000119
107540  30.709  -74.967  -16.181 0.6999999881
9483  33.697  -73.685  -15.159 0.6000000238
8730  32.400  -74.571  -15.194 0.6000000238
19822  17.253  -60.259  -23.623 0.6000000238
10238  33.905  -72.656  -14.887 0.6999999881
114066  32.472  -73.824  -14.505 0.6000000238
11768  35.133  -70.215  -15.788 0.6000000238
14226  34.687  -67.665  -17.598 0.6000000238
18315  15.728  -61.781  -22.727 0.5000000000
14255  33.994  -66.915  -19.101 0.6000000238
13395  34.350  -68.197  -17.036 0.6999999881
15115  33.833  -66.611  -20.069 0.5000000000
8784  30.862  -75.016  -17.140 0.6999999881
21344  20.190  -59.191  -24.280 0.4000000060
8766  31.668  -75.175  -16.366 0.8000000119
107156  19.960  -59.852  -24.727 0.5000000000
9502  34.061  -74.122  -15.862 0.8000000119
20557  17.766  -59.686  -23.317 0.4000000060
20570  19.265  -59.228  -23.956 0.4000000060
8765  32.646  -75.045  -16.046 0.6999999881
19814  17.297  -60.104  -23.036 0.4000000060
19831  17.978  -59.982  -23.981 0.5000000000
12559  35.609  -69.544  -16.246 0.6000000238
10961  34.818  -71.590  -15.468 0.6000000238
10237  34.588  -72.350  -15.427 0.6999999881
103024  17.653  -60.730  -21.901 0.4000000060
14225  35.547  -67.771  -17.551 0.6000000238
13381  35.138  -68.657  -16.532 0.6000000238
118700  16.114  -62.082  -22.196 0.4000000060
19016  16.143  -61.139  -22.935 0.6000000238
14238  34.278  -67.265  -18.298 0.6000000238
119845  34.221  -66.234  -20.760 0.5000000000
15135  34.219  -66.268  -21.476 0.5000000000
21339  19.580  -58.563  -23.507 0.4000000060
115404  32.314  -75.215  -16.819 0.8000000119
21332  18.814  -58.769  -23.218 0.4000000060
8764  33.512  -74.716  -16.354 0.6999999881
20551  17.806  -59.617  -22.872 0.4000000060
118513  34.868  -72.880  -15.924 0.6000000238
9482  34.355  -73.251  -15.539 0.6999999881
10960  35.347  -71.116  -15.803 0.6000000238
10254  35.269  -72.122  -16.004 0.6000000238
19005  18.127  -61.148  -21.251 0.4000000060
19006  17.360  -61.484  -21.740 0.4000000060
14237  35.214  -67.185  -18.113 0.6000000238
18304  17.061  -62.932  -21.382 0.4000000060
15097  34.655  -66.391  -19.438 0.4000000060
21331  19.314  -58.261  -22.846 0.4000000060
8763  34.281  -74.341  -16.739 0.6999999881
20549  19.044  -58.935  -21.814 0.4000000060
9500  35.233  -73.000  -16.570 0.6999999881
9501  34.667  -73.599  -16.272 0.6000000238
19804  18.272  -60.337  -21.682 0.4000000060
12581  35.974  -68.985  -16.675 0.6000000238
11767  35.882  -70.504  -16.278 0.6000000238
18998  18.045  -62.009  -21.084 0.4000000060
15081  35.730  -66.760  -18.778 0.6000000238
17551  17.469  -63.572  -20.845 0.3000000119
15096  35.595  -66.244  -19.632 0.4000000060
15113  35.650  -65.876  -20.628 0.4000000060
15112  36.547  -66.205  -20.177 0.4000000060
19793  18.805  -60.752  -20.863 0.4000000060
18997  18.729  -61.701  -20.487 0.4000000060
12580  36.471  -68.918  -17.313 0.6000000238
14236  36.190  -67.533  -18.113 0.6000000238
14235  37.013  -67.810  -18.472 0.6000000238
15094  37.355  -66.681  -19.748 0.5000000000
15133  36.541  -65.928  -21.164 0.4000000060
16699  18.044  -65.486  -16.289 0.3000000119
15111  37.522  -66.273  -20.647 0.4000000060
120722  20.819  -59.683  -19.733 0.4000000060
107164  19.447  -64.694  -16.785 0.3000000119
14999  16.821  -66.625  -13.699 0.4000000060
20535  21.305  -59.036  -19.521 0.4000000060
19769  21.044  -60.823  -18.886 0.4000000060
17497  20.058  -64.063  -16.208 0.3000000119
17510  20.132  -63.187  -17.801 0.3000000119
16681  18.144  -65.380  -15.261 0.3000000119
16698  18.837  -65.080  -15.824 0.3000000119
119478  17.588  -66.099  -14.438 0.3000000119
19768  21.773  -60.457  -18.467 0.4000000060
18974  21.471  -61.276  -18.059 0.4000000060
104187  20.413  -62.401  -18.145 0.4000000060
16679  19.508  -64.501  -15.763 0.3000000119
118028  18.534  -64.870  -14.949 0.3000000119
17475  12.505  -63.883  -14.309 0.4000000060
18243  11.383  -62.707  -15.518 0.3000000119
18251  10.837  -62.290  -16.452 0.3000000119
16666  17.163  -64.821  -13.829 0.3000000119
107199  16.603  -65.223  -13.231 0.3000000119
18958  21.775  -61.558  -17.121 0.4000000060
18262  20.723  -62.679  -17.184 0.4000000060
17496  20.406  -63.375  -16.728 0.3000000119
16680  19.097  -64.461  -15.012 0.3000000119
16657  14.078  -64.334  -12.784 0.3000000119
17472  17.749  -64.149  -13.876 0.3000000119
17487  12.069  -63.220  -14.703 0.3000000119
17473  17.136  -64.078  -13.317 0.3000000119
18929  12.753  -61.758  -14.479 0.4000000060
18242  12.111  -62.222  -14.942 0.3000000119
18940  12.352  -61.409  -15.302 0.3000000119
18941  11.628  -61.821  -15.831 0.3000000119
18250  20.780  -62.708  -16.239 0.4000000060
17484  20.339  -63.263  -15.713 0.4000000060
17485  19.695  -63.767  -15.132 0.3000000119
16658  13.485  -63.931  -13.208 0.4000000060
109247  18.359  -63.381  -13.963 0.3000000119
17462  13.948  -63.349  -12.782 0.3000000119
17474  13.015  -63.208  -13.671 0.4000000060
118884  13.632  -62.593  -13.229 0.4000000060
18949  11.929  -60.985  -16.255 0.3000000119
18239  21.149  -62.043  -15.875 0.4000000060
18241  20.000  -62.859  -14.889 0.4000000060
17470  19.255  -63.090  -14.414 0.4000000060
18232  17.746  -62.485  -13.411 0.4000000060
17460  17.483  -63.357  -13.275 0.3000000119
18214  15.868  -62.892  -12.462 0.3000000119
18225  14.326  -62.427  -12.839 0.3000000119
18921  13.884  -61.863  -13.389 0.3000000119
18928  13.549  -61.294  -14.159 0.5000000000
18233  13.180  -62.174  -13.778 0.4000000060
18939  13.002  -61.098  -14.908 0.4000000060
19744  12.296  -60.179  -16.676 0.3000000119
18230  19.322  -62.093  -14.592 0.4000000060
18231  18.504  -62.337  -14.070 0.4000000060
18917  17.036  -61.828  -13.146 0.3000000119
19705  15.842  -60.890  -13.609 0.3000000119
19715  15.274  -60.394  -14.190 0.3000000119
19731  15.635  -59.837  -14.936 0.3000000119
18222  17.000  -62.656  -12.866 0.3000000119
18223  16.234  -62.160  -12.797 0.3000000119
19706  14.960  -60.991  -13.570 0.3000000119
19716  14.360  -60.686  -14.214 0.3000000119
19732  14.654  -60.037  -14.943 0.3000000119
18919  15.524  -61.517  -13.114 0.3000000119
19733  13.625  -60.409  -15.062 0.3000000119
19734  12.712  -60.622  -15.675 0.3000000119
19755  11.863  -59.867  -17.758 0.3000000119
19724  22.626  -60.303  -15.621 0.3000000119
19726  20.973  -60.796  -15.199 0.3000000119
18937  19.759  -61.451  -14.934 0.3000000119
19728  18.348  -60.491  -14.970 0.3000000119
19729  17.591  -59.946  -15.040 0.3000000119
20493  15.882  -59.356  -15.703 0.3000000119
18938  19.006  -61.197  -14.807 0.3000000119
19713  17.443  -60.539  -14.386 0.3000000119
19714  16.286  -60.306  -14.223 0.3000000119
19730  16.688  -59.721  -15.029 0.3000000119
20494  15.063  -59.554  -15.723 0.3000000119
20495  14.097  -59.646  -15.778 0.3000000119
20502  13.710  -59.320  -16.720 0.3000000119
19743  13.161  -59.860  -16.105 0.3000000119
20503  12.749  -59.470  -17.119 0.3000000119
20487  22.906  -59.516  -15.327 0.3000000119
121359  20.406  -60.186  -15.072 0.3000000119
19727  19.230  -60.669  -15.078 0.3000000119
103454  18.776  -60.045  -15.178 0.3000000119
109625  17.345  -59.344  -15.381 0.3000000119
123527  15.389  -59.190  -16.361 0.3000000119
20501  14.675  -59.272  -16.556 0.3000000119
20515  12.347  -59.094  -18.068 0.3000000119
21259  17.093  -58.668  -15.602 0.3000000119
20513  14.258  -58.898  -17.257 0.3000000119
123233  13.918  -58.649  -17.678 0.3000000119
20514  13.345  -58.892  -17.575 0.3000000119
123124  12.955  -58.680  -18.085 0.3000000119
21266  16.299  -58.469  -16.103 0.3000000119
20500  15.886  -58.906  -16.358 0.3000000119
107407  15.218  -58.740  -17.173 0.3000000119
21258  17.668  -58.238  -15.375 0.3000000119
21265  16.783  -57.955  -15.782 0.3000000119
21277  16.053  -57.761  -16.651 0.3000000119
21278  15.562  -58.033  -17.465 0.3000000119
21292  15.033  -58.095  -18.061 0.3000000119
21293  14.241  -57.914  -18.433 0.3000000119
21294  13.327  -57.817  -18.586 0.3000000119
6352  30.196  -78.269  -28.688 0.5000000000
6364  31.379  -76.936  -29.578 0.5000000000
7598  31.756  -76.368  -29.402 0.4000000060
12567  24.360  -68.817  -16.757 0.6999999881
7566  29.799  -76.287  -25.866 0.4000000060
118001  28.395  -69.656  -12.761 0.6000000238
9487  26.773  -73.758  -15.378 0.5000000000
11705  29.120  -69.790  -12.606 0.6000000238
8749  30.519  -74.631  -15.421 0.8000000119
8768  29.377  -74.560  -16.111 0.6999999881
9469  31.730  -73.486  -14.091 0.6000000238
14256  33.295  -67.507  -19.610 0.5000000000
11751  33.795  -70.627  -15.083 0.6999999881
19007  16.494  -61.516  -22.342 0.4000000060
15136  33.721  -66.839  -21.937 0.5000000000
13393  36.202  -68.136  -17.544 0.6000000238
15956  34.855  -65.851  -21.079 0.4000000060
10977  35.924  -71.505  -16.565 0.6000000238
12558  36.380  -69.828  -16.842 0.6000000238
18294  18.423  -62.575  -20.442 0.3000000119
15095  36.515  -66.688  -19.347 0.4000000060
14254  36.545  -67.197  -18.765 0.4000000060
19780  21.293  -60.017  -19.204 0.4000000060
18936  20.618  -61.609  -15.284 0.3000000119
20488  22.075  -59.855  -15.063 0.3000000119
10279  36.156  -72.762  -18.049 0.5000000000
9537  35.199  -73.933  -18.036 0.5000000000
8780  34.471  -74.437  -17.685 0.6999999881
8802  33.822  -74.805  -18.372 0.6999999881
8805  31.062  -74.856  -18.082 0.6000000238
9522  35.656  -73.096  -17.467 0.5000000000
9523  34.953  -73.773  -17.124 0.6000000238
8781  33.528  -74.868  -17.402 0.6000000238
8819  30.638  -74.435  -19.597 0.6000000238
115007  29.329  -73.978  -20.065 0.6000000238
123984  34.032  -74.741  -19.062 0.6999999881
104542  32.197  -74.953  -19.282 0.6000000238
104689  31.276  -74.682  -18.958 0.6000000238
8803  32.881  -75.119  -18.367 0.6999999881
8804  31.918  -75.107  -18.300 0.6000000238
10267  36.196  -72.132  -17.401 0.5000000000
8816  33.806  -74.826  -19.804 0.6999999881
8817  32.873  -74.943  -20.060 0.6999999881
8818  31.920  -74.823  -20.297 0.6000000238
104610  30.999  -74.690  -20.406 0.6000000238
8815  34.611  -74.545  -19.476 0.6000000238
118594  33.265  -74.958  -19.158 0.6999999881
120748  31.395  -74.686  -19.720 0.6000000238
10990  36.709  -71.376  -17.688 0.5000000000
10253  35.683  -72.381  -16.787 0.5000000000
8830  34.471  -74.658  -20.428 0.6999999881
8832  32.574  -74.901  -21.011 0.6000000238
8849  30.557  -74.922  -21.056 0.6000000238
11797  37.230  -70.872  -18.155 0.5000000000
116156  38.302  -68.724  -18.369 0.5000000000
11780  37.322  -70.067  -17.889 0.5000000000
13430  38.554  -68.051  -18.779 0.4000000060
12590  20.716  -69.032  -17.057 0.4000000060
12525  22.388  -69.575  -14.756 0.4000000060
12570  21.190  -69.143  -16.218 0.4000000060
11755  21.199  -70.111  -14.990 0.5000000000
10950  21.790  -70.672  -14.626 0.5000000000
10966  20.616  -70.537  -15.539 0.5000000000
12603  37.141  -69.220  -17.832 0.5000000000
10964  21.859  -71.518  -14.851 0.5000000000
10269  19.500  -72.475  -17.687 0.6000000238
13412  37.508  -68.600  -18.184 0.4000000060
10242  22.537  -72.184  -15.011 0.5000000000
10268  20.008  -72.659  -17.057 0.5000000000
12591  19.870  -69.372  -17.160 0.5000000000
12571  20.365  -69.490  -16.383 0.5000000000
110369  19.398  -69.365  -18.032 0.5000000000
12572  19.807  -70.051  -16.590 0.5000000000
11799  18.859  -69.995  -18.261 0.5000000000
10979  20.095  -70.793  -16.182 0.5000000000
10980  19.581  -70.863  -16.902 0.5000000000
105708  19.501  -71.757  -17.285 0.5000000000
10258  20.006  -71.705  -16.535 0.5000000000
13429  39.380  -67.703  -19.149 0.4000000060
13431  37.783  -67.938  -18.690 0.4000000060
14252  38.180  -67.294  -19.362 0.4000000060
107811  23.385  -69.196  -20.226 0.5000000000
12609  18.935  -69.401  -18.915 0.5000000000
112986  36.823  -69.694  -17.484 0.5000000000
14253  37.220  -67.281  -19.093 0.4000000060
14273  23.790  -67.841  -20.242 0.5000000000
14282  23.603  -67.856  -21.113 0.5000000000
13465  23.578  -68.380  -22.758 0.5000000000
13444  23.658  -68.781  -20.548 0.5000000000
15093  38.119  -66.610  -20.005 0.4000000060
113341  23.170  -67.290  -20.646 0.5000000000
15138  23.200  -67.240  -21.536 0.5000000000
15139  22.390  -66.728  -21.081 0.5000000000
15154  22.787  -66.657  -22.074 0.5000000000
14304  23.552  -67.342  -23.062 0.5000000000
116377  23.720  -67.803  -23.672 0.4000000060
15968  21.977  -66.223  -21.841 0.5000000000
15977  23.363  -65.900  -23.393 0.6000000238
14303  23.917  -67.075  -24.113 0.6000000238
15140  21.622  -66.371  -20.332 0.5000000000
15969  21.185  -65.767  -21.543 0.5000000000
15978  22.645  -65.907  -22.763 0.5000000000
114877  23.013  -65.409  -23.662 0.6000000238
15990  24.185  -65.819  -25.027 0.6000000238
14337  24.305  -66.912  -25.677 0.6000000238
13497  24.050  -68.415  -25.900 0.5000000000
13512  23.848  -68.402  -26.388 0.5000000000
13514  22.933  -68.503  -27.186 0.5000000000
108920  21.053  -65.833  -20.722 0.5000000000
15970  20.612  -65.267  -21.207 0.5000000000
15980  20.683  -65.255  -22.087 0.5000000000
15993  21.988  -65.337  -23.337 0.5000000000
16778  20.994  -65.028  -22.989 0.6000000238
16007  23.686  -65.426  -25.167 0.6000000238
15195  23.982  -65.843  -26.023 0.6000000238
14350  23.961  -67.511  -26.207 0.6000000238
14351  22.953  -67.737  -26.522 0.5000000000
116289  17.486  -67.215  -23.255 0.5000000000
13515  21.153  -68.387  -26.354 0.5000000000
15947  20.752  -65.284  -19.644 0.5000000000
16768  20.158  -64.552  -21.764 0.5000000000
16779  20.334  -64.679  -22.575 0.6000000238
16794  20.348  -64.246  -23.530 0.6000000238
17584  20.394  -63.708  -25.477 0.6000000238
16806  22.112  -64.581  -25.622 0.6000000238
17583  21.166  -64.128  -25.743 0.6000000238
16021  22.912  -65.247  -26.055 0.6000000238
16032  21.899  -65.201  -26.295 0.6000000238
15203  23.281  -66.195  -26.193 0.6000000238
14339  22.838  -66.933  -26.034 0.5000000000
13498  22.097  -68.158  -26.416 0.5000000000
13499  21.185  -67.972  -25.582 0.5000000000
109046  20.341  -67.470  -24.709 0.5000000000
13500  20.396  -68.301  -25.500 0.5000000000
116642  19.308  -68.065  -24.573 0.5000000000
17565  19.619  -63.508  -22.662 0.6000000238
17576  20.075  -63.524  -24.606 0.6000000238
17585  19.623  -63.330  -25.548 0.6000000238
17594  19.316  -63.873  -26.182 0.6000000238
17593  20.264  -63.890  -26.079 0.6000000238
16823  20.729  -64.658  -26.360 0.6000000238
16024  19.533  -64.505  -26.208 0.6000000238
16022  21.464  -65.789  -25.900 0.5000000000
16009  19.923  -65.296  -25.831 0.5000000000
15196  21.908  -66.787  -25.558 0.5000000000
15186  19.500  -66.029  -24.557 0.5000000000
16010  18.488  -65.419  -24.473 0.6000000238
122380  19.723  -66.786  -24.241 0.5000000000
15170  18.614  -66.357  -23.677 0.5000000000
15995  17.119  -65.740  -23.140 0.5000000000
15156  15.396  -66.126  -22.589 0.5000000000
18336  18.813  -63.203  -25.805 0.6000000238
17595  18.498  -63.679  -26.027 0.6000000238
16816  18.687  -64.123  -26.111 0.6000000238
16025  19.003  -64.886  -25.646 0.6000000238
123861  16.774  -64.803  -24.023 0.6000000238
15155  16.216  -66.042  -22.587 0.5000000000
18331  18.388  -62.426  -25.337 0.6000000238
16808  18.105  -64.441  -25.380 0.6000000238
16810  16.115  -64.055  -24.329 0.6000000238
15997  14.959  -64.701  -23.144 0.5000000000
103399  17.502  -60.676  -24.292 0.6000000238
19029  18.113  -61.520  -24.851 0.6000000238
109023  16.968  -61.488  -24.595 0.6000000238
17586  16.833  -63.153  -25.334 0.6000000238
16809  17.045  -64.034  -24.955 0.6000000238
16796  14.644  -63.651  -23.456 0.5000000000
19031  16.290  -61.494  -24.211 0.6000000238
104714  16.236  -62.314  -24.882 0.6000000238
18325  15.781  -61.939  -23.965 0.6000000238
16811  15.502  -63.268  -24.336 0.6000000238
18317  14.650  -62.814  -23.172 0.6000000238
17567  14.300  -63.474  -22.725 0.5000000000
17566  14.715  -62.817  -22.606 0.4000000060
8782  32.547  -75.189  -17.530 0.6999999881
11766  36.428  -70.851  -16.932 0.5000000000
11781  36.825  -70.447  -17.495 0.5000000000
11796  37.806  -70.493  -18.469 0.5000000000
12602  37.929  -69.579  -18.209 0.5000000000
11002  18.715  -70.930  -18.595 0.6000000238
15992  22.427  -65.055  -24.106 0.6000000238
116414  21.638  -64.330  -25.068 0.6000000238
15204  22.457  -65.951  -26.067 0.6000000238
15185  20.356  -66.713  -24.655 0.5000000000
18332  17.375  -62.350  -25.191 0.6000000238
16817  17.864  -63.737  -25.737 0.6000000238
17578  14.935  -63.032  -23.732 0.6000000238
17579  14.396  -63.484  -23.114 0.6000000238
6319  29.256  -79.017  -26.575 0.4000000060
5175  29.406  -80.726  -25.388 0.5000000000
5756  29.806  -79.913  -26.051 0.4000000060
123872  29.553  -79.435  -26.346 0.4000000060
5767  30.156  -79.486  -27.131 0.4000000060
6334  29.635  -78.780  -27.621 0.4000000060
4606  29.701  -81.584  -25.448 0.5000000000
5199  30.736  -80.225  -26.882 0.5000000000
5779  31.365  -79.638  -27.692 0.5000000000
5780  30.835  -78.942  -28.251 0.4000000060
4622  30.536  -81.446  -25.766 0.5000000000
5189  31.251  -80.728  -26.514 0.5000000000
5198  31.513  -80.200  -27.229 0.5000000000
5211  31.948  -79.882  -27.533 0.5000000000
6351  31.799  -78.741  -28.315 0.4000000060
4621  31.572  -81.267  -25.755 0.5000000000
5188  32.352  -80.604  -26.356 0.5000000000
5197  32.133  -80.235  -27.090 0.5000000000
5777  32.477  -79.118  -27.510 0.5000000000
6970  32.289  -77.495  -28.452 0.4000000060
7519  29.360  -76.184  -21.916 0.5000000000
7532  28.726  -75.793  -22.507 0.4000000060
7531  29.256  -76.782  -22.696 0.4000000060
6934  29.795  -77.401  -23.345 0.4000000060
6942  29.851  -77.331  -24.318 0.4000000060
6948  30.240  -77.060  -25.399 0.4000000060
5196  32.902  -79.994  -26.770 0.5000000000
6947  31.299  -77.518  -26.306 0.4000000060
7578  31.583  -76.656  -27.544 0.4000000060
111760  33.327  -79.900  -26.127 0.4000000060
6316  32.764  -79.460  -26.884 0.5000000000
7577  32.284  -77.146  -28.060 0.4000000060
6350  32.367  -78.453  -28.050 0.4000000060
8178  30.207  -76.255  -21.561 0.4000000060
6941  30.291  -77.850  -23.919 0.4000000060
111070  30.663  -77.843  -24.895 0.4000000060
5755  33.848  -80.045  -25.317 0.4000000060
6960  32.084  -77.447  -27.432 0.4000000060
5743  33.864  -79.873  -25.136 0.4000000060
6317  32.457  -78.958  -26.564 0.4000000060
6946  32.170  -78.198  -26.906 0.4000000060
8167  29.753  -75.474  -21.409 0.5000000000
7529  30.863  -76.869  -21.850 0.4000000060
6932  31.180  -77.952  -22.755 0.4000000060
6306  30.970  -78.443  -24.122 0.4000000060
6305  31.911  -79.020  -24.407 0.4000000060
6304  32.895  -79.379  -24.582 0.4000000060
6318  31.685  -78.644  -25.510 0.4000000060
8166  31.487  -75.306  -21.419 0.5000000000
8833  31.642  -74.902  -21.050 0.6000000238
8177  31.229  -75.961  -21.680 0.5000000000
6915  31.454  -77.468  -22.324 0.4000000060
6276  31.970  -78.254  -22.810 0.4000000060
6914  32.752  -78.022  -22.775 0.4000000060
6275  32.870  -78.666  -23.199 0.4000000060
8864  32.996  -75.337  -22.400 0.4000000060
8848  33.333  -74.907  -21.884 0.5000000000
8176  32.721  -75.785  -22.567 0.4000000060
116359  32.360  -77.403  -22.556 0.4000000060
8863  33.833  -75.116  -22.845 0.5000000000
8175  34.457  -75.395  -23.514 0.4000000060
7542  32.950  -76.446  -22.806 0.4000000060
116226  33.939  -76.265  -23.375 0.4000000060
8847  34.266  -74.690  -21.490 0.6000000238
8831  33.547  -74.827  -20.778 0.6000000238
8862  34.639  -74.832  -23.145 0.5000000000
8876  35.115  -74.936  -23.621 0.4000000060
8801  34.610  -74.446  -18.595 0.5000000000
18314  19.461  -62.903  -23.163 0.5000000000
18330  19.072  -62.395  -25.102 0.5000000000
19830  18.527  -60.584  -24.505 0.5000000000
19014  19.618  -61.959  -23.739 0.5000000000
19028  19.127  -61.269  -24.713 0.5000000000
18324  19.501  -62.761  -24.484 0.5000000000
5190  30.274  -80.817  -26.010 0.5000000000
7530  29.960  -76.936  -22.029 0.4000000060
6916  30.641  -77.437  -22.404 0.4000000060
5744  32.830  -79.450  -25.739 0.4000000060
7528  31.940  -76.450  -22.240 0.4000000060
6290  31.426  -78.438  -23.427 0.4000000060
105182  32.294  -78.921  -23.665 0.4000000060
8165  32.366  -75.133  -21.668 0.5000000000
6931  33.378  -77.404  -22.916 0.4000000060
120439  34.160  -74.788  -22.406 0.6000000238
109117  34.918  -74.520  -22.312 0.5000000000
11804  41.869  -70.815  -19.322 0.3000000119
11805  41.100  -70.877  -19.401 0.3000000119
11806  40.164  -70.846  -19.302 0.3000000119
121238  41.426  -70.151  -19.161 0.3000000119
123315  42.068  -70.093  -19.288 0.3000000119
12617  42.745  -69.619  -18.743 0.3000000119
12618  42.363  -69.491  -19.099 0.3000000119
11012  40.741  -71.522  -19.886 0.3000000119
11027  39.357  -72.031  -20.733 0.4000000060
11013  39.812  -71.487  -19.975 0.4000000060
11011  41.474  -71.550  -19.590 0.3000000119
11014  38.841  -71.519  -19.923 0.4000000060
11807  39.196  -70.886  -19.233 0.4000000060
11001  37.068  -71.623  -18.597 0.4000000060
10278  36.595  -72.203  -18.274 0.4000000060
11803  42.337  -70.354  -19.080 0.3000000119
11794  39.530  -70.172  -18.688 0.3000000119
11795  38.599  -70.273  -18.605 0.4000000060
13428  41.329  -68.406  -19.072 0.3000000119
12600  39.857  -69.396  -18.506 0.3000000119
10305  38.570  -72.408  -21.239 0.4000000060
10315  37.917  -72.800  -21.675 0.4000000060
9565  35.938  -74.005  -20.885 0.4000000060
9551  36.006  -73.833  -19.837 0.4000000060
108063  39.993  -72.549  -20.738 0.4000000060
10306  37.807  -72.330  -20.824 0.4000000060
10307  37.167  -72.780  -20.181 0.4000000060
9550  36.547  -73.175  -19.567 0.4000000060
10302  41.056  -72.119  -20.075 0.3000000119
11028  38.424  -71.970  -20.540 0.4000000060
10290  37.555  -72.170  -19.907 0.4000000060
9536  35.806  -73.389  -18.401 0.4000000060
10998  42.118  -71.315  -19.070 0.3000000119
11016  37.389  -71.777  -19.287 0.4000000060
9535  36.349  -72.897  -18.756 0.4000000060
11000  37.589  -71.204  -18.928 0.4000000060
12601  38.905  -69.491  -18.353 0.4000000060
9589  37.429  -73.831  -22.635 0.4000000060
8846  35.885  -74.086  -22.185 0.4000000060
9577  38.532  -73.774  -21.792 0.4000000060
9578  38.011  -73.438  -22.175 0.4000000060
9579  37.339  -73.360  -22.047 0.4000000060
110737  35.161  -74.443  -21.180 0.4000000060
9548  40.360  -73.366  -19.711 0.3000000119
9563  39.720  -73.185  -20.823 0.4000000060
10999  42.030  -72.025  -18.556 0.3000000119
10288  41.486  -72.259  -19.356 0.3000000119
8800  35.384  -74.055  -19.052 0.4000000060
10988  42.519  -71.250  -18.306 0.3000000119
123090  36.296  -74.200  -22.973 0.4000000060
13411  39.208  -68.640  -18.515 0.3000000119
8829  35.297  -74.347  -20.099 0.4000000060
8861  35.542  -74.549  -23.163 0.4000000060
12619  41.788  -69.382  -19.187 0.3000000119
13427  42.204  -68.614  -19.224 0.3000000119
10304  39.295  -72.692  -21.250 0.4000000060
11015  37.981  -71.632  -19.751 0.4000000060
11808  38.301  -70.994  -19.154 0.4000000060
10291  36.940  -72.366  -19.216 0.4000000060
10314  38.628  -73.003  -21.759 0.4000000060
111773  36.620  -73.555  -21.629 0.4000000060
10316  37.237  -72.950  -21.225 0.4000000060
9562  40.305  -73.023  -20.316 0.3000000119
9576  39.144  -73.420  -21.343 0.4000000060
9549  39.819  -73.637  -20.229 0.3000000119
10277  40.927  -73.057  -19.225 0.3000000119
5135  26.057  -80.142  -20.711 0.3000000119
5701  25.507  -79.622  -20.758 0.3000000119
4577  26.220  -81.590  -21.135 0.3000000119
5136  25.545  -80.384  -20.009 0.3000000119
117989  26.461  -80.170  -21.313 0.3000000119
104371  26.228  -79.275  -21.426 0.3000000119
3997  26.189  -83.097  -21.462 0.3000000119
113627  26.155  -82.683  -20.582 0.3000000119
120306  25.962  -81.329  -20.313 0.3000000119
3427  26.357  -83.367  -22.082 0.3000000119
4585  26.295  -82.344  -22.132 0.3000000119
5145  26.858  -79.720  -21.874 0.3000000119
5745  29.040  -79.747  -25.054 0.3000000119
3986  27.175  -83.691  -20.437 0.3000000119
3987  26.527  -83.167  -19.940 0.3000000119
3411  26.883  -83.901  -21.767 0.3000000119
3396  26.493  -83.782  -20.958 0.3000000119
4568  25.891  -81.845  -19.665 0.3000000119
5166  27.636  -80.514  -23.247 0.3000000119
4607  28.697  -81.643  -24.962 0.3000000119
5176  28.691  -80.455  -24.564 0.3000000119
121272  26.810  -83.567  -22.521 0.3000000119
4584  26.810  -81.637  -22.941 0.3000000119
3440  27.199  -83.311  -23.216 0.3000000119
4021  27.751  -83.008  -24.028 0.3000000119
4593  27.728  -82.136  -24.429 0.3000000119
5165  28.013  -81.080  -24.224 0.3000000119
4031  28.476  -82.620  -24.666 0.3000000119
4604  31.987  -81.776  -25.053 0.4000000060
4605  30.900  -82.067  -25.268 0.4000000060
3342  25.286  -83.051  -15.651 0.3000000119
3312  25.023  -83.972  -14.308 0.3000000119
5113  24.867  -80.654  -18.658 0.3000000119
3956  27.215  -82.740  -18.490 0.3000000119
3957  26.678  -82.760  -18.041 0.3000000119
3355  25.818  -82.898  -16.355 0.3000000119
3343  24.447  -83.118  -15.329 0.3000000119
4552  27.989  -82.741  -20.218 0.3000000119
3972  26.708  -82.847  -19.006 0.3000000119
3942  26.361  -82.789  -17.138 0.3000000119
3928  24.447  -82.543  -16.056 0.3000000119
4554  26.214  -82.518  -19.181 0.3000000119
3958  25.670  -82.283  -17.590 0.3000000119
4529  24.608  -81.666  -17.286 0.3000000119
4555  25.570  -81.501  -18.766 0.3000000119
4541  24.930  -81.263  -17.994 0.3000000119
5154  27.163  -80.399  -22.439 0.3000000119
5718  27.347  -79.551  -22.608 0.3000000119
3971  27.129  -83.050  -19.624 0.3000000119
4594  27.091  -82.480  -23.655 0.3000000119
3326  26.924  -83.785  -15.116 0.3000000119
4542  24.010  -81.115  -17.690 0.3000000119
3941  27.213  -82.902  -17.310 0.3000000119
3973  26.010  -82.410  -18.449 0.3000000119
3943  25.072  -82.274  -16.771 0.3000000119
4517  23.812  -81.999  -16.832 0.3000000119
4030  29.302  -82.346  -25.117 0.3000000119
6875  35.118  -77.993  -19.870 0.3000000119
5698  34.474  -79.753  -21.241 0.3000000119
5709  34.746  -80.115  -21.933 0.3000000119
5163  34.744  -80.251  -23.234 0.4000000060
5174  34.191  -80.376  -24.589 0.4000000060
5187  33.291  -80.270  -26.007 0.3000000119
6257  35.419  -78.298  -20.589 0.3000000119
5708  35.194  -79.094  -21.941 0.4000000060
120766  35.010  -79.496  -22.474 0.4000000060
6287  34.696  -79.326  -22.846 0.4000000060
6274  34.259  -78.260  -22.805 0.4000000060
6288  33.909  -79.122  -23.288 0.4000000060
6289  33.369  -79.332  -23.988 0.3000000119
120785  33.366  -78.277  -22.954 0.3000000119
6239  33.228  -78.630  -18.711 0.3000000119
6858  33.616  -77.966  -18.937 0.3000000119
5710  33.930  -80.260  -21.461 0.4000000060
5152  34.650  -80.321  -22.582 0.4000000060
5164  34.307  -80.622  -23.849 0.3000000119
4602  33.710  -80.990  -24.367 0.3000000119
4603  32.938  -81.397  -24.780 0.3000000119
6857  34.448  -77.541  -19.076 0.3000000119
6874  35.958  -77.751  -20.217 0.3000000119
6265  35.483  -78.531  -21.269 0.3000000119
6873  36.600  -77.286  -20.061 0.3000000119
6897  36.594  -77.177  -20.786 0.3000000119
6885  35.989  -77.805  -20.767 0.3000000119
6272  35.450  -78.205  -21.842 0.4000000060
6273  35.025  -78.722  -22.311 0.4000000060
6911  36.331  -76.945  -21.657 0.3000000119
6912  35.727  -77.341  -22.148 0.4000000060
6913  35.088  -77.749  -22.543 0.4000000060
8174  36.858  -75.117  -22.952 0.3000000119
7526  36.379  -75.778  -22.835 0.4000000060
7527  35.292  -76.773  -23.061 0.4000000060
6930  34.415  -77.062  -23.180 0.4000000060
7540  36.061  -75.235  -23.449 0.4000000060
108868  34.071  -82.681  -17.620 0.3000000119
4526  33.956  -82.009  -17.788 0.3000000119
4536  33.641  -82.391  -18.510 0.3000000119
114460  33.166  -82.494  -19.451 0.3000000119
5669  33.241  -79.223  -17.896 0.3000000119
5100  33.358  -80.326  -18.166 0.3000000119
5109  33.116  -80.442  -19.140 0.3000000119
4550  32.829  -81.615  -20.242 0.3000000119
6845  34.153  -76.879  -17.336 0.3000000119
123140  33.414  -77.896  -17.619 0.3000000119
5678  33.122  -79.446  -18.917 0.3000000119
5688  33.218  -79.683  -19.856 0.3000000119
5132  33.148  -80.853  -21.145 0.3000000119
4574  33.120  -81.423  -22.057 0.3000000119
4582  33.265  -81.524  -22.872 0.3000000119
4592  33.007  -81.716  -23.994 0.3000000119
117697  32.386  -82.068  -24.389 0.3000000119
4028  31.455  -82.646  -24.362 0.3000000119
7518  36.881  -76.503  -21.367 0.3000000119
118573  36.559  -76.315  -22.080 0.3000000119
7517  37.447  -75.994  -21.198 0.3000000119
7525  36.954  -75.818  -22.067 0.3000000119
8845  37.855  -74.767  -22.034 0.3000000119
8858  37.993  -74.144  -22.298 0.3000000119
9590  36.869  -74.168  -23.068 0.3000000119
3938  34.375  -82.754  -16.795 0.3000000119
4525  34.349  -82.098  -17.146 0.3000000119
5099  33.910  -81.224  -17.413 0.3000000119
107878  33.494  -81.330  -18.375 0.3000000119
5659  33.626  -79.458  -16.907 0.3000000119
4029  30.139  -82.818  -24.801 0.3000000119
3925  34.412  -82.994  -16.006 0.3000000119
4514  34.694  -82.054  -16.471 0.3000000119
109965  34.778  -81.375  -16.030 0.3000000119
106327  34.198  -80.599  -16.577 0.3000000119
5091  33.639  -80.197  -17.372 0.3000000119
6215  33.729  -78.655  -16.445 0.3000000119
114560  34.694  -82.362  -16.168 0.3000000119
4501  35.042  -81.874  -15.775 0.3000000119
5080  34.785  -80.437  -15.686 0.3000000119
5658  34.187  -79.588  -16.095 0.3000000119
4620  32.687  -81.010  -25.583 0.3000000119
4619  33.555  -80.645  -25.170 0.3000000119
5742  34.369  -79.997  -24.568 0.3000000119
5728  34.310  -79.762  -24.270 0.4000000060
112447  34.810  -76.052  -23.622 0.4000000060
8843  38.949  -74.178  -21.153 0.3000000119
6876  34.150  -78.092  -19.585 0.3000000119
6258  34.933  -79.043  -20.944 0.3000000119
6259  33.901  -79.270  -20.468 0.3000000119
5717  35.020  -79.841  -22.464 0.4000000060
5173  34.653  -80.142  -23.942 0.4000000060
5727  34.675  -79.867  -23.765 0.4000000060
6846  33.749  -77.429  -18.106 0.3000000119
5144  33.973  -80.588  -22.100 0.3000000119
108347  33.515  -80.070  -20.691 0.3000000119
5153  34.043  -80.824  -22.952 0.4000000060
4591  33.589  -81.260  -23.564 0.3000000119
7480  34.780  -76.802  -18.370 0.3000000119
6856  35.708  -77.353  -19.416 0.3000000119
6898  35.948  -77.678  -21.330 0.4000000060
8173  37.464  -75.273  -22.077 0.3000000119
5121  33.153  -81.468  -19.315 0.3000000119
117764  32.992  -80.615  -20.102 0.3000000119
4564  32.712  -81.782  -21.070 0.3000000119
8164  38.009  -75.309  -21.256 0.3000000119
121569  21.037  -72.278  -15.922 0.4000000060
3327  25.451  -83.499  -14.962 0.3000000119
3412  26.412  -83.661  -21.562 0.3000000119
3426  27.539  -83.802  -22.521 0.3000000119
4009  26.526  -82.863  -22.878 0.3000000119
4530  24.083  -81.841  -16.829 0.3000000119
5124  25.213  -80.547  -19.257 0.3000000119
5155  26.643  -80.944  -21.909 0.3000000119
5726  34.909  -79.903  -23.180 0.4000000060
5766  32.414  -79.651  -27.293 0.5000000000
5778  32.131  -79.296  -27.800 0.5000000000
6216  33.384  -78.489  -17.301 0.3000000119
6229  33.292  -78.188  -18.107 0.3000000119
6249  34.494  -78.568  -20.229 0.3000000119
6250  33.547  -78.707  -19.588 0.3000000119
6266  35.037  -79.422  -21.672 0.3000000119
6333  32.438  -78.732  -27.384 0.5000000000
6363  32.149  -78.001  -28.728 0.5000000000
6835  33.602  -77.689  -16.961 0.3000000119
6917  30.003  -77.323  -22.653 0.4000000060
6933  30.584  -77.875  -23.163 0.4000000060
6959  32.386  -77.872  -27.809 0.4000000060
7541  35.303  -75.333  -23.627 0.4000000060
8155  38.314  -75.506  -20.456 0.3000000119
8156  37.867  -75.863  -20.663 0.3000000119
8186  33.499  -75.652  -23.045 0.4000000060
8733  29.625  -74.132  -14.772 0.8000000119
8747  33.285  -74.456  -15.525 0.6000000238
8751  28.592  -74.402  -16.297 0.6999999881
8783  31.707  -75.201  -17.393 0.6999999881
8786  29.137  -74.409  -17.033 0.6999999881
8806  29.655  -74.182  -18.413 0.6999999881
8844  38.345  -74.531  -21.591 0.3000000119
8859  37.359  -74.534  -22.696 0.3000000119
8860  36.349  -74.640  -23.357 0.3000000119
8866  25.488  -74.093  -22.744 0.5000000000
8875  35.688  -74.918  -23.625 0.4000000060
9455  29.515  -73.225  -13.855 0.6999999881
9468  33.063  -74.046  -14.906 0.6000000238
9473  27.549  -73.795  -14.903 0.6000000238
9488  24.727  -73.386  -15.736 0.5000000000
9510  21.441  -72.861  -16.233 0.5000000000
9552  29.016  -73.744  -19.626 0.6999999881
9564  36.596  -73.394  -20.545 0.4000000060
9580  36.758  -73.813  -22.541 0.4000000060
9583  26.704  -73.300  -22.007 0.6000000238
10202  30.162  -72.902  -13.599 0.6000000238
10223  27.172  -73.063  -14.086 0.6999999881
10226  24.738  -72.371  -14.254 0.6999999881
10240  24.326  -72.782  -14.975 0.5000000000
10257  20.625  -72.405  -16.355 0.4000000060
10289  40.820  -72.715  -19.839 0.3000000119
10303  40.546  -72.482  -20.309 0.3000000119
10916  29.029  -71.233  -12.699 0.6000000238
10936  24.697  -71.166  -13.486 0.6000000238
10946  33.249  -72.364  -14.425 0.6999999881
10948  23.662  -71.604  -13.935 0.6000000238
10949  22.449  -71.300  -14.387 0.5000000000
10963  33.303  -71.385  -14.590 0.6999999881
10965  21.193  -71.111  -15.109 0.5000000000
10978  20.666  -71.590  -15.809 0.5000000000
10991  19.108  -70.877  -17.712 0.6000000238
11026  40.327  -71.988  -20.440 0.4000000060
11706  28.459  -70.503  -12.684 0.6000000238
11721  29.891  -70.092  -12.743 0.6999999881
11725  24.363  -70.413  -13.607 0.6999999881
11753  32.220  -70.141  -14.682 0.6999999881
11754  21.838  -69.912  -14.663 0.5000000000
11769  20.258  -70.076  -16.004 0.5000000000
11782  24.764  -68.963  -17.361 0.6999999881
11783  19.354  -70.038  -17.402 0.5000000000
11798  24.954  -69.215  -17.754 0.6999999881
11809  25.496  -69.297  -18.081 0.6999999881
12506  29.740  -69.186  -12.951 0.6999999881
12520  31.611  -69.829  -14.439 0.6999999881
12521  31.011  -69.353  -14.148 0.6999999881
12522  26.493  -69.106  -13.958 0.6000000238
12544  25.395  -69.025  -14.667 0.6999999881
12547  21.706  -69.414  -15.332 0.4000000060
12548  20.794  -69.683  -15.638 0.5000000000
12560  34.730  -69.361  -15.982 0.6000000238
12565  25.024  -68.667  -17.223 0.6999999881
12568  23.485  -68.955  -16.659 0.6000000238
12582  32.562  -68.745  -16.908 0.6000000238
12583  31.876  -68.787  -16.701 0.6000000238
12585  25.065  -68.795  -17.446 0.6999999881
12586  24.174  -69.080  -17.469 0.6999999881
12587  23.734  -69.149  -17.624 0.6000000238
12604  25.082  -68.772  -17.921 0.6999999881
12620  24.273  -68.960  -19.119 0.6000000238
12621  23.723  -69.236  -19.426 0.6000000238
12622  22.761  -69.370  -19.501 0.5000000000
13352  29.889  -67.888  -14.056 0.6000000238
13371  30.581  -68.203  -15.227 0.6000000238
13385  24.950  -68.337  -16.926 0.6999999881
13394  35.766  -68.372  -17.075 0.6000000238
13399  30.355  -67.980  -17.830 0.6000000238
13400  24.959  -68.676  -17.260 0.6999999881
13401  24.917  -68.394  -17.387 0.6999999881
13402  24.749  -68.628  -17.950 0.6999999881
13413  36.777  -68.362  -17.911 0.6000000238
13414  33.693  -67.940  -17.809 0.6000000238
13419  24.800  -69.052  -17.620 0.6999999881
13434  30.652  -68.295  -19.297 0.6000000238
13435  24.294  -68.411  -19.381 0.6000000238
13453  23.740  -68.334  -20.703 0.5000000000
13485  20.557  -67.838  -25.068 0.5000000000
13486  19.990  -68.041  -24.795 0.5000000000
13513  23.502  -68.349  -26.682 0.5000000000
13529  23.193  -69.132  -27.436 0.5000000000
14158  28.775  -67.860  -13.529 0.6999999881
14175  29.570  -67.284  -14.449 0.6000000238
14177  27.830  -67.128  -14.124 0.6999999881
14200  26.388  -66.851  -14.560 0.8000000119
14216  30.278  -67.692  -15.537 0.6000000238
14228  24.938  -67.882  -17.088 0.6999999881
14230  23.775  -67.168  -17.610 0.6000000238
14240  29.937  -67.314  -18.227 0.6000000238
14258  24.204  -68.018  -19.650 0.6000000238
14259  23.948  -67.673  -19.439 0.6000000238
14269  33.197  -67.534  -20.574 0.5000000000
14272  23.974  -68.398  -20.048 0.6000000238
14292  23.572  -67.799  -22.019 0.5000000000
14305  19.225  -66.934  -23.811 0.5000000000
14320  24.307  -66.967  -24.956 0.6000000238
14321  21.062  -67.319  -25.108 0.5000000000
14322  19.705  -67.393  -24.320 0.5000000000
14338  24.190  -67.630  -26.020 0.5000000000
14340  21.993  -67.495  -25.817 0.5000000000
14349  24.181  -66.899  -26.002 0.6000000238
15015  29.026  -67.020  -14.231 0.8000000119
15017  27.610  -66.337  -14.523 0.8000000119
15036  28.827  -66.074  -15.185 0.8000000119
15038  26.307  -65.953  -14.699 0.8000000119
15056  29.100  -65.774  -16.115 0.8000000119
15057  24.940  -66.629  -15.527 0.6000000238
15058  24.159  -66.160  -15.836 0.6999999881
15082  34.823  -66.711  -18.743 0.4000000060
15085  22.083  -66.528  -18.450 0.6000000238
15100  23.379  -67.265  -19.061 0.6000000238
15101  22.595  -66.898  -19.135 0.6000000238
15114  34.754  -66.031  -20.228 0.4000000060
15132  37.419  -66.192  -21.691 0.4000000060
15153  23.275  -66.531  -22.847 0.5000000000
15157  14.454  -66.010  -22.734 0.5000000000
15168  24.147  -66.327  -24.584 0.6000000238
15169  23.706  -66.442  -23.708 0.6000000238
15184  24.353  -66.276  -25.352 0.6000000238
15194  24.254  -66.273  -25.909 0.6000000238
15202  23.951  -66.429  -26.138 0.6000000238
15888  17.681  -65.448  -14.475 0.3000000119
15889  17.093  -65.814  -13.811 0.4000000060
15916  23.465  -65.695  -16.218 0.6999999881
15917  22.858  -65.247  -16.657 0.5000000000
15930  28.325  -65.204  -17.671 0.6000000238
15959  21.028  -65.887  -19.879 0.6000000238
15960  20.658  -65.301  -20.355 0.5000000000
15979  21.537  -65.628  -22.409 0.5000000000
15981  14.664  -65.526  -22.645 0.5000000000
15991  23.739  -65.696  -24.258 0.6000000238
15994  17.950  -65.822  -23.580 0.6000000238
15996  15.974  -65.093  -23.426 0.6000000238
16008  23.112  -65.152  -24.571 0.6000000238
16011  17.590  -65.063  -24.250 0.6000000238
16019  24.115  -65.790  -25.645 0.6000000238
16020  23.434  -65.412  -25.841 0.6000000238
16023  20.650  -65.917  -25.453 0.5000000000
16030  23.452  -65.690  -26.088 0.6000000238
16031  22.737  -65.440  -26.134 0.6000000238
16033  20.290  -64.803  -26.357 0.6000000238
16665  17.945  -64.854  -14.467 0.3000000119
16677  26.876  -64.618  -15.605 0.6000000238
16678  26.073  -64.512  -15.586 0.5000000000
16717  22.440  -64.730  -17.266 0.5000000000
16732  22.167  -64.184  -17.974 0.6000000238
16746  20.575  -64.660  -19.937 0.6000000238
16756  20.394  -64.609  -20.774 0.6000000238
16769  19.820  -64.111  -22.618 0.6000000238
16792  22.345  -64.747  -24.859 0.6000000238
16793  21.498  -64.668  -24.099 0.6000000238
16795  15.373  -64.084  -23.817 0.5000000000
16804  22.611  -64.903  -25.981 0.6000000238
16805  22.940  -64.995  -25.417 0.6000000238
16807  20.871  -63.987  -24.779 0.6000000238
16815  21.777  -64.546  -26.122 0.6000000238
16821  22.238  -64.950  -26.226 0.6000000238
16822  21.413  -64.763  -26.329 0.6000000238
16824  20.157  -64.333  -26.283 0.6000000238
17452  14.749  -63.954  -12.380 0.3000000119
17471  18.492  -64.291  -14.413 0.3000000119
17486  19.030  -63.818  -14.528 0.3000000119
17525  21.916  -63.596  -18.637 0.6000000238
17540  20.799  -64.080  -19.637 0.5000000000
17550  18.122  -63.275  -20.482 0.3000000119
17556  20.188  -63.763  -21.126 0.5000000000
17577  19.723  -63.515  -23.444 0.6000000238
17587  15.885  -62.958  -25.043 0.6000000238
17588  15.544  -62.699  -24.377 0.6000000238
17592  20.927  -64.359  -26.228 0.6000000238
17596  17.938  -63.171  -25.683 0.6000000238
18215  14.899  -63.065  -12.385 0.3000000119
18224  15.232  -62.234  -12.684 0.3000000119
18234  12.610  -62.504  -14.255 0.4000000060
18240  20.527  -62.468  -15.459 0.4000000060
18249  21.235  -62.119  -16.675 0.4000000060
18261  21.052  -61.972  -17.612 0.4000000060
18295  17.805  -62.787  -20.953 0.4000000060
18301  20.906  -62.213  -21.093 0.5000000000
18305  16.202  -62.724  -21.802 0.4000000060
18306  15.472  -62.404  -22.376 0.4000000060
18316  15.090  -62.229  -22.976 0.5000000000
18326  15.205  -62.393  -23.559 0.6000000238
18918  16.292  -61.453  -13.226 0.3000000119
18920  14.262  -61.274  -13.658 0.5000000000
18975  20.618  -61.616  -18.633 0.4000000060
19013  20.223  -61.384  -23.144 0.6000000238
19015  16.973  -60.730  -22.542 0.4000000060
19017  15.570  -61.684  -23.201 0.6000000238
19021  21.012  -60.692  -23.948 0.6000000238
19023  19.415  -61.564  -24.510 0.5000000000
19024  16.096  -61.174  -23.526 0.6000000238
19027  20.047  -60.600  -24.654 0.6000000238
19030  16.666  -60.812  -23.933 0.6000000238
19725  21.814  -60.600  -15.384 0.3000000119
19805  17.721  -60.150  -22.448 0.4000000060
19815  16.637  -60.607  -23.267 0.6000000238
19820  21.856  -60.222  -24.678 0.4000000060
19827  21.490  -60.022  -24.993 0.4000000060
19828  20.659  -60.130  -24.901 0.4000000060
19829  19.519  -60.383  -24.665 0.6000000238
20489  21.141  -60.016  -15.042 0.3000000119
20492  16.559  -59.091  -15.736 0.3000000119
20550  18.357  -59.473  -22.302 0.4000000060
20556  18.170  -59.119  -22.986 0.4000000060
20563  18.405  -59.381  -23.591 0.4000000060
21267  15.810  -58.428  -16.792 0.3000000119
21279  14.430  -58.465  -17.816 0.3000000119
21280  13.565  -58.412  -18.140 0.3000000119
21322  18.799  -58.750  -22.590 0.4000000060
21343  20.953  -59.314  -24.494 0.4000000060
22114  19.852  -58.045  -23.082 0.4000000060
102777  24.955  -68.910  -17.593 0.6999999881
103855  16.799  -62.167  -21.807 0.4000000060
103976  18.902  -59.853  -24.337 0.5000000000
104778  36.030  -76.510  -22.567 0.3000000119
104975  32.146  -75.571  -22.050 0.4000000060
105626  27.360  -81.604  -23.784 0.3000000119
105681  25.978  -73.414  -20.058 0.6000000238
107173  23.557  -67.222  -26.242 0.5000000000
107273  17.449  -62.289  -21.400 0.4000000060
107398  20.110  -60.785  -15.063 0.3000000119
108030  31.376  -68.592  -17.993 0.6000000238
108049  33.637  -66.761  -21.045 0.5000000000
108262  15.457  -65.636  -22.660 0.5000000000
108671  14.665  -61.667  -13.138 0.3000000119
109006  16.642  -64.515  -12.909 0.3000000119
109979  17.790  -66.523  -23.171 0.5000000000
110224  21.030  -65.011  -26.435 0.6000000238
110342  36.008  -73.471  -19.104 0.4000000060
110394  30.030  -82.110  -25.403 0.4000000060
110964  34.130  -71.618  -15.015 0.6999999881
112104  23.317  -67.129  -22.302 0.5000000000
112679  34.449  -81.570  -16.715 0.3000000119
112940  16.468  -62.796  -12.635 0.3000000119
112957  20.103  -62.146  -14.972 0.3000000119
113857  35.647  -75.894  -23.390 0.4000000060
114463  26.913  -70.536  -13.243 0.6000000238
114939  20.916  -64.731  -19.104 0.6000000238
115250  16.162  -63.386  -24.962 0.6000000238
115618  39.405  -73.778  -20.773 0.4000000060
115646  27.534  -73.433  -19.218 0.6999999881
115805  30.643  -75.517  -21.352 0.4000000060
116474  32.935  -75.061  -16.812 0.6999999881
117260  32.125  -77.216  -29.191 0.4000000060
117536  25.510  -73.714  -16.033 0.5000000000
117712  21.603  -66.217  -21.096 0.5000000000
118233  36.310  -77.481  -20.470 0.3000000119
119053  21.718  -65.666  -17.773 0.6000000238
119963  20.629  -65.274  -26.169 0.5000000000
120181  21.139  -66.598  -25.206 0.5000000000
120390  35.107  -68.072  -17.106 0.6000000238
121881  18.757  -61.876  -25.030 0.6000000238
122065  20.150  -65.951  -25.043 0.5000000000
122671  30.953  -74.419  -14.899 0.8000000119
122679  25.088  -68.768  -15.164 0.6999999881
122748  32.053  -74.998  -15.714 0.8000000119
122773  24.836  -67.859  -17.382 0.6000000238
122997  35.209  -66.448  -19.107 0.4000000060
123271  37.963  -72.024  -20.280 0.4000000060
123397  36.342  -71.461  -17.123 0.5000000000
123805  26.493  -70.266  -13.460 0.6000000238
123869  26.226  -73.424  -21.554 0.6000000238
124152  26.060  -71.361  -13.358 0.6999999881
124545  36.893  -74.596  -23.119 0.3000000119
