#!ascii label  , from subject sub-v1s13x0050055_ses-1 vox2ras=TkReg
1454
22902  22.293  -51.791  -8.924 0.8999999762
22920  21.645  -52.859  -9.434 0.8000000119
22919  22.027  -52.299  -9.575 0.8000000119
22933  21.131  -53.245  -10.630 0.6999999881
22941  21.426  -52.465  -10.983 0.8000000119
23807  21.909  -51.806  -8.280 0.8999999762
24721  22.840  -51.013  -9.127 1.0000000000
24731  23.236  -50.332  -9.724 1.0000000000
23834  22.001  -52.056  -10.445 0.8999999762
23848  21.032  -52.049  -11.771 0.8000000119
23847  21.717  -51.694  -11.269 0.8999999762
22952  20.339  -52.448  -12.296 0.8000000119
23857  20.625  -51.607  -12.586 0.6999999881
23858  19.886  -52.003  -13.058 0.6999999881
23795  21.738  -51.321  -7.784 0.8000000119
109263  22.354  -49.819  -7.518 0.8999999762
24698  21.772  -50.530  -7.517 0.8999999762
24700  20.157  -50.336  -7.559 0.8999999762
24707  22.749  -50.620  -8.346 0.8999999762
24720  23.262  -50.228  -8.799 1.0000000000
23846  22.306  -51.318  -10.722 0.8999999762
114805  22.989  -50.276  -10.505 1.0000000000
24744  22.552  -50.599  -10.980 0.8999999762
24745  22.043  -50.973  -11.519 0.8999999762
23856  21.388  -51.270  -12.070 0.8000000119
23866  19.293  -51.439  -13.545 0.6999999881
128749  22.784  -49.466  -7.598 0.8999999762
109538  21.655  -49.713  -7.317 0.8999999762
25622  20.669  -49.636  -7.410 0.8999999762
24697  22.332  -50.603  -7.837 0.8999999762
24696  22.932  -49.936  -7.962 0.8999999762
25639  23.605  -49.631  -9.436 1.0000000000
24753  21.784  -50.511  -12.225 0.8000000119
127611  20.929  -50.674  -12.892 0.8000000119
24761  20.244  -50.395  -13.564 0.8000000119
108934  19.919  -49.726  -14.094 0.8000000119
25695  19.485  -49.066  -14.723 0.8000000119
26556  21.993  -48.948  -7.124 0.8999999762
26575  21.156  -48.907  -7.281 0.8999999762
26576  20.191  -48.791  -7.588 0.8999999762
26555  22.654  -48.976  -7.292 0.8999999762
27550  20.650  -48.026  -7.380 0.8999999762
26577  19.293  -48.712  -8.007 0.8000000119
110623  23.252  -49.083  -7.734 0.8999999762
27533  20.620  -46.381  -7.179 0.6999999881
123031  19.728  -47.950  -7.899 0.6999999881
121855  18.910  -47.958  -8.385 0.6999999881
122965  23.817  -48.783  -8.309 0.8999999762
27564  19.326  -47.239  -8.357 0.6999999881
109956  19.560  -46.585  -8.338 0.6999999881
26601  24.197  -48.010  -8.721 1.0000000000
28471  19.379  -45.863  -8.618 0.6000000238
26587  23.943  -48.886  -9.145 1.0000000000
26602  23.958  -48.168  -9.816 1.0000000000
112719  23.673  -48.937  -10.102 1.0000000000
25652  22.837  -49.813  -11.271 1.0000000000
130124  22.318  -50.347  -11.659 0.8999999762
26635  23.621  -48.219  -10.725 1.0000000000
124614  23.332  -48.333  -11.487 0.8999999762
25665  22.297  -49.810  -12.195 0.8000000119
25675  21.579  -49.908  -12.906 0.8000000119
25676  20.784  -49.872  -13.566 0.8000000119
25683  21.462  -49.300  -13.649 0.8000000119
25684  20.562  -49.147  -14.333 0.8000000119
26676  20.809  -48.493  -14.826 0.8000000119
26664  21.325  -48.792  -14.236 0.8000000119
27655  21.187  -48.046  -15.290 0.8000000119
25613  22.193  -49.384  -7.321 0.8999999762
118457  22.465  -48.285  -6.903 0.8999999762
27532  22.199  -47.548  -6.570 0.8999999762
27549  21.644  -48.193  -6.979 0.8999999762
123537  21.160  -47.226  -6.931 0.8999999762
26574  23.224  -48.476  -7.280 0.8999999762
27551  20.100  -47.077  -7.695 0.6999999881
26573  23.802  -48.251  -7.710 0.8999999762
28462  20.036  -46.126  -7.915 0.6000000238
116503  24.196  -47.810  -7.979 1.0000000000
29318  19.318  -45.050  -8.601 0.5000000000
30177  19.555  -44.386  -8.282 0.5000000000
27579  24.121  -47.461  -9.631 1.0000000000
27597  23.801  -47.412  -10.426 1.0000000000
26636  22.891  -48.959  -12.041 0.8999999762
25674  22.197  -49.199  -12.939 0.8000000119
27617  23.138  -47.982  -12.188 0.8999999762
26649  22.636  -48.393  -12.911 0.8000000119
26663  22.034  -48.592  -13.726 0.8000000119
27633  22.853  -47.473  -12.938 0.8999999762
26662  22.490  -47.999  -13.500 0.8000000119
113671  22.766  -45.831  -12.871 0.8999999762
27653  22.327  -47.193  -14.219 0.8000000119
28544  22.237  -47.005  -14.981 0.8000000119
28553  22.489  -46.236  -15.142 0.8000000119
28563  22.236  -46.911  -15.707 0.8000000119
28450  21.942  -46.725  -6.408 0.8999999762
26554  22.989  -48.253  -6.949 0.8999999762
27531  22.952  -47.703  -6.559 0.8999999762
28451  21.250  -46.441  -6.702 0.6999999881
27547  24.112  -47.512  -7.458 0.8999999762
124966  23.469  -47.240  -6.449 0.8999999762
29307  20.446  -45.551  -7.285 0.6999999881
29308  19.945  -45.168  -8.039 0.6000000238
30164  20.371  -44.731  -7.282 0.6999999881
30165  20.041  -44.388  -7.775 0.6000000238
31043  19.846  -43.697  -7.847 0.5000000000
31051  19.209  -43.560  -8.451 0.5000000000
27578  24.349  -47.034  -9.054 1.0000000000
28497  23.978  -46.605  -9.969 1.0000000000
28514  23.580  -46.582  -10.910 1.0000000000
28515  23.312  -46.574  -11.779 0.8999999762
29327  24.000  -45.822  -9.782 1.0000000000
29343  23.645  -45.679  -10.518 0.8999999762
124323  23.204  -47.212  -12.189 0.8999999762
121090  23.346  -45.802  -11.390 0.8999999762
28527  23.019  -46.588  -12.574 0.8999999762
116722  22.572  -45.712  -13.658 0.8999999762
28543  22.473  -46.385  -14.315 0.8999999762
29360  23.084  -45.127  -11.827 0.8999999762
29392  22.530  -45.439  -14.530 0.8999999762
29373  22.611  -44.962  -13.081 0.8999999762
28449  22.875  -46.930  -6.169 0.8999999762
121444  21.651  -46.054  -6.402 0.8999999762
29275  21.651  -45.303  -6.256 1.0000000000
29294  21.011  -45.800  -6.703 0.8000000119
28432  23.242  -46.228  -5.963 0.8999999762
28461  24.504  -46.832  -7.478 0.8999999762
27530  24.100  -46.959  -6.750 0.8999999762
31030  20.730  -44.263  -6.684 0.6999999881
31042  20.305  -43.948  -7.261 0.6999999881
31902  20.181  -43.148  -7.304 0.5000000000
27563  24.396  -47.300  -8.173 1.0000000000
31903  19.603  -42.742  -7.929 0.5000000000
28470  24.561  -46.410  -8.410 1.0000000000
29326  24.345  -45.491  -9.104 1.0000000000
119424  24.632  -44.867  -8.625 1.0000000000
116107  23.869  -45.088  -9.928 1.0000000000
30186  24.229  -44.396  -9.396 1.0000000000
120881  23.575  -44.876  -10.533 0.8999999762
29359  23.347  -45.031  -11.104 0.8999999762
30216  23.132  -44.399  -11.562 0.8999999762
31135  25.254  -43.097  -16.517 0.6999999881
32004  25.332  -42.442  -17.123 0.8000000119
31153  25.538  -43.130  -18.325 0.8000000119
32013  25.191  -42.167  -17.819 0.8000000119
28431  23.780  -46.002  -5.952 0.8999999762
29274  23.319  -45.446  -5.707 1.0000000000
29293  22.470  -45.996  -6.055 1.0000000000
30131  21.970  -44.513  -5.917 1.0000000000
30149  21.266  -44.576  -6.328 0.6999999881
30150  20.846  -45.041  -6.708 0.6999999881
112163  24.634  -46.278  -6.900 0.8999999762
28430  24.242  -46.168  -6.330 0.8999999762
114977  20.634  -43.450  -6.676 0.6999999881
29317  24.767  -45.577  -8.144 1.0000000000
126701  24.735  -46.176  -7.598 0.8999999762
29292  24.726  -45.561  -6.510 0.8999999762
32817  19.771  -41.815  -7.630 0.4000000060
31060  24.417  -43.444  -9.213 1.0000000000
30187  23.715  -44.286  -10.232 1.0000000000
31927  24.125  -42.677  -9.724 1.0000000000
119705  22.895  -42.738  -16.404 0.8999999762
30251  25.053  -44.306  -14.337 0.6000000238
31128  25.010  -43.572  -15.338 0.6000000238
31999  25.019  -42.426  -16.017 0.8000000119
32012  25.339  -42.256  -17.724 0.8000000119
31155  24.127  -43.363  -18.111 0.8999999762
31143  23.489  -42.845  -17.259 0.8999999762
29273  24.225  -45.376  -5.855 0.8999999762
31029  21.311  -43.804  -6.132 0.8000000119
120885  20.316  -41.833  -6.963 0.6000000238
121491  20.027  -41.072  -7.237 0.4000000060
29306  24.951  -45.585  -7.277 1.0000000000
29305  25.136  -44.880  -6.866 0.8999999762
30163  25.052  -44.742  -7.841 1.0000000000
30175  25.177  -43.904  -7.986 1.0000000000
31050  24.915  -43.322  -8.481 1.0000000000
31926  24.617  -42.657  -9.007 1.0000000000
32840  24.370  -41.845  -9.465 1.0000000000
112190  22.467  -43.023  -14.704 0.8999999762
130336  22.378  -41.634  -14.767 0.8999999762
32911  22.564  -41.306  -15.567 0.8999999762
32917  24.030  -41.258  -17.342 0.8999999762
32006  23.371  -42.045  -16.864 0.8999999762
128336  25.707  -43.421  -11.715 0.6000000238
31118  25.041  -43.975  -13.335 0.6000000238
122396  24.898  -43.589  -14.242 0.6000000238
31994  24.810  -42.872  -14.682 0.8000000119
32910  24.979  -41.405  -16.296 0.8000000119
32923  24.672  -41.400  -17.648 0.8999999762
118885  23.598  -44.009  -5.275 0.8999999762
30130  22.942  -44.482  -5.464 0.8999999762
31013  22.196  -43.762  -5.613 0.6999999881
31012  23.022  -43.580  -5.238 0.8999999762
109460  21.052  -42.909  -6.146 0.6000000238
30148  24.782  -44.807  -6.140 1.0000000000
30127  24.818  -44.074  -5.803 1.0000000000
30128  24.401  -44.591  -5.672 1.0000000000
31889  20.899  -41.940  -6.200 0.6000000238
32805  20.566  -41.164  -6.609 0.5000000000
30162  25.299  -44.075  -7.247 1.0000000000
30147  25.155  -44.159  -6.417 1.0000000000
31888  25.476  -42.912  -6.261 1.0000000000
31041  25.340  -43.217  -7.621 1.0000000000
31913  25.109  -42.589  -8.303 1.0000000000
120502  24.843  -42.049  -8.770 1.0000000000
32831  24.811  -41.327  -8.849 1.0000000000
32841  23.936  -41.184  -10.114 1.0000000000
114565  23.628  -41.751  -10.539 1.0000000000
32855  23.468  -41.014  -10.896 1.0000000000
109303  23.323  -41.927  -11.150 1.0000000000
32874  23.171  -41.178  -11.720 1.0000000000
32875  22.829  -41.246  -12.549 0.8999999762
120228  23.015  -42.062  -11.980 0.8999999762
116581  22.420  -42.283  -14.253 0.8999999762
33784  24.656  -40.838  -17.365 0.8999999762
31940  27.859  -42.221  -10.439 0.6000000238
31075  26.726  -43.052  -10.780 0.6000000238
31090  25.452  -43.049  -12.041 0.6000000238
31107  25.038  -43.179  -12.790 0.6000000238
31982  24.764  -41.919  -14.922 0.8000000119
112553  24.874  -40.611  -16.639 0.8000000119
119906  22.337  -42.992  -5.385 0.6999999881
120273  21.670  -43.178  -5.766 0.6000000238
31878  21.619  -42.444  -5.669 0.6000000238
31011  24.836  -43.352  -5.497 0.8999999762
32804  20.995  -41.143  -6.087 0.5000000000
31010  25.251  -43.488  -6.015 1.0000000000
31028  25.424  -43.443  -6.717 1.0000000000
31901  25.565  -42.674  -6.893 1.0000000000
31912  25.423  -42.447  -7.613 1.0000000000
32830  25.294  -41.793  -8.101 1.0000000000
112422  25.271  -40.881  -8.208 1.0000000000
33691  24.712  -40.356  -8.965 1.0000000000
120503  24.395  -41.009  -9.472 1.0000000000
33718  23.472  -40.226  -11.031 1.0000000000
33731  22.983  -40.296  -12.278 1.0000000000
33742  22.633  -40.455  -13.165 0.8999999762
33752  22.401  -40.491  -14.059 0.8999999762
33771  22.633  -40.346  -15.465 0.8999999762
35551  23.413  -39.057  -15.871 0.8999999762
32854  27.496  -41.548  -10.578 0.6000000238
31954  26.300  -42.291  -11.153 0.6000000238
32888  25.335  -41.655  -12.163 0.6000000238
33741  25.114  -40.872  -12.511 0.6999999881
33751  24.683  -40.671  -13.521 0.6999999881
32906  24.712  -40.934  -15.467 0.6999999881
33770  24.505  -40.020  -16.540 0.8000000119
34602  24.276  -39.309  -16.164 0.8999999762
31939  28.477  -42.168  -10.564 0.6000000238
34590  24.532  -39.760  -14.016 0.6999999881
115583  24.430  -39.585  -15.196 0.8000000119
34597  24.245  -38.995  -15.681 0.8999999762
31877  22.400  -42.191  -5.197 0.6999999881
32792  21.628  -41.463  -5.562 0.6000000238
130438  24.356  -43.134  -5.116 0.8999999762
30994  23.777  -43.318  -5.064 0.8000000119
31861  23.141  -42.068  -4.769 0.6999999881
31874  25.305  -42.808  -5.706 0.8999999762
31875  24.824  -42.657  -5.128 0.8000000119
32803  25.660  -42.061  -6.088 1.0000000000
32790  25.536  -41.515  -5.216 0.8000000119
32789  25.960  -40.954  -5.782 0.8999999762
32816  25.625  -41.921  -7.137 1.0000000000
118504  25.554  -41.258  -7.500 1.0000000000
33674  25.676  -40.490  -7.376 1.0000000000
33690  25.289  -40.021  -8.203 1.0000000000
34537  24.366  -39.517  -9.478 1.0000000000
34538  23.942  -39.562  -10.165 1.0000000000
33703  23.743  -40.321  -10.459 1.0000000000
120686  23.282  -39.672  -11.609 1.0000000000
34568  22.924  -39.400  -12.385 0.8999999762
120378  22.445  -39.798  -13.704 0.8999999762
33762  22.392  -40.121  -14.822 0.8999999762
35547  22.770  -38.653  -15.362 0.8999999762
32873  25.886  -41.631  -11.451 0.6000000238
111988  24.920  -39.965  -12.864 0.6999999881
35550  24.015  -39.030  -16.112 0.8999999762
33728  28.977  -40.561  -11.306 0.6000000238
32853  28.117  -41.623  -10.513 0.6000000238
34580  24.666  -38.939  -13.395 0.6999999881
34591  24.358  -38.920  -14.671 0.6999999881
32777  22.551  -41.376  -4.943 0.6000000238
32775  24.438  -41.379  -4.434 0.8000000119
31860  24.067  -42.383  -4.727 0.8000000119
32776  23.475  -41.429  -4.482 0.6999999881
32774  25.243  -41.087  -4.609 0.6999999881
32791  24.943  -41.911  -4.817 0.8000000119
33643  25.835  -40.691  -4.965 0.6999999881
33642  26.159  -40.267  -5.349 0.6999999881
34490  26.335  -39.345  -6.198 0.8000000119
34491  26.016  -39.778  -6.840 0.8000000119
34510  26.176  -39.056  -6.791 0.8000000119
118004  25.665  -39.729  -7.599 0.8999999762
34523  25.396  -39.226  -8.108 0.8999999762
34524  24.849  -39.407  -8.751 1.0000000000
34552  23.589  -39.595  -10.812 1.0000000000
35522  23.435  -38.887  -11.231 1.0000000000
35491  24.092  -38.766  -9.891 1.0000000000
35507  23.728  -38.856  -10.531 1.0000000000
35523  23.096  -38.773  -12.044 1.0000000000
120318  22.803  -37.913  -12.417 1.0000000000
34581  22.643  -39.599  -13.044 0.8999999762
35536  22.300  -38.120  -13.901 0.8999999762
117798  22.359  -39.467  -14.470 0.8999999762
34598  22.365  -38.501  -14.665 0.8999999762
120855  27.969  -40.944  -10.514 0.6000000238
33717  27.057  -40.768  -10.629 0.6000000238
119967  25.585  -41.058  -11.794 0.6000000238
117552  25.582  -40.243  -11.757 0.6999999881
35546  23.471  -38.336  -15.568 0.8999999762
35545  23.991  -38.682  -15.765 0.8999999762
35530  24.923  -38.354  -12.441 0.6999999881
35540  24.069  -38.338  -15.206 0.8999999762
37343  23.768  -36.634  -14.553 0.8999999762
33631  22.754  -40.460  -4.552 0.6000000238
33644  21.930  -40.605  -5.235 0.6000000238
33628  25.506  -40.189  -4.341 0.6999999881
33618  24.200  -40.116  -3.863 0.6000000238
34471  26.424  -39.518  -5.449 0.6999999881
35452  26.455  -38.553  -6.315 0.8000000119
34511  25.843  -39.120  -7.419 0.8000000119
36414  25.900  -37.688  -7.639 0.8000000119
35477  25.600  -38.461  -7.930 0.8000000119
35490  24.492  -38.711  -9.207 1.0000000000
36421  25.185  -37.665  -8.443 0.8000000119
120883  23.799  -38.024  -10.301 1.0000000000
129980  23.544  -38.301  -10.902 1.0000000000
120314  23.276  -38.113  -11.576 1.0000000000
36431  23.672  -37.146  -10.381 1.0000000000
114647  23.463  -37.617  -10.998 1.0000000000
36457  22.512  -37.075  -12.755 1.0000000000
36466  22.280  -36.862  -13.657 1.0000000000
36470  22.282  -37.394  -14.008 0.8999999762
33729  26.338  -40.175  -10.871 0.6000000238
115405  22.729  -37.855  -15.239 0.8999999762
33716  28.421  -40.348  -10.773 0.6000000238
34550  27.425  -39.470  -10.397 0.6000000238
34566  25.885  -39.456  -11.109 0.6999999881
37350  23.066  -36.463  -15.274 0.8999999762
125137  25.583  -38.532  -11.240 0.6999999881
36465  24.580  -37.455  -12.813 0.6999999881
37337  23.875  -36.156  -14.039 0.8999999762
34441  22.840  -39.036  -3.891 0.5000000000
120657  24.842  -39.991  -3.875 0.6000000238
35405  23.836  -38.507  -3.513 0.5000000000
34456  25.259  -39.431  -3.853 0.6999999881
34455  25.977  -39.388  -4.316 0.6999999881
34454  26.413  -39.247  -4.799 0.6999999881
36400  26.709  -37.720  -6.034 0.6999999881
36413  26.405  -37.738  -6.838 0.8000000119
113725  26.272  -36.986  -7.290 0.8000000119
129850  26.092  -36.464  -7.558 0.8000000119
37286  25.646  -36.789  -8.003 0.8000000119
121066  24.533  -37.340  -9.146 0.8999999762
36430  24.202  -37.944  -9.607 1.0000000000
37297  24.944  -36.719  -8.734 0.8000000119
37298  24.347  -36.514  -9.387 0.8999999762
37310  23.778  -36.391  -10.009 1.0000000000
37311  23.373  -36.350  -10.773 1.0000000000
36456  23.038  -37.215  -11.832 1.0000000000
37333  22.256  -36.285  -13.088 1.0000000000
37339  22.117  -36.026  -14.190 0.8999999762
119097  22.367  -36.823  -14.465 0.8999999762
37345  22.619  -36.184  -14.955 0.8999999762
38293  22.520  -35.347  -14.889 0.8999999762
38300  22.994  -35.596  -15.236 0.8999999762
34549  28.219  -39.534  -10.607 0.6000000238
35506  27.013  -38.800  -10.267 0.6000000238
36464  25.122  -37.719  -11.709 0.6999999881
37332  24.155  -36.134  -13.212 0.8000000119
37338  23.577  -35.681  -14.673 0.8999999762
35519  29.097  -38.942  -11.508 0.6000000238
36446  26.197  -37.190  -10.409 0.6999999881
36455  24.734  -36.961  -11.910 0.6999999881
38282  23.795  -35.506  -13.929 0.8000000119
38292  23.231  -35.096  -15.055 0.8999999762
37326  24.468  -36.191  -12.193 0.6999999881
38275  23.706  -34.796  -13.862 0.8999999762
34440  24.221  -39.378  -3.665 0.5000000000
35421  25.733  -38.724  -3.858 0.6999999881
36348  24.413  -37.858  -3.422 0.5000000000
119485  26.118  -38.083  -3.936 0.6999999881
36367  26.572  -37.691  -4.537 0.6999999881
35420  26.339  -38.640  -4.408 0.6999999881
36385  26.814  -37.560  -5.356 0.6999999881
37272  27.067  -36.208  -6.245 0.6999999881
111474  26.691  -36.967  -6.541 0.6999999881
37285  26.548  -36.186  -7.092 0.8000000119
120666  25.297  -36.114  -8.458 0.8000000119
120501  24.736  -35.893  -8.980 0.8000000119
38251  24.058  -35.562  -9.622 0.8999999762
38270  22.907  -35.675  -11.218 1.0000000000
37328  22.595  -36.553  -12.278 1.0000000000
38240  25.241  -35.288  -8.577 0.8000000119
38241  24.586  -35.159  -9.128 0.8000000119
38252  23.431  -35.605  -10.406 0.8999999762
38262  22.470  -34.987  -11.678 1.0000000000
38271  22.413  -35.772  -12.231 1.0000000000
38261  22.946  -34.900  -10.819 0.8999999762
129361  21.955  -34.882  -13.253 1.0000000000
38284  22.037  -35.214  -14.282 1.0000000000
111845  22.349  -34.468  -14.857 1.0000000000
39195  23.194  -34.208  -15.248 0.8999999762
115807  26.441  -38.080  -10.402 0.6999999881
113200  22.389  -33.647  -14.963 0.8999999762
35505  27.907  -38.760  -10.394 0.6000000238
119980  27.481  -37.994  -10.219 0.6000000238
39180  23.443  -33.968  -14.632 0.8999999762
36445  27.046  -37.280  -10.132 0.6999999881
37319  25.893  -36.403  -10.536 0.6999999881
37325  25.037  -36.317  -11.237 0.6999999881
38269  24.090  -35.340  -12.780 0.6999999881
39179  23.761  -34.274  -12.956 0.8000000119
38268  24.696  -35.452  -11.499 0.6999999881
121088  23.497  -33.452  -13.684 0.8000000119
39989  23.100  -32.994  -14.742 0.8999999762
127762  24.310  -34.779  -11.984 0.6999999881
35404  24.823  -38.656  -3.579 0.6000000238
36368  25.996  -37.245  -3.729 0.5000000000
36366  26.970  -36.887  -4.992 0.6999999881
37271  27.245  -36.168  -5.445 0.6999999881
37242  27.090  -36.104  -4.705 0.6999999881
38214  27.422  -35.471  -5.900 0.6999999881
39113  27.415  -34.750  -6.344 0.6999999881
38215  27.030  -35.428  -6.693 0.6999999881
38229  25.857  -35.878  -7.870 0.8000000119
38228  26.434  -35.271  -7.455 0.8000000119
38239  25.848  -35.061  -8.043 0.8000000119
39144  24.810  -34.477  -8.957 0.8000000119
39929  25.879  -33.671  -8.304 0.8000000119
39930  25.109  -33.716  -8.790 0.8000000119
114096  24.149  -34.591  -9.486 0.8000000119
39161  23.053  -34.079  -10.501 0.8999999762
39162  22.502  -34.218  -11.235 0.8999999762
39172  22.142  -34.289  -12.171 1.0000000000
39943  24.750  -33.105  -9.044 0.8000000119
39931  24.353  -33.679  -9.318 0.8000000119
110100  21.860  -34.747  -13.868 1.0000000000
39982  21.831  -33.600  -12.733 1.0000000000
36443  28.407  -37.904  -10.717 0.6000000238
39990  21.974  -33.131  -14.434 1.0000000000
37318  26.866  -36.488  -10.173 0.6999999881
38260  25.580  -35.626  -10.751 0.6999999881
121198  23.095  -33.581  -15.286 0.8999999762
40812  22.108  -32.359  -14.532 1.0000000000
119766  25.359  -34.977  -10.919 0.6999999881
39171  24.516  -33.959  -11.684 0.8000000119
39980  23.833  -33.377  -12.547 0.8000000119
38189  27.485  -35.299  -5.060 0.6999999881
39084  27.300  -34.626  -4.441 0.6999999881
120927  27.617  -34.802  -5.672 0.6999999881
39112  27.756  -34.139  -5.954 0.6999999881
39131  26.919  -34.595  -7.125 0.6999999881
39130  27.362  -33.967  -6.717 0.6999999881
39911  26.712  -33.637  -7.572 0.8000000119
39142  26.223  -34.443  -7.839 0.8000000119
40756  26.202  -32.833  -8.232 0.8000000119
40757  25.367  -32.948  -8.694 0.8000000119
39958  23.143  -33.241  -10.236 0.8999999762
39945  23.725  -33.073  -9.669 0.8000000119
40783  22.642  -32.576  -10.616 0.8999999762
39972  22.171  -33.505  -11.767 0.8999999762
37316  28.301  -36.358  -10.778 0.6000000238
40784  22.228  -31.994  -11.059 0.8999999762
120555  22.213  -32.689  -11.406 0.8999999762
39983  21.618  -32.976  -13.492 1.0000000000
37324  28.717  -36.575  -11.458 0.6000000238
39991  21.663  -32.410  -14.158 0.8999999762
39159  26.621  -34.189  -10.530 0.6999999881
41711  21.868  -31.687  -14.335 0.8999999762
39970  24.497  -33.094  -11.778 0.8000000119
39981  23.370  -32.737  -13.379 0.8999999762
40803  22.938  -32.109  -14.200 0.8000000119
39099  27.756  -34.287  -5.136 0.6999999881
39910  27.347  -33.252  -7.017 0.6999999881
39892  27.767  -33.363  -6.317 0.6999999881
39944  24.283  -32.898  -9.348 0.8000000119
40774  23.233  -32.402  -10.046 0.8000000119
40773  23.902  -32.298  -9.580 0.8000000119
41653  23.374  -31.573  -9.927 0.8000000119
39973  21.802  -32.668  -12.514 0.8999999762
37317  27.703  -36.314  -10.342 0.6000000238
119337  22.626  -31.645  -10.458 0.8000000119
128709  22.317  -30.964  -10.585 0.8999999762
40795  21.758  -31.844  -11.910 0.8999999762
40804  21.445  -32.143  -13.557 0.8999999762
38267  28.517  -35.766  -11.334 0.6000000238
115810  27.198  -34.915  -10.365 0.6999999881
41712  21.228  -31.677  -14.036 0.8999999762
39957  26.249  -33.575  -10.752 0.6999999881
41710  22.335  -31.747  -14.324 0.8000000119
123455  24.785  -32.379  -11.660 0.6999999881
40794  23.326  -31.996  -12.937 0.8000000119
39881  27.952  -33.477  -5.523 0.6999999881
40722  28.141  -32.708  -5.936 0.6999999881
40772  24.729  -32.323  -9.171 0.8000000119
41652  24.160  -31.509  -9.545 0.8000000119
117005  22.783  -30.849  -10.263 0.8000000119
41683  21.844  -31.123  -11.236 0.8999999762
41684  20.910  -30.891  -12.494 0.8999999762
39157  27.921  -34.470  -10.724 0.6000000238
41700  20.196  -30.794  -13.574 0.8999999762
39158  27.324  -34.123  -10.533 0.6999999881
39956  26.975  -33.519  -10.651 0.6999999881
42649  19.954  -29.777  -13.935 0.8999999762
40793  25.769  -32.116  -11.267 0.6999999881
41682  24.036  -31.615  -12.293 0.8000000119
41699  21.717  -30.899  -14.183 0.8000000119
108704  24.948  -31.697  -11.694 0.6999999881
41697  23.485  -30.383  -12.860 0.8000000119
41698  22.774  -31.194  -13.436 0.8000000119
41681  24.626  -31.038  -12.053 0.8000000119
40708  28.095  -32.706  -4.990 0.6999999881
40721  28.372  -31.971  -5.574 0.6000000238
39178  28.596  -34.807  -12.368 0.6000000238
42621  22.096  -30.235  -10.869 0.8000000119
42626  21.080  -30.136  -11.925 0.8999999762
42627  19.817  -30.015  -12.846 0.8999999762
129375  28.214  -34.036  -11.235 0.6000000238
42641  19.702  -29.090  -13.695 0.8999999762
40782  26.450  -32.885  -10.898 0.8000000119
42648  20.890  -29.708  -14.143 0.8999999762
111718  22.257  -30.094  -13.681 0.8000000119
41679  26.414  -31.433  -11.542 0.6999999881
108624  23.326  -29.231  -13.273 0.8000000119
39968  27.788  -33.070  -11.298 0.6999999881
43592  22.225  -29.162  -11.042 0.8000000119
126321  28.209  -32.571  -12.684 0.5000000000
40791  27.555  -32.454  -11.485 0.6000000238
41678  27.226  -31.672  -11.723 0.6000000238
40792  26.825  -32.197  -11.191 0.6999999881
43619  20.983  -28.358  -13.696 0.8000000119
41696  26.848  -30.889  -12.035 0.6000000238
42636  26.284  -30.254  -12.448 0.6000000238
42638  24.435  -30.187  -12.486 0.6999999881
43616  24.311  -29.088  -13.128 0.8000000119
42639  22.195  -29.232  -13.655 0.8000000119
42637  25.357  -30.085  -12.372 0.6000000238
44596  21.281  -28.305  -12.062 0.8000000119
124062  21.100  -27.544  -12.768 0.8000000119
44628  20.896  -27.729  -13.234 0.8999999762
40810  28.043  -31.894  -13.144 0.6000000238
43617  23.013  -27.993  -13.699 0.8000000119
43618  22.241  -28.264  -13.650 0.8000000119
44627  21.952  -27.330  -13.388 0.8000000119
111337  22.110  -27.518  -12.338 0.8000000119
45647  21.660  -27.194  -13.037 0.8000000119
41709  27.616  -31.142  -13.207 0.6000000238
42635  27.082  -30.520  -12.862 0.6000000238
123965  26.433  -29.862  -13.045 0.6000000238
43631  23.678  -27.715  -13.970 0.6999999881
44626  23.433  -27.139  -13.096 0.8000000119
44646  26.142  -28.346  -15.204 0.6000000238
44637  24.277  -27.520  -14.654 0.6000000238
42664  27.087  -29.949  -14.809 0.6000000238
43640  26.382  -29.229  -14.528 0.6000000238
44616  24.392  -27.759  -11.608 0.8000000119
41720  27.819  -31.425  -14.088 0.6000000238
44617  23.259  -27.507  -12.018 0.8000000119
41736  28.033  -31.113  -15.846 0.5000000000
45655  23.550  -26.793  -13.760 0.8000000119
45646  22.594  -26.955  -13.163 0.8000000119
42655  27.433  -30.657  -14.473 0.6000000238
45662  24.223  -26.430  -15.115 0.6000000238
42671  28.408  -30.909  -16.460 0.5000000000
42672  27.838  -30.234  -15.961 0.6000000238
43650  27.378  -29.414  -15.770 0.6000000238
43641  25.423  -28.447  -14.515 0.6000000238
43660  27.976  -29.441  -16.215 0.6000000238
113984  26.899  -28.746  -15.608 0.6000000238
45684  26.891  -27.268  -16.084 0.6000000238
45644  25.022  -27.431  -12.220 0.8000000119
45645  23.855  -27.218  -12.711 0.8000000119
45653  25.744  -27.159  -12.810 0.6999999881
45654  24.478  -26.891  -13.430 0.6999999881
114056  28.525  -30.089  -16.532 0.6000000238
45673  24.881  -26.786  -15.392 0.6000000238
46663  24.976  -26.590  -15.268 0.6000000238
45661  24.246  -27.026  -14.883 0.6999999881
125296  29.353  -29.059  -16.817 0.5000000000
45672  26.203  -27.090  -15.793 0.6000000238
44661  29.766  -28.455  -16.891 0.5000000000
44663  27.947  -28.121  -16.322 0.6000000238
45683  27.628  -27.351  -16.249 0.6000000238
45652  26.816  -27.321  -12.397 0.6999999881
46639  26.582  -26.812  -13.316 0.6000000238
46655  26.481  -26.246  -14.992 0.6000000238
46640  25.284  -26.677  -13.969 0.6000000238
47587  27.030  -26.238  -15.333 0.6000000238
46654  27.048  -26.151  -14.438 0.6000000238
45691  30.279  -27.783  -17.009 0.5000000000
45682  28.511  -27.498  -16.378 0.6000000238
46671  29.115  -26.739  -16.329 0.6000000238
46673  27.265  -26.741  -16.065 0.6000000238
46662  26.141  -26.606  -15.474 0.6000000238
47579  27.181  -26.001  -14.905 0.6000000238
45680  30.064  -26.995  -16.631 0.6000000238
46670  29.823  -26.322  -16.347 0.6000000238
46681  31.761  -26.731  -17.560 0.5000000000
46669  31.316  -26.380  -17.000 0.5000000000
47602  32.664  -25.310  -17.354 0.4000000060
48444  32.462  -24.501  -17.052 0.5000000000
115010  27.411  -26.442  -13.284 0.6000000238
46645  26.986  -26.370  -13.851 0.6000000238
113536  28.600  -26.041  -16.007 0.6000000238
47578  27.664  -25.648  -14.519 0.6000000238
47594  29.974  -25.590  -16.173 0.6000000238
128278  29.680  -24.944  -15.923 0.6000000238
119316  30.629  -26.245  -16.583 0.5000000000
47593  30.858  -25.334  -16.422 0.6000000238
47592  31.794  -25.060  -16.712 0.5000000000
48453  33.147  -24.386  -17.587 0.4000000060
49272  32.585  -23.722  -17.419 0.4000000060
115802  28.453  -25.395  -15.477 0.6000000238
47585  28.213  -25.145  -14.768 0.5000000000
47577  28.120  -25.154  -14.036 0.5000000000
112165  29.164  -25.439  -15.914 0.6000000238
48439  28.776  -24.563  -15.043 0.5000000000
48446  30.328  -24.743  -16.134 0.6000000238
48445  31.096  -24.428  -16.427 0.5000000000
49261  31.909  -24.017  -16.780 0.4000000060
48427  28.380  -24.678  -13.583 0.4000000060
123767  29.864  -24.237  -15.785 0.6000000238
48447  29.215  -24.750  -15.544 0.5000000000
49262  31.165  -23.474  -16.669 0.4000000060
119907  30.519  -23.877  -16.160 0.6000000238
49263  29.983  -23.348  -15.809 0.6000000238
48438  29.367  -23.781  -15.266 0.4000000060
49273  31.882  -22.998  -17.423 0.4000000060
49274  31.012  -22.564  -17.141 0.4000000060
49254  29.045  -23.090  -14.719 0.4000000060
114777  30.492  -22.983  -16.429 0.4000000060
50096  29.874  -22.474  -16.086 0.4000000060
50103  32.298  -22.191  -18.407 0.4000000060
50095  30.283  -22.139  -16.870 0.4000000060
49238  28.593  -23.295  -13.142 0.4000000060
49245  28.658  -23.403  -14.028 0.4000000060
49253  29.468  -22.783  -15.367 0.4000000060
50951  30.842  -21.680  -17.575 0.4000000060
50952  30.123  -21.268  -17.247 0.4000000060
50942  29.600  -21.640  -16.460 0.4000000060
50077  28.555  -22.711  -13.602 0.4000000060
114653  28.311  -21.708  -14.434 0.4000000060
50090  28.814  -22.280  -14.906 0.4000000060
50943  28.809  -21.197  -15.987 0.4000000060
50916  28.416  -21.912  -13.685 0.4000000060
50932  28.409  -21.491  -15.161 0.4000000060
31166  24.981  -43.515  -18.721 0.8000000119
30279  23.586  -44.301  -17.773 0.8999999762
31144  22.796  -43.615  -16.335 0.8999999762
30266  23.120  -44.467  -16.733 0.8999999762
29412  23.016  -45.306  -16.256 0.8999999762
30203  23.393  -44.321  -10.889 0.8999999762
31076  23.483  -43.567  -10.691 1.0000000000
120034  23.926  -42.014  -10.089 1.0000000000
118204  22.522  -44.991  -13.845 0.8999999762
30217  22.792  -44.460  -12.320 0.8999999762
31092  22.959  -43.681  -11.895 0.8999999762
30252  22.486  -44.523  -14.386 0.8999999762
31108  22.679  -43.620  -12.601 0.8999999762
31119  22.510  -43.501  -13.394 0.8999999762
31956  23.207  -42.930  -11.390 1.0000000000
31136  22.514  -43.893  -15.137 0.8999999762
31971  22.656  -42.160  -12.858 0.8999999762
48433  28.534  -24.407  -14.269 0.4000000060
124573  28.886  -23.835  -14.686 0.4000000060
48421  28.550  -24.520  -12.875 0.4000000060
23806  22.348  -51.229  -8.310 0.8999999762
24732  22.835  -50.905  -10.165 1.0000000000
23865  20.117  -51.150  -13.335 0.8000000119
24699  21.071  -50.445  -7.375 0.8999999762
25630  23.535  -49.465  -8.509 1.0000000000
27548  23.530  -47.781  -6.959 0.8999999762
27616  23.456  -47.470  -11.390 0.8999999762
27654  21.890  -47.656  -14.817 0.8000000119
28482  24.273  -46.275  -9.285 1.0000000000
27643  22.503  -47.454  -13.645 0.8999999762
30261  22.561  -44.780  -15.039 0.8999999762
29404  22.666  -45.429  -15.432 0.8000000119
30242  22.480  -44.314  -13.636 0.8999999762
119838  22.484  -45.159  -5.836 1.0000000000
31890  20.512  -42.620  -6.748 0.6000000238
128653  20.111  -42.431  -7.333 0.4000000060
31061  23.904  -43.494  -9.962 1.0000000000
31091  23.232  -43.774  -11.294 0.8999999762
30285  26.015  -44.223  -19.087 0.6999999881
32916  24.930  -40.724  -17.214 0.8000000119
30129  23.837  -44.674  -5.453 0.8999999762
108686  22.589  -42.953  -15.603 0.8999999762
115277  25.146  -44.618  -15.328 0.6000000238
32005  24.186  -41.947  -17.601 0.8999999762
31129  22.429  -43.716  -14.201 0.8999999762
33780  23.155  -40.543  -16.223 0.8999999762
34606  23.936  -39.488  -16.452 0.8999999762
126487  24.793  -42.482  -13.289 0.6999999881
118543  24.679  -41.977  -13.866 0.6999999881
31876  23.161  -42.777  -5.010 0.8000000119
111744  24.262  -43.906  -5.353 0.8999999762
33702  24.176  -40.325  -9.797 1.0000000000
31957  22.845  -42.907  -12.256 0.8999999762
32889  22.570  -41.293  -13.389 0.8999999762
31983  22.515  -42.655  -13.495 0.8999999762
117299  25.309  -42.221  -5.334 0.8000000119
130789  22.462  -38.988  -14.981 0.8999999762
33657  26.230  -40.102  -5.995 0.8000000119
33658  25.964  -40.522  -6.521 0.8999999762
34567  25.278  -39.254  -12.139 0.6999999881
36479  23.632  -37.921  -15.243 0.8999999762
36469  24.231  -37.434  -13.980 0.8000000119
33629  24.738  -40.603  -4.149 0.8000000119
34457  23.294  -39.759  -3.919 0.6000000238
33627  26.147  -39.929  -4.812 0.6999999881
128629  26.501  -38.996  -5.822 0.6999999881
113653  22.432  -37.654  -13.301 1.0000000000
37344  23.335  -36.011  -15.013 0.8999999762
34458  22.390  -39.342  -4.484 0.5000000000
35419  26.641  -38.520  -5.320 0.6999999881
121237  24.621  -38.050  -8.951 0.8999999762
35406  23.007  -38.434  -3.658 0.5000000000
37260  26.951  -36.925  -5.789 0.6999999881
36369  25.386  -37.969  -3.582 0.6000000238
36347  24.954  -37.184  -3.361 0.5000000000
118612  26.610  -36.743  -4.304 0.6999999881
117804  23.537  -34.774  -10.094 0.8999999762
39143  25.519  -34.441  -8.436 0.8000000119
40811  22.555  -32.407  -14.641 0.8999999762
116714  26.603  -36.007  -4.052 0.6999999881
119757  23.643  -33.905  -9.845 0.8999999762
39959  22.564  -33.407  -10.884 0.8999999762
39969  25.403  -33.163  -11.154 0.8000000119
39971  23.956  -32.545  -12.300 0.8000000119
41632  25.609  -32.094  -8.695 0.8000000119
109251  20.967  -30.732  -13.925 0.8999999762
124844  25.216  -30.671  -11.989 0.6999999881
43603  20.272  -29.138  -12.436 0.8999999762
43629  25.970  -29.264  -13.672 0.6000000238
43630  24.816  -28.654  -13.830 0.6000000238
44638  23.711  -26.863  -14.380 0.8000000119
44647  25.059  -27.496  -15.130 0.6000000238
110609  28.156  -28.816  -16.353 0.6000000238
47596  26.955  -26.517  -15.728 0.6000000238
45681  29.446  -27.658  -16.601 0.6000000238
47586  27.690  -25.724  -15.146 0.6000000238
121865  28.544  -24.041  -13.488 0.4000000060
50073  28.591  -22.429  -13.054 0.4000000060
51822  29.265  -20.770  -16.865 0.4000000060
30267  22.747  -44.592  -15.792 0.8999999762
17646  17.751  -58.480  -12.292 0.4000000060
18541  18.333  -58.088  -11.310 0.4000000060
128359  17.822  -58.918  -10.383 0.4000000060
127028  17.642  -57.517  -12.612 0.4000000060
18540  18.559  -57.775  -10.576 0.4000000060
18534  18.474  -57.801  -9.765 0.4000000060
20336  17.919  -56.069  -12.300 0.3000000119
18547  18.612  -57.344  -11.201 0.4000000060
21208  18.066  -55.230  -12.404 0.4000000060
123526  17.860  -54.427  -12.665 0.4000000060
22066  17.313  -53.818  -12.887 0.4000000060
22080  16.757  -53.007  -13.186 0.4000000060
19424  18.880  -57.138  -9.230 0.4000000060
19440  18.858  -56.738  -11.149 0.4000000060
19434  18.947  -57.162  -10.293 0.4000000060
21197  19.060  -55.159  -11.946 0.5000000000
21207  18.676  -54.502  -12.451 0.4000000060
22065  18.291  -53.803  -12.854 0.4000000060
22079  17.756  -53.074  -13.227 0.5000000000
22964  18.181  -52.305  -13.474 0.5000000000
109575  17.596  -51.251  -13.737 0.6000000238
23868  16.388  -51.170  -13.598 0.5000000000
24764  16.538  -50.149  -14.007 0.6000000238
24774  16.649  -49.157  -14.572 0.4000000060
19400  18.513  -56.787  -8.457 0.5000000000
20291  17.983  -56.236  -7.865 0.5000000000
20324  19.301  -56.393  -10.686 0.6000000238
19433  19.429  -56.558  -9.696 0.6000000238
20334  19.485  -55.609  -11.102 0.5000000000
21188  20.026  -55.177  -10.573 0.6000000238
21196  19.676  -54.835  -11.387 0.5000000000
21206  19.336  -54.488  -12.043 0.5000000000
22064  19.272  -53.763  -12.495 0.4000000060
22954  18.731  -53.052  -13.102 0.6000000238
22963  19.089  -52.277  -13.353 0.6000000238
128946  18.565  -51.676  -13.631 0.6000000238
23867  18.504  -50.843  -13.857 0.6000000238
119575  18.454  -49.978  -14.184 0.6000000238
25696  18.578  -48.926  -14.951 0.6000000238
24763  17.610  -50.088  -14.162 0.6000000238
24773  17.834  -49.212  -14.731 0.6000000238
113147  17.805  -48.817  -15.083 0.6000000238
26690  18.991  -48.879  -15.347 0.6000000238
19399  19.290  -56.428  -8.815 0.5000000000
20290  18.848  -56.018  -8.169 0.5000000000
20273  17.493  -55.453  -7.730 0.5000000000
20311  20.220  -55.320  -9.745 0.6000000238
20312  19.857  -55.913  -9.282 0.6000000238
21195  20.238  -54.453  -10.860 0.6000000238
21187  20.407  -54.762  -10.160 0.6000000238
22055  19.866  -54.096  -11.696 0.5000000000
22943  20.085  -53.303  -12.033 0.6000000238
22953  19.601  -52.842  -12.786 0.6000000238
24762  19.375  -50.430  -13.847 0.6000000238
26677  19.142  -48.799  -15.116 0.6000000238
110209  20.161  -48.418  -15.960 0.6999999881
21163  19.035  -55.189  -8.038 0.6000000238
20272  18.326  -55.523  -7.841 0.5000000000
21177  20.538  -54.652  -9.477 0.6000000238
20288  20.207  -55.214  -8.938 0.6000000238
20289  19.581  -55.650  -8.561 0.6000000238
22008  17.551  -53.829  -7.929 0.5000000000
22037  20.911  -53.942  -9.258 0.6000000238
22942  20.758  -52.868  -11.479 0.6000000238
26688  20.393  -48.351  -15.519 0.6999999881
21162  19.807  -54.822  -8.345 0.6000000238
112400  19.200  -54.321  -7.933 0.6000000238
21147  18.180  -54.663  -7.814 0.6000000238
21161  20.441  -54.414  -8.719 0.6000000238
117483  19.390  -53.477  -7.893 0.6000000238
22007  18.503  -53.703  -7.887 0.6000000238
22022  17.884  -53.074  -8.088 0.6000000238
22023  17.033  -53.125  -8.190 0.6000000238
22021  20.032  -53.913  -8.127 0.6000000238
22024  16.198  -53.215  -8.118 0.5000000000
22907  16.487  -52.330  -8.318 0.6000000238
27665  20.912  -47.971  -15.982 0.6999999881
128817  19.924  -53.339  -7.908 0.6000000238
22905  18.718  -52.774  -7.961 0.6000000238
123883  20.392  -53.164  -8.055 0.6000000238
123637  19.796  -52.725  -7.814 0.6000000238
130604  18.052  -52.553  -8.151 0.6000000238
22906  17.467  -52.441  -8.284 0.6000000238
22020  20.714  -53.610  -8.549 0.6000000238
23810  17.232  -51.630  -8.495 0.6000000238
22019  21.327  -53.263  -8.975 0.6000000238
22932  21.650  -52.753  -10.158 0.6000000238
27675  22.381  -46.943  -16.288 0.6999999881
28571  22.962  -46.669  -16.843 0.6999999881
22904  21.073  -52.869  -8.313 0.6000000238
23808  19.195  -51.918  -7.855 0.6999999881
22903  21.722  -52.475  -8.728 0.6000000238
28561  23.259  -45.898  -16.854 0.6999999881
23797  20.175  -51.851  -7.632 0.6999999881
22888  21.401  -52.138  -7.971 0.6999999881
22889  20.695  -52.452  -7.802 0.6999999881
115142  19.578  -51.042  -7.718 0.6999999881
23809  18.690  -51.129  -8.054 0.6999999881
117404  18.165  -51.917  -8.194 0.6000000238
24709  18.458  -50.289  -8.192 0.6000000238
110193  17.858  -50.977  -8.410 0.5000000000
30287  24.472  -44.122  -18.584 0.8000000119
117430  21.287  -51.061  -7.493 0.6999999881
110636  20.596  -51.112  -7.478 0.6999999881
24708  19.273  -50.214  -7.841 0.6999999881
24710  17.618  -50.160  -8.602 0.5000000000
25623  19.722  -49.518  -7.727 0.6999999881
25631  18.865  -49.476  -8.101 0.6000000238
25632  18.076  -49.491  -8.483 0.6000000238
42608  23.560  -30.750  -9.894 0.6999999881
40735  26.954  -32.698  -7.592 0.6999999881
40734  27.692  -32.537  -6.878 0.6000000238
41614  27.225  -32.021  -7.599 0.6000000238
41651  25.013  -31.396  -9.195 0.6999999881
42607  24.410  -30.693  -9.583 0.6999999881
42620  22.890  -29.951  -10.285 0.6999999881
43591  23.175  -28.897  -10.545 0.6999999881
41603  28.208  -31.935  -6.389 0.6000000238
41631  26.528  -31.921  -8.214 0.6999999881
42595  25.944  -31.188  -8.804 0.6999999881
41602  28.498  -31.408  -6.042 0.6000000238
43576  24.652  -30.009  -9.666 0.6999999881
121672  24.477  -29.181  -10.166 0.6999999881
127472  22.935  -27.980  -11.335 0.6999999881
41613  27.764  -31.633  -7.213 0.6000000238
42593  27.439  -30.475  -8.364 0.6000000238
42594  26.675  -30.754  -8.635 0.6999999881
42606  25.234  -30.556  -9.333 0.6999999881
43590  25.525  -29.076  -10.100 0.6999999881
44593  24.938  -28.448  -10.753 0.6999999881
41612  28.292  -31.148  -6.731 0.6000000238
42592  28.214  -30.029  -8.027 0.5000000000
128929  26.874  -29.329  -9.628 0.5000000000
43589  26.374  -28.956  -10.048 0.6999999881
44592  26.695  -28.510  -10.571 0.6999999881
44615  25.443  -28.021  -11.313 0.6999999881
51835  33.374  -19.707  -19.134 0.3000000119
119989  32.542  -20.664  -19.346 0.3000000119
50104  31.566  -22.006  -17.894 0.3000000119
114848  17.577  -59.316  -11.745 0.4000000060
16759  17.574  -59.512  -10.921 0.3000000119
16747  17.435  -59.379  -9.990 0.4000000060
18558  16.998  -57.863  -13.247 0.3000000119
17617  17.694  -58.444  -9.531 0.4000000060
20344  17.204  -55.504  -12.505 0.4000000060
128171  16.904  -54.664  -12.608 0.4000000060
22067  16.299  -53.728  -12.789 0.4000000060
22081  15.797  -52.862  -13.009 0.4000000060
22965  17.160  -52.207  -13.475 0.5000000000
23876  15.518  -50.217  -13.872 0.4000000060
19401  17.595  -57.050  -8.221 0.4000000060
25697  16.859  -48.643  -14.996 0.5000000000
19389  16.859  -56.324  -7.820 0.5000000000
26702  18.960  -49.088  -15.685 0.6000000238
21148  17.085  -54.591  -7.791 0.5000000000
21149  16.176  -54.461  -7.880 0.5000000000
26700  20.638  -48.317  -16.305 0.6000000238
22009  16.658  -53.836  -8.002 0.5000000000
26699  21.378  -48.033  -16.473 0.6999999881
113989  23.758  -45.662  -17.739 0.6999999881
24711  17.048  -50.759  -8.745 0.5000000000
29430  24.896  -44.705  -18.956 0.6999999881
25634  16.894  -49.923  -8.925 0.5000000000
25633  17.448  -49.525  -8.828 0.6000000238
38190  27.006  -35.394  -4.309 0.6000000238
43541  29.017  -29.892  -6.544 0.5000000000
43549  28.844  -29.638  -7.396 0.5000000000
44561  28.873  -28.901  -8.594 0.5000000000
43573  27.646  -29.302  -9.359 0.5000000000
44575  27.182  -28.836  -9.995 0.5000000000
111032  27.533  -28.336  -10.546 0.5000000000
46632  27.840  -27.148  -11.846 0.5000000000
52703  32.720  -18.954  -18.257 0.3000000119
52711  32.767  -19.180  -18.934 0.3000000119
50950  31.352  -21.269  -18.284 0.3000000119
22036  21.316  -53.406  -9.773 0.6000000238
22048  20.809  -54.076  -10.191 0.6000000238
22054  20.503  -53.687  -11.162 0.6000000238
25694  19.979  -48.704  -15.046 0.6999999881
27664  21.725  -47.534  -15.586 0.6999999881
28562  22.717  -46.191  -16.017 0.6999999881
44595  22.347  -28.308  -11.372 0.6999999881
45643  26.209  -27.699  -11.781 0.6000000238
50110  32.011  -21.330  -18.784 0.3000000119
29411  23.440  -45.158  -17.166 0.8000000119
29429  25.709  -44.904  -19.183 0.6999999881
18548  18.218  -57.519  -12.012 0.4000000060
19441  18.409  -56.742  -11.815 0.4000000060
19448  17.808  -56.801  -12.398 0.3000000119
20335  18.774  -56.018  -11.709 0.5000000000
18511  18.137  -57.568  -8.902 0.5000000000
22966  16.121  -52.088  -13.349 0.3000000119
25698  15.959  -48.604  -14.902 0.4000000060
19402  16.596  -57.265  -8.222 0.5000000000
43575  25.340  -29.752  -9.606 0.6999999881
41630  27.165  -31.286  -8.026 0.6999999881
42584  27.890  -30.831  -7.575 0.6000000238
129115  26.577  -31.290  -8.424 0.6999999881
42605  26.048  -30.300  -9.173 0.6999999881
43561  26.973  -29.999  -9.137 0.6000000238
43574  26.180  -29.550  -9.584 0.6999999881
110493  25.865  -28.557  -10.629 0.6999999881
42583  28.539  -30.395  -7.090 0.5000000000
118830  28.690  -29.384  -8.106 0.5000000000
43560  27.718  -29.869  -8.742 0.5000000000
45641  27.926  -27.722  -11.158 0.5000000000
127325  26.234  -28.197  -11.083 0.6999999881
43540  29.388  -29.444  -6.127 0.5000000000
112430  28.988  -28.462  -9.134 0.5000000000
43572  28.411  -28.865  -9.263 0.5000000000
45630  28.702  -27.437  -10.689 0.5000000000
121788  23.351  -47.203  -17.794 0.6000000238
28580  24.773  -45.748  -18.835 0.6000000238
28560  26.555  -45.990  -18.203 0.5000000000
28579  26.021  -46.061  -19.351 0.6000000238
29428  26.288  -45.138  -19.001 0.6000000238
115922  25.410  -46.023  -14.883 0.5000000000
110971  25.430  -45.007  -16.310 0.5000000000
120808  25.858  -44.425  -17.741 0.6000000238
28472  18.868  -46.633  -8.832 0.5000000000
115666  25.969  -43.749  -18.546 0.6000000238
29382  25.366  -45.461  -13.327 0.5000000000
29403  25.327  -45.389  -15.328 0.5000000000
29372  25.644  -45.543  -12.487 0.5000000000
28483  18.688  -45.987  -9.074 0.4000000060
29328  18.733  -45.334  -9.038 0.4000000060
115224  25.190  -44.761  -13.608 0.5000000000
29342  26.898  -44.755  -10.540 0.5000000000
30232  25.350  -44.779  -12.809 0.5000000000
30188  18.808  -44.405  -8.943 0.4000000060
30202  26.778  -43.986  -10.623 0.5000000000
116940  26.104  -43.671  -11.296 0.5000000000
33659  21.233  -40.586  -5.819 0.4000000060
33660  20.775  -40.630  -6.312 0.4000000060
33675  20.347  -40.431  -6.797 0.4000000060
36349  23.405  -37.648  -3.471 0.4000000060
119588  22.798  -37.058  -3.666 0.4000000060
34472  22.027  -39.888  -5.006 0.4000000060
34459  21.673  -39.176  -5.176 0.4000000060
37225  23.439  -36.750  -3.362 0.4000000060
35423  21.911  -38.500  -4.778 0.4000000060
34473  21.430  -39.860  -5.546 0.4000000060
34492  20.766  -39.873  -6.238 0.4000000060
35422  22.468  -38.495  -4.191 0.4000000060
36350  22.605  -37.746  -3.918 0.4000000060
37226  22.782  -36.220  -3.666 0.4000000060
36370  22.144  -37.875  -4.467 0.4000000060
120458  22.131  -36.942  -4.375 0.4000000060
121352  21.657  -37.700  -4.998 0.4000000060
35435  21.348  -38.383  -5.415 0.4000000060
38193  21.905  -35.324  -4.493 0.4000000060
37261  21.364  -36.894  -5.234 0.4000000060
34474  21.045  -39.083  -5.800 0.4000000060
37223  25.419  -36.462  -3.391 0.4000000060
120274  23.519  -36.058  -3.249 0.4000000060
38170  23.203  -35.421  -3.319 0.4000000060
37243  26.166  -36.465  -3.751 0.5000000000
38168  25.048  -35.696  -3.121 0.4000000060
38169  24.066  -35.537  -3.009 0.4000000060
39072  22.890  -34.645  -3.448 0.4000000060
38192  22.536  -35.359  -3.876 0.4000000060
37244  22.196  -35.981  -4.266 0.4000000060
39085  22.244  -34.600  -4.084 0.4000000060
121490  21.582  -36.096  -4.827 0.4000000060
127793  26.424  -35.413  -3.762 0.5000000000
39069  25.723  -35.036  -3.302 0.5000000000
39862  24.432  -34.013  -2.849 0.4000000060
39071  23.730  -34.735  -3.014 0.4000000060
39068  26.002  -34.261  -3.303 0.5000000000
120017  25.265  -34.405  -2.944 0.4000000060
118747  23.918  -33.138  -2.977 0.4000000060
39863  23.386  -33.908  -3.154 0.4000000060
115449  25.359  -33.750  -2.894 0.4000000060
115924  24.753  -33.228  -2.776 0.4000000060
40687  23.533  -32.300  -3.262 0.4000000060
41570  25.806  -31.347  -3.149 0.4000000060
41571  24.862  -31.419  -3.141 0.4000000060
42545  24.387  -30.609  -3.436 0.4000000060
40684  27.086  -32.332  -3.666 0.5000000000
40685  26.215  -32.210  -3.152 0.4000000060
109638  25.045  -30.233  -3.448 0.4000000060
43523  24.014  -29.097  -4.037 0.3000000119
114104  27.824  -33.525  -4.879 0.5000000000
39861  26.101  -33.605  -3.222 0.5000000000
40686  25.578  -32.890  -2.892 0.4000000060
113501  24.551  -32.337  -2.940 0.4000000060
41572  23.974  -31.479  -3.280 0.4000000060
112909  25.394  -32.031  -2.968 0.4000000060
41569  26.713  -31.618  -3.395 0.5000000000
42543  25.834  -30.428  -3.361 0.4000000060
43514  24.557  -29.720  -3.664 0.3000000119
40698  27.740  -32.148  -4.260 0.5000000000
129169  26.488  -30.975  -3.332 0.4000000060
43513  25.363  -29.643  -3.577 0.4000000060
44502  24.895  -28.905  -3.879 0.3000000119
44513  24.304  -28.322  -4.320 0.3000000119
41583  27.908  -31.217  -4.059 0.5000000000
40697  28.234  -31.686  -4.769 0.4000000060
43511  27.193  -29.619  -3.600 0.3000000119
111808  26.820  -30.365  -3.443 0.4000000060
44501  25.710  -28.971  -3.752 0.4000000060
115108  25.086  -28.186  -4.217 0.3000000119
45563  23.821  -27.765  -4.823 0.3000000119
42542  27.733  -30.386  -3.743 0.3000000119
129185  28.147  -30.632  -4.088 0.4000000060
42558  28.424  -30.750  -4.593 0.4000000060
42567  28.833  -30.401  -5.257 0.4000000060
42576  28.749  -30.651  -6.116 0.4000000060
44500  26.571  -28.898  -3.732 0.3000000119
43512  26.245  -29.652  -3.537 0.3000000119
130759  25.389  -28.574  -3.968 0.3000000119
127872  24.622  -27.608  -4.649 0.3000000119
45570  23.403  -27.272  -5.395 0.3000000119
44523  23.043  -27.966  -5.032 0.3000000119
45569  24.168  -27.065  -5.166 0.3000000119
46551  23.003  -26.766  -5.911 0.3000000119
42541  28.328  -30.120  -4.166 0.3000000119
42556  29.122  -29.797  -5.160 0.3000000119
42575  29.140  -29.944  -5.759 0.4000000060
43548  29.377  -29.215  -6.822 0.4000000060
44543  29.293  -28.908  -7.740 0.4000000060
44574  27.969  -28.644  -9.901 0.4000000060
45571  22.626  -27.447  -5.522 0.3000000119
44499  27.494  -28.853  -3.860 0.3000000119
43510  28.004  -29.540  -3.902 0.3000000119
43521  29.175  -29.278  -4.813 0.3000000119
43532  29.422  -29.300  -5.470 0.3000000119
44533  29.783  -28.749  -6.071 0.4000000060
44532  30.146  -28.114  -6.461 0.3000000119
115754  29.822  -28.561  -6.990 0.4000000060
44560  29.536  -28.242  -8.486 0.4000000060
44572  29.342  -27.807  -9.443 0.4000000060
44573  28.649  -28.296  -9.724 0.4000000060
44591  28.293  -28.071  -10.381 0.4000000060
43522  28.626  -29.392  -4.354 0.3000000119
45587  30.524  -27.225  -7.273 0.3000000119
45603  30.030  -27.433  -8.765 0.4000000060
119332  29.863  -27.018  -9.554 0.4000000060
45629  29.300  -27.242  -10.164 0.4000000060
47550  29.538  -25.915  -10.703 0.4000000060
46622  29.130  -26.692  -10.784 0.4000000060
46637  28.251  -26.419  -12.070 0.4000000060
129730  27.386  -27.251  -12.126 0.5000000000
45578  30.419  -27.383  -6.470 0.3000000119
46573  30.743  -26.411  -7.275 0.3000000119
45602  30.499  -26.948  -8.074 0.3000000119
46595  30.385  -26.633  -8.907 0.4000000060
46610  30.168  -26.256  -9.616 0.4000000060
47543  30.378  -25.530  -9.744 0.4000000060
46621  29.667  -26.520  -10.182 0.4000000060
47549  30.082  -25.210  -10.459 0.3000000119
47557  29.511  -25.216  -11.167 0.4000000060
47565  28.558  -25.438  -12.328 0.3000000119
47566  27.983  -26.074  -12.872 0.4000000060
47503  30.732  -25.559  -6.776 0.3000000119
47519  30.901  -25.609  -7.564 0.3000000119
46609  30.644  -25.828  -9.031 0.3000000119
47542  30.765  -25.031  -9.199 0.3000000119
47548  30.532  -24.893  -9.877 0.3000000119
48407  30.385  -24.386  -10.300 0.3000000119
49216  30.213  -23.866  -10.733 0.3000000119
49223  29.770  -23.718  -11.370 0.3000000119
119467  29.060  -25.139  -11.733 0.3000000119
48415  28.920  -24.548  -12.164 0.3000000119
49224  29.229  -23.954  -11.912 0.3000000119
48380  30.946  -24.737  -7.367 0.3000000119
47536  30.973  -25.206  -8.294 0.3000000119
48401  30.788  -24.204  -9.471 0.3000000119
49215  30.576  -23.593  -10.117 0.3000000119
117474  29.848  -22.800  -11.486 0.3000000119
113487  28.901  -22.882  -12.519 0.3000000119
49231  28.841  -23.754  -12.502 0.3000000119
126358  29.350  -22.583  -12.039 0.3000000119
127516  28.610  -21.771  -13.105 0.3000000119
38191  26.604  -34.782  -3.808 0.5000000000
39870  26.846  -33.922  -3.862 0.5000000000
27682  22.394  -47.519  -16.867 0.6000000238
108841  24.317  -46.861  -18.857 0.5000000000
111414  25.332  -46.720  -19.444 0.5000000000
27681  26.385  -47.277  -19.087 0.5000000000
28578  26.279  -46.847  -19.270 0.5000000000
28526  25.562  -46.271  -12.931 0.5000000000
28552  25.558  -46.600  -15.551 0.5000000000
119002  26.069  -46.387  -16.861 0.5000000000
26588  18.467  -48.719  -8.442 0.6000000238
27565  18.665  -47.354  -8.751 0.5000000000
26603  18.059  -47.957  -8.932 0.5000000000
27580  18.121  -47.084  -9.205 0.5000000000
28484  18.148  -46.348  -9.358 0.5000000000
29329  18.155  -45.644  -9.542 0.4000000060
30189  18.275  -44.895  -9.735 0.4000000060
31052  18.633  -43.449  -9.220 0.4000000060
33692  19.268  -40.945  -7.989 0.3000000119
33676  19.756  -40.259  -7.444 0.3000000119
34512  20.144  -39.619  -6.965 0.4000000060
36386  21.053  -37.602  -5.621 0.4000000060
35436  20.753  -38.256  -6.042 0.4000000060
120317  23.028  -33.085  -3.393 0.4000000060
39086  21.547  -34.588  -4.644 0.4000000060
39864  22.581  -33.856  -3.660 0.4000000060
120699  22.272  -33.058  -3.908 0.4000000060
43515  23.729  -29.927  -3.794 0.4000000060
42546  23.472  -30.768  -3.618 0.4000000060
44514  23.497  -28.509  -4.514 0.3000000119
29371  26.113  -45.523  -11.675 0.5000000000
32832  19.160  -41.859  -8.366 0.4000000060
38204  20.863  -36.094  -5.615 0.4000000060
38203  21.215  -35.314  -5.081 0.4000000060
31914  18.907  -42.686  -8.714 0.4000000060
116892  24.098  -37.162  -3.300 0.4000000060
39869  27.516  -33.914  -4.527 0.5000000000
41593  28.547  -31.162  -5.384 0.5000000000
37224  24.350  -36.399  -3.185 0.4000000060
46631  28.515  -26.939  -11.372 0.4000000060
29420  26.574  -45.515  -18.889 0.6000000238
115615  25.660  -45.873  -15.978 0.5000000000
117520  25.346  -46.755  -14.460 0.5000000000
38167  25.940  -35.847  -3.501 0.5000000000
39070  24.719  -34.909  -2.899 0.4000000060
39871  21.879  -33.838  -4.229 0.4000000060
40699  27.488  -33.114  -4.223 0.5000000000
113093  26.607  -33.039  -3.447 0.5000000000
41568  27.378  -31.700  -3.766 0.5000000000
108674  27.230  -31.067  -3.549 0.4000000060
42557  28.790  -29.966  -4.686 0.3000000119
128316  29.858  -28.293  -7.668 0.4000000060
45588  30.178  -27.707  -7.915 0.4000000060
113480  28.590  -28.015  -4.369 0.3000000119
130182  30.628  -26.880  -6.811 0.3000000119
48408  29.920  -24.494  -10.960 0.3000000119
47558  28.913  -25.957  -11.434 0.4000000060
46594  30.756  -26.125  -8.207 0.3000000119
48394  31.007  -24.448  -8.615 0.3000000119
49209  30.877  -23.263  -9.276 0.3000000119
50072  29.082  -22.021  -12.500 0.3000000119
23811  16.334  -51.307  -8.524 0.4000000060
24722  16.170  -50.386  -8.750 0.3000000119
25718  19.411  -49.293  -16.229 0.5000000000
26589  17.697  -48.860  -8.866 0.5000000000
25640  16.968  -49.154  -9.180 0.3000000119
26714  21.082  -48.656  -16.795 0.5000000000
26713  22.131  -48.457  -17.216 0.5000000000
25730  20.945  -49.506  -16.997 0.5000000000
25729  21.918  -49.325  -17.481 0.5000000000
25728  22.809  -48.967  -18.461 0.3000000119
112397  23.012  -48.087  -17.944 0.4000000060
26712  23.513  -48.429  -19.041 0.4000000060
25744  24.867  -49.127  -20.310 0.3000000119
26719  23.818  -49.046  -19.790 0.3000000119
25736  25.621  -48.688  -20.077 0.3000000119
26727  25.236  -48.446  -20.181 0.3000000119
26709  26.025  -47.866  -18.314 0.3000000119
26710  25.707  -48.561  -18.875 0.3000000119
26725  25.811  -48.386  -20.036 0.4000000060
27690  25.035  -47.639  -19.822 0.4000000060
27652  25.252  -47.313  -15.031 0.4000000060
26697  25.520  -47.838  -16.915 0.4000000060
27674  26.305  -46.950  -17.867 0.4000000060
112672  20.495  -38.945  -6.513 0.3000000119
36401  20.532  -37.424  -6.286 0.3000000119
37262  20.803  -36.926  -5.804 0.3000000119
39872  21.171  -33.836  -4.755 0.3000000119
120695  21.530  -33.043  -4.415 0.3000000119
120698  20.882  -33.083  -4.962 0.3000000119
39882  20.643  -33.808  -5.386 0.3000000119
41573  23.139  -31.541  -3.549 0.3000000119
40700  22.708  -32.287  -3.664 0.3000000119
40701  21.963  -32.246  -4.141 0.3000000119
42547  22.802  -30.945  -3.782 0.3000000119
42560  22.248  -30.781  -4.122 0.3000000119
41585  21.724  -31.404  -4.341 0.3000000119
112292  22.146  -30.147  -4.350 0.3000000119
42561  21.615  -30.568  -4.539 0.3000000119
42559  22.842  -30.177  -4.017 0.3000000119
43525  22.393  -29.504  -4.499 0.3000000119
25707  18.188  -49.010  -15.399 0.5000000000
27663  25.717  -47.151  -16.271 0.4000000060
114240  18.411  -44.110  -9.751 0.3000000119
41584  22.418  -31.528  -3.902 0.3000000119
26604  17.195  -48.342  -9.350 0.3000000119
28485  17.480  -46.698  -9.675 0.3000000119
112306  16.492  -57.991  -8.465 0.4000000060
128920  15.990  -56.745  -8.138 0.4000000060
19403  15.212  -56.564  -8.263 0.4000000060
129290  15.039  -55.871  -8.266 0.3000000119
20292  15.809  -56.000  -7.989 0.4000000060
20275  15.461  -55.082  -7.936 0.4000000060
110425  15.253  -51.065  -13.529 0.3000000119
20274  16.473  -55.319  -7.765 0.4000000060
20276  14.889  -54.537  -8.050 0.3000000119
22010  15.501  -53.476  -8.047 0.3000000119
21150  15.456  -54.186  -7.971 0.4000000060
108432  14.890  -52.454  -8.366 0.3000000119
22890  15.014  -53.106  -8.123 0.3000000119
23813  14.711  -51.574  -8.835 0.3000000119
115435  15.984  -53.828  -8.021 0.4000000060
22908  15.604  -52.736  -8.172 0.3000000119
23812  15.556  -51.868  -8.377 0.3000000119
18513  15.699  -57.343  -8.187 0.4000000060
24712  15.424  -50.959  -8.640 0.3000000119
18512  17.243  -57.825  -8.723 0.3000000119
17636  18.221  -58.348  -10.435 0.4000000060
17641  17.955  -58.806  -11.188 0.4000000060
19449  17.068  -56.897  -12.882 0.3000000119
20323  19.812  -55.895  -10.183 0.6000000238
22909  14.469  -53.126  -8.456 0.3000000119
23796  21.039  -51.712  -7.562 0.6999999881
23833  22.476  -51.614  -9.833 0.8000000119
24775  15.408  -49.193  -14.488 0.4000000060
25651  23.342  -49.681  -10.364 1.0000000000
25685  18.931  -49.469  -14.425 0.6000000238
25699  15.222  -48.589  -15.001 0.4000000060
25708  17.132  -48.760  -15.350 0.5000000000
25717  20.183  -48.853  -16.417 0.5000000000
25719  18.592  -49.469  -16.064 0.5000000000
26618  23.327  -48.997  -11.022 1.0000000000
26675  21.572  -48.242  -14.505 0.8000000119
26689  19.675  -48.665  -15.493 0.6000000238
26701  19.553  -48.801  -15.830 0.6000000238
26711  23.844  -47.717  -18.991 0.4000000060
26717  25.920  -48.427  -19.853 0.3000000119
26718  24.442  -48.403  -19.860 0.3000000119
26726  25.480  -48.664  -20.157 0.3000000119
27644  22.170  -47.887  -14.099 0.8000000119
27676  21.780  -47.484  -16.151 0.6999999881
27688  26.096  -47.840  -19.748 0.4000000060
27689  25.854  -47.314  -19.627 0.5000000000
27697  25.701  -48.148  -20.065 0.3000000119
28448  23.665  -46.628  -6.196 0.8999999762
28535  25.367  -46.137  -13.877 0.5000000000
28536  22.641  -46.660  -13.447 0.8999999762
28569  26.618  -46.357  -18.899 0.5000000000
28570  23.681  -46.330  -17.776 0.6000000238
29391  25.241  -45.255  -14.357 0.5000000000
29410  26.002  -45.523  -17.257 0.5000000000
29421  24.119  -44.989  -18.190 0.8000000119
30176  24.742  -44.116  -8.604 1.0000000000
30214  26.223  -44.618  -11.296 0.5000000000
30215  25.516  -43.965  -12.155 0.6000000238
30231  25.712  -44.897  -12.082 0.5000000000
30233  22.570  -44.176  -12.983 0.8999999762
30260  25.350  -43.989  -16.457 0.6000000238
30278  26.238  -44.519  -18.871 0.6000000238
30286  25.400  -44.076  -19.079 0.8000000119
31074  27.481  -43.490  -10.285 0.5000000000
31089  25.923  -42.970  -11.422 0.6000000238
31142  25.559  -43.185  -17.655 0.8000000119
31154  25.130  -42.840  -18.321 0.8000000119
31164  25.984  -43.787  -18.877 0.6999999881
31165  25.636  -43.590  -18.803 0.8000000119
31941  27.101  -42.229  -10.660 0.6000000238
31942  23.612  -42.619  -10.488 1.0000000000
31955  25.621  -42.333  -11.753 0.6000000238
31970  25.146  -42.398  -12.508 0.6000000238
31981  24.707  -42.492  -14.053 0.8000000119
31995  22.446  -42.234  -15.142 0.8999999762
32000  22.724  -42.120  -16.014 0.8999999762
32014  24.887  -41.954  -17.905 0.8999999762
32872  26.660  -41.558  -10.916 0.6000000238
32896  24.809  -41.634  -13.107 0.6999999881
32897  24.616  -41.275  -14.206 0.8000000119
32898  22.414  -41.427  -14.138 0.8999999762
32907  22.371  -40.890  -14.795 0.8999999762
32915  25.241  -41.737  -17.135 0.8000000119
32918  23.234  -41.311  -16.519 0.8999999762
32921  25.168  -41.488  -17.488 0.8000000119
32922  24.975  -41.356  -17.620 0.8000000119
33630  23.819  -40.675  -4.113 0.6000000238
33730  23.290  -40.485  -11.502 1.0000000000
33761  24.596  -40.146  -15.875 0.8000000119
33778  24.429  -40.166  -16.779 0.8999999762
33779  23.926  -40.584  -16.955 0.8999999762
34551  26.629  -39.484  -10.560 0.6000000238
34565  28.873  -39.652  -11.227 0.6000000238
34592  22.371  -39.008  -13.789 0.8999999762
34603  22.658  -39.457  -15.346 0.8999999762
34605  24.292  -39.618  -16.367 0.8999999762
34607  23.231  -39.781  -16.041 0.8999999762
35466  26.112  -38.446  -7.183 0.8000000119
35478  25.013  -38.591  -8.570 0.8000000119
35520  28.616  -38.834  -10.932 0.6000000238
35521  26.271  -38.890  -10.620 0.6999999881
35531  24.548  -38.079  -13.388 0.6999999881
35535  24.312  -38.180  -14.299 0.6999999881
36444  27.895  -37.092  -10.399 0.6000000238
36447  23.341  -36.936  -11.107 1.0000000000
36454  25.385  -37.084  -11.039 0.6999999881
36474  23.898  -37.558  -14.813 0.8999999762
36475  23.438  -36.944  -15.050 0.8999999762
36476  22.696  -37.021  -15.079 0.8999999762
36480  23.167  -37.360  -15.355 0.8999999762
37327  22.928  -36.414  -11.554 1.0000000000
38257  28.045  -35.461  -10.631 0.6000000238
38258  27.324  -35.754  -10.247 0.6000000238
38259  26.505  -35.676  -10.329 0.6999999881
38276  22.071  -35.422  -13.372 1.0000000000
38283  23.495  -34.830  -14.736 0.8999999762
39160  25.600  -34.202  -10.895 0.6999999881
39169  28.423  -34.816  -11.443 0.6000000238
39170  24.865  -34.687  -11.328 0.6999999881
39181  21.813  -34.333  -13.179 1.0000000000
39188  21.779  -34.008  -14.235 1.0000000000
39201  22.975  -34.669  -15.295 0.8999999762
39954  28.124  -33.487  -11.444 0.6999999881
39955  27.711  -33.624  -10.868 0.6999999881
39979  28.422  -33.923  -12.176 0.6000000238
39997  22.804  -33.069  -15.074 0.8999999762
40005  22.995  -33.795  -15.466 0.8999999762
40781  27.233  -32.936  -10.987 0.6999999881
40790  28.170  -32.924  -11.939 0.6999999881
40796  21.274  -31.594  -13.017 0.8999999762
40802  27.831  -32.118  -12.211 0.5000000000
41680  25.515  -31.273  -11.657 0.6999999881
41695  27.499  -31.325  -12.473 0.6000000238
41728  27.873  -31.284  -15.094 0.6000000238
42544  25.168  -30.802  -3.295 0.4000000060
42619  23.850  -29.917  -9.968 0.6999999881
42625  26.003  -30.716  -11.888 0.6000000238
42640  19.704  -29.682  -13.502 0.8999999762
42656  26.873  -29.988  -13.800 0.6000000238
42663  27.585  -30.541  -15.293 0.6000000238
43559  28.275  -29.422  -8.712 0.5000000000
43602  21.437  -29.373  -11.637 0.8999999762
43615  25.593  -29.548  -12.968 0.6000000238
43620  19.644  -29.076  -13.242 0.8999999762
43632  19.986  -28.924  -13.969 0.8999999762
43651  26.876  -29.295  -15.240 0.6000000238
43659  28.690  -29.294  -16.566 0.6000000238
44542  30.252  -27.915  -7.129 0.3000000119
44590  28.871  -27.792  -10.102 0.4000000060
44594  23.858  -28.207  -10.948 0.6999999881
44614  26.984  -28.063  -11.167 0.6999999881
44618  20.185  -28.189  -13.033 0.8999999762
44629  19.754  -28.636  -13.529 0.8999999762
44630  19.762  -28.724  -13.703 0.8999999762
44639  20.050  -28.333  -13.600 0.8999999762
44648  24.249  -26.673  -15.128 0.6000000238
44655  27.440  -28.644  -16.043 0.6000000238
44656  26.625  -27.896  -15.806 0.6000000238
44657  25.695  -27.335  -15.531 0.6000000238
44662  28.850  -28.429  -16.532 0.5000000000
44664  27.267  -27.872  -16.134 0.6000000238
45642  27.227  -27.574  -11.744 0.5000000000
45667  24.349  -26.466  -15.257 0.6000000238
46638  27.530  -26.848  -12.570 0.4000000060
46646  26.117  -26.423  -14.419 0.6000000238
46647  25.017  -26.457  -14.907 0.6999999881
46648  24.339  -26.380  -15.148 0.6000000238
46672  28.093  -26.707  -16.188 0.6000000238
46674  26.670  -26.813  -15.895 0.6000000238
46682  30.917  -27.098  -17.207 0.5000000000
47571  28.219  -25.300  -13.235 0.4000000060
47572  27.644  -25.837  -13.745 0.6000000238
47595  27.685  -26.148  -15.745 0.6000000238
47603  31.910  -25.942  -17.115 0.4000000060
48414  29.398  -24.511  -11.558 0.3000000119
49230  29.283  -23.271  -11.964 0.3000000119
50083  28.582  -22.532  -14.207 0.4000000060
50089  29.213  -21.962  -15.632 0.4000000060
51836  32.780  -19.826  -19.283 0.3000000119
109480  26.173  -47.991  -19.348 0.4000000060
111606  26.351  -45.211  -18.415 0.6000000238
111911  22.137  -34.964  -12.638 1.0000000000
112363  24.816  -43.118  -13.687 0.6000000238
112966  27.362  -29.907  -15.420 0.6000000238
113751  17.059  -56.101  -12.562 0.4000000060
114127  21.629  -33.631  -13.599 1.0000000000
115119  28.131  -21.070  -14.192 0.4000000060
115955  28.498  -37.050  -10.900 0.6000000238
116222  22.437  -43.036  -14.004 0.8999999762
116851  24.186  -36.766  -13.589 0.8000000119
117265  24.428  -36.724  -12.728 0.8000000119
117780  22.372  -37.601  -14.611 0.8999999762
118049  27.399  -30.720  -13.654 0.6000000238
118272  26.152  -34.917  -10.520 0.6999999881
118789  22.491  -41.965  -13.612 0.8999999762
118835  24.413  -42.544  -17.916 0.8999999762
119144  18.497  -48.873  -15.109 0.6000000238
119400  25.782  -41.217  -6.705 0.8999999762
119543  25.151  -41.082  -17.151 0.8000000119
119749  22.630  -42.971  -12.903 0.8999999762
119794  23.288  -43.716  -17.299 0.8999999762
120184  27.501  -42.789  -10.400 0.6000000238
120233  29.963  -25.892  -10.154 0.4000000060
120240  23.786  -40.017  -16.587 0.8999999762
120459  26.147  -40.910  -11.184 0.6000000238
120614  24.556  -40.397  -14.677 0.6999999881
120737  23.104  -45.849  -12.159 0.8999999762
120834  22.596  -38.640  -12.972 0.8999999762
121243  24.052  -37.155  -9.747 1.0000000000
121325  25.670  -26.364  -15.079 0.6000000238
121824  23.368  -39.037  -3.655 0.6000000238
123245  25.692  -37.747  -10.868 0.6999999881
124476  27.720  -40.178  -10.486 0.6000000238
125662  18.979  -50.664  -7.947 0.6999999881
125715  29.323  -26.019  -16.161 0.6000000238
126034  22.843  -45.241  -12.436 0.8999999762
126724  28.608  -41.284  -10.831 0.6000000238
127475  31.321  -25.815  -16.716 0.5000000000
127604  24.411  -39.545  -16.055 0.8999999762
128123  27.021  -40.026  -10.504 0.6000000238
128674  28.601  -23.898  -12.987 0.4000000060
128747  20.975  -31.472  -13.736 0.8999999762
128863  27.393  -36.793  -10.236 0.6999999881
129446  30.874  -27.904  -17.542 0.5000000000
130007  26.505  -45.961  -19.054 0.6000000238
130257  23.904  -37.568  -9.988 1.0000000000
130610  25.486  -26.865  -15.564 0.6000000238
