#!ascii label  , from subject sub-v1s13x0050040_ses-1 vox2ras=TkReg
769
124901  -42.041  -56.190  -29.411 0.5000000000
16473  -40.479  -57.250  -28.945 0.8000000119
16493  -38.967  -57.629  -30.947 0.8000000119
113277  -39.794  -57.384  -29.477 0.8000000119
16483  -40.659  -57.093  -29.863 0.8000000119
17306  -43.345  -55.752  -28.814 0.5000000000
17312  -41.263  -56.869  -29.245 0.5000000000
17318  -41.078  -56.600  -29.687 0.6000000238
17332  -37.167  -57.276  -32.483 0.6999999881
16502  -38.676  -57.522  -31.719 0.6999999881
111873  -40.074  -57.325  -30.681 0.8000000119
122682  -40.659  -56.998  -30.564 0.6999999881
18170  -43.564  -55.097  -29.190 0.6000000238
18180  -42.364  -55.350  -29.555 0.5000000000
126362  -41.622  -55.203  -29.533 0.6000000238
17331  -35.028  -57.147  -32.200 0.6999999881
19121  -40.629  -55.455  -29.629 0.6000000238
17340  -35.595  -56.608  -32.837 0.6999999881
16500  -36.475  -57.526  -32.048 0.6999999881
16494  -39.749  -57.324  -31.552 0.6999999881
18178  -40.701  -56.354  -30.081 0.6000000238
19120  -39.615  -55.418  -29.905 0.6000000238
17326  -40.003  -57.114  -31.906 0.8000000119
18177  -40.262  -56.499  -30.937 0.8000000119
19997  -42.907  -53.941  -28.830 0.4000000060
119579  -42.215  -54.601  -29.357 0.6000000238
18197  -34.412  -55.660  -32.346 0.6999999881
19114  -39.737  -54.706  -29.125 0.6000000238
18199  -35.708  -55.821  -33.075 0.6999999881
125617  -36.740  -56.890  -32.840 0.6999999881
17333  -38.334  -57.290  -32.351 0.6999999881
17342  -38.923  -56.965  -32.538 0.6999999881
18193  -39.581  -56.745  -32.299 0.6000000238
18176  -39.364  -55.472  -30.556 0.6999999881
20004  -38.965  -53.979  -31.210 0.5000000000
115778  -38.514  -55.919  -33.094 0.6000000238
111342  -39.343  -55.960  -32.619 0.6000000238
19126  -39.521  -55.404  -32.100 0.6000000238
124304  -39.515  -54.587  -32.004 0.6000000238
130531  -39.547  -54.065  -31.964 0.5000000000
19987  -42.109  -53.465  -27.954 0.4000000060
19996  -41.593  -53.972  -28.646 0.5000000000
125698  -34.111  -54.134  -32.405 0.6999999881
19995  -40.256  -54.075  -28.435 0.6000000238
19994  -39.029  -54.049  -28.516 0.6000000238
19130  -36.433  -55.114  -33.074 0.6999999881
19113  -38.925  -54.537  -29.239 0.6000000238
19131  -37.935  -55.082  -33.208 0.6999999881
20001  -38.360  -53.992  -29.964 0.5000000000
20857  -38.380  -53.051  -30.287 0.6000000238
19132  -39.267  -55.041  -32.883 0.6000000238
20859  -39.412  -53.104  -31.447 0.5000000000
20006  -39.437  -54.163  -32.394 0.5000000000
20002  -32.642  -52.814  -31.380 0.6000000238
21711  -32.994  -51.988  -31.984 0.6000000238
19973  -41.321  -53.236  -26.986 0.5000000000
19986  -40.840  -53.572  -27.732 0.5000000000
20864  -33.357  -52.728  -32.182 0.6999999881
19127  -33.830  -54.288  -32.104 0.6999999881
19984  -38.569  -53.268  -28.025 0.4000000060
116290  -34.831  -54.288  -32.642 0.6999999881
121130  -35.494  -53.442  -32.682 0.6999999881
20008  -35.957  -54.314  -32.847 0.6999999881
20852  -38.000  -52.862  -28.359 0.5000000000
20009  -37.226  -54.285  -33.032 0.6999999881
20010  -38.634  -54.161  -33.100 0.6000000238
19992  -38.036  -53.091  -29.207 0.5000000000
20868  -39.332  -53.424  -32.657 0.6000000238
21705  -38.243  -51.922  -29.983 0.5000000000
110886  -38.662  -52.540  -32.658 0.5000000000
20863  -39.798  -52.593  -32.233 0.5000000000
21714  -40.296  -51.953  -31.982 0.5000000000
21708  -39.429  -52.152  -31.108 0.5000000000
21709  -40.240  -51.828  -31.694 0.5000000000
23259  -39.680  -50.300  -30.507 0.3000000119
20833  -38.430  -52.382  -26.533 0.3000000119
21707  -31.778  -51.559  -30.961 0.6000000238
21710  -32.328  -52.138  -31.478 0.6000000238
19972  -40.087  -53.187  -26.908 0.4000000060
20847  -38.961  -52.924  -27.101 0.4000000060
21715  -33.667  -52.181  -32.334 0.6000000238
20866  -34.946  -52.590  -32.612 0.6999999881
119780  -36.843  -53.422  -32.804 0.5000000000
20856  -37.929  -52.430  -29.377 0.5000000000
119913  -38.176  -53.281  -32.899 0.5000000000
126740  -38.699  -50.406  -29.933 0.4000000060
22461  -38.975  -51.131  -30.448 0.3000000119
22469  -40.472  -51.293  -31.751 0.5000000000
22462  -40.204  -51.098  -31.240 0.4000000060
22458  -31.846  -50.835  -30.791 0.6000000238
22459  -32.743  -50.688  -30.994 0.6000000238
22465  -33.309  -51.184  -31.629 0.6000000238
22466  -34.308  -50.843  -31.779 0.6000000238
20845  -37.683  -52.157  -27.841 0.3000000119
20851  -37.748  -52.306  -28.626 0.4000000060
21716  -34.399  -51.966  -32.491 0.6000000238
21701  -37.449  -51.510  -28.125 0.3000000119
21717  -35.404  -51.759  -32.544 0.6000000238
120001  -36.079  -52.519  -32.644 0.6999999881
22456  -37.586  -50.785  -28.729 0.3000000119
21704  -37.731  -51.675  -29.045 0.3000000119
21718  -36.508  -51.619  -32.560 0.6000000238
23246  -38.314  -49.157  -28.888 0.3000000119
23252  -38.083  -50.108  -29.261 0.3000000119
22471  -36.888  -50.607  -32.454 0.5000000000
20867  -37.317  -52.479  -32.675 0.5000000000
21719  -37.703  -51.615  -32.545 0.5000000000
24099  -39.488  -48.161  -29.532 0.3000000119
23253  -38.982  -49.644  -29.822 0.3000000119
21720  -38.958  -51.721  -32.453 0.5000000000
21721  -39.865  -51.766  -32.200 0.5000000000
24107  -40.249  -48.559  -30.260 0.3000000119
122461  -39.280  -50.029  -32.433 0.5000000000
112154  -41.157  -49.591  -31.353 0.4000000060
24112  -40.992  -49.307  -30.903 0.3000000119
23255  -32.168  -50.131  -30.372 0.5000000000
23256  -33.238  -49.998  -30.414 0.6000000238
23257  -34.276  -49.793  -30.509 0.5000000000
21713  -34.823  -51.231  -32.288 0.6000000238
23263  -35.587  -49.702  -31.624 0.5000000000
24988  -38.708  -47.450  -28.471 0.3000000119
116142  -35.808  -50.921  -32.406 0.6000000238
25937  -39.211  -46.788  -28.777 0.3000000119
24989  -39.269  -47.530  -29.133 0.3000000119
22472  -38.076  -50.781  -32.480 0.5000000000
23270  -39.826  -49.541  -32.450 0.5000000000
22470  -40.686  -50.675  -31.744 0.4000000060
24122  -41.306  -48.842  -32.089 0.4000000060
23251  -33.742  -49.318  -29.882 0.5000000000
24109  -34.662  -49.106  -30.069 0.5000000000
23258  -35.152  -49.437  -30.832 0.5000000000
25931  -38.163  -46.861  -27.365 0.3000000119
25936  -38.616  -46.750  -28.079 0.3000000119
23264  -36.307  -49.248  -31.932 0.6000000238
23267  -36.843  -49.610  -32.325 0.6000000238
23268  -37.581  -49.197  -32.476 0.5000000000
121050  -38.627  -49.266  -32.583 0.5000000000
24999  -41.420  -47.995  -31.221 0.4000000060
25949  -42.178  -47.234  -32.197 0.4000000060
24994  -35.147  -47.680  -29.276 0.5000000000
125301  -34.930  -48.423  -29.652 0.5000000000
24105  -35.713  -47.929  -30.163 0.5000000000
25922  -38.091  -46.299  -26.819 0.4000000060
26816  -38.437  -45.640  -26.983 0.4000000060
24115  -35.885  -48.952  -31.299 0.5000000000
24116  -36.526  -48.496  -31.743 0.5000000000
26817  -38.892  -45.371  -27.606 0.4000000060
26828  -39.185  -45.924  -28.322 0.3000000119
25001  -36.717  -47.747  -31.589 0.4000000060
26829  -39.987  -45.290  -28.700 0.3000000119
24117  -37.177  -48.121  -32.194 0.5000000000
131344  -37.371  -48.613  -32.387 0.4000000060
24119  -37.955  -48.421  -32.617 0.4000000060
25008  -41.582  -48.020  -32.297 0.4000000060
24987  -35.364  -46.853  -28.852 0.5000000000
24995  -35.942  -47.196  -29.800 0.5000000000
26792  -38.061  -44.739  -25.913 0.4000000060
24111  -36.163  -48.200  -31.016 0.5000000000
122977  -36.468  -46.789  -30.322 0.4000000060
27650  -39.101  -44.057  -27.048 0.4000000060
27660  -39.267  -44.628  -27.629 0.4000000060
25944  -36.790  -46.712  -30.952 0.4000000060
126501  -37.194  -47.410  -32.040 0.4000000060
27669  -39.874  -44.508  -28.307 0.4000000060
25004  -37.785  -47.507  -32.527 0.4000000060
25005  -38.505  -47.169  -32.820 0.4000000060
25950  -39.227  -46.699  -32.975 0.4000000060
25006  -39.751  -47.721  -32.887 0.4000000060
113183  -40.327  -46.946  -33.012 0.4000000060
26847  -42.197  -46.330  -32.703 0.4000000060
121653  -42.400  -46.488  -32.023 0.4000000060
26843  -42.530  -45.564  -32.507 0.4000000060
130844  -35.088  -46.261  -28.241 0.5000000000
25935  -35.864  -46.037  -28.654 0.4000000060
27640  -38.104  -44.060  -25.473 0.4000000060
27649  -38.504  -44.178  -26.322 0.4000000060
26833  -36.634  -45.542  -29.570 0.5000000000
26838  -36.786  -46.173  -30.469 0.4000000060
25948  -37.224  -46.224  -31.482 0.4000000060
28537  -39.689  -43.855  -27.764 0.4000000060
126023  -37.694  -46.135  -32.191 0.4000000060
25002  -38.221  -46.467  -32.641 0.4000000060
117502  -42.164  -45.667  -31.380 0.3000000119
25952  -41.347  -46.683  -33.031 0.4000000060
26826  -36.175  -45.226  -28.486 0.4000000060
27673  -36.711  -44.669  -29.127 0.5000000000
27674  -37.118  -44.787  -29.999 0.4000000060
29421  -38.968  -42.801  -26.175 0.4000000060
27677  -37.581  -44.424  -30.722 0.4000000060
26834  -37.338  -45.368  -30.816 0.4000000060
26840  -37.725  -45.549  -31.917 0.4000000060
26841  -38.535  -45.177  -32.488 0.4000000060
26844  -38.904  -45.909  -32.877 0.4000000060
25951  -40.132  -46.180  -33.055 0.4000000060
27679  -42.547  -44.745  -32.046 0.4000000060
117250  -42.326  -45.366  -33.075 0.4000000060
115079  -36.704  -43.962  -28.627 0.4000000060
28543  -37.234  -43.942  -29.729 0.4000000060
121687  -37.505  -43.044  -29.994 0.4000000060
28547  -37.738  -43.599  -30.683 0.4000000060
27680  -37.900  -44.786  -31.665 0.4000000060
27681  -38.624  -44.384  -32.177 0.4000000060
27676  -41.977  -44.740  -30.852 0.4000000060
27682  -39.657  -44.010  -32.493 0.4000000060
27685  -40.504  -44.698  -33.137 0.4000000060
28552  -40.314  -43.304  -32.450 0.4000000060
27686  -41.897  -44.704  -33.287 0.4000000060
29443  -37.405  -42.406  -29.509 0.4000000060
123785  -37.910  -42.877  -30.758 0.4000000060
29446  -38.169  -42.230  -31.033 0.4000000060
28548  -38.303  -43.281  -31.374 0.4000000060
129545  -38.669  -42.688  -31.560 0.4000000060
120613  -38.698  -43.774  -31.916 0.4000000060
28551  -39.149  -43.267  -31.984 0.4000000060
121123  -42.498  -43.959  -32.483 0.3000000119
28553  -41.547  -43.319  -32.789 0.4000000060
27684  -42.510  -44.702  -32.937 0.4000000060
30317  -37.358  -41.763  -29.159 0.4000000060
30320  -37.561  -41.844  -29.834 0.4000000060
132277  -37.704  -40.355  -30.026 0.4000000060
30322  -37.832  -41.612  -30.453 0.4000000060
30323  -38.323  -41.374  -31.181 0.4000000060
29449  -39.595  -42.604  -31.970 0.4000000060
30326  -39.923  -41.713  -32.094 0.4000000060
28545  -42.079  -43.492  -30.069 0.4000000060
28549  -42.402  -43.894  -31.245 0.3000000119
29450  -40.760  -42.580  -32.365 0.4000000060
28554  -42.244  -43.293  -32.598 0.5000000000
28555  -42.525  -43.163  -31.862 0.4000000060
29451  -41.817  -42.587  -32.532 0.5000000000
31996  -37.704  -39.684  -29.763 0.4000000060
31993  -38.120  -39.021  -30.189 0.4000000060
31997  -38.112  -39.861  -30.663 0.4000000060
32820  -38.552  -38.994  -31.001 0.4000000060
31211  -37.947  -40.801  -30.586 0.4000000060
115281  -41.171  -41.801  -32.445 0.4000000060
29452  -42.468  -42.511  -32.183 0.5000000000
32814  -37.716  -38.926  -29.406 0.4000000060
32815  -38.176  -38.250  -29.826 0.4000000060
131709  -38.498  -38.396  -30.501 0.4000000060
30329  -41.679  -41.055  -32.668 0.4000000060
30330  -42.663  -41.070  -32.581 0.5000000000
33630  -38.435  -36.845  -28.981 0.4000000060
34405  -38.900  -36.851  -29.699 0.4000000060
33636  -38.771  -37.594  -30.320 0.4000000060
32005  -42.976  -39.743  -33.130 0.5000000000
36184  -38.951  -34.154  -28.831 0.4000000060
34390  -38.532  -36.332  -28.578 0.4000000060
35268  -39.185  -34.960  -29.039 0.4000000060
34395  -38.945  -36.242  -29.160 0.4000000060
35281  -39.504  -35.154  -29.805 0.4000000060
36192  -39.803  -34.494  -30.449 0.5000000000
35267  -38.816  -35.645  -28.555 0.4000000060
22473  -39.307  -50.900  -32.312 0.5000000000
24121  -40.410  -48.846  -32.532 0.5000000000
25000  -41.792  -47.986  -31.828 0.4000000060
128917  -42.647  -56.153  -29.089 0.5000000000
16482  -38.963  -57.568  -29.960 0.8000000119
111085  -38.095  -57.745  -30.281 0.8000000119
16491  -36.388  -57.727  -31.401 0.6999999881
18164  -43.925  -54.934  -28.539 0.5000000000
16499  -35.588  -57.569  -31.781 0.6999999881
19109  -44.308  -54.151  -27.970 0.5000000000
17330  -34.454  -56.744  -31.686 0.6999999881
19988  -43.214  -53.448  -28.012 0.4000000060
19998  -43.587  -53.756  -28.443 0.4000000060
18191  -34.248  -55.951  -31.814 0.6999999881
20861  -32.866  -52.602  -31.800 0.6999999881
19974  -42.494  -53.242  -27.172 0.4000000060
20836  -41.743  -53.014  -26.211 0.4000000060
19999  -32.557  -52.950  -30.667 0.6000000238
20834  -39.381  -52.733  -26.231 0.4000000060
23250  -32.644  -49.374  -29.862 0.5000000000
24993  -34.094  -48.008  -29.151 0.5000000000
24986  -34.538  -47.312  -28.797 0.4000000060
27667  -35.753  -44.771  -27.839 0.4000000060
27668  -36.100  -44.098  -27.799 0.4000000060
126212  -36.317  -44.560  -28.325 0.4000000060
28527  -36.470  -43.334  -27.978 0.4000000060
30316  -37.011  -41.791  -28.367 0.4000000060
31208  -37.485  -40.369  -29.260 0.4000000060
31992  -37.404  -39.628  -28.915 0.4000000060
33633  -37.734  -38.156  -29.071 0.4000000060
33629  -37.836  -37.437  -28.666 0.4000000060
129252  -38.656  -34.090  -28.138 0.4000000060
19116  -43.109  -54.788  -29.415 0.5000000000
16492  -37.561  -57.760  -31.003 0.6999999881
17341  -37.998  -56.792  -32.879 0.6999999881
19115  -40.993  -54.660  -29.154 0.6000000238
19119  -38.757  -54.697  -29.836 0.6999999881
18185  -39.682  -55.904  -31.458 0.6999999881
19993  -38.403  -53.794  -29.007 0.6000000238
19123  -38.999  -54.882  -30.908 0.6000000238
20865  -34.015  -52.709  -32.503 0.6999999881
21712  -33.877  -51.576  -32.149 0.6000000238
19985  -39.566  -53.521  -27.706 0.5000000000
20846  -38.132  -52.570  -27.474 0.3000000119
22474  -40.325  -51.304  -32.030 0.5000000000
23262  -34.763  -50.137  -31.285 0.6000000238
121936  -37.487  -49.989  -32.458 0.5000000000
23266  -40.937  -49.815  -32.000 0.5000000000
119766  -40.933  -48.218  -32.588 0.4000000060
24120  -39.136  -48.600  -32.716 0.4000000060
25946  -41.972  -47.281  -31.610 0.4000000060
26846  -41.319  -45.635  -33.233 0.4000000060
26842  -39.337  -44.702  -32.722 0.4000000060
29438  -37.169  -42.322  -28.812 0.4000000060
27683  -41.140  -43.959  -33.112 0.4000000060
34396  -39.405  -36.069  -29.932 0.4000000060
11507  -35.915  -63.804  -24.205 0.4000000060
12287  -36.891  -62.818  -23.258 0.4000000060
12288  -37.588  -62.479  -23.626 0.4000000060
11476  -36.098  -63.223  -22.841 0.4000000060
12278  -37.331  -62.240  -22.712 0.4000000060
13019  -37.719  -61.599  -22.121 0.4000000060
13827  -38.796  -60.554  -21.885 0.5000000000
12276  -35.866  -62.880  -21.818 0.4000000060
12277  -36.594  -62.546  -22.333 0.4000000060
13000  -37.317  -61.119  -21.226 0.5000000000
13826  -37.803  -60.361  -21.310 0.5000000000
15513  -38.246  -58.908  -21.674 0.6000000238
11458  -35.139  -63.239  -21.325 0.4000000060
12264  -35.474  -62.519  -20.877 0.4000000060
12999  -36.542  -61.478  -20.930 0.4000000060
14656  -38.469  -59.743  -21.462 0.5000000000
19989  -44.055  -53.608  -27.927 0.3000000119
19975  -43.556  -53.233  -27.267 0.4000000060
20826  -40.804  -52.927  -25.414 0.3000000119
15514  -39.143  -58.593  -21.798 0.5000000000
18134  -44.119  -55.135  -26.499 0.5000000000
19101  -44.778  -53.888  -27.132 0.4000000060
12984  -34.350  -61.598  -20.108 0.4000000060
13813  -37.007  -60.432  -20.865 0.5000000000
14655  -37.636  -59.493  -21.365 0.5000000000
12253  -34.178  -62.335  -19.999 0.4000000060
15533  -38.953  -57.983  -22.395 0.6000000238
16382  -39.437  -57.680  -22.645 0.6000000238
16405  -39.784  -57.160  -23.830 0.6999999881
18149  -43.487  -55.492  -27.108 0.5000000000
124112  -40.194  -57.183  -23.215 0.6999999881
17248  -41.743  -56.263  -24.732 0.6999999881
17247  -40.824  -56.568  -24.676 0.6999999881
114285  -41.345  -56.327  -25.356 0.6999999881
14640  -36.543  -59.905  -20.844 0.5000000000
15512  -37.317  -58.930  -21.827 0.6000000238
15532  -37.829  -58.478  -22.347 0.6000000238
16403  -38.271  -57.805  -23.799 0.6000000238
13810  -34.829  -60.780  -20.416 0.4000000060
14653  -35.920  -59.617  -21.291 0.5000000000
15531  -37.049  -58.639  -22.612 0.6000000238
16404  -38.889  -57.647  -23.091 0.6000000238
112347  -39.086  -57.431  -23.848 0.6000000238
16423  -39.447  -57.174  -24.539 0.6000000238
20835  -40.513  -52.961  -26.145 0.3000000119
114236  -39.565  -57.400  -23.178 0.6000000238
17290  -43.003  -55.987  -27.774 0.6000000238
18163  -43.710  -55.431  -28.090 0.5000000000
14669  -34.640  -59.845  -22.521 0.6000000238
14691  -35.437  -59.432  -23.673 0.6000000238
14711  -36.083  -59.026  -24.107 0.6999999881
15552  -36.853  -58.575  -23.602 0.6000000238
15553  -37.631  -58.271  -23.217 0.6000000238
16422  -38.706  -57.472  -24.665 0.6000000238
14652  -34.959  -59.814  -21.603 0.5000000000
14671  -36.471  -59.105  -22.016 0.6000000238
16439  -39.217  -57.197  -25.368 0.6000000238
17269  -39.980  -56.861  -25.129 0.6999999881
17288  -41.001  -56.664  -26.703 0.6999999881
17271  -41.555  -56.293  -26.175 0.6999999881
17305  -42.449  -56.341  -28.314 0.6000000238
17289  -41.976  -56.339  -27.216 0.6999999881
14710  -35.314  -59.584  -24.722 0.6000000238
15568  -36.678  -58.647  -24.609 0.6999999881
16421  -37.943  -57.831  -24.841 0.6000000238
17304  -41.861  -56.608  -28.773 0.5000000000
17287  -39.936  -56.982  -26.181 0.6999999881
112493  -41.477  -56.740  -27.787 0.6000000238
15606  -36.855  -58.428  -28.003 0.6999999881
16471  -38.714  -57.533  -28.856 0.6999999881
15593  -36.464  -58.832  -26.520 0.6999999881
16453  -37.627  -57.860  -27.209 0.6000000238
16461  -38.529  -57.503  -27.725 0.5000000000
15583  -37.246  -58.294  -25.119 0.6999999881
126901  -37.869  -57.746  -26.289 0.6000000238
16462  -39.425  -57.291  -27.140 0.6999999881
125241  -41.019  -57.074  -28.391 0.5000000000
16455  -39.056  -57.295  -26.155 0.6000000238
17303  -40.496  -57.048  -27.335 0.6999999881
15614  -36.914  -58.222  -29.023 0.6999999881
16470  -37.891  -57.754  -29.393 0.6999999881
16481  -37.097  -58.026  -30.000 0.6999999881
16463  -40.194  -57.251  -28.020 0.6000000238
18150  -44.264  -54.713  -27.576 0.5000000000
16472  -39.514  -57.373  -28.356 0.6000000238
11493  -36.450  -63.327  -23.768 0.4000000060
13001  -38.058  -61.014  -21.706 0.4000000060
12263  -34.676  -62.852  -20.470 0.4000000060
12265  -36.243  -62.196  -21.343 0.4000000060
12986  -36.084  -61.080  -20.500 0.4000000060
12985  -35.295  -61.313  -20.335 0.4000000060
18132  -42.068  -56.014  -25.592 0.6999999881
18148  -42.482  -55.938  -26.612 0.6999999881
14670  -35.480  -59.433  -22.443 0.6999999881
14692  -36.236  -58.956  -23.024 0.6000000238
15569  -37.456  -58.221  -24.191 0.6000000238
15594  -37.298  -58.216  -26.430 0.6999999881
16454  -38.458  -57.509  -26.641 0.6000000238
16460  -37.716  -57.771  -28.346 0.6000000238
14733  -35.772  -59.327  -26.094 0.5000000000
13839  -34.169  -60.237  -22.090 0.4000000060
14690  -34.738  -59.942  -24.368 0.5000000000
15592  -35.659  -59.337  -26.883 0.6000000238
118272  -33.527  -60.845  -22.765 0.4000000060
13881  -33.667  -60.630  -24.398 0.5000000000
13857  -34.014  -60.419  -23.348 0.5000000000
14709  -34.582  -60.111  -25.265 0.5000000000
14732  -34.881  -59.729  -26.637 0.5000000000
14746  -35.082  -59.417  -27.463 0.5000000000
14721  -35.132  -59.735  -25.685 0.5000000000
15613  -35.903  -58.820  -28.684 0.5000000000
116262  -35.263  -59.149  -28.145 0.5000000000
15625  -36.089  -58.416  -29.618 0.6999999881
15612  -34.965  -58.969  -28.790 0.6000000238
16479  -35.368  -58.286  -30.025 0.6000000238
13038  -33.086  -61.211  -23.941 0.5000000000
119825  -33.498  -60.525  -25.069 0.5000000000
14731  -33.994  -59.943  -26.660 0.5000000000
15604  -34.432  -59.135  -28.032 0.5000000000
15611  -34.421  -58.567  -28.656 0.6000000238
16478  -34.755  -57.832  -30.165 0.5000000000
17325  -34.773  -57.379  -31.238 0.6000000238
13899  -33.040  -60.376  -25.433 0.5000000000
14730  -33.429  -59.769  -26.364 0.5000000000
15591  -33.284  -59.246  -26.708 0.5000000000
15603  -33.615  -59.054  -27.448 0.5000000000
15610  -33.956  -58.628  -28.051 0.5000000000
16480  -36.241  -58.024  -30.508 0.6000000238
16469  -34.356  -58.005  -29.254 0.5000000000
117070  -34.329  -56.873  -31.062 0.6000000238
13879  -32.401  -60.575  -24.917 0.5000000000
14729  -33.102  -59.489  -26.196 0.5000000000
122043  -33.235  -58.518  -26.836 0.5000000000
17301  -33.637  -57.161  -27.268 0.5000000000
18162  -34.013  -55.823  -27.679 0.6000000238
16459  -33.574  -58.120  -27.613 0.4000000060
130990  -34.260  -55.056  -28.029 0.4000000060
127176  -33.799  -56.670  -27.675 0.5000000000
17310  -33.780  -57.399  -28.108 0.5000000000
16468  -33.948  -58.081  -28.480 0.4000000060
19983  -34.284  -54.141  -27.797 0.4000000060
19112  -34.276  -54.819  -28.768 0.5000000000
111973  -34.203  -55.633  -29.649 0.5000000000
19982  -33.903  -53.324  -28.103 0.4000000060
113630  -34.060  -56.738  -29.513 0.6000000238
17316  -34.350  -57.193  -30.412 0.6000000238
18184  -34.214  -56.177  -31.190 0.6000000238
19125  -34.076  -55.139  -31.907 0.6000000238
18168  -34.108  -55.793  -28.697 0.5000000000
19990  -33.642  -53.478  -29.150 0.5000000000
19111  -34.041  -54.474  -29.729 0.5000000000
20850  -33.134  -52.813  -28.513 0.4000000060
20855  -32.793  -52.933  -29.621 0.5000000000
19122  -33.766  -54.486  -30.856 0.6000000238
19118  -34.116  -55.427  -30.578 0.6000000238
19124  -33.715  -54.383  -31.623 0.6000000238
20000  -33.380  -53.626  -30.251 0.5000000000
22455  -31.343  -50.286  -30.168 0.3000000119
21706  -31.214  -50.942  -30.356 0.4000000060
20849  -32.152  -52.436  -28.977 0.4000000060
20854  -31.970  -52.399  -30.028 0.5000000000
20003  -33.212  -53.593  -31.204 0.5000000000
20005  -33.316  -53.407  -31.845 0.6000000238
25934  -34.381  -46.653  -28.504 0.3000000119
24985  -33.631  -47.176  -28.921 0.3000000119
24103  -33.271  -48.629  -29.507 0.4000000060
23249  -31.598  -49.481  -29.823 0.4000000060
27658  -35.308  -44.220  -27.470 0.3000000119
123165  -36.787  -41.115  -27.922 0.3000000119
29429  -36.102  -42.697  -27.391 0.3000000119
122258  -37.107  -40.354  -28.410 0.3000000119
32812  -37.274  -38.857  -28.644 0.3000000119
32806  -37.200  -38.086  -28.352 0.3000000119
34389  -37.997  -36.761  -28.266 0.3000000119
20853  -31.469  -51.722  -30.293 0.5000000000
26815  -35.081  -44.834  -27.621 0.3000000119
123703  -34.134  -60.406  -24.849 0.5000000000
17311  -33.950  -57.453  -28.968 0.5000000000
18175  -34.224  -56.415  -30.444 0.6000000238
18135  -44.937  -54.376  -26.697 0.3000000119
18121  -42.594  -55.891  -24.950 0.6000000238
18133  -43.044  -55.619  -25.942 0.6000000238
19941  -43.889  -53.501  -23.928 0.3000000119
19953  -44.408  -53.077  -25.140 0.3000000119
19964  -44.819  -53.022  -26.237 0.3000000119
19963  -43.603  -53.047  -26.339 0.3000000119
119201  -45.286  -53.100  -25.597 0.3000000119
19977  -44.998  -53.453  -26.690 0.3000000119
19976  -44.443  -53.262  -27.085 0.3000000119
124370  -43.740  -55.561  -25.321 0.6000000238
19929  -42.999  -53.985  -22.998 0.3000000119
19952  -43.305  -53.262  -24.627 0.3000000119
123637  -43.804  -53.030  -25.547 0.3000000119
19965  -45.655  -53.429  -25.948 0.3000000119
19089  -45.540  -53.808  -26.263 0.3000000119
122439  -44.729  -54.991  -26.053 0.4000000060
13823  -33.930  -61.049  -20.624 0.4000000060
19940  -42.706  -53.568  -23.732 0.3000000119
124820  -42.413  -53.326  -24.333 0.3000000119
112619  -42.715  -53.136  -25.228 0.3000000119
13040  -39.455  -61.211  -23.336 0.5000000000
13859  -40.131  -60.808  -23.170 0.5000000000
11494  -37.118  -62.998  -24.079 0.4000000060
12289  -38.335  -62.103  -23.960 0.4000000060
13041  -40.037  -61.172  -24.084 0.5000000000
14673  -41.365  -59.371  -22.034 0.5000000000
110515  -41.041  -60.013  -22.449 0.5000000000
13840  -40.191  -60.255  -22.345 0.5000000000
113131  -38.740  -61.558  -23.298 0.4000000060
16408  -43.067  -57.235  -22.982 0.6000000238
16384  -41.735  -57.762  -22.373 0.6000000238
124521  -40.997  -57.753  -22.253 0.5000000000
14672  -40.442  -59.512  -21.886 0.5000000000
13020  -38.425  -61.318  -22.408 0.3000000119
13021  -39.024  -61.123  -22.649 0.4000000060
13858  -39.540  -60.714  -22.526 0.5000000000
17231  -43.501  -56.579  -23.685 0.6000000238
16406  -41.033  -57.147  -22.866 0.6000000238
14657  -39.645  -59.310  -21.669 0.4000000060
15535  -40.555  -58.210  -21.984 0.5000000000
17250  -44.082  -55.965  -24.486 0.6000000238
19090  -46.267  -53.829  -25.694 0.3000000119
115052  -45.527  -54.473  -26.006 0.4000000060
115726  -42.279  -56.312  -24.237 0.6000000238
15515  -40.073  -58.735  -21.737 0.4000000060
19943  -46.325  -53.491  -24.819 0.3000000119
119710  -45.036  -53.244  -24.699 0.3000000119
18122  -44.916  -55.330  -25.353 0.5000000000
17229  -41.578  -56.608  -23.745 0.6000000238
17249  -43.059  -56.129  -24.337 0.6000000238
17230  -42.570  -56.624  -23.589 0.6000000238
18136  -46.301  -54.199  -25.736 0.3000000119
17232  -44.552  -56.524  -23.861 0.5000000000
17233  -45.784  -56.388  -24.067 0.4000000060
17251  -45.274  -55.779  -24.653 0.5000000000
16410  -45.138  -57.261  -23.319 0.5000000000
16409  -44.055  -57.287  -23.119 0.5000000000
16411  -46.387  -57.083  -23.513 0.4000000060
17234  -47.118  -56.066  -24.151 0.4000000060
17252  -46.535  -55.479  -24.787 0.4000000060
127994  -42.250  -58.514  -22.168 0.5000000000
16385  -42.654  -57.936  -22.449 0.5000000000
18123  -46.029  -54.976  -25.417 0.4000000060
11595  -40.952  -62.862  -31.311 0.3000000119
10844  -40.706  -63.402  -31.578 0.3000000119
12365  -41.640  -62.602  -30.670 0.3000000119
130753  -41.997  -62.001  -30.322 0.3000000119
12342  -42.452  -61.738  -29.664 0.4000000060
12353  -41.365  -62.439  -30.567 0.3000000119
12352  -40.657  -62.400  -30.056 0.3000000119
12332  -43.530  -61.537  -28.555 0.4000000060
13109  -43.001  -61.375  -28.933 0.4000000060
12341  -41.597  -61.853  -29.761 0.3000000119
12340  -40.445  -62.335  -28.821 0.3000000119
12333  -43.954  -61.287  -28.016 0.4000000060
13101  -43.559  -60.991  -28.173 0.4000000060
13100  -42.660  -61.087  -28.309 0.4000000060
120985  -41.303  -61.743  -28.701 0.4000000060
12331  -40.565  -62.014  -27.737 0.4000000060
13078  -45.359  -60.362  -25.804 0.3000000119
13922  -44.450  -60.644  -26.925 0.4000000060
13903  -44.379  -60.453  -26.488 0.4000000060
13921  -43.758  -60.640  -27.208 0.4000000060
13920  -42.485  -60.763  -26.598 0.4000000060
13091  -41.497  -61.160  -26.384 0.4000000060
13090  -40.805  -61.548  -26.794 0.4000000060
13864  -46.509  -59.889  -24.543 0.3000000119
13886  -45.387  -60.089  -25.639 0.4000000060
113952  -44.010  -60.292  -25.606 0.4000000060
13901  -42.325  -60.659  -25.588 0.4000000060
13884  -42.844  -60.474  -24.995 0.4000000060
13058  -41.557  -60.948  -25.598 0.4000000060
13863  -45.318  -59.811  -24.733 0.4000000060
13862  -44.428  -59.984  -23.820 0.4000000060
13861  -42.456  -60.373  -23.740 0.4000000060
13883  -41.686  -60.657  -24.561 0.4000000060
13075  -39.882  -61.730  -25.844 0.4000000060
13076  -40.718  -61.340  -25.720 0.4000000060
12320  -39.647  -62.238  -26.672 0.4000000060
13842  -43.279  -60.064  -23.118 0.4000000060
13860  -41.451  -60.411  -23.290 0.4000000060
109948  -39.961  -61.447  -24.998 0.4000000060
13882  -40.777  -60.756  -23.830 0.4000000060
14675  -44.063  -59.500  -22.780 0.4000000060
14674  -42.982  -59.540  -22.523 0.4000000060
16387  -44.684  -58.122  -22.701 0.4000000060
15538  -44.296  -58.898  -22.507 0.4000000060
15537  -43.198  -58.947  -22.191 0.4000000060
114426  -48.212  -55.602  -23.899 0.3000000119
119663  -40.721  -60.504  -22.963 0.4000000060
17253  -47.560  -55.103  -24.646 0.3000000119
111792  -42.246  -59.215  -22.152 0.4000000060
13092  -42.966  -60.800  -27.640 0.4000000060
13099  -41.605  -61.447  -27.997 0.4000000060
13887  -45.991  -60.058  -25.249 0.4000000060
13904  -44.839  -60.428  -26.327 0.4000000060
13902  -43.305  -60.499  -26.127 0.4000000060
14694  -46.402  -59.526  -23.875 0.3000000119
14712  -46.016  -59.796  -24.817 0.4000000060
125759  -44.761  -59.995  -25.227 0.4000000060
13885  -43.615  -60.269  -24.352 0.4000000060
14693  -45.348  -59.588  -23.529 0.4000000060
13057  -40.765  -61.053  -24.808 0.4000000060
13841  -42.115  -59.894  -22.628 0.4000000060
12311  -44.196  -62.115  -26.273 0.3000000119
11536  -42.842  -63.102  -27.076 0.3000000119
11548  -43.094  -62.882  -28.359 0.3000000119
12321  -43.739  -62.119  -27.929 0.3000000119
12322  -44.274  -61.522  -27.287 0.3000000119
129626  -43.518  -62.045  -28.624 0.3000000119
12323  -44.631  -61.356  -26.642 0.3000000119
13094  -44.592  -60.794  -26.940 0.3000000119
13077  -44.953  -60.816  -26.348 0.3000000119
14676  -45.828  -59.112  -23.071 0.3000000119
15539  -45.242  -58.714  -22.739 0.3000000119
13059  -45.297  -61.227  -25.603 0.3000000119
115103  -44.932  -59.201  -22.788 0.3000000119
10736  -35.349  -64.348  -24.597 0.4000000060
12254  -34.969  -62.059  -20.256 0.4000000060
12312  -44.699  -61.721  -25.872 0.3000000119
12987  -36.681  -60.919  -20.741 0.5000000000
12998  -35.776  -61.750  -20.616 0.4000000060
13018  -36.993  -61.882  -21.759 0.4000000060
13039  -38.038  -61.910  -23.037 0.3000000119
13056  -39.185  -61.620  -24.272 0.5000000000
13093  -44.212  -60.869  -27.547 0.4000000060
13108  -42.186  -61.452  -29.004 0.4000000060
13811  -35.646  -60.618  -20.490 0.4000000060
13812  -36.331  -60.480  -20.629 0.5000000000
13824  -34.450  -60.371  -21.080 0.5000000000
13825  -35.291  -60.138  -20.828 0.4000000060
13828  -39.241  -59.839  -21.692 0.5000000000
13829  -39.830  -59.833  -21.875 0.4000000060
13880  -32.928  -60.764  -24.833 0.5000000000
13898  -32.948  -60.006  -25.694 0.5000000000
13900  -33.799  -60.336  -25.613 0.5000000000
13918  -33.360  -60.138  -25.929 0.5000000000
13919  -33.743  -60.151  -26.195 0.5000000000
14641  -37.194  -59.881  -21.016 0.6000000238
14654  -36.819  -59.452  -21.365 0.5000000000
14658  -40.802  -58.883  -21.768 0.5000000000
14720  -34.331  -60.119  -26.079 0.5000000000
14722  -35.906  -59.186  -25.143 0.6999999881
14744  -33.669  -59.529  -26.912 0.5000000000
14745  -34.210  -59.562  -27.268 0.5000000000
15534  -39.742  -58.075  -22.109 0.6000000238
15536  -41.432  -58.516  -21.985 0.5000000000
15540  -46.284  -58.458  -23.026 0.3000000119
15554  -38.320  -58.058  -22.828 0.6000000238
15582  -36.505  -58.778  -25.569 0.6999999881
15605  -36.029  -59.022  -27.576 0.6000000238
15623  -34.843  -58.454  -29.398 0.6000000238
15624  -35.367  -58.672  -29.344 0.6000000238
16383  -40.233  -57.593  -22.539 0.6999999881
16386  -43.648  -58.121  -22.560 0.5000000000
16388  -45.757  -57.949  -22.893 0.3000000119
16407  -42.103  -57.110  -22.882 0.6000000238
16437  -37.639  -57.945  -25.680 0.6999999881
16438  -38.392  -57.541  -25.641 0.6000000238
16452  -33.401  -57.603  -26.733 0.5000000000
16490  -35.416  -57.894  -30.919 0.6000000238
16501  -37.443  -57.564  -31.901 0.6999999881
17228  -40.553  -56.853  -23.773 0.6999999881
17270  -40.727  -56.577  -25.682 0.6999999881
17302  -33.881  -56.682  -28.466 0.5000000000
17317  -40.321  -57.134  -31.385 0.8000000119
17334  -39.359  -57.233  -32.125 0.6999999881
18169  -42.975  -55.565  -29.400 0.5000000000
18179  -41.487  -55.922  -29.652 0.6000000238
18183  -34.049  -55.298  -31.350 0.6000000238
18186  -40.090  -56.749  -31.813 0.6999999881
18192  -34.625  -56.411  -32.350 0.6999999881
18198  -34.914  -55.991  -32.787 0.6999999881
18200  -36.993  -56.083  -33.171 0.6999999881
18201  -38.936  -56.496  -32.735 0.6999999881
19110  -44.544  -53.611  -27.358 0.4000000060
19117  -43.740  -54.307  -28.726 0.4000000060
19128  -34.308  -54.877  -32.346 0.6999999881
19129  -35.102  -55.209  -32.829 0.6999999881
19954  -45.829  -53.283  -25.277 0.3000000119
19955  -46.321  -53.599  -25.429 0.3000000119
19962  -42.512  -53.027  -25.936 0.3000000119
19991  -34.180  -53.995  -28.701 0.4000000060
20007  -33.742  -53.483  -32.300 0.6999999881
20858  -31.984  -52.303  -30.898 0.6000000238
20860  -40.043  -52.551  -31.886 0.5000000000
20862  -39.739  -53.481  -32.032 0.5000000000
22457  -38.127  -50.991  -29.551 0.3000000119
22460  -33.801  -50.467  -31.072 0.6000000238
22463  -40.723  -50.639  -31.489 0.5000000000
22464  -32.415  -51.422  -31.372 0.6000000238
22467  -35.229  -50.450  -32.010 0.6000000238
22468  -36.098  -50.050  -32.182 0.6000000238
23254  -40.071  -49.448  -30.404 0.3000000119
23260  -40.832  -50.082  -30.988 0.4000000060
23261  -41.027  -50.050  -31.499 0.4000000060
23265  -36.929  -48.842  -32.220 0.6000000238
23269  -38.338  -49.984  -32.498 0.5000000000
24104  -34.161  -48.729  -29.553 0.5000000000
24106  -39.339  -48.843  -29.629 0.3000000119
24110  -35.459  -48.691  -30.486 0.5000000000
24113  -41.375  -48.866  -31.453 0.4000000060
24114  -41.583  -48.483  -31.835 0.4000000060
24118  -41.298  -49.323  -31.634 0.4000000060
24998  -36.424  -47.372  -30.781 0.5000000000
25003  -41.919  -47.790  -32.108 0.4000000060
25007  -41.092  -47.486  -32.814 0.4000000060
25941  -36.235  -46.459  -29.561 0.5000000000
25947  -36.962  -47.022  -31.542 0.4000000060
25953  -41.902  -47.269  -32.546 0.4000000060
26806  -38.174  -45.319  -26.402 0.4000000060
26825  -35.309  -45.528  -27.925 0.4000000060
26827  -38.544  -46.132  -27.544 0.3000000119
26845  -39.727  -45.349  -33.009 0.4000000060
27659  -38.661  -44.852  -26.927 0.4000000060
27678  -38.083  -44.023  -31.456 0.4000000060
28517  -38.951  -43.436  -26.567 0.4000000060
28526  -35.650  -43.489  -27.329 0.3000000119
28536  -37.122  -43.097  -28.941 0.4000000060
28550  -42.608  -42.992  -30.808 0.3000000119
28556  -42.204  -43.971  -33.098 0.4000000060
29437  -36.753  -42.532  -28.153 0.4000000060
29445  -37.705  -42.334  -30.274 0.4000000060
29447  -42.825  -42.361  -31.457 0.4000000060
29448  -38.863  -41.955  -31.681 0.4000000060
30309  -36.443  -41.894  -27.596 0.3000000119
30327  -42.189  -41.813  -32.466 0.5000000000
33634  -38.316  -37.502  -29.431 0.4000000060
35280  -39.216  -35.623  -29.291 0.4000000060
36174  -38.782  -34.797  -28.271 0.4000000060
112199  -39.542  -60.236  -22.010 0.4000000060
112954  -44.855  -60.179  -26.037 0.4000000060
113213  -36.876  -58.516  -27.150 0.6999999881
113407  -38.785  -48.227  -28.859 0.3000000119
113433  -34.728  -59.820  -23.423 0.5000000000
114755  -36.032  -57.250  -32.418 0.6999999881
114862  -34.254  -57.484  -29.699 0.5000000000
117648  -38.554  -47.856  -32.805 0.4000000060
118026  -37.062  -58.410  -25.859 0.6999999881
118156  -39.413  -45.131  -28.123 0.3000000119
120855  -40.136  -50.453  -32.169 0.5000000000
121683  -41.891  -46.556  -31.233 0.4000000060
121757  -42.032  -61.089  -27.328 0.4000000060
122427  -37.517  -46.787  -32.193 0.4000000060
122986  -37.585  -41.116  -29.728 0.4000000060
123077  -37.284  -41.091  -28.773 0.4000000060
123450  -38.470  -58.355  -22.178 0.6000000238
124213  -34.447  -53.440  -32.558 0.6999999881
125912  -40.068  -56.909  -24.393 0.6000000238
128897  -35.944  -60.058  -20.681 0.4000000060
129089  -38.971  -59.275  -21.577 0.5000000000
129104  -34.279  -60.287  -24.116 0.5000000000
129253  -39.704  -56.186  -32.128 0.6000000238
129725  -37.954  -46.955  -32.595 0.4000000060
130028  -37.710  -53.759  -32.983 0.5000000000
130452  -38.149  -45.817  -32.464 0.4000000060
130499  -31.008  -50.489  -30.088 0.3000000119
130875  -38.250  -42.775  -31.163 0.4000000060
132499  -38.158  -45.817  -26.609 0.4000000060
132578  -38.344  -44.775  -26.405 0.4000000060
