#!ascii label  , from subject sub-v1s13x0050040_ses-1 vox2ras=TkReg
1719
8505  -17.451  -67.165  -27.252 0.5000000000
112775  -18.610  -69.114  -23.367 0.5000000000
7741  -19.393  -69.092  -22.761 0.5000000000
6509  -20.064  -70.380  -22.712 0.5000000000
10030  -16.986  -65.202  -29.730 0.5000000000
9265  -17.411  -66.027  -28.258 0.5000000000
10019  -17.268  -65.091  -28.639 0.5000000000
10006  -17.714  -65.715  -27.259 0.5000000000
121102  -17.571  -65.004  -27.718 0.6000000238
9245  -17.775  -66.419  -26.740 0.5000000000
6521  -20.324  -70.562  -23.202 0.5000000000
7768  -18.154  -68.132  -24.780 0.5000000000
6529  -20.670  -70.200  -24.393 0.5000000000
8463  -19.111  -67.855  -23.487 0.6000000238
7112  -20.565  -69.962  -22.940 0.6000000238
8472  -19.228  -67.067  -23.784 0.6000000238
7742  -20.125  -68.630  -22.598 0.6000000238
7120  -21.169  -69.570  -24.063 0.6999999881
9217  -19.968  -66.669  -23.475 0.6999999881
7744  -21.328  -68.615  -22.998 0.6999999881
9218  -20.811  -66.466  -23.297 0.6999999881
8459  -21.372  -67.820  -22.889 0.6999999881
7752  -21.606  -68.738  -23.758 0.6999999881
10811  -17.123  -64.245  -28.961 0.5000000000
11552  -17.636  -63.484  -28.624 0.6000000238
11566  -17.376  -62.966  -29.416 0.6000000238
11567  -18.125  -62.818  -29.079 0.6000000238
9246  -18.246  -66.318  -25.903 0.5000000000
7125  -20.886  -69.582  -24.939 0.5000000000
6549  -20.253  -69.994  -26.135 0.5000000000
7779  -20.851  -68.153  -27.065 0.6999999881
7133  -21.082  -68.964  -25.574 0.6999999881
128466  -21.344  -68.254  -26.245 0.6999999881
9225  -18.778  -66.903  -24.551 0.6000000238
9235  -18.887  -66.184  -25.036 0.6999999881
7126  -21.419  -68.926  -24.679 0.6999999881
9950  -19.658  -65.929  -24.596 0.6999999881
9227  -20.295  -65.996  -23.968 0.6999999881
7761  -22.595  -67.803  -24.365 0.6999999881
9935  -21.235  -65.892  -23.749 0.6999999881
119493  -21.669  -66.489  -23.413 0.6999999881
121789  -21.816  -68.030  -23.370 0.6999999881
8473  -23.248  -67.371  -24.323 0.6999999881
9936  -22.151  -65.907  -23.839 0.6999999881
9937  -23.038  -65.915  -23.986 0.6999999881
131990  -23.561  -66.973  -24.152 0.6999999881
9221  -23.825  -65.995  -24.144 0.6999999881
11565  -16.692  -63.361  -30.004 0.5000000000
12356  -16.603  -62.173  -31.065 0.6000000238
13119  -17.614  -61.671  -31.410 0.6000000238
12347  -17.790  -62.432  -29.928 0.6000000238
12370  -18.429  -61.753  -31.613 0.6000000238
11539  -18.088  -63.900  -27.882 0.6000000238
12348  -18.704  -62.530  -29.907 0.6000000238
10760  -18.554  -64.489  -27.252 0.6000000238
7797  -21.082  -67.636  -27.686 0.6999999881
9971  -18.761  -65.617  -25.779 0.6999999881
8506  -21.678  -67.300  -28.035 0.6999999881
8528  -22.495  -67.207  -28.519 0.6999999881
10761  -19.277  -64.741  -26.655 0.6999999881
8492  -21.686  -67.519  -27.010 0.6999999881
117316  -23.345  -67.200  -28.977 0.6999999881
9972  -19.485  -65.628  -25.242 0.6999999881
10762  -20.113  -65.004  -26.261 0.6999999881
7769  -21.716  -68.273  -25.349 0.6999999881
7780  -22.135  -67.638  -26.014 0.6999999881
8507  -22.454  -67.253  -27.578 0.6999999881
114831  -23.218  -67.210  -28.003 0.6999999881
115295  -20.254  -65.594  -24.739 0.6999999881
10745  -20.759  -65.089  -25.820 0.6999999881
7770  -22.615  -67.854  -25.108 0.6999999881
8494  -23.563  -67.548  -26.687 0.6999999881
9974  -22.129  -65.107  -25.044 0.6999999881
7762  -24.074  -67.653  -24.814 0.6999999881
7771  -23.722  -67.796  -25.239 0.6999999881
10731  -23.001  -65.063  -24.881 0.6999999881
115475  -24.173  -67.270  -24.483 0.6999999881
7772  -24.750  -68.023  -25.275 0.6999999881
9953  -23.519  -65.481  -24.474 0.6999999881
7763  -25.094  -67.693  -24.776 0.6999999881
9955  -24.724  -65.809  -24.766 0.6999999881
12369  -15.799  -62.275  -31.735 0.5000000000
13126  -16.276  -61.691  -31.966 0.6000000238
13137  -16.891  -61.376  -33.911 0.6000000238
13136  -15.911  -61.338  -33.450 0.5000000000
114634  -17.494  -61.380  -34.677 0.6000000238
12381  -14.543  -61.922  -33.361 0.5000000000
13125  -15.390  -61.733  -32.703 0.5000000000
13128  -17.681  -61.559  -32.523 0.6000000238
126750  -18.136  -61.182  -35.160 0.6000000238
12382  -18.584  -61.852  -32.863 0.6000000238
13152  -18.216  -61.699  -34.754 0.6000000238
11553  -18.415  -63.438  -28.423 0.6000000238
11540  -18.784  -63.966  -27.794 0.6999999881
127738  -19.468  -62.703  -30.480 0.6999999881
10778  -19.638  -64.232  -27.843 0.6999999881
11554  -19.274  -63.704  -28.409 0.6999999881
123933  -24.228  -67.255  -29.423 0.6999999881
10779  -20.124  -64.644  -27.138 0.6999999881
10796  -20.164  -64.101  -28.493 0.6999999881
8529  -24.056  -67.297  -28.325 0.6999999881
8568  -24.371  -67.318  -30.830 0.6999999881
10797  -21.101  -64.316  -28.290 0.6999999881
8509  -24.755  -67.728  -27.583 0.6999999881
8530  -24.912  -67.504  -28.632 0.6999999881
111608  -21.952  -64.725  -26.624 0.6000000238
7798  -25.058  -68.128  -26.619 0.6999999881
8510  -25.474  -67.881  -28.019 0.6999999881
8551  -25.137  -67.481  -29.722 0.6999999881
8569  -25.283  -67.590  -30.741 0.6999999881
8587  -24.867  -67.721  -31.790 0.6999999881
10747  -22.703  -64.916  -25.419 0.6999999881
7783  -25.314  -68.291  -25.843 0.6999999881
123621  -26.038  -68.381  -25.797 0.6000000238
7812  -26.266  -68.238  -27.900 0.6999999881
8531  -25.791  -67.802  -28.810 0.6999999881
10749  -24.099  -65.015  -25.592 0.6000000238
9228  -24.494  -66.216  -24.424 0.6999999881
8475  -25.714  -67.225  -24.656 0.6999999881
7764  -25.942  -67.828  -24.950 0.6999999881
7774  -26.499  -68.096  -25.509 0.6000000238
7800  -26.590  -68.412  -27.006 0.6000000238
9991  -24.827  -65.223  -26.072 0.6000000238
9236  -25.389  -65.984  -25.211 0.6000000238
9238  -26.968  -67.027  -25.424 0.6000000238
9248  -27.501  -67.085  -26.092 0.5000000000
7785  -27.237  -68.106  -26.078 0.5000000000
7786  -27.684  -67.996  -26.594 0.5000000000
9992  -25.555  -65.477  -26.551 0.6000000238
9993  -26.455  -65.899  -26.605 0.5000000000
9247  -26.817  -66.482  -25.869 0.5000000000
13150  -16.189  -60.986  -34.639 0.6000000238
13149  -15.256  -60.885  -34.385 0.6000000238
14795  -18.122  -59.985  -34.298 0.5000000000
15644  -18.470  -58.388  -32.187 0.6999999881
13135  -15.071  -61.371  -33.787 0.5000000000
13973  -14.865  -60.414  -33.877 0.6000000238
131081  -15.915  -59.827  -33.928 0.6000000238
13133  -13.167  -61.574  -33.520 0.6000000238
13134  -13.957  -61.681  -33.783 0.6000000238
14796  -18.944  -60.120  -34.265 0.4000000060
118426  -14.092  -60.585  -33.674 0.6000000238
13986  -18.868  -61.364  -35.157 0.5000000000
12393  -18.994  -62.116  -34.881 0.6000000238
12383  -19.416  -62.369  -33.302 0.6000000238
110520  -19.850  -63.643  -29.163 0.6999999881
12360  -19.772  -62.683  -31.335 0.6000000238
11569  -20.460  -63.557  -29.947 0.6999999881
111366  -22.130  -64.467  -27.797 0.6000000238
11570  -21.578  -63.798  -29.960 0.6000000238
10781  -22.864  -64.590  -26.943 0.6000000238
112327  -26.716  -68.279  -28.716 0.6000000238
7829  -26.155  -67.891  -29.934 0.6999999881
7841  -25.768  -68.016  -31.343 0.6999999881
7851  -25.200  -68.298  -32.411 0.6999999881
10782  -23.663  -64.656  -27.127 0.6000000238
7813  -27.309  -68.494  -27.770 0.6000000238
7859  -24.836  -68.590  -32.868 0.6999999881
10784  -25.266  -65.208  -27.384 0.6000000238
9258  -27.851  -66.917  -26.853 0.4000000060
7815  -28.480  -68.235  -27.938 0.4000000060
7814  -28.087  -68.592  -28.235 0.5000000000
119685  -27.533  -68.627  -28.613 0.6000000238
7842  -26.745  -68.565  -30.752 0.6000000238
7190  -25.398  -68.981  -32.943 0.6000000238
10785  -25.672  -65.221  -27.935 0.5000000000
10801  -26.395  -65.318  -28.179 0.5000000000
10009  -26.881  -65.821  -27.405 0.5000000000
10010  -27.694  -66.394  -27.476 0.5000000000
129149  -28.559  -68.485  -28.666 0.4000000060
7831  -28.122  -68.897  -29.190 0.6000000238
15643  -17.621  -58.539  -32.228 0.6000000238
14794  -17.249  -59.885  -34.279 0.6000000238
15645  -19.368  -58.070  -32.124 0.6000000238
14782  -14.475  -59.814  -33.001 0.6000000238
14778  -16.073  -58.780  -32.097 0.5000000000
15626  -15.815  -58.446  -31.273 0.6000000238
14777  -15.129  -58.715  -31.238 0.6000000238
14787  -18.943  -59.266  -33.121 0.6000000238
128955  -12.672  -60.996  -33.209 0.6999999881
14776  -14.066  -59.427  -31.995 0.6000000238
14770  -14.730  -58.937  -30.598 0.6000000238
14797  -19.896  -59.810  -33.754 0.5000000000
14788  -19.788  -58.722  -32.748 0.6000000238
13971  -12.086  -60.816  -32.616 0.6000000238
14768  -12.673  -59.560  -31.001 0.6999999881
13987  -19.797  -61.560  -35.230 0.5000000000
13965  -12.192  -60.087  -31.965 0.6999999881
116663  -20.025  -62.458  -34.819 0.6000000238
13959  -10.569  -60.666  -31.091 0.6000000238
11601  -20.531  -63.128  -31.687 0.6000000238
12384  -20.312  -62.762  -33.769 0.6000000238
11615  -20.860  -63.152  -32.843 0.6000000238
11584  -20.978  -63.478  -30.880 0.6000000238
10813  -22.514  -64.082  -29.548 0.6000000238
116957  -23.349  -64.309  -29.305 0.6000000238
11587  -25.019  -63.942  -31.189 0.6000000238
121933  -23.811  -64.630  -27.832 0.6000000238
117393  -25.916  -63.490  -30.775 0.6000000238
10800  -25.633  -65.024  -28.592 0.6000000238
7843  -27.646  -69.060  -30.319 0.6000000238
7178  -27.068  -69.336  -31.588 0.6000000238
7191  -26.187  -69.494  -32.863 0.6000000238
128366  -26.244  -64.960  -28.910 0.5000000000
10802  -26.934  -65.091  -28.885 0.5000000000
10020  -27.299  -65.708  -28.199 0.5000000000
7200  -26.262  -70.416  -33.585 0.6000000238
7832  -28.845  -68.586  -29.529 0.4000000060
7179  -27.873  -69.491  -31.193 0.6000000238
7192  -27.283  -69.936  -32.606 0.6000000238
15636  -17.342  -58.169  -31.455 0.6000000238
131450  -18.319  -58.145  -30.268 0.5000000000
112671  -18.581  -57.786  -30.822 0.6000000238
15618  -19.846  -58.368  -30.104 0.5000000000
15642  -16.829  -58.612  -32.205 0.6000000238
15615  -16.911  -58.512  -29.920 0.6000000238
15637  -18.148  -58.056  -31.442 0.5000000000
15638  -19.087  -57.741  -31.388 0.5000000000
15639  -19.808  -57.469  -31.600 0.5000000000
15627  -16.311  -58.309  -30.597 0.5000000000
15628  -17.091  -58.113  -30.700 0.6000000238
14760  -15.256  -59.229  -29.636 0.5000000000
15646  -20.187  -57.665  -32.171 0.6000000238
14757  -12.083  -59.885  -30.470 0.6999999881
132247  -13.405  -59.431  -30.265 0.6000000238
13953  -12.083  -60.036  -29.677 0.6000000238
112441  -20.782  -61.691  -35.190 0.5000000000
13951  -9.592  -60.783  -30.420 0.5000000000
110310  -11.298  -60.198  -30.408 0.6999999881
12395  -20.939  -62.912  -34.445 0.5000000000
11616  -21.645  -63.428  -33.146 0.5000000000
11585  -21.947  -63.659  -31.118 0.6000000238
11618  -23.980  -63.799  -32.444 0.6000000238
10832  -23.827  -64.174  -31.010 0.5000000000
11604  -24.586  -63.764  -31.812 0.6000000238
10833  -24.549  -64.228  -30.702 0.6000000238
10835  -26.250  -64.041  -30.162 0.5000000000
7844  -29.137  -68.544  -30.523 0.5000000000
7181  -29.009  -69.072  -31.104 0.5000000000
129181  -27.784  -70.373  -33.259 0.6000000238
7201  -27.066  -70.554  -33.709 0.6000000238
14763  -18.487  -58.775  -29.544 0.6000000238
15617  -19.000  -58.202  -30.144 0.6000000238
14762  -17.569  -58.981  -29.347 0.6000000238
15631  -20.192  -57.630  -30.654 0.5000000000
14761  -16.782  -59.216  -29.233 0.6000000238
118785  -16.074  -59.471  -29.017 0.6999999881
16503  -20.727  -57.038  -31.944 0.6000000238
13954  -13.603  -59.714  -29.402 0.6000000238
14759  -14.218  -59.306  -29.933 0.6000000238
15647  -21.019  -57.735  -32.540 0.6000000238
110177  -11.262  -60.168  -29.466 0.6000000238
109775  -12.906  -60.056  -29.030 0.6000000238
13981  -20.435  -60.806  -34.750 0.5000000000
11625  -21.711  -63.248  -34.150 0.5000000000
115407  -9.209  -60.246  -29.575 0.5000000000
13952  -10.318  -60.362  -30.139 0.6000000238
11603  -22.301  -63.633  -32.286 0.5000000000
12398  -23.222  -62.778  -33.718 0.6000000238
109981  -23.234  -63.751  -32.560 0.5000000000
12386  -25.235  -62.270  -32.396 0.5000000000
11605  -25.399  -63.033  -31.532 0.5000000000
125551  -28.696  -69.485  -32.288 0.6000000238
6591  -28.330  -70.078  -33.106 0.6000000238
14754  -19.098  -59.446  -28.784 0.6000000238
118089  -20.032  -59.573  -28.876 0.5000000000
123611  -20.260  -59.106  -29.545 0.5000000000
13945  -17.765  -59.980  -28.021 0.6999999881
15619  -20.902  -58.699  -29.917 0.5000000000
13943  -16.111  -60.010  -28.146 0.6999999881
14751  -16.652  -59.689  -28.596 0.6000000238
15632  -21.165  -57.663  -30.481 0.5000000000
128478  -14.626  -59.806  -28.870 0.6000000238
16485  -21.428  -56.804  -30.845 0.5000000000
16504  -21.398  -56.928  -32.158 0.6000000238
13927  -13.865  -60.681  -27.452 0.6999999881
15648  -21.922  -57.732  -32.851 0.6000000238
13926  -12.156  -60.439  -27.833 0.6000000238
15651  -21.533  -58.778  -33.225 0.6000000238
14738  -10.430  -59.675  -27.855 0.6999999881
109586  -11.332  -60.199  -28.454 0.6999999881
13163  -21.612  -61.839  -34.985 0.5000000000
13982  -21.622  -60.827  -34.716 0.5000000000
14749  -9.514  -59.700  -28.813 0.6000000238
124034  -22.166  -62.014  -34.681 0.5000000000
14737  -9.221  -59.202  -28.159 0.5000000000
13164  -22.497  -62.309  -34.426 0.6000000238
11626  -22.355  -63.202  -34.056 0.5000000000
14747  -7.480  -59.678  -28.891 0.6000000238
11627  -23.136  -63.393  -33.359 0.5000000000
12385  -24.065  -62.927  -33.014 0.6000000238
13154  -25.858  -60.977  -33.982 0.5000000000
131287  -19.261  -60.045  -27.643 0.6999999881
13947  -19.662  -59.917  -28.070 0.5000000000
14755  -20.896  -59.484  -29.016 0.5000000000
125138  -17.614  -60.509  -26.833 0.8000000119
13932  -18.091  -60.258  -27.319 0.6999999881
14765  -21.777  -59.157  -29.091 0.5000000000
15620  -22.438  -58.477  -29.295 0.5000000000
13910  -15.376  -60.928  -26.633 0.6999999881
13930  -16.555  -60.400  -27.387 0.6999999881
13931  -17.316  -60.335  -27.391 0.8000000119
13929  -15.756  -60.480  -27.366 0.6999999881
16464  -23.190  -57.722  -29.364 0.5000000000
13908  -13.410  -61.007  -26.479 0.6999999881
13928  -14.912  -60.620  -27.358 0.6999999881
17319  -21.884  -56.338  -31.082 0.6000000238
16474  -22.217  -57.585  -30.175 0.5000000000
13907  -11.914  -60.376  -26.762 0.6000000238
111803  -12.838  -60.718  -27.186 0.6000000238
15652  -22.500  -58.623  -33.474 0.6000000238
13925  -11.150  -59.862  -26.915 0.6999999881
132048  -11.400  -60.170  -27.571 0.6999999881
14803  -22.706  -60.287  -34.537 0.6000000238
14798  -22.094  -59.668  -33.987 0.6000000238
115830  -9.793  -58.958  -27.251 0.6000000238
110409  -23.389  -60.486  -34.598 0.6000000238
13165  -23.176  -61.988  -34.091 0.6000000238
15595  -7.265  -58.974  -27.323 0.6000000238
13153  -23.979  -61.904  -33.660 0.6000000238
127560  -24.806  -61.112  -33.931 0.5000000000
13913  -18.305  -60.536  -26.504 0.6000000238
13914  -19.300  -60.445  -26.532 0.5000000000
13933  -19.722  -60.187  -27.298 0.5000000000
125031  -22.155  -59.404  -28.252 0.5000000000
13086  -16.686  -60.943  -26.056 0.8000000119
15607  -22.976  -58.448  -28.545 0.5000000000
13084  -14.866  -61.288  -25.792 0.6999999881
17327  -22.427  -56.068  -31.319 0.6000000238
17213  -7.220  -56.270  -22.614 0.6000000238
126960  -12.630  -60.727  -26.301 0.8000000119
17219  -7.703  -55.766  -23.487 0.6000000238
14715  -11.166  -59.230  -25.636 0.6999999881
123298  -12.188  -60.277  -25.620 0.8000000119
16505  -22.325  -56.865  -32.461 0.6000000238
16413  -7.175  -57.417  -24.226 0.6000000238
15587  -9.910  -58.346  -26.352 0.6000000238
14799  -23.038  -59.354  -34.103 0.6000000238
14800  -23.936  -59.134  -34.243 0.6000000238
16441  -7.981  -57.743  -26.185 0.6000000238
15585  -7.620  -58.374  -26.795 0.6000000238
15597  -8.891  -58.515  -27.373 0.6000000238
110593  -23.114  -61.309  -34.510 0.6000000238
15657  -24.851  -58.997  -34.560 0.6000000238
14736  -8.197  -59.084  -28.262 0.5000000000
13989  -25.308  -60.175  -34.879 0.5000000000
13990  -26.259  -60.106  -35.131 0.5000000000
15659  -26.448  -59.147  -34.832 0.5000000000
13893  -18.894  -60.767  -25.795 0.5000000000
112702  -19.883  -60.724  -25.847 0.5000000000
13070  -18.027  -60.906  -25.676 0.6000000238
13071  -18.582  -61.127  -25.117 0.5000000000
13085  -15.851  -61.169  -25.929 0.8000000119
13069  -17.216  -61.101  -25.462 0.6999999881
13067  -15.388  -61.385  -24.957 0.8000000119
13083  -13.889  -61.231  -25.704 0.8000000119
16487  -23.107  -56.325  -30.454 0.6000000238
16456  -23.530  -57.762  -28.340 0.5000000000
18075  -7.946  -54.718  -21.030 0.6000000238
13892  -12.830  -60.432  -24.921 0.8000000119
17307  -24.120  -56.374  -29.495 0.5000000000
117859  -8.628  -54.898  -23.536 0.6999999881
18091  -7.740  -54.803  -21.998 0.6000000238
131120  -11.659  -59.599  -25.388 0.8000000119
16506  -23.356  -56.714  -32.756 0.6000000238
17328  -23.218  -55.655  -31.414 0.6000000238
17321  -23.479  -55.685  -30.750 0.6000000238
18115  -8.522  -55.627  -24.221 0.6000000238
16511  -23.983  -57.471  -33.409 0.6000000238
15653  -23.476  -58.426  -33.700 0.6000000238
17336  -23.869  -55.845  -32.341 0.6000000238
124077  -7.695  -57.448  -25.427 0.6000000238
130846  -10.724  -58.673  -25.675 0.5000000000
123552  -24.488  -58.236  -34.026 0.6000000238
16442  -8.768  -57.591  -26.059 0.6000000238
15658  -25.740  -58.990  -34.781 0.6000000238
15654  -25.417  -58.251  -34.252 0.6000000238
15655  -26.043  -58.448  -34.300 0.5000000000
15656  -26.436  -58.756  -34.245 0.5000000000
14801  -27.024  -59.328  -34.804 0.5000000000
14790  -26.937  -59.188  -33.912 0.5000000000
13050  -17.790  -61.241  -24.927 0.6000000238
118760  -16.112  -61.359  -24.538 0.6999999881
19011  -10.047  -54.680  -19.844 0.6000000238
19027  -8.810  -54.467  -20.830 0.6000000238
13046  -14.030  -60.963  -24.510 0.8000000119
128106  -23.950  -57.007  -28.898 0.5000000000
19028  -9.538  -54.208  -21.422 0.6000000238
13870  -13.545  -60.396  -24.451 0.8000000119
17308  -24.523  -56.183  -28.953 0.5000000000
19055  -8.910  -54.366  -22.805 0.6999999881
14699  -12.596  -59.329  -24.841 0.8000000119
18187  -23.939  -55.322  -31.134 0.6000000238
17314  -24.556  -55.741  -29.701 0.6000000238
18105  -9.579  -54.945  -24.190 0.8000000119
14698  -11.525  -58.748  -25.217 0.6999999881
16507  -24.484  -56.562  -33.104 0.6000000238
18188  -24.845  -55.133  -31.451 0.6000000238
18116  -9.438  -55.722  -24.755 0.6999999881
17257  -9.788  -56.368  -25.314 0.6999999881
15571  -10.466  -58.014  -25.573 0.6000000238
17337  -25.402  -56.505  -33.239 0.6000000238
18190  -26.788  -55.602  -31.555 0.6000000238
16425  -8.486  -57.177  -25.536 0.6000000238
17338  -25.987  -56.119  -32.904 0.5000000000
16513  -25.937  -57.677  -33.541 0.5000000000
120608  -16.927  -61.378  -24.514 0.6000000238
13028  -17.864  -61.613  -23.172 0.5000000000
18990  -12.304  -54.674  -18.470 0.6000000238
13026  -16.308  -61.334  -23.892 0.6999999881
18998  -10.633  -54.639  -19.057 0.6000000238
13048  -15.565  -61.204  -24.043 0.6999999881
13848  -15.659  -60.727  -23.473 0.6000000238
19029  -10.528  -54.588  -20.816 0.6000000238
19012  -11.013  -54.585  -19.730 0.6000000238
13847  -15.003  -60.299  -23.732 0.6000000238
14701  -14.252  -59.895  -23.985 0.6999999881
109970  -10.454  -54.109  -23.199 0.8000000119
14700  -13.387  -59.660  -24.487 0.6999999881
15558  -14.108  -59.151  -24.548 0.6000000238
19069  -10.359  -54.473  -24.139 0.8000000119
15556  -12.414  -58.578  -25.040 0.8000000119
16430  -13.896  -57.718  -26.167 0.6999999881
18126  -10.322  -55.785  -25.442 0.6999999881
17258  -10.469  -56.336  -25.757 0.6999999881
16428  -11.387  -56.756  -26.292 0.6000000238
16429  -12.889  -57.329  -26.521 0.8000000119
18043  -13.901  -55.056  -17.983 0.6000000238
19013  -12.054  -54.394  -19.766 0.6000000238
18076  -11.626  -54.815  -21.620 0.6999999881
15575  -15.703  -58.594  -24.349 0.6000000238
109611  -10.530  -54.176  -22.074 0.6999999881
19057  -11.213  -54.101  -23.884 0.6999999881
15573  -14.037  -58.439  -25.285 0.6999999881
16431  -14.879  -57.953  -25.829 0.6000000238
18118  -10.999  -54.417  -24.916 0.8000000119
19079  -11.693  -54.405  -25.644 0.6000000238
18127  -10.959  -55.158  -25.844 0.5000000000
16446  -13.688  -57.081  -27.216 0.6999999881
16447  -14.678  -57.305  -26.792 0.6999999881
16448  -15.660  -57.441  -26.392 0.6000000238
18117  -10.317  -55.121  -24.877 0.8000000119
17274  -12.530  -56.084  -27.891 0.6000000238
16444  -12.129  -56.729  -27.047 0.6000000238
18033  -14.782  -55.338  -17.322 0.6000000238
129628  -13.697  -54.356  -18.569 0.6000000238
18062  -12.787  -55.030  -20.685 0.6999999881
19000  -12.714  -54.117  -19.092 0.6000000238
18061  -11.778  -54.842  -20.675 0.6999999881
18093  -12.505  -55.149  -22.208 0.6999999881
19058  -12.978  -54.417  -23.781 0.6000000238
16432  -15.892  -58.018  -25.365 0.6000000238
110711  -11.910  -54.023  -24.493 0.6000000238
18139  -12.064  -55.383  -27.370 0.6000000238
127712  -16.508  -57.499  -26.022 0.5000000000
17277  -15.382  -56.757  -27.363 0.6000000238
16449  -17.333  -57.137  -26.067 0.5000000000
17259  -17.998  -56.581  -26.379 0.5000000000
17294  -16.016  -56.051  -28.015 0.6000000238
17278  -17.348  -56.565  -26.838 0.5000000000
18992  -15.134  -53.688  -17.783 0.6000000238
18991  -14.936  -54.324  -17.976 0.6000000238
19014  -13.210  -54.008  -20.004 0.6999999881
19890  -14.352  -53.545  -19.907 0.6999999881
115000  -13.507  -55.039  -20.698 0.6999999881
18063  -13.564  -55.614  -21.214 0.6999999881
18094  -14.114  -56.031  -22.343 0.6000000238
18106  -13.243  -55.304  -22.707 0.5000000000
19071  -13.748  -54.128  -24.409 0.6999999881
19073  -15.571  -54.488  -24.608 0.6000000238
19082  -14.272  -53.826  -26.781 0.6000000238
19095  -15.201  -53.861  -27.554 0.6000000238
18151  -14.366  -55.329  -28.564 0.6000000238
18152  -15.414  -55.347  -28.545 0.5000000000
19104  -16.632  -54.527  -28.399 0.5000000000
121167  -17.975  -55.338  -28.044 0.5000000000
21608  -11.944  -51.492  -19.375 0.6999999881
21621  -12.693  -51.469  -20.125 0.6999999881
21620  -11.490  -51.375  -20.564 0.6999999881
20755  -15.132  -52.234  -18.903 0.6000000238
21622  -13.881  -51.546  -20.235 0.6999999881
21630  -12.329  -51.592  -21.172 0.6999999881
22402  -11.855  -51.006  -22.616 0.6999999881
23187  -12.335  -49.779  -22.202 0.6000000238
19883  -15.112  -53.053  -19.221 0.6999999881
20760  -14.844  -51.798  -19.887 0.6999999881
21632  -14.313  -51.899  -20.710 0.6999999881
21647  -12.527  -51.293  -22.962 0.6999999881
19891  -14.721  -53.051  -20.208 0.6999999881
117973  -15.105  -52.428  -19.595 0.6999999881
21641  -13.130  -51.912  -22.544 0.6999999881
114982  -14.294  -56.057  -21.599 0.6999999881
18108  -15.448  -56.008  -22.908 0.6000000238
19060  -14.898  -55.104  -23.768 0.6000000238
117220  -16.179  -54.064  -25.260 0.6000000238
19945  -17.672  -53.725  -24.996 0.6000000238
19072  -14.497  -53.926  -25.196 0.6000000238
19083  -15.247  -53.716  -25.963 0.6000000238
19085  -16.814  -53.626  -25.801 0.6000000238
19084  -15.989  -53.589  -26.585 0.5000000000
19956  -16.665  -53.362  -27.182 0.6000000238
19967  -18.059  -52.993  -27.718 0.6000000238
19103  -15.778  -54.552  -28.399 0.5000000000
19097  -16.856  -53.864  -28.127 0.5000000000
19978  -18.140  -53.738  -28.371 0.5000000000
21629  -11.259  -51.212  -21.344 0.6999999881
23186  -11.655  -50.417  -22.110 0.6000000238
24030  -12.825  -48.978  -21.296 0.6000000238
131604  -13.938  -48.745  -21.733 0.6000000238
24041  -14.390  -48.892  -22.307 0.4000000060
21648  -13.326  -51.405  -23.544 0.6000000238
22408  -12.611  -50.746  -23.253 0.5000000000
114996  -13.914  -49.548  -23.182 0.5000000000
24042  -15.652  -48.316  -22.766 0.4000000060
24930  -15.804  -47.255  -22.289 0.5000000000
19015  -14.142  -54.257  -20.618 0.6999999881
19900  -14.767  -53.749  -21.254 0.8000000119
20773  -14.363  -52.606  -22.657 0.6999999881
21659  -15.101  -51.225  -24.224 0.5000000000
23205  -15.414  -49.644  -23.997 0.4000000060
24052  -16.073  -48.938  -23.375 0.4000000060
24043  -16.371  -47.987  -22.883 0.4000000060
109833  -17.871  -47.892  -23.279 0.4000000060
119301  -14.869  -55.102  -21.188 0.8000000119
19901  -15.358  -54.291  -21.463 0.8000000119
19915  -14.888  -53.249  -22.065 0.8000000119
20782  -15.063  -52.664  -22.825 0.8000000119
21650  -15.543  -52.040  -23.501 0.6000000238
22417  -15.707  -50.470  -24.058 0.5000000000
23206  -16.364  -49.695  -23.602 0.4000000060
24053  -17.073  -48.740  -23.272 0.4000000060
19030  -14.254  -55.568  -21.110 0.6999999881
18079  -16.072  -55.764  -21.684 0.8000000119
19032  -16.724  -55.098  -21.802 0.6999999881
19063  -17.424  -54.709  -23.285 0.5000000000
119084  -16.706  -50.536  -23.471 0.5000000000
23207  -18.140  -49.115  -23.217 0.4000000060
114280  -18.802  -48.480  -23.636 0.4000000060
18109  -16.304  -55.790  -22.828 0.6000000238
19062  -16.740  -55.190  -23.518 0.5000000000
122654  -17.798  -54.175  -23.958 0.5000000000
120925  -18.163  -53.258  -25.408 0.6000000238
19957  -17.469  -53.110  -26.453 0.6000000238
19958  -18.289  -52.802  -26.377 0.6000000238
21628  -10.717  -51.141  -20.877 0.6000000238
22394  -10.251  -50.909  -20.608 0.5000000000
23177  -11.932  -49.527  -21.332 0.5000000000
24020  -12.423  -48.658  -20.449 0.4000000060
24031  -13.611  -48.471  -21.233 0.5000000000
24032  -14.261  -48.037  -21.414 0.5000000000
24033  -15.056  -47.832  -21.931 0.5000000000
24920  -15.287  -46.477  -21.535 0.5000000000
25855  -16.815  -45.873  -22.265 0.5000000000
26722  -17.984  -45.372  -21.864 0.5000000000
24941  -17.415  -46.642  -22.945 0.5000000000
25857  -18.475  -45.734  -22.750 0.5000000000
19916  -15.654  -53.496  -22.025 0.6999999881
21651  -16.642  -51.967  -22.881 0.6000000238
21652  -17.775  -51.801  -22.479 0.5000000000
21661  -17.012  -51.272  -23.073 0.5000000000
129931  -18.114  -46.945  -23.319 0.5000000000
25873  -19.029  -45.931  -23.180 0.5000000000
19031  -15.836  -55.262  -21.451 0.8000000119
19902  -16.301  -54.383  -21.689 0.6999999881
19918  -17.618  -53.530  -22.187 0.6000000238
21653  -18.444  -51.278  -22.732 0.5000000000
22418  -18.497  -50.223  -23.027 0.4000000060
23208  -18.843  -49.486  -23.424 0.5000000000
24054  -18.522  -47.499  -23.528 0.4000000060
24943  -19.472  -46.550  -23.729 0.5000000000
19930  -17.892  -53.983  -23.025 0.5000000000
20795  -18.982  -52.504  -24.013 0.5000000000
117624  -18.945  -51.850  -23.081 0.6000000238
21662  -19.085  -51.030  -23.317 0.5000000000
22419  -19.186  -50.194  -23.676 0.5000000000
23215  -19.830  -49.453  -24.902 0.5000000000
19931  -18.410  -53.435  -24.031 0.5000000000
21675  -19.196  -52.215  -25.009 0.5000000000
21668  -19.282  -51.703  -24.042 0.5000000000
21669  -19.418  -50.942  -24.271 0.5000000000
20817  -18.933  -52.402  -26.135 0.6000000238
21676  -19.349  -51.833  -25.809 0.6000000238
117350  -10.275  -49.706  -19.842 0.5000000000
24010  -11.142  -48.919  -19.573 0.5000000000
24019  -11.564  -49.218  -20.456 0.5000000000
24904  -12.919  -48.061  -19.743 0.4000000060
24021  -13.259  -48.131  -20.460 0.4000000060
24009  -10.564  -49.027  -19.093 0.5000000000
24011  -12.089  -48.500  -19.639 0.4000000060
24918  -13.995  -47.510  -20.655 0.5000000000
24919  -14.588  -46.925  -21.059 0.6000000238
25839  -15.660  -45.594  -21.237 0.5000000000
25840  -16.367  -45.533  -21.627 0.5000000000
25825  -17.539  -45.579  -20.685 0.4000000060
26723  -18.632  -45.575  -21.616 0.4000000060
25842  -19.439  -46.032  -21.894 0.4000000060
24866  -12.329  -48.167  -18.107 0.4000000060
117631  -12.592  -48.118  -19.016 0.4000000060
24887  -13.263  -47.851  -19.324 0.4000000060
24888  -14.411  -46.907  -19.808 0.5000000000
25805  -14.755  -46.291  -20.057 0.5000000000
25806  -15.269  -45.993  -19.846 0.5000000000
125882  -14.468  -47.234  -19.327 0.4000000060
24869  -14.942  -47.491  -18.886 0.4000000060
129102  -15.741  -46.957  -19.154 0.5000000000
25807  -16.212  -45.964  -19.732 0.4000000060
25808  -17.175  -46.071  -19.850 0.4000000060
25826  -18.353  -45.986  -20.832 0.4000000060
24908  -19.733  -47.344  -20.499 0.4000000060
24846  -12.054  -47.757  -17.226 0.4000000060
24867  -13.035  -48.073  -18.598 0.4000000060
111460  -13.834  -47.632  -19.241 0.4000000060
25760  -13.265  -46.947  -16.153 0.4000000060
24826  -13.892  -47.751  -16.605 0.4000000060
24868  -14.239  -47.850  -18.698 0.4000000060
23984  -15.707  -48.432  -17.815 0.4000000060
24870  -16.399  -47.854  -18.589 0.5000000000
24890  -16.933  -47.133  -19.110 0.5000000000
114809  -17.750  -47.014  -19.447 0.4000000060
24907  -18.830  -47.011  -20.316 0.4000000060
24850  -16.189  -48.181  -17.268 0.4000000060
24852  -17.932  -47.980  -17.646 0.4000000060
24853  -18.904  -47.880  -17.773 0.4000000060
24891  -18.539  -47.357  -19.485 0.4000000060
24892  -19.467  -47.560  -19.587 0.4000000060
124056  -12.577  -46.609  -15.868 0.4000000060
127980  -13.070  -46.585  -15.749 0.3000000119
24827  -14.835  -47.757  -16.546 0.3000000119
24849  -15.313  -48.307  -17.227 0.4000000060
25733  -14.580  -45.932  -14.582 0.4000000060
122872  -13.644  -46.533  -15.606 0.3000000119
25762  -15.328  -46.841  -15.980 0.3000000119
24828  -15.810  -47.654  -16.581 0.4000000060
25748  -16.941  -46.016  -15.448 0.5000000000
24830  -17.687  -47.566  -16.831 0.4000000060
24831  -18.580  -47.584  -16.972 0.4000000060
24854  -19.853  -47.652  -17.920 0.4000000060
25793  -21.549  -46.936  -19.132 0.3000000119
25736  -17.737  -45.906  -14.759 0.5000000000
25749  -18.010  -46.365  -15.483 0.5000000000
129631  -18.981  -47.313  -16.541 0.4000000060
24832  -19.535  -47.440  -16.958 0.4000000060
25778  -20.459  -47.152  -17.301 0.3000000119
113445  -13.788  -46.219  -15.037 0.4000000060
25715  -14.421  -45.888  -13.631 0.4000000060
127889  -15.159  -45.748  -14.035 0.4000000060
25734  -16.295  -45.678  -14.801 0.5000000000
25696  -15.363  -45.767  -13.102 0.4000000060
25717  -16.679  -45.698  -13.947 0.5000000000
25718  -17.504  -45.801  -13.943 0.5000000000
26636  -18.415  -45.886  -13.967 0.4000000060
26646  -19.702  -45.935  -14.748 0.4000000060
25766  -20.304  -46.693  -16.372 0.3000000119
26612  -18.035  -45.486  -12.210 0.3000000119
115568  -18.770  -45.368  -12.618 0.3000000119
110662  -19.820  -45.057  -13.378 0.3000000119
131225  -13.885  -46.075  -14.318 0.4000000060
26610  -15.948  -45.712  -12.209 0.3000000119
26595  -16.482  -45.552  -11.414 0.4000000060
26639  -20.509  -44.499  -14.626 0.3000000119
25679  -14.634  -45.810  -11.695 0.3000000119
26577  -16.225  -45.152  -9.934 0.3000000119
14793  -16.499  -59.827  -34.122 0.6000000238
14784  -16.325  -59.334  -33.059 0.5000000000
17292  -14.102  -56.112  -28.347 0.6000000238
17291  -13.393  -55.712  -28.381 0.6000000238
7102  -18.775  -69.833  -22.817 0.5000000000
7751  -19.597  -68.195  -22.846 0.6000000238
9987  -18.185  -65.650  -26.488 0.5000000000
8457  -20.277  -67.856  -22.675 0.6999999881
129688  -22.100  -68.089  -23.894 0.6999999881
9973  -21.049  -65.274  -25.044 0.6999999881
7753  -22.423  -67.585  -23.797 0.6999999881
9219  -22.535  -66.516  -23.720 0.6999999881
12359  -19.006  -62.177  -30.914 0.5000000000
8493  -22.662  -67.391  -26.733 0.6999999881
10780  -21.139  -64.592  -27.389 0.6999999881
10746  -21.509  -64.981  -25.804 0.6999999881
7782  -24.310  -67.993  -25.974 0.6999999881
10748  -23.297  -64.895  -25.496 0.6999999881
13978  -17.532  -60.719  -34.963 0.6000000238
7799  -25.685  -68.179  -27.229 0.6999999881
126333  -22.756  -64.320  -28.614 0.6000000238
10783  -24.446  -64.876  -27.441 0.6000000238
9977  -25.994  -65.978  -25.814 0.5000000000
14781  -13.645  -60.050  -32.829 0.6999999881
126307  -23.127  -64.487  -27.796 0.6000000238
7830  -27.198  -68.548  -29.497 0.6000000238
7852  -26.070  -68.729  -32.087 0.6000000238
122802  -24.897  -64.789  -28.897 0.5000000000
10817  -26.630  -64.555  -29.509 0.5000000000
7166  -28.373  -69.148  -30.182 0.5000000000
119205  -14.847  -59.201  -32.052 0.6000000238
14775  -13.163  -59.652  -31.909 0.6999999881
15650  -20.584  -58.805  -32.959 0.6000000238
11586  -22.989  -63.892  -31.367 0.5000000000
10814  -23.975  -64.303  -30.001 0.5000000000
10834  -25.331  -64.206  -30.325 0.6000000238
119268  -24.136  -64.521  -29.116 0.5000000000
10816  -25.661  -64.633  -29.435 0.5000000000
7193  -28.152  -69.831  -32.088 0.6000000238
117993  -29.122  -68.940  -31.848 0.5000000000
128735  -14.544  -60.277  -28.020 0.6000000238
126544  -23.552  -56.803  -29.748 0.5000000000
16392  -7.153  -56.848  -23.109 0.6000000238
15584  -7.176  -58.785  -26.472 0.6000000238
13988  -24.293  -60.373  -34.612 0.6000000238
17236  -7.293  -56.689  -23.889 0.6000000238
13869  -12.840  -59.966  -24.597 0.8000000119
17255  -8.180  -56.758  -24.999 0.6000000238
120962  -25.045  -55.887  -32.786 0.6000000238
16443  -9.592  -57.606  -25.881 0.6000000238
16508  -25.815  -56.926  -33.390 0.6000000238
15557  -13.233  -58.908  -24.847 0.8000000119
111050  -25.950  -55.127  -30.171 0.6000000238
120180  -10.918  -57.575  -25.569 0.6000000238
16427  -10.130  -57.069  -25.706 0.6999999881
17272  -11.113  -56.238  -26.372 0.6000000238
19081  -13.324  -54.003  -26.141 0.6000000238
17275  -13.408  -56.412  -28.043 0.6999999881
19093  -13.441  -54.420  -27.550 0.6000000238
127913  -16.573  -55.678  -28.104 0.5000000000
19061  -15.932  -55.409  -23.690 0.5000000000
19094  -14.251  -54.363  -28.061 0.6000000238
19105  -17.652  -54.442  -28.452 0.5000000000
20753  -13.128  -51.864  -18.354 0.6999999881
20754  -14.466  -51.972  -18.457 0.6000000238
21631  -13.328  -51.938  -21.410 0.6999999881
20768  -14.618  -52.485  -20.636 0.8000000119
21649  -14.413  -51.965  -23.681 0.6000000238
22395  -10.658  -50.929  -21.238 0.6000000238
23197  -14.708  -49.363  -23.527 0.5000000000
23204  -14.047  -50.046  -24.087 0.5000000000
24061  -19.651  -48.406  -24.371 0.5000000000
23167  -10.813  -49.707  -20.436 0.5000000000
25872  -18.219  -46.148  -23.080 0.5000000000
20784  -17.303  -52.729  -22.275 0.6000000238
20785  -18.060  -52.604  -22.268 0.6000000238
120741  -19.632  -51.067  -25.408 0.5000000000
23998  -11.073  -48.564  -18.579 0.5000000000
25824  -16.516  -45.442  -20.697 0.5000000000
24889  -14.898  -46.687  -19.568 0.6000000238
24825  -12.471  -47.229  -16.498 0.4000000060
24847  -12.823  -47.944  -17.480 0.4000000060
24848  -13.603  -48.141  -17.315 0.4000000060
25761  -14.264  -46.990  -15.995 0.3000000119
121134  -14.431  -48.299  -17.266 0.4000000060
24871  -17.154  -48.090  -18.262 0.5000000000
24872  -18.066  -47.784  -18.675 0.4000000060
24829  -16.757  -47.587  -16.695 0.4000000060
24851  -17.037  -48.100  -17.436 0.4000000060
24873  -19.192  -47.752  -18.684 0.4000000060
24893  -20.433  -47.584  -19.704 0.4000000060
25746  -14.716  -46.195  -15.407 0.3000000119
25747  -15.860  -45.984  -15.521 0.5000000000
25763  -16.360  -46.730  -16.079 0.4000000060
25765  -18.426  -47.084  -16.187 0.5000000000
25764  -17.370  -46.885  -16.136 0.4000000060
25792  -20.631  -47.323  -18.190 0.4000000060
110691  -19.012  -46.504  -15.457 0.4000000060
25750  -19.980  -46.330  -15.523 0.4000000060
25716  -15.870  -45.657  -13.981 0.5000000000
25697  -16.315  -45.707  -13.098 0.5000000000
26626  -17.243  -45.756  -13.091 0.4000000060
26638  -20.195  -45.124  -14.141 0.4000000060
26611  -16.913  -45.655  -12.228 0.4000000060
127177  -16.137  -45.455  -10.696 0.3000000119
122076  -16.910  -45.231  -10.730 0.3000000119
26596  -17.465  -45.320  -11.445 0.3000000119
5364  -24.578  -72.109  -29.325 0.5000000000
5343  -26.051  -72.613  -27.522 0.5000000000
5354  -25.539  -72.730  -28.615 0.5000000000
125225  -26.441  -72.260  -26.699 0.5000000000
113588  -26.566  -72.669  -28.301 0.5000000000
5344  -27.108  -72.177  -27.429 0.6000000238
5962  -24.050  -71.286  -30.264 0.5000000000
5365  -25.675  -72.846  -30.103 0.5000000000
5355  -26.509  -72.889  -29.274 0.5000000000
130129  -28.421  -71.505  -26.638 0.6000000238
5367  -27.314  -72.807  -29.767 0.6000000238
5939  -27.493  -72.366  -28.620 0.6000000238
5961  -23.166  -70.690  -29.984 0.4000000060
7857  -21.488  -67.071  -33.023 0.4000000060
7849  -21.899  -67.579  -32.956 0.4000000060
7187  -21.389  -68.615  -32.488 0.5000000000
7177  -21.981  -69.224  -31.671 0.5000000000
6581  -21.966  -69.963  -30.617 0.5000000000
6582  -22.712  -69.887  -31.104 0.5000000000
112592  -22.857  -68.824  -32.523 0.5000000000
6583  -23.685  -70.441  -31.275 0.5000000000
5930  -29.153  -71.410  -26.927 0.6000000238
5931  -30.105  -71.517  -27.303 0.6000000238
5973  -24.577  -71.159  -31.609 0.5000000000
5963  -24.983  -72.075  -30.741 0.5000000000
117960  -29.268  -71.434  -27.898 0.6000000238
5375  -25.657  -72.634  -31.251 0.5000000000
5377  -27.229  -73.181  -30.906 0.6000000238
5356  -28.082  -72.312  -29.375 0.6000000238
5941  -30.075  -71.388  -28.333 0.6000000238
5950  -28.958  -71.923  -29.671 0.6000000238
129079  -29.392  -71.533  -28.769 0.6000000238
111065  -30.680  -71.497  -28.829 0.6999999881
5965  -29.718  -71.834  -30.552 0.6000000238
5966  -30.688  -71.612  -30.530 0.6999999881
8547  -21.048  -67.120  -29.629 0.6000000238
8548  -21.818  -66.974  -30.450 0.6000000238
122749  -22.757  -67.062  -30.671 0.6000000238
8565  -21.465  -66.723  -31.820 0.5000000000
8584  -21.954  -66.916  -32.622 0.5000000000
8567  -23.374  -67.147  -31.468 0.6000000238
7188  -22.199  -68.310  -32.651 0.5000000000
8585  -22.945  -67.361  -32.522 0.5000000000
123128  -23.780  -67.856  -32.794 0.5000000000
6588  -23.632  -69.455  -32.301 0.5000000000
7189  -23.742  -68.449  -32.746 0.5000000000
6589  -24.417  -70.145  -32.397 0.5000000000
4755  -30.432  -72.648  -26.848 0.6999999881
125706  -30.707  -71.889  -27.415 0.6000000238
5346  -31.334  -72.759  -28.145 0.8000000119
5974  -25.358  -71.887  -31.998 0.5000000000
5382  -26.010  -72.640  -32.208 0.5000000000
5383  -26.810  -73.213  -32.127 0.6000000238
5942  -30.739  -71.641  -28.064 0.6999999881
111147  -31.443  -71.885  -28.946 0.6999999881
5368  -28.083  -72.645  -30.258 0.6000000238
5952  -31.057  -71.549  -29.652 0.6999999881
5964  -28.810  -72.474  -30.857 0.6000000238
117758  -30.320  -71.944  -31.605 0.6999999881
110677  -31.707  -71.704  -30.651 0.6999999881
5968  -33.522  -71.694  -30.977 0.6000000238
7828  -20.341  -67.445  -29.570 0.5000000000
8527  -21.742  -67.194  -29.093 0.6000000238
8550  -23.467  -67.143  -30.150 0.6000000238
8586  -24.008  -67.497  -32.202 0.6000000238
7850  -24.476  -68.052  -32.600 0.6000000238
7198  -24.409  -69.204  -32.796 0.5000000000
7199  -25.019  -69.288  -33.067 0.6000000238
4764  -30.942  -73.104  -27.742 0.6999999881
6590  -25.148  -70.834  -32.707 0.5000000000
6596  -25.655  -70.398  -33.294 0.5000000000
5357  -31.951  -72.688  -28.797 0.5000000000
125615  -32.569  -73.948  -28.232 0.6000000238
5975  -25.858  -71.655  -33.226 0.6000000238
130618  -26.983  -72.993  -32.877 0.5000000000
5384  -27.521  -73.153  -32.650 0.5000000000
5953  -32.369  -72.385  -29.597 0.6000000238
5385  -28.532  -73.011  -32.179 0.5000000000
5954  -32.700  -72.028  -30.477 0.6000000238
5976  -29.671  -72.559  -32.646 0.5000000000
5977  -30.860  -72.017  -32.922 0.6000000238
5967  -32.588  -71.636  -31.547 0.5000000000
6601  -32.741  -70.973  -32.843 0.5000000000
6585  -34.060  -70.831  -30.675 0.5000000000
7811  -20.891  -67.445  -28.594 0.6000000238
7796  -20.485  -68.037  -27.894 0.4000000060
122113  -25.637  -69.728  -33.200 0.5000000000
4773  -32.427  -73.309  -28.504 0.6000000238
112496  -26.211  -71.139  -33.815 0.5000000000
4774  -33.206  -72.860  -28.510 0.5000000000
5391  -28.029  -73.068  -33.295 0.5000000000
5359  -33.546  -72.425  -29.114 0.5000000000
5371  -34.104  -72.211  -28.854 0.5000000000
4775  -33.644  -72.848  -28.119 0.5000000000
5395  -28.881  -72.285  -34.588 0.5000000000
5369  -33.302  -72.311  -29.885 0.5000000000
5955  -34.330  -71.306  -29.907 0.5000000000
5986  -29.858  -72.382  -33.862 0.6000000238
5995  -30.502  -71.356  -34.897 0.6000000238
5980  -33.693  -71.081  -31.495 0.5000000000
5969  -33.996  -71.326  -30.655 0.6000000238
6600  -31.909  -70.954  -33.728 0.6000000238
7205  -32.203  -70.577  -33.250 0.5000000000
7132  -20.620  -69.085  -26.434 0.4000000060
5992  -26.827  -71.286  -34.183 0.5000000000
115246  -34.473  -72.074  -28.329 0.5000000000
5985  -27.296  -72.030  -34.424 0.5000000000
5994  -28.790  -71.567  -35.271 0.5000000000
6578  -34.612  -71.281  -29.084 0.5000000000
5944  -34.912  -71.950  -27.809 0.5000000000
127792  -35.266  -71.911  -27.093 0.5000000000
5924  -36.307  -71.458  -26.047 0.5000000000
6540  -38.189  -70.625  -25.235 0.5000000000
6606  -29.487  -71.132  -35.523 0.6000000238
6607  -30.148  -70.613  -35.470 0.6000000238
6577  -34.342  -70.780  -29.581 0.5000000000
7204  -31.271  -70.246  -34.338 0.6000000238
7158  -33.443  -69.368  -28.426 0.5000000000
7861  -31.094  -69.045  -34.022 0.5000000000
7854  -31.559  -68.574  -32.389 0.5000000000
124830  -28.835  -69.400  -33.582 0.5000000000
6569  -34.881  -71.320  -28.235 0.5000000000
5932  -35.230  -71.388  -27.389 0.5000000000
110970  -36.421  -70.476  -26.144 0.5000000000
6539  -37.122  -70.977  -25.620 0.5000000000
7202  -28.576  -70.124  -34.360 0.5000000000
123875  -28.825  -69.891  -35.310 0.6000000238
6568  -34.566  -70.699  -28.589 0.5000000000
6559  -34.878  -70.499  -27.476 0.5000000000
6551  -37.449  -70.222  -25.751 0.5000000000
6532  -39.376  -70.503  -24.950 0.5000000000
7159  -34.116  -69.766  -27.918 0.5000000000
129329  -33.742  -69.074  -27.749 0.5000000000
7853  -29.042  -68.704  -33.072 0.5000000000
7788  -36.998  -68.947  -26.155 0.5000000000
7135  -36.943  -69.608  -25.950 0.5000000000
111054  -37.528  -69.589  -25.926 0.5000000000
6541  -39.777  -70.131  -25.631 0.4000000060
7789  -38.018  -69.393  -26.165 0.4000000060
125775  -15.028  -62.532  -32.554 0.4000000060
17202  -7.692  -55.683  -21.112 0.5000000000
18049  -10.559  -54.946  -18.685 0.5000000000
18060  -9.140  -55.090  -19.754 0.5000000000
18042  -12.665  -55.519  -17.942 0.5000000000
18041  -11.436  -55.141  -18.296 0.5000000000
18059  -8.421  -55.249  -20.398 0.5000000000
20736  -12.656  -52.358  -17.564 0.5000000000
20752  -11.696  -51.839  -18.321 0.5000000000
21619  -10.555  -51.181  -20.116 0.5000000000
6598  -28.126  -70.609  -34.370 0.5000000000
6605  -28.126  -71.335  -35.035 0.5000000000
119705  -28.243  -71.659  -27.568 0.6000000238
5376  -26.264  -73.087  -31.158 0.6000000238
5940  -28.563  -71.804  -28.645 0.6000000238
5378  -28.060  -72.992  -31.179 0.6000000238
8566  -22.430  -66.907  -31.729 0.6000000238
5389  -26.512  -72.603  -33.073 0.5000000000
114663  -31.409  -71.672  -31.681 0.6000000238
5978  -32.016  -71.477  -32.593 0.6000000238
4765  -31.581  -73.583  -28.432 0.6999999881
5984  -26.575  -71.899  -33.893 0.5000000000
5392  -28.855  -72.820  -33.525 0.5000000000
5987  -30.741  -71.870  -34.100 0.6000000238
122051  -31.494  -71.585  -33.403 0.6000000238
5979  -33.080  -71.246  -32.249 0.5000000000
7169  -33.489  -69.960  -29.543 0.5000000000
5956  -34.458  -71.758  -29.136 0.5000000000
131824  -34.669  -71.678  -28.555 0.5000000000
119900  -29.761  -71.868  -34.891 0.5000000000
7194  -31.764  -69.628  -32.932 0.5000000000
6599  -28.656  -70.962  -35.573 0.5000000000
7203  -30.249  -69.707  -35.533 0.5000000000
7209  -29.154  -70.531  -35.931 0.5000000000
7147  -35.477  -69.886  -26.576 0.5000000000
7146  -34.500  -69.223  -27.057 0.5000000000
7127  -38.977  -70.296  -25.555 0.5000000000
7803  -35.091  -68.605  -26.818 0.4000000060
7137  -39.099  -69.903  -26.181 0.4000000060
127630  -34.458  -74.186  -25.322 0.5000000000
4744  -34.720  -73.890  -26.010 0.6000000238
4756  -34.908  -73.391  -26.660 0.6000000238
4213  -33.659  -74.124  -26.927 0.6000000238
4212  -32.915  -74.501  -26.613 0.4000000060
120378  -35.269  -73.268  -25.810 0.4000000060
4767  -34.962  -72.990  -27.139 0.4000000060
4214  -34.311  -73.828  -26.772 0.6000000238
4226  -34.485  -73.280  -27.250 0.5000000000
5347  -34.582  -72.598  -27.616 0.4000000060
4766  -34.034  -73.088  -27.776 0.5000000000
112328  -33.000  -74.175  -27.592 0.6000000238
4223  -30.783  -74.036  -28.301 0.6000000238
4763  -30.371  -73.448  -27.260 0.6000000238
4754  -29.908  -73.040  -26.260 0.6000000238
5331  -29.880  -72.314  -26.197 0.6000000238
4743  -29.268  -72.595  -25.595 0.6000000238
5317  -29.220  -71.900  -25.667 0.5000000000
5921  -27.969  -71.519  -25.917 0.5000000000
5909  -27.258  -71.642  -25.515 0.4000000060
5329  -26.440  -72.031  -25.648 0.5000000000
7121  -40.258  -70.043  -24.912 0.3000000119
115410  -24.962  -72.531  -27.527 0.4000000060
18171  -25.077  -55.594  -29.120 0.4000000060
18173  -26.692  -55.331  -29.907 0.4000000060
18182  -26.598  -55.299  -30.805 0.5000000000
19979  -19.008  -53.514  -28.332 0.5000000000
20838  -19.659  -52.847  -28.134 0.5000000000
19980  -20.076  -53.531  -28.289 0.5000000000
21691  -20.080  -52.292  -27.976 0.4000000060
22439  -20.373  -50.761  -27.131 0.4000000060
20820  -22.479  -51.612  -26.267 0.4000000060
22432  -20.248  -50.322  -26.295 0.4000000060
23222  -20.684  -49.931  -26.853 0.4000000060
22444  -21.089  -50.793  -27.789 0.4000000060
23221  -20.291  -49.665  -25.781 0.4000000060
21695  -23.118  -51.097  -28.118 0.4000000060
24069  -20.718  -49.067  -26.044 0.4000000060
24078  -21.869  -48.704  -27.131 0.4000000060
23243  -24.465  -49.471  -28.678 0.4000000060
124385  -20.703  -48.381  -25.469 0.4000000060
24070  -21.311  -48.349  -26.109 0.4000000060
24952  -19.884  -47.294  -24.275 0.4000000060
24963  -20.959  -47.676  -25.264 0.4000000060
26740  -19.665  -45.809  -22.643 0.3000000119
26758  -19.512  -45.746  -22.995 0.4000000060
24909  -20.652  -47.504  -20.658 0.3000000119
24922  -20.017  -47.042  -21.386 0.3000000119
114108  -20.857  -46.322  -23.256 0.3000000119
25843  -20.330  -46.652  -22.189 0.3000000119
20828  -22.373  -52.118  -27.435 0.4000000060
128956  -22.525  -51.651  -27.955 0.4000000060
21693  -21.464  -51.700  -28.184 0.4000000060
119204  -21.198  -52.372  -28.308 0.4000000060
21694  -22.376  -51.417  -28.100 0.4000000060
23236  -22.386  -50.139  -28.132 0.4000000060
22434  -23.722  -50.569  -27.174 0.4000000060
22451  -23.655  -50.266  -28.484 0.4000000060
23237  -23.216  -49.874  -28.479 0.4000000060
23228  -21.848  -49.458  -27.589 0.4000000060
4649  -39.101  -73.269  -17.385 0.3000000119
4663  -39.255  -73.073  -18.195 0.3000000119
4099  -38.425  -74.260  -17.448 0.4000000060
117016  -38.817  -73.670  -17.898 0.3000000119
4662  -38.880  -73.568  -18.647 0.4000000060
4124  -37.781  -74.753  -19.622 0.3000000119
3631  -38.405  -74.181  -19.106 0.3000000119
4675  -38.834  -73.385  -19.316 0.4000000060
3190  -36.891  -75.945  -19.878 0.3000000119
4137  -38.260  -73.956  -19.924 0.3000000119
3645  -37.284  -75.279  -20.151 0.3000000119
3657  -37.136  -75.127  -20.806 0.3000000119
4149  -37.295  -74.540  -21.052 0.3000000119
3656  -36.647  -75.455  -21.229 0.3000000119
122498  -36.887  -74.931  -21.375 0.3000000119
117368  -36.412  -75.036  -21.858 0.3000000119
3215  -36.051  -75.727  -21.675 0.3000000119
3668  -35.805  -75.121  -22.349 0.3000000119
110216  -34.673  -76.959  -22.215 0.3000000119
2740  -35.259  -76.817  -21.737 0.3000000119
3213  -35.101  -76.078  -22.312 0.3000000119
3667  -35.350  -75.385  -22.522 0.3000000119
3676  -35.300  -74.857  -22.921 0.3000000119
3222  -34.294  -76.302  -22.769 0.4000000060
5234  -39.296  -72.877  -18.896 0.3000000119
3605  -37.885  -74.885  -17.689 0.4000000060
4691  -38.702  -73.124  -19.828 0.4000000060
3630  -37.298  -75.502  -19.360 0.3000000119
118507  -37.757  -74.070  -20.588 0.4000000060
3203  -36.337  -76.135  -20.960 0.3000000119
4702  -37.344  -73.703  -21.147 0.4000000060
4159  -36.057  -74.495  -22.433 0.4000000060
2731  -35.997  -76.974  -20.550 0.3000000119
126839  -35.593  -74.563  -22.820 0.4000000060
2729  -34.827  -77.618  -21.618 0.3000000119
2730  -35.424  -77.544  -20.950 0.4000000060
4171  -34.963  -74.578  -23.658 0.4000000060
3689  -34.359  -74.891  -23.816 0.3000000119
128082  -34.854  -78.248  -20.961 0.3000000119
5235  -39.516  -72.399  -18.446 0.3000000119
5835  -39.616  -71.720  -18.673 0.3000000119
5825  -39.640  -71.917  -17.902 0.3000000119
5250  -39.146  -72.614  -19.460 0.3000000119
5857  -39.240  -71.749  -19.647 0.3000000119
3145  -36.643  -76.090  -16.933 0.4000000060
5262  -38.748  -72.329  -20.026 0.3000000119
5261  -37.936  -71.980  -20.642 0.3000000119
3179  -36.803  -76.259  -19.098 0.3000000119
3618  -37.127  -75.853  -18.494 0.4000000060
5272  -37.293  -72.571  -21.128 0.4000000060
4701  -36.653  -73.103  -21.823 0.4000000060
5271  -36.718  -71.982  -21.744 0.4000000060
3189  -36.505  -76.454  -20.228 0.3000000119
2706  -35.787  -77.631  -18.668 0.3000000119
4710  -36.114  -73.579  -22.574 0.4000000060
5293  -35.658  -73.004  -23.456 0.4000000060
2716  -35.622  -77.756  -20.069 0.3000000119
113220  -35.294  -77.885  -18.486 0.3000000119
4720  -35.388  -73.617  -23.951 0.4000000060
5304  -35.615  -72.815  -24.408 0.5000000000
2705  -35.314  -78.113  -19.201 0.3000000119
4189  -35.144  -74.048  -24.296 0.4000000060
4731  -35.322  -73.401  -24.835 0.4000000060
1893  -33.800  -79.575  -20.758 0.3000000119
5847  -39.486  -71.342  -19.261 0.3000000119
6463  -39.570  -71.228  -18.180 0.3000000119
3158  -36.232  -76.761  -17.545 0.4000000060
5864  -37.321  -71.736  -21.244 0.4000000060
117177  -36.838  -71.463  -23.333 0.4000000060
2695  -36.098  -77.302  -18.135 0.4000000060
5889  -36.159  -71.997  -24.008 0.4000000060
5318  -36.124  -72.078  -25.430 0.4000000060
2694  -35.555  -77.597  -18.109 0.3000000119
120951  -35.655  -72.725  -25.238 0.4000000060
2693  -35.050  -77.687  -18.088 0.3000000119
4757  -35.283  -72.827  -26.592 0.4000000060
5333  -35.598  -72.099  -26.484 0.4000000060
2299  -34.466  -79.006  -20.474 0.3000000119
1880  -34.039  -79.566  -19.893 0.3000000119
5856  -38.717  -71.194  -20.347 0.3000000119
5865  -37.931  -71.148  -21.131 0.3000000119
5877  -37.255  -71.321  -21.804 0.3000000119
3157  -35.640  -76.829  -17.383 0.4000000060
121756  -37.238  -71.359  -24.243 0.5000000000
5900  -36.723  -71.616  -24.899 0.4000000060
128651  -34.867  -77.115  -17.813 0.4000000060
5334  -36.059  -71.920  -25.889 0.4000000060
3176  -33.840  -77.669  -19.061 0.3000000119
3177  -34.411  -77.144  -18.374 0.3000000119
2704  -34.724  -78.154  -18.738 0.3000000119
120091  -34.098  -78.745  -19.079 0.3000000119
1879  -33.388  -79.923  -19.924 0.3000000119
131142  -33.665  -79.600  -19.577 0.3000000119
5890  -37.514  -71.159  -22.726 0.4000000060
132160  -37.602  -71.199  -24.752 0.4000000060
3188  -33.301  -76.612  -19.905 0.3000000119
2703  -33.453  -78.361  -19.381 0.3000000119
119955  -33.217  -77.495  -19.714 0.3000000119
122960  -33.054  -78.816  -19.537 0.3000000119
117405  -32.438  -76.146  -21.072 0.3000000119
3201  -32.276  -76.760  -21.046 0.3000000119
2714  -32.332  -77.548  -20.613 0.3000000119
2285  -32.378  -78.660  -20.049 0.3000000119
114798  -39.506  -70.373  -23.018 0.3000000119
5901  -38.270  -71.033  -24.275 0.4000000060
2728  -31.846  -77.186  -21.251 0.3000000119
2727  -31.370  -77.892  -21.295 0.3000000119
125645  -39.001  -68.685  -21.255 0.3000000119
7095  -39.617  -69.501  -21.966 0.3000000119
116884  -39.354  -70.662  -24.005 0.3000000119
7732  -39.473  -68.955  -21.814 0.3000000119
7746  -39.756  -69.076  -22.656 0.3000000119
6524  -40.042  -69.859  -23.455 0.3000000119
20818  -19.387  -52.086  -27.115 0.5000000000
25887  -20.261  -46.559  -23.974 0.5000000000
24953  -20.610  -47.120  -24.603 0.4000000060
21682  -20.051  -51.530  -27.367 0.4000000060
4236  -31.873  -74.162  -28.384 0.6000000238
4225  -33.843  -73.670  -27.411 0.5000000000
5348  -35.086  -72.445  -27.144 0.4000000060
5913  -37.417  -71.160  -25.145 0.4000000060
6530  -38.085  -70.982  -24.853 0.4000000060
6531  -38.701  -70.816  -24.703 0.4000000060
129237  -40.009  -70.261  -24.296 0.3000000119
19107  -20.455  -54.072  -27.841 0.5000000000
19969  -21.459  -53.285  -27.634 0.4000000060
21684  -22.917  -51.558  -27.490 0.4000000060
3619  -37.757  -74.966  -18.660 0.3000000119
3202  -35.790  -76.548  -21.308 0.3000000119
3604  -37.408  -75.509  -17.890 0.4000000060
4173  -35.615  -73.954  -23.103 0.4000000060
3159  -36.874  -76.150  -17.640 0.4000000060
3172  -36.590  -76.635  -18.273 0.3000000119
3178  -36.336  -77.014  -18.878 0.3000000119
5281  -36.202  -72.291  -22.730 0.4000000060
2287  -34.464  -79.105  -19.795 0.3000000119
6523  -38.595  -70.819  -23.212 0.4000000060
3629  -34.182  -75.777  -18.720 0.3000000119
2286  -32.997  -79.571  -19.645 0.3000000119
6510  -39.035  -70.492  -22.430 0.3000000119
126142  -31.903  -77.998  -20.761 0.3000000119
5316  -28.654  -72.125  -25.056 0.5000000000
4742  -28.589  -72.902  -24.974 0.5000000000
4200  -29.163  -73.453  -25.756 0.5000000000
4222  -30.034  -74.363  -27.999 0.5000000000
3729  -31.408  -74.960  -28.368 0.4000000060
7860  -28.871  -69.233  -35.198 0.4000000060
4202  -33.875  -74.317  -26.035 0.5000000000
4187  -33.757  -74.607  -24.754 0.3000000119
3688  -33.554  -75.358  -23.864 0.3000000119
4188  -34.680  -74.333  -24.511 0.4000000060
131821  -34.127  -75.572  -23.295 0.3000000119
3617  -34.613  -76.310  -17.932 0.3000000119
3602  -34.929  -75.778  -17.421 0.3000000119
3156  -35.073  -76.668  -17.440 0.3000000119
117560  -38.015  -74.851  -16.808 0.3000000119
4111  -35.025  -74.681  -17.632 0.3000000119
3603  -35.450  -76.235  -17.000 0.3000000119
3144  -36.066  -76.327  -16.968 0.3000000119
3592  -36.537  -75.789  -16.426 0.3000000119
3593  -37.066  -75.724  -16.203 0.3000000119
3582  -36.934  -75.547  -15.691 0.3000000119
4098  -35.389  -75.345  -16.898 0.3000000119
4092  -35.775  -75.019  -16.273 0.3000000119
4084  -36.763  -75.223  -15.227 0.3000000119
3594  -37.634  -75.300  -16.115 0.3000000119
117977  -38.183  -74.754  -15.980 0.3000000119
4638  -35.643  -74.099  -16.150 0.3000000119
125474  -37.853  -75.124  -15.458 0.3000000119
3583  -37.396  -75.403  -15.504 0.3000000119
5342  -25.519  -72.529  -26.501 0.3000000119
3721  -32.236  -74.839  -27.388 0.5000000000
4235  -31.106  -74.559  -28.457 0.4000000060
4211  -29.641  -73.863  -26.823 0.5000000000
24080  -24.579  -49.279  -26.837 0.3000000119
23229  -24.398  -49.936  -27.728 0.3000000119
24964  -21.667  -47.444  -25.656 0.3000000119
5898  -27.486  -71.894  -24.545 0.4000000060
4729  -27.711  -73.167  -24.450 0.4000000060
2797  -27.623  -77.181  -29.142 0.4000000060
129260  -27.968  -75.968  -28.216 0.4000000060
3717  -28.861  -75.509  -28.455 0.4000000060
3718  -29.638  -75.149  -28.595 0.4000000060
4234  -30.379  -74.853  -28.641 0.4000000060
3700  -28.238  -74.854  -26.146 0.4000000060
4210  -28.893  -74.382  -26.397 0.4000000060
4221  -29.263  -74.739  -27.649 0.4000000060
1935  -27.911  -78.966  -27.625 0.3000000119
2346  -29.062  -78.073  -27.821 0.4000000060
2798  -29.135  -76.722  -29.065 0.4000000060
4186  -28.266  -74.016  -25.238 0.4000000060
120590  -27.777  -76.670  -29.033 0.4000000060
2345  -28.190  -78.301  -28.269 0.3000000119
114526  -28.372  -76.672  -29.150 0.4000000060
3260  -28.522  -76.119  -29.049 0.4000000060
3710  -28.506  -75.172  -27.265 0.4000000060
3726  -29.258  -75.779  -29.042 0.4000000060
3727  -30.004  -75.551  -28.870 0.4000000060
1928  -29.102  -79.228  -26.288 0.3000000119
2791  -29.474  -77.352  -28.379 0.3000000119
2780  -29.917  -77.907  -27.396 0.3000000119
3251  -31.064  -76.467  -27.498 0.3000000119
128673  -31.671  -75.589  -27.238 0.3000000119
3262  -30.417  -76.355  -28.522 0.3000000119
3711  -32.153  -75.156  -26.362 0.3000000119
4201  -32.814  -74.751  -25.535 0.3000000119
3719  -31.047  -75.742  -28.382 0.3000000119
3720  -31.638  -75.247  -28.003 0.3000000119
3728  -30.701  -75.296  -28.631 0.3000000119
3640  -25.783  -75.622  -19.693 0.3000000119
4132  -26.499  -74.415  -20.156 0.3000000119
4135  -33.317  -74.418  -20.391 0.3000000119
4697  -27.776  -72.622  -21.160 0.3000000119
4707  -29.584  -73.151  -21.899 0.3000000119
5279  -30.163  -72.595  -21.920 0.3000000119
5280  -30.988  -72.953  -21.788 0.3000000119
122645  -31.718  -73.019  -21.478 0.3000000119
4700  -32.191  -73.581  -21.330 0.3000000119
4688  -32.927  -73.487  -20.826 0.3000000119
5266  -28.307  -71.856  -21.270 0.3000000119
5875  -29.787  -71.718  -21.837 0.3000000119
5268  -30.699  -71.948  -21.787 0.3000000119
5269  -31.545  -72.231  -21.514 0.3000000119
2792  -30.257  -77.111  -27.950 0.3000000119
4142  -26.796  -74.584  -20.833 0.3000000119
4145  -28.928  -73.630  -21.825 0.3000000119
112226  -27.494  -73.442  -21.140 0.3000000119
4133  -26.893  -73.829  -20.614 0.3000000119
4698  -28.730  -72.694  -21.631 0.3000000119
6497  -30.091  -70.477  -21.509 0.3000000119
1871  -33.611  -79.142  -19.406 0.3000000119
2275  -34.573  -78.724  -19.378 0.3000000119
2337  -28.720  -78.783  -27.186 0.3000000119
2681  -35.781  -77.240  -17.772 0.4000000060
2715  -32.833  -77.958  -19.923 0.3000000119
2717  -36.073  -77.301  -19.584 0.3000000119
2790  -28.465  -77.402  -28.895 0.4000000060
3146  -37.353  -75.579  -16.985 0.4000000060
3171  -35.324  -77.276  -17.730 0.4000000060
3186  -26.059  -75.758  -20.385 0.3000000119
3187  -32.766  -76.891  -20.460 0.3000000119
3214  -35.581  -76.175  -21.833 0.3000000119
3261  -29.820  -76.732  -28.699 0.4000000060
3269  -28.976  -76.258  -29.164 0.4000000060
3270  -29.706  -76.146  -29.036 0.3000000119
3581  -36.390  -75.463  -15.936 0.3000000119
3591  -35.912  -75.818  -16.506 0.3000000119
3641  -26.162  -75.106  -19.887 0.3000000119
3644  -36.816  -75.708  -20.574 0.3000000119
3675  -34.803  -75.330  -22.987 0.3000000119
4112  -38.398  -74.242  -18.276 0.4000000060
4136  -37.582  -74.644  -20.360 0.3000000119
4148  -36.723  -74.303  -21.794 0.4000000060
4172  -35.295  -74.270  -23.443 0.4000000060
4224  -32.130  -74.558  -28.113 0.4000000060
4237  -33.289  -73.440  -28.045 0.5000000000
4690  -38.068  -73.143  -20.458 0.4000000060
4730  -34.987  -73.871  -25.160 0.4000000060
5251  -39.517  -72.138  -19.105 0.3000000119
5267  -29.025  -71.963  -21.690 0.3000000119
5278  -29.472  -72.422  -21.821 0.3000000119
5305  -36.025  -72.247  -24.834 0.4000000060
5330  -27.156  -71.794  -26.346 0.4000000060
5332  -30.404  -72.011  -26.795 0.6000000238
5345  -30.833  -72.345  -27.416 0.6999999881
5358  -32.837  -72.760  -29.117 0.5000000000
5360  -34.078  -72.508  -28.122 0.5000000000
5366  -26.550  -73.066  -30.251 0.6000000238
5370  -34.056  -71.940  -29.882 0.5000000000
5390  -27.215  -72.691  -33.581 0.5000000000
5394  -27.995  -72.550  -34.207 0.5000000000
5860  -29.072  -71.317  -21.531 0.3000000119
5876  -36.767  -71.540  -22.414 0.4000000060
5888  -19.918  -71.184  -23.594 0.5000000000
5899  -28.093  -71.802  -24.815 0.5000000000
5910  -27.706  -71.617  -25.083 0.4000000060
5911  -28.415  -71.706  -25.376 0.5000000000
5912  -36.611  -71.515  -25.504 0.4000000060
5922  -28.842  -71.555  -26.111 0.5000000000
5923  -29.686  -71.702  -26.411 0.5000000000
5943  -31.178  -72.127  -28.061 0.8000000119
5951  -30.078  -71.468  -29.433 0.6000000238
5988  -31.397  -71.338  -34.031 0.6000000238
5989  -32.203  -71.226  -33.179 0.6000000238
5993  -28.029  -71.949  -34.943 0.5000000000
5996  -31.142  -70.994  -34.624 0.6000000238
6474  -39.534  -71.093  -18.832 0.3000000119
6507  -18.802  -70.579  -22.677 0.5000000000
6522  -20.758  -70.087  -23.627 0.6000000238
6550  -35.554  -70.805  -26.807 0.5000000000
6595  -24.956  -69.913  -32.994 0.5000000000
6597  -27.465  -70.949  -34.366 0.6000000238
6604  -27.578  -71.568  -34.623 0.5000000000
7103  -19.523  -69.982  -22.591 0.5000000000
7104  -20.179  -69.807  -22.622 0.5000000000
7105  -20.678  -69.167  -22.732 0.6000000238
7113  -21.075  -69.395  -23.326 0.6999999881
7119  -18.146  -69.180  -23.978 0.5000000000
7134  -36.195  -69.328  -26.203 0.5000000000
7136  -38.231  -70.010  -25.739 0.5000000000
7167  -28.867  -68.948  -30.419 0.5000000000
7180  -28.566  -69.346  -31.086 0.5000000000
7743  -20.804  -68.285  -22.665 0.6999999881
7750  -18.981  -68.529  -23.275 0.5000000000
7759  -18.451  -68.452  -23.951 0.5000000000
7760  -21.959  -68.244  -24.501 0.6999999881
7773  -25.643  -68.153  -25.297 0.6999999881
7781  -23.166  -67.605  -25.917 0.6999999881
7784  -26.678  -68.358  -26.191 0.6000000238
7787  -35.973  -68.693  -26.473 0.5000000000
7801  -27.426  -68.274  -26.860 0.5000000000
7802  -28.052  -68.093  -27.179 0.5000000000
7858  -24.391  -68.498  -32.774 0.6999999881
8458  -20.865  -67.641  -22.716 0.6999999881
8464  -19.753  -67.387  -23.124 0.6000000238
8465  -20.505  -67.133  -22.941 0.6999999881
8466  -21.978  -67.253  -23.392 0.6999999881
8467  -22.866  -67.027  -23.836 0.6999999881
8468  -24.069  -66.654  -24.237 0.6999999881
8474  -24.845  -66.960  -24.445 0.6999999881
8482  -18.291  -66.954  -25.337 0.5000000000
8483  -26.494  -67.440  -25.094 0.6000000238
8484  -27.116  -67.604  -25.665 0.5000000000
8495  -24.316  -67.749  -26.846 0.6999999881
8496  -27.525  -67.688  -26.221 0.5000000000
8508  -23.836  -67.428  -27.450 0.6999999881
8511  -28.392  -67.761  -27.486 0.4000000060
8532  -28.760  -67.695  -28.082 0.4000000060
8549  -22.606  -67.151  -29.603 0.6000000238
8583  -21.115  -66.794  -32.736 0.4000000060
8598  -20.692  -67.151  -33.155 0.4000000060
9213  -21.256  -67.118  -22.948 0.6999999881
9220  -23.348  -66.489  -24.002 0.6999999881
9226  -19.438  -66.411  -24.193 0.6999999881
9229  -25.240  -66.457  -24.734 0.6999999881
9237  -26.181  -66.627  -25.125 0.6000000238
9249  -27.930  -67.527  -26.839 0.4000000060
9257  -17.514  -66.463  -27.515 0.5000000000
9951  -21.691  -65.507  -24.333 0.6999999881
9952  -22.614  -65.464  -24.369 0.6999999881
9954  -24.174  -65.726  -24.466 0.6999999881
9975  -24.188  -65.357  -24.860 0.6999999881
9976  -24.777  -65.441  -25.317 0.6999999881
9988  -18.665  -65.053  -26.476 0.6000000238
9989  -19.385  -65.213  -25.943 0.6999999881
9990  -20.179  -65.315  -25.494 0.6999999881
9994  -27.267  -66.419  -26.671 0.5000000000
10007  -18.040  -64.973  -27.048 0.6000000238
10008  -26.051  -65.469  -27.353 0.5000000000
10763  -20.942  -64.851  -26.516 0.6999999881
10764  -22.771  -64.753  -26.071 0.6999999881
10765  -23.501  -64.743  -26.264 0.6000000238
10766  -24.246  -64.880  -26.525 0.6000000238
10767  -24.858  -65.124  -26.801 0.6000000238
10777  -17.926  -64.458  -27.556 0.6000000238
10795  -17.546  -64.264  -28.119 0.6000000238
10798  -23.568  -64.491  -28.487 0.6000000238
10799  -24.299  -64.721  -28.315 0.6000000238
10812  -21.839  -64.157  -28.874 0.6000000238
10815  -24.751  -64.485  -29.746 0.5000000000
10831  -23.176  -64.100  -30.250 0.5000000000
10850  -24.318  -64.056  -31.586 0.6000000238
11555  -20.824  -63.955  -29.144 0.6999999881
11568  -19.593  -63.113  -29.838 0.6999999881
11582  -16.148  -63.027  -30.916 0.5000000000
11583  -20.118  -63.183  -30.685 0.6999999881
11600  -15.445  -63.305  -31.997 0.4000000060
11602  -21.374  -63.433  -31.984 0.6000000238
11617  -22.448  -63.476  -33.366 0.5000000000
11619  -24.585  -63.283  -32.230 0.6000000238
11624  -21.123  -63.189  -33.793 0.6000000238
11634  -21.914  -63.040  -34.532 0.5000000000
12346  -16.951  -62.615  -30.238 0.6000000238
12357  -17.387  -62.010  -30.700 0.6000000238
12358  -18.184  -61.963  -30.654 0.6000000238
12371  -19.276  -62.148  -32.012 0.5000000000
12372  -20.061  -62.708  -32.473 0.6000000238
12394  -19.478  -62.430  -34.320 0.6000000238
12396  -21.393  -62.829  -34.687 0.5000000000
12397  -22.684  -63.061  -33.970 0.5000000000
12405  -19.354  -61.947  -35.156 0.5000000000
12406  -20.786  -62.573  -34.924 0.5000000000
12407  -22.259  -62.873  -34.430 0.5000000000
12408  -22.696  -62.694  -34.160 0.6000000238
13027  -17.038  -61.447  -23.592 0.6000000238
13047  -14.765  -61.097  -24.356 0.8000000119
13049  -17.722  -61.508  -24.050 0.5000000000
13065  -13.512  -60.983  -24.917 0.8000000119
13066  -14.340  -61.308  -24.966 0.8000000119
13068  -16.377  -61.279  -25.285 0.6999999881
13072  -19.508  -61.053  -25.121 0.5000000000
13082  -13.000  -60.869  -25.574 0.8000000119
13087  -17.462  -60.765  -26.213 0.6000000238
13127  -16.868  -61.517  -32.288 0.6000000238
13131  -11.602  -61.352  -32.472 0.6000000238
13138  -17.883  -61.656  -33.891 0.6000000238
13139  -18.726  -62.113  -34.190 0.6000000238
13140  -24.847  -61.726  -33.248 0.5000000000
13147  -13.810  -61.186  -33.869 0.6000000238
13148  -14.424  -61.035  -34.109 0.6000000238
13151  -17.001  -61.057  -34.884 0.6000000238
13160  -17.752  -61.256  -35.005 0.6000000238
13161  -18.523  -61.605  -35.027 0.5000000000
13162  -20.295  -62.130  -35.221 0.5000000000
13166  -25.485  -60.518  -34.580 0.5000000000
13849  -16.407  -61.124  -23.179 0.6999999881
13871  -14.417  -60.587  -24.128 0.6000000238
13872  -15.073  -60.767  -23.913 0.6000000238
13891  -12.225  -59.760  -24.950 0.8000000119
13906  -11.430  -59.783  -26.066 0.6999999881
13909  -14.393  -61.068  -26.582 0.6999999881
13911  -16.210  -60.744  -26.675 0.6999999881
13912  -16.972  -60.638  -26.760 0.8000000119
13915  -20.268  -60.442  -26.598 0.5000000000
13940  -10.341  -60.050  -29.127 0.6999999881
13941  -12.166  -60.269  -28.751 0.6000000238
13942  -13.815  -60.153  -28.452 0.6000000238
13944  -16.955  -60.054  -28.032 0.8000000119
13946  -18.724  -59.917  -27.976 0.6999999881
13960  -11.634  -60.139  -31.220 0.6000000238
13966  -12.825  -60.361  -32.691 0.6999999881
13972  -13.330  -60.783  -33.457 0.6999999881
13977  -16.707  -60.524  -34.704 0.6000000238
13979  -18.423  -60.715  -34.963 0.6000000238
13980  -19.358  -60.769  -34.837 0.5000000000
14723  -10.627  -59.250  -26.446 0.6999999881
14734  -6.902  -59.610  -27.637 0.6000000238
14735  -7.335  -59.241  -28.126 0.6000000238
14748  -8.537  -59.599  -28.973 0.5000000000
14750  -15.480  -59.742  -28.720 0.6999999881
14752  -17.323  -59.595  -28.652 0.6000000238
14753  -18.187  -59.452  -28.725 0.6000000238
14758  -12.765  -59.689  -29.968 0.6000000238
14764  -19.463  -58.963  -29.512 0.5000000000
14769  -13.792  -59.193  -30.988 0.6000000238
14771  -15.536  -58.599  -30.513 0.5000000000
14772  -16.127  -58.789  -29.805 0.6000000238
14783  -15.428  -59.543  -33.042 0.5000000000
14785  -17.093  -59.257  -33.148 0.5000000000
14786  -17.924  -59.253  -33.168 0.6999999881
14804  -25.156  -59.665  -34.841 0.6000000238
14805  -26.041  -59.616  -35.091 0.5000000000
14806  -26.816  -59.676  -35.175 0.5000000000
15572  -11.927  -57.676  -25.571 0.8000000119
15574  -14.923  -58.580  -24.897 0.6000000238
15586  -8.349  -58.121  -26.808 0.6000000238
15596  -7.906  -58.600  -27.581 0.5000000000
15598  -22.770  -59.052  -27.810 0.5000000000
15616  -17.695  -58.301  -30.057 0.5000000000
15629  -17.850  -57.989  -30.800 0.5000000000
15630  -19.366  -57.660  -30.712 0.5000000000
15635  -16.561  -58.291  -31.384 0.6000000238
16369  -7.284  -56.588  -22.451 0.6000000238
16414  -16.886  -57.687  -25.309 0.5000000000
16426  -9.289  -56.979  -25.546 0.6000000238
16440  -7.408  -58.162  -25.929 0.6000000238
16445  -12.860  -56.719  -27.523 0.6999999881
16475  -22.926  -57.063  -30.139 0.5000000000
16484  -19.882  -57.301  -31.156 0.5000000000
16486  -22.298  -56.584  -30.661 0.6000000238
16495  -20.380  -57.097  -31.464 0.5000000000
16496  -21.089  -56.691  -31.368 0.6000000238
16497  -21.910  -56.428  -31.674 0.6000000238
16509  -26.215  -56.976  -32.857 0.5000000000
16510  -22.905  -57.623  -33.135 0.6000000238
16512  -25.150  -57.301  -33.700 0.6000000238
17201  -7.235  -55.901  -21.988 0.6000000238
17218  -7.217  -56.405  -23.151 0.6000000238
17237  -7.906  -56.319  -24.352 0.6000000238
17238  -8.629  -56.185  -24.688 0.6000000238
17254  -7.472  -57.095  -24.649 0.6000000238
17256  -8.979  -56.491  -25.149 0.6000000238
17273  -11.780  -56.172  -27.114 0.6000000238
17276  -14.387  -56.657  -27.720 0.6000000238
17293  -14.970  -56.126  -28.258 0.6000000238
17295  -16.915  -56.098  -27.588 0.5000000000
17313  -23.879  -56.003  -30.115 0.5000000000
17320  -22.641  -55.992  -30.902 0.6000000238
17322  -24.437  -55.333  -30.535 0.6000000238
17335  -22.743  -56.095  -32.024 0.6000000238
17339  -26.464  -55.715  -32.209 0.6000000238
18048  -9.870  -54.925  -19.338 0.6000000238
18074  -7.507  -55.266  -21.700 0.5000000000
18077  -12.714  -55.327  -21.349 0.6999999881
18078  -15.206  -55.952  -21.504 0.8000000119
18080  -16.432  -55.699  -22.143 0.8000000119
18090  -7.376  -55.626  -22.460 0.6000000238
18092  -8.284  -54.610  -22.591 0.6000000238
18095  -14.954  -56.270  -22.131 0.6000000238
18096  -15.812  -56.181  -22.093 0.8000000119
18107  -14.696  -55.939  -22.847 0.6000000238
18128  -11.626  -55.007  -26.516 0.5000000000
18138  -11.395  -55.674  -26.655 0.5000000000
18140  -12.817  -55.245  -28.095 0.6000000238
18141  -13.557  -54.955  -28.362 0.6000000238
18143  -18.632  -55.593  -27.484 0.5000000000
18153  -16.266  -55.253  -28.458 0.5000000000
18154  -17.139  -55.352  -28.153 0.5000000000
18155  -18.492  -55.011  -28.207 0.5000000000
18166  -26.621  -55.514  -28.930 0.4000000060
18172  -25.815  -55.318  -29.429 0.4000000060
18181  -25.497  -55.043  -30.753 0.6000000238
18189  -26.045  -55.185  -31.589 0.6000000238
18194  -24.037  -55.384  -31.681 0.6000000238
18195  -24.642  -55.454  -32.148 0.6000000238
18196  -25.576  -55.452  -32.280 0.6000000238
18989  -11.166  -54.666  -18.651 0.6000000238
18999  -11.529  -54.394  -18.990 0.6000000238
19001  -14.259  -53.765  -19.102 0.6999999881
19009  -8.667  -54.812  -20.405 0.6000000238
19010  -9.249  -54.772  -20.068 0.6000000238
19033  -17.045  -54.221  -21.872 0.6999999881
19041  -8.583  -54.314  -21.823 0.6000000238
19042  -9.586  -54.081  -22.483 0.6000000238
19043  -11.457  -54.445  -22.742 0.6999999881
19044  -12.253  -54.553  -23.261 0.6999999881
19045  -16.939  -55.270  -22.599 0.6000000238
19046  -17.340  -54.499  -22.339 0.6000000238
19056  -9.576  -54.373  -23.454 0.8000000119
19059  -13.996  -55.227  -23.211 0.5000000000
19070  -12.616  -53.975  -25.178 0.6000000238
19074  -16.349  -54.830  -24.303 0.6000000238
19075  -17.074  -54.444  -24.440 0.5000000000
19080  -12.302  -54.481  -26.420 0.6000000238
19092  -12.719  -54.625  -27.227 0.6000000238
19096  -16.136  -53.833  -27.850 0.5000000000
19102  -14.998  -54.618  -28.416 0.6000000238
19876  -15.108  -53.479  -18.489 0.6000000238
19877  -15.249  -52.982  -18.517 0.6000000238
19917  -16.807  -53.562  -21.946 0.6000000238
19919  -18.244  -53.266  -22.736 0.5000000000
19966  -17.366  -53.425  -27.938 0.5000000000
19981  -20.908  -53.443  -28.135 0.4000000060
20783  -16.143  -52.768  -22.555 0.6000000238
20786  -18.624  -52.619  -22.942 0.5000000000
20806  -18.718  -52.854  -25.176 0.6000000238
20837  -18.809  -52.674  -27.445 0.5000000000
20839  -20.632  -52.829  -28.330 0.5000000000
20840  -21.314  -52.823  -28.184 0.4000000060
20841  -21.826  -52.121  -28.060 0.4000000060
21607  -10.695  -51.458  -19.059 0.5000000000
21609  -13.529  -51.564  -19.259 0.6999999881
21610  -14.533  -51.717  -19.332 0.6999999881
21639  -11.715  -51.287  -21.922 0.6999999881
21640  -12.380  -51.593  -22.195 0.6999999881
21642  -13.914  -52.452  -21.845 0.6999999881
21658  -14.110  -50.992  -24.310 0.5000000000
21660  -16.086  -51.263  -23.697 0.6000000238
21683  -20.702  -51.356  -27.869 0.4000000060
21685  -23.382  -51.072  -27.606 0.4000000060
21692  -20.728  -52.055  -28.257 0.4000000060
22401  -11.264  -50.918  -21.839 0.6999999881
22409  -17.728  -50.793  -22.858 0.5000000000
22415  -13.415  -50.659  -23.834 0.6000000238
22416  -14.832  -50.367  -24.334 0.5000000000
22425  -19.579  -50.191  -24.602 0.5000000000
22431  -19.924  -50.289  -25.535 0.4000000060
22438  -19.955  -50.917  -26.332 0.4000000060
22440  -23.799  -50.682  -28.034 0.4000000060
22445  -22.018  -50.920  -28.171 0.4000000060
22446  -23.024  -50.703  -28.337 0.4000000060
22447  -23.603  -50.605  -28.371 0.4000000060
23159  -10.010  -49.438  -19.018 0.5000000000
23175  -10.385  -50.492  -20.676 0.5000000000
23176  -11.031  -50.267  -21.292 0.6000000238
23188  -13.314  -49.329  -22.310 0.6000000238
23195  -12.620  -50.093  -22.897 0.6000000238
23196  -13.242  -50.090  -23.374 0.5000000000
23198  -15.413  -49.043  -23.313 0.5000000000
23209  -19.328  -49.366  -24.042 0.5000000000
23235  -21.492  -50.068  -27.663 0.4000000060
23238  -24.164  -50.127  -28.502 0.3000000119
23239  -24.802  -49.455  -28.428 0.4000000060
23242  -23.963  -49.706  -28.727 0.4000000060
23983  -14.899  -48.411  -18.080 0.4000000060
23985  -16.391  -48.350  -17.987 0.4000000060
23999  -11.810  -48.371  -18.791 0.4000000060
24000  -15.677  -48.091  -18.435 0.5000000000
24044  -17.050  -47.655  -22.993 0.4000000060
24060  -19.161  -47.476  -23.858 0.4000000060
24062  -20.335  -47.948  -24.844 0.4000000060
24068  -20.248  -48.832  -25.208 0.4000000060
24077  -21.260  -49.236  -26.899 0.4000000060
24874  -20.128  -47.617  -18.815 0.4000000060
24875  -20.950  -47.423  -19.001 0.3000000119
24905  -13.751  -47.443  -19.912 0.4000000060
24906  -14.458  -46.705  -20.305 0.5000000000
24921  -15.980  -46.082  -22.035 0.5000000000
24923  -20.893  -47.343  -21.568 0.3000000119
24931  -16.552  -46.880  -22.569 0.5000000000
24942  -18.718  -46.688  -23.512 0.5000000000
25680  -15.460  -45.678  -11.213 0.3000000119
25714  -13.448  -46.054  -13.713 0.4000000060
25735  -17.011  -45.733  -14.630 0.5000000000
25737  -18.686  -46.089  -14.733 0.5000000000
25809  -18.043  -46.485  -20.070 0.4000000060
25822  -14.956  -45.996  -20.634 0.5000000000
25823  -15.652  -45.569  -20.385 0.5000000000
25827  -19.158  -46.507  -21.101 0.4000000060
25841  -17.241  -45.442  -21.594 0.5000000000
25856  -17.765  -45.682  -22.442 0.5000000000
25858  -20.584  -46.223  -22.872 0.3000000119
25874  -19.855  -46.051  -23.373 0.4000000060
26579  -17.646  -44.970  -10.986 0.3000000119
26627  -18.170  -45.716  -13.168 0.3000000119
26628  -19.061  -45.512  -13.268 0.3000000119
26637  -19.399  -45.670  -13.991 0.3000000119
26647  -20.460  -45.375  -15.022 0.3000000119
26710  -17.930  -45.433  -21.329 0.4000000060
26724  -19.049  -45.550  -22.195 0.3000000119
26738  -18.461  -45.460  -22.276 0.5000000000
26739  -19.012  -45.616  -22.691 0.5000000000
26741  -20.126  -45.930  -23.128 0.3000000119
109641  -24.257  -60.956  -34.330 0.6000000238
109838  -25.190  -55.276  -29.951 0.6000000238
110581  -12.999  -60.482  -28.128 0.6999999881
110777  -13.754  -52.178  -22.954 0.6999999881
110806  -22.231  -64.886  -25.782 0.6999999881
111354  -15.202  -45.781  -12.170 0.3000000119
111546  -33.141  -80.177  -20.476 0.3000000119
111590  -21.777  -62.577  -34.743 0.5000000000
111699  -22.870  -67.806  -32.891 0.5000000000
111719  -15.263  -60.156  -28.058 0.6999999881
112213  -22.418  -61.180  -34.724 0.6000000238
112224  -18.939  -63.088  -29.034 0.6000000238
112385  -15.437  -45.744  -14.785 0.4000000060
112830  -16.479  -56.827  -26.903 0.5000000000
113436  -21.057  -59.865  -33.832 0.5000000000
113463  -18.893  -60.202  -27.201 0.6999999881
113483  -13.503  -48.154  -18.217 0.4000000060
113551  -14.584  -61.270  -34.029 0.6000000238
114591  -27.627  -73.198  -31.794 0.5000000000
114992  -29.712  -70.981  -21.676 0.3000000119
115352  -19.977  -69.333  -22.558 0.6000000238
115547  -20.573  -56.947  -30.978 0.5000000000
115658  -21.738  -58.426  -29.849 0.5000000000
115717  -23.248  -67.698  -24.742 0.6999999881
117592  -13.048  -58.108  -25.437 0.6999999881
118233  -21.111  -62.337  -35.092 0.5000000000
118259  -18.636  -67.613  -24.233 0.6000000238
118503  -29.427  -72.392  -31.533 0.6000000238
118714  -7.857  -55.082  -22.792 0.6000000238
118742  -17.437  -49.824  -23.229 0.4000000060
120151  -20.806  -60.627  -25.925 0.5000000000
120304  -25.729  -57.711  -33.811 0.6000000238
120445  -19.229  -64.381  -27.292 0.6999999881
120759  -20.890  -65.592  -24.304 0.6999999881
120964  -19.628  -51.486  -26.389 0.6000000238
121056  -36.551  -76.603  -19.566 0.3000000119
121182  -13.467  -55.747  -21.827 0.6000000238
121851  -35.612  -75.693  -22.130 0.3000000119
122331  -25.916  -68.389  -26.401 0.6000000238
122465  -17.061  -63.624  -29.320 0.6000000238
122896  -39.209  -70.785  -19.883 0.3000000119
123577  -24.219  -59.782  -34.624 0.6000000238
123724  -15.073  -48.722  -22.758 0.4000000060
123752  -35.721  -71.411  -26.632 0.5000000000
123846  -9.901  -50.559  -20.126 0.5000000000
124010  -7.142  -56.998  -23.609 0.6000000238
124504  -9.085  -57.959  -26.536 0.6000000238
125134  -25.013  -65.023  -28.110 0.5000000000
125236  -33.991  -70.134  -28.803 0.5000000000
125397  -20.441  -64.407  -27.862 0.6999999881
125446  -27.955  -68.370  -27.559 0.6000000238
125915  -35.386  -69.081  -26.511 0.4000000060
126043  -26.809  -63.312  -30.648 0.5000000000
126157  -35.674  -72.505  -25.939 0.4000000060
126229  -20.642  -69.576  -25.686 0.5000000000
126249  -30.377  -75.834  -28.795 0.4000000060
126367  -19.379  -46.980  -16.133 0.4000000060
126390  -14.106  -48.330  -17.899 0.4000000060
126809  -10.741  -56.761  -25.882 0.6000000238
126985  -20.422  -70.637  -23.884 0.5000000000
127201  -26.118  -56.690  -33.034 0.6000000238
127347  -16.982  -61.727  -31.376 0.6000000238
127398  -19.411  -51.578  -24.911 0.5000000000
127686  -16.006  -60.412  -34.417 0.6000000238
127879  -22.131  -62.542  -34.609 0.5000000000
128103  -34.094  -79.240  -19.487 0.3000000119
128163  -27.786  -71.668  -26.781 0.6000000238
128307  -22.439  -63.878  -30.406 0.5000000000
128312  -23.770  -64.026  -31.892 0.6000000238
128322  -21.235  -47.043  -18.474 0.3000000119
128381  -9.545  -54.518  -20.563 0.6000000238
128412  -31.864  -71.903  -29.864 0.6999999881
128526  -20.568  -60.202  -27.307 0.5000000000
128636  -39.785  -69.835  -22.662 0.3000000119
128962  -14.513  -59.045  -31.319 0.6000000238
129142  -33.695  -72.534  -28.462 0.5000000000
129202  -28.202  -73.272  -21.490 0.3000000119
129391  -18.420  -51.999  -22.489 0.6000000238
129666  -9.030  -55.246  -24.221 0.8000000119
129836  -14.737  -49.827  -24.165 0.5000000000
129861  -31.379  -75.779  -27.873 0.3000000119
130182  -23.470  -59.840  -34.517 0.6000000238
130400  -20.811  -46.082  -16.325 0.3000000119
131058  -15.938  -61.139  -23.606 0.6999999881
131059  -10.837  -55.838  -26.100 0.6000000238
131090  -20.129  -60.067  -27.697 0.5000000000
131144  -13.164  -47.640  -16.776 0.4000000060
131713  -23.637  -65.105  -25.003 0.6999999881
131859  -15.211  -52.669  -19.008 0.6000000238
131883  -37.739  -71.165  -23.626 0.5000000000
131908  -15.496  -60.258  -34.067 0.6000000238
131968  -18.340  -67.462  -24.879 0.6000000238
131979  -22.453  -58.988  -28.609 0.5000000000
132103  -12.150  -50.490  -22.701 0.6999999881
132132  -25.333  -65.591  -25.769 0.6000000238
132205  -14.435  -53.001  -21.855 0.8000000119
132275  -15.465  -58.892  -31.885 0.6000000238
132544  -22.218  -67.298  -32.864 0.4000000060
132633  -23.135  -67.317  -27.283 0.6999999881
