#!ascii label  , from subject sub-v1s13x0050040_ses-1 vox2ras=TkReg
525
8251  -46.959  -67.691  -4.437 0.0000000000
11393  -48.756  -63.463  -13.824 0.0000000000
11324  -43.735  -63.622  -8.525 0.0000000000
9069  -47.771  -66.389  -8.884 0.0000000000
14545  -48.540  -59.548  -10.400 0.0000000000
12807  -47.347  -61.827  -2.788 0.0000000000
14504  -39.831  -60.012  -6.056 0.0000000000
16988  -35.619  -55.908  -3.371 0.0000000000
12177  -42.681  -62.077  -10.911 0.0000000000
12168  -46.089  -61.953  -9.893 0.0000000000
14553  -44.796  -59.735  -11.834 0.0000000000
113206  -42.732  -60.661  -4.626 0.0000000000
15287  -41.154  -59.015  -3.629 0.0000000000
19678  -34.677  -52.859  -4.347 0.0000000000
18797  -37.422  -54.778  -5.999 0.0000000000
6936  -44.363  -69.699  -5.877 0.0000000000
117329  -47.308  -64.786  -11.022 0.0000000000
8346  -44.433  -67.156  -11.461 0.0000000000
9128  -44.659  -66.505  -13.706 0.0000000000
9733  -45.937  -65.252  -5.449 0.0000000000
8289  -47.320  -67.493  -6.716 0.0000000000
11342  -49.928  -62.939  -8.247 0.0000000000
12912  -50.926  -60.960  -11.033 0.0000000000
11300  -45.240  -62.693  -5.585 0.0000000000
114506  -41.856  -62.135  -7.243 0.0000000000
13696  -39.474  -60.647  -9.696 0.0000000000
15278  -37.264  -58.391  -2.394 0.0000000000
16148  -38.986  -57.061  -4.648 0.0000000000
16183  -38.067  -57.893  -7.547 0.0000000000
16229  -38.522  -57.844  -11.266 0.0000000000
7609  -44.366  -68.210  -8.876 0.0000000000
127634  -47.349  -59.017  -14.366 0.0000000000
130522  -46.950  -63.220  -14.499 0.0000000000
11424  -46.394  -63.893  -17.286 0.0000000000
121090  -41.679  -61.158  -11.968 0.0000000000
13736  -43.551  -60.807  -11.789 0.0000000000
116073  -45.617  -69.199  -5.313 0.0000000000
10577  -48.394  -63.836  -12.715 0.0000000000
118954  -45.779  -65.808  -12.611 0.0000000000
9831  -47.182  -65.056  -13.768 0.0000000000
115156  -44.772  -66.595  -15.099 0.0000000000
9840  -47.168  -65.104  -14.410 0.0000000000
130076  -44.973  -64.890  -6.508 0.0000000000
10527  -45.578  -64.451  -7.868 0.0000000000
12891  -47.453  -60.768  -9.741 0.0000000000
115387  -48.020  -62.085  -8.520 0.0000000000
13699  -49.541  -60.759  -8.853 0.0000000000
12170  -50.545  -61.542  -9.490 0.0000000000
14547  -50.601  -59.888  -10.169 0.0000000000
11286  -47.014  -63.310  -4.097 0.0000000000
12083  -46.397  -61.741  -4.591 0.0000000000
111160  -41.090  -60.559  -5.349 0.0000000000
12834  -42.311  -61.457  -5.890 0.0000000000
12841  -40.764  -61.311  -6.775 0.0000000000
12863  -40.562  -61.702  -8.585 0.0000000000
13672  -39.545  -60.450  -7.693 0.0000000000
16144  -36.710  -57.090  -3.049 0.0000000000
111851  -38.114  -57.288  -3.402 0.0000000000
16990  -37.431  -56.670  -3.644 0.0000000000
18827  -37.220  -54.829  -7.824 0.0000000000
17024  -37.763  -56.161  -6.825 0.0000000000
17051  -37.489  -56.324  -8.886 0.0000000000
114469  -37.795  -58.159  -10.014 0.0000000000
8305  -47.543  -67.049  -8.032 0.0000000000
7598  -45.675  -68.286  -8.315 0.0000000000
7611  -45.640  -67.954  -9.044 0.0000000000
9083  -42.622  -66.789  -10.569 0.0000000000
130536  -46.106  -58.839  -14.613 0.0000000000
13765  -47.214  -60.982  -14.006 0.0000000000
11417  -45.576  -63.530  -16.012 0.0000000000
12149  -43.736  -62.993  -9.891 0.0000000000
11357  -45.175  -63.507  -9.167 0.0000000000
12166  -44.234  -62.401  -10.369 0.0000000000
12889  -45.514  -61.455  -10.480 0.0000000000
13739  -46.224  -59.969  -11.017 0.0000000000
13633  -45.590  -60.996  -3.820 0.0000000000
110268  -42.178  -59.617  -3.809 0.0000000000
14482  -40.838  -59.244  -4.579 0.0000000000
18779  -34.968  -54.500  -3.622 0.0000000000
17862  -36.724  -55.114  -4.575 0.0000000000
18795  -35.723  -53.763  -4.900 0.0000000000
19704  -36.167  -53.145  -6.225 0.0000000000
131733  -36.872  -52.664  -8.238 0.0000000000
9795  -47.196  -65.564  -10.265 0.0000000000
8334  -45.458  -67.315  -10.263 0.0000000000
9099  -45.753  -66.158  -11.219 0.0000000000
8360  -44.605  -66.725  -12.161 0.0000000000
9127  -43.135  -66.522  -13.843 0.0000000000
9149  -42.834  -66.340  -15.230 0.0000000000
9161  -43.772  -66.596  -16.340 0.0000000000
9175  -44.293  -66.516  -17.526 0.0000000000
121171  -47.446  -66.627  -4.722 0.0000000000
7549  -46.767  -68.092  -5.864 0.0000000000
9760  -48.550  -65.689  -7.366 0.0000000000
9772  -48.943  -65.417  -7.919 0.0000000000
11359  -47.355  -62.812  -8.480 0.0000000000
11340  -49.034  -63.448  -7.632 0.0000000000
10544  -49.376  -64.430  -8.691 0.0000000000
10558  -49.060  -64.134  -9.550 0.0000000000
11382  -49.248  -62.977  -11.450 0.0000000000
12186  -49.743  -62.252  -12.619 0.0000000000
10480  -46.918  -65.279  -4.308 0.0000000000
10490  -45.624  -64.598  -5.158 0.0000000000
124419  -44.154  -63.744  -6.954 0.0000000000
111902  -44.280  -61.374  -5.441 0.0000000000
12844  -43.339  -62.026  -6.283 0.0000000000
12132  -43.028  -63.190  -8.362 0.0000000000
12130  -41.604  -62.476  -8.962 0.0000000000
12885  -40.825  -61.804  -10.435 0.0000000000
13734  -40.346  -60.741  -11.780 0.0000000000
111243  -39.195  -58.728  -2.708 0.0000000000
15296  -40.061  -58.131  -4.246 0.0000000000
15326  -39.163  -58.511  -6.002 0.0000000000
16993  -38.153  -55.849  -5.162 0.0000000000
16179  -38.709  -57.595  -6.139 0.0000000000
113189  -38.959  -59.096  -6.995 0.0000000000
14519  -38.410  -59.036  -8.493 0.0000000000
14543  -38.478  -59.077  -10.947 0.0000000000
7564  -45.834  -68.752  -6.793 0.0000000000
7580  -43.642  -68.886  -7.120 0.0000000000
124775  -44.112  -67.715  -10.192 0.0000000000
9067  -42.366  -66.752  -9.696 0.0000000000
14558  -51.138  -59.221  -11.343 0.0000000000
12946  -50.525  -60.801  -13.175 0.0000000000
12198  -49.473  -62.246  -13.430 0.0000000000
12943  -48.195  -61.832  -13.917 0.0000000000
11403  -48.457  -63.433  -14.134 0.0000000000
10610  -47.038  -64.553  -15.257 0.0000000000
9862  -46.343  -65.347  -16.251 0.0000000000
14567  -41.449  -59.701  -12.539 0.0000000000
13756  -42.007  -60.420  -12.379 0.0000000000
7535  -46.000  -68.860  -4.532 0.0000000000
7536  -46.607  -68.188  -4.924 0.0000000000
121202  -48.788  -63.543  -13.289 0.0000000000
9820  -47.051  -64.933  -13.037 0.0000000000
119316  -47.669  -64.602  -13.569 0.0000000000
10584  -47.779  -64.500  -14.189 0.0000000000
10526  -44.800  -64.444  -7.646 0.0000000000
11337  -44.681  -63.976  -8.432 0.0000000000
13716  -47.839  -60.037  -10.082 0.0000000000
13698  -48.434  -60.506  -9.409 0.0000000000
13717  -49.117  -60.055  -9.655 0.0000000000
13718  -50.136  -60.233  -9.441 0.0000000000
14546  -49.884  -59.514  -10.255 0.0000000000
12805  -47.718  -62.325  -2.223 0.0000000000
12808  -47.850  -62.256  -3.042 0.0000000000
12084  -47.196  -61.939  -4.106 0.0000000000
12815  -47.201  -61.761  -3.564 0.0000000000
120970  -40.509  -60.683  -5.955 0.0000000000
12842  -41.361  -61.199  -5.907 0.0000000000
13673  -40.106  -61.134  -7.395 0.0000000000
13665  -39.947  -60.658  -6.741 0.0000000000
17845  -34.957  -55.751  -2.884 0.0000000000
110215  -34.427  -55.962  -2.140 0.0000000000
16981  -35.507  -56.445  -2.930 0.0000000000
16143  -35.999  -56.928  -2.888 0.0000000000
16989  -36.327  -56.384  -3.442 0.0000000000
18848  -37.083  -54.030  -8.258 0.0000000000
17901  -37.379  -55.737  -8.302 0.0000000000
17052  -37.690  -56.436  -9.603 0.0000000000
122576  -37.787  -55.048  -9.586 0.0000000000
8319  -47.343  -66.926  -8.667 0.0000000000
112476  -46.951  -67.325  -8.508 0.0000000000
8318  -46.595  -67.263  -9.139 0.0000000000
12956  -45.318  -62.014  -14.468 0.0000000000
12210  -45.193  -62.708  -14.922 0.0000000000
11409  -44.904  -62.962  -15.663 0.0000000000
12164  -42.549  -62.518  -10.449 0.0000000000
12165  -43.310  -62.390  -10.548 0.0000000000
13737  -44.449  -60.528  -11.583 0.0000000000
12911  -44.992  -61.006  -11.055 0.0000000000
13738  -45.332  -60.247  -11.321 0.0000000000
13714  -45.860  -60.687  -10.746 0.0000000000
14483  -41.521  -59.353  -4.091 0.0000000000
15298  -40.922  -58.884  -4.084 0.0000000000
118346  -34.604  -53.879  -3.455 0.0000000000
19663  -34.994  -53.735  -4.178 0.0000000000
19679  -35.113  -53.193  -4.813 0.0000000000
19716  -36.525  -53.247  -6.956 0.0000000000
7563  -43.191  -69.336  -6.279 0.0000000000
9085  -46.425  -66.295  -10.339 0.0000000000
9805  -46.434  -65.473  -11.307 0.0000000000
112717  -45.289  -66.216  -12.780 0.0000000000
121035  -44.392  -66.681  -12.927 0.0000000000
8374  -43.766  -66.660  -13.712 0.0000000000
9140  -43.511  -66.533  -14.552 0.0000000000
9153  -45.495  -66.338  -15.232 0.0000000000
9151  -44.273  -66.681  -15.731 0.0000000000
9152  -45.015  -66.617  -15.975 0.0000000000
118572  -43.912  -66.550  -17.037 0.0000000000
131854  -45.361  -66.339  -16.375 0.0000000000
9734  -46.732  -65.743  -5.005 0.0000000000
131549  -47.432  -66.500  -5.617 0.0000000000
10512  -48.816  -64.953  -7.398 0.0000000000
12151  -45.689  -62.792  -9.597 0.0000000000
11358  -46.370  -63.314  -8.775 0.0000000000
12152  -46.734  -62.438  -9.181 0.0000000000
12134  -49.209  -62.498  -7.858 0.0000000000
128933  -49.735  -62.954  -7.848 0.0000000000
11341  -49.606  -63.711  -7.928 0.0000000000
10531  -49.687  -63.762  -8.400 0.0000000000
11360  -49.572  -63.779  -9.096 0.0000000000
12179  -50.547  -61.596  -10.530 0.0000000000
12169  -50.293  -62.200  -9.830 0.0000000000
12178  -49.902  -62.308  -11.313 0.0000000000
11389  -49.438  -62.762  -12.360 0.0000000000
12187  -50.373  -61.622  -11.813 0.0000000000
11285  -45.922  -63.286  -4.898 0.0000000000
10489  -45.014  -63.908  -5.645 0.0000000000
10499  -44.621  -64.286  -6.410 0.0000000000
11313  -44.549  -63.060  -6.297 0.0000000000
116315  -44.288  -60.927  -4.687 0.0000000000
12825  -45.126  -61.228  -5.068 0.0000000000
13658  -43.500  -61.052  -5.023 0.0000000000
12843  -42.556  -61.967  -6.499 0.0000000000
12854  -42.910  -62.309  -6.786 0.0000000000
12119  -43.052  -62.767  -7.468 0.0000000000
12118  -42.573  -62.741  -8.016 0.0000000000
12131  -42.397  -62.943  -8.952 0.0000000000
12865  -42.026  -62.439  -8.071 0.0000000000
13697  -39.941  -61.279  -9.155 0.0000000000
12872  -40.568  -61.754  -9.523 0.0000000000
13713  -40.108  -61.177  -10.268 0.0000000000
12906  -40.575  -61.282  -11.174 0.0000000000
13712  -39.506  -60.483  -10.656 0.0000000000
15279  -38.124  -58.538  -2.577 0.0000000000
16991  -38.409  -56.732  -4.053 0.0000000000
16145  -39.026  -57.411  -3.762 0.0000000000
16149  -39.571  -57.638  -4.457 0.0000000000
15315  -39.835  -58.328  -5.009 0.0000000000
16163  -39.234  -57.627  -5.314 0.0000000000
18792  -37.220  -54.844  -5.245 0.0000000000
17863  -37.540  -55.472  -4.811 0.0000000000
17866  -37.770  -55.323  -5.576 0.0000000000
16177  -37.788  -56.999  -7.359 0.0000000000
16178  -38.268  -56.771  -6.315 0.0000000000
125655  -38.231  -57.525  -6.832 0.0000000000
15325  -38.523  -58.255  -6.836 0.0000000000
15330  -38.434  -58.649  -7.671 0.0000000000
114287  -38.779  -59.251  -7.824 0.0000000000
15339  -37.987  -58.295  -8.386 0.0000000000
16220  -38.089  -57.556  -10.662 0.0000000000
14531  -38.137  -58.901  -10.160 0.0000000000
15363  -38.201  -58.365  -10.785 0.0000000000
131186  -38.916  -59.149  -11.557 0.0000000000
130694  -47.027  -67.809  -6.338 0.0000000000
7548  -46.134  -68.672  -6.100 0.0000000000
122975  -46.632  -68.184  -6.684 0.0000000000
7597  -44.861  -68.584  -8.234 0.0000000000
7596  -44.001  -68.586  -8.042 0.0000000000
7595  -43.077  -68.303  -7.687 0.0000000000
8303  -43.478  -68.019  -8.605 0.0000000000
8333  -44.735  -67.511  -10.499 0.0000000000
8332  -43.985  -67.482  -10.917 0.0000000000
9794  -41.313  -65.758  -10.953 0.0000000000
119307  -50.711  -59.326  -10.799 0.0000000000
112670  -50.891  -58.787  -11.499 0.0000000000
12928  -50.149  -61.585  -12.914 0.0000000000
12945  -49.815  -61.472  -13.608 0.0000000000
12942  -46.953  -61.883  -13.915 0.0000000000
12195  -47.454  -62.659  -14.160 0.0000000000
12196  -48.552  -62.848  -14.163 0.0000000000
12211  -47.853  -63.433  -14.426 0.0000000000
11402  -47.754  -64.031  -14.569 0.0000000000
11401  -47.144  -63.888  -14.945 0.0000000000
11418  -46.286  -64.025  -16.450 0.0000000000
10609  -46.596  -64.639  -16.014 0.0000000000
10621  -46.350  -64.632  -16.800 0.0000000000
12908  -42.271  -61.653  -11.393 0.0000000000
12909  -43.221  -61.616  -11.284 0.0000000000
13735  -42.623  -61.027  -11.948 0.0000000000
13758  -43.893  -59.982  -12.082 0.0000000000
20538  -34.849  -52.542  -5.027 0.0000000000
21383  -34.823  -51.206  -5.181 0.0000000000
6923  -45.017  -69.557  -5.656 0.0000000000
10566  -47.787  -64.161  -11.818 0.0000000000
9806  -46.988  -64.751  -12.098 0.0000000000
9819  -46.338  -65.325  -12.390 0.0000000000
9830  -46.420  -65.422  -13.203 0.0000000000
9129  -45.238  -66.266  -13.542 0.0000000000
9141  -44.591  -66.549  -14.451 0.0000000000
117306  -45.822  -65.968  -14.059 0.0000000000
9839  -46.490  -65.600  -14.584 0.0000000000
9850  -46.313  -65.705  -15.355 0.0000000000
9746  -45.701  -65.284  -6.169 0.0000000000
10510  -45.447  -65.001  -7.044 0.0000000000
10511  -46.824  -64.814  -7.281 0.0000000000
10528  -46.673  -64.074  -7.993 0.0000000000
12874  -47.133  -61.574  -9.431 0.0000000000
12875  -48.303  -61.154  -8.959 0.0000000000
12153  -49.350  -61.639  -8.262 0.0000000000
12876  -50.153  -61.440  -8.524 0.0000000000
12154  -50.333  -62.049  -8.744 0.0000000000
13719  -50.542  -60.529  -9.596 0.0000000000
115635  -51.010  -60.220  -10.492 0.0000000000
11301  -46.768  -62.267  -4.465 0.0000000000
12097  -45.889  -62.045  -5.104 0.0000000000
13657  -42.775  -61.130  -5.285 0.0000000000
123326  -41.709  -61.689  -6.600 0.0000000000
129420  -41.275  -61.793  -7.279 0.0000000000
12864  -41.259  -62.089  -8.080 0.0000000000
12852  -40.678  -61.565  -7.716 0.0000000000
13684  -39.963  -61.219  -8.197 0.0000000000
13683  -39.448  -60.626  -8.730 0.0000000000
16137  -36.166  -57.501  -2.550 0.0000000000
112426  -36.941  -57.734  -2.708 0.0000000000
16138  -37.738  -57.847  -2.866 0.0000000000
132521  -37.392  -57.316  -3.118 0.0000000000
18809  -37.275  -54.814  -6.842 0.0000000000
17880  -37.657  -55.404  -6.405 0.0000000000
115128  -37.424  -55.544  -7.298 0.0000000000
17036  -37.515  -56.244  -7.601 0.0000000000
17041  -37.505  -56.668  -8.234 0.0000000000
15338  -37.684  -57.857  -9.136 0.0000000000
16205  -37.521  -57.035  -9.006 0.0000000000
16206  -37.700  -57.288  -9.849 0.0000000000
17063  -38.217  -56.554  -10.490 0.0000000000
115367  -47.478  -67.233  -7.414 0.0000000000
8288  -46.851  -67.822  -7.366 0.0000000000
7599  -46.398  -67.993  -7.973 0.0000000000
7610  -45.092  -68.180  -9.008 0.0000000000
113579  -43.264  -67.027  -11.245 0.0000000000
14582  -45.778  -59.556  -14.535 0.0000000000
13770  -46.401  -60.241  -14.251 0.0000000000
13771  -47.537  -59.887  -14.165 0.0000000000
12957  -46.039  -61.349  -14.205 0.0000000000
123551  -46.182  -62.516  -14.291 0.0000000000
11400  -46.168  -63.366  -14.873 0.0000000000
11410  -45.590  -63.310  -15.376 0.0000000000
11356  -44.190  -63.462  -9.229 0.0000000000
12150  -44.680  -62.985  -9.822 0.0000000000
12167  -45.140  -62.244  -10.199 0.0000000000
12887  -43.914  -61.897  -10.852 0.0000000000
12888  -44.651  -61.719  -10.716 0.0000000000
12890  -46.442  -61.117  -10.132 0.0000000000
13715  -46.789  -60.363  -10.403 0.0000000000
13740  -47.123  -59.723  -10.709 0.0000000000
12814  -46.294  -61.292  -3.729 0.0000000000
14471  -43.346  -60.069  -3.491 0.0000000000
14470  -42.644  -59.645  -3.343 0.0000000000
14484  -42.748  -60.059  -3.966 0.0000000000
13646  -42.068  -60.070  -4.360 0.0000000000
13645  -41.300  -60.009  -4.739 0.0000000000
14496  -40.474  -59.840  -5.274 0.0000000000
17853  -34.775  -55.018  -3.135 0.0000000000
17854  -35.346  -55.245  -3.543 0.0000000000
17855  -36.117  -55.551  -3.920 0.0000000000
17861  -35.751  -54.630  -4.289 0.0000000000
18791  -36.491  -54.364  -5.030 0.0000000000
19692  -36.275  -53.720  -5.602 0.0000000000
19691  -35.520  -52.996  -5.536 0.0000000000
18808  -36.668  -53.787  -6.328 0.0000000000
18826  -36.935  -54.047  -7.210 0.0000000000
19731  -36.770  -53.303  -7.814 0.0000000000
19732  -37.168  -53.242  -8.599 0.0000000000
9086  -47.289  -66.193  -9.619 0.0000000000
9068  -46.933  -66.744  -9.420 0.0000000000
9084  -45.659  -66.736  -10.710 0.0000000000
125146  -45.050  -66.867  -11.300 0.0000000000
116783  -44.167  -66.945  -12.233 0.0000000000
8358  -43.244  -66.663  -13.101 0.0000000000
111767  -44.171  -66.618  -14.919 0.0000000000
9150  -43.618  -66.568  -15.503 0.0000000000
9160  -43.010  -66.341  -16.153 0.0000000000
9173  -43.466  -66.356  -16.981 0.0000000000
9174  -43.717  -66.412  -17.673 0.0000000000
8252  -47.411  -67.086  -4.428 0.0000000000
8266  -47.124  -67.568  -5.242 0.0000000000
8267  -47.494  -67.058  -5.408 0.0000000000
8277  -47.301  -67.485  -5.998 0.0000000000
9028  -47.658  -66.968  -6.273 0.0000000000
115718  -47.943  -66.389  -6.781 0.0000000000
126400  -47.769  -66.906  -6.962 0.0000000000
9041  -48.059  -66.527  -7.512 0.0000000000
9042  -48.568  -66.029  -7.853 0.0000000000
9771  -48.524  -65.919  -8.349 0.0000000000
11338  -45.637  -63.909  -8.517 0.0000000000
12133  -48.294  -62.823  -7.949 0.0000000000
11326  -49.244  -64.410  -7.606 0.0000000000
10530  -49.419  -64.620  -8.016 0.0000000000
9785  -48.961  -65.174  -8.469 0.0000000000
10557  -48.651  -64.771  -9.370 0.0000000000
128798  -47.863  -64.980  -10.073 0.0000000000
119057  -48.281  -64.211  -10.514 0.0000000000
11361  -49.974  -62.999  -9.137 0.0000000000
11372  -49.196  -63.470  -10.243 0.0000000000
10567  -48.572  -63.576  -11.577 0.0000000000
11388  -49.000  -63.287  -12.563 0.0000000000
12185  -49.292  -62.998  -13.296 0.0000000000
9000  -47.708  -66.286  -3.734 0.0000000000
9735  -47.424  -66.084  -4.437 0.0000000000
10491  -46.207  -65.150  -4.849 0.0000000000
124855  -47.359  -64.395  -3.772 0.0000000000
10479  -46.410  -64.411  -4.467 0.0000000000
123837  -45.156  -64.824  -5.870 0.0000000000
10509  -44.598  -64.494  -7.071 0.0000000000
11325  -44.090  -63.928  -7.715 0.0000000000
12826  -45.901  -61.320  -4.490 0.0000000000
12836  -45.683  -61.568  -5.002 0.0000000000
12096  -44.897  -61.863  -5.643 0.0000000000
12835  -43.316  -61.541  -5.798 0.0000000000
12845  -43.995  -61.770  -5.888 0.0000000000
12109  -43.971  -62.400  -6.390 0.0000000000
132506  -44.056  -63.020  -6.745 0.0000000000
12120  -43.678  -63.099  -7.159 0.0000000000
11336  -43.280  -63.326  -9.213 0.0000000000
12148  -42.815  -62.980  -9.898 0.0000000000
12147  -41.940  -62.671  -9.941 0.0000000000
111340  -40.983  -62.131  -8.963 0.0000000000
12873  -41.183  -62.269  -9.723 0.0000000000
12163  -42.022  -62.197  -10.776 0.0000000000
12907  -41.360  -61.696  -11.209 0.0000000000
12927  -40.950  -61.160  -11.832 0.0000000000
15284  -38.589  -57.930  -3.087 0.0000000000
15285  -39.847  -58.318  -3.234 0.0000000000
15286  -40.487  -58.512  -3.660 0.0000000000
15297  -40.434  -58.632  -4.425 0.0000000000
15316  -40.311  -58.995  -4.993 0.0000000000
14495  -39.810  -59.181  -5.598 0.0000000000
17856  -37.010  -55.904  -4.153 0.0000000000
123930  -37.895  -56.135  -4.422 0.0000000000
16994  -38.518  -56.430  -4.843 0.0000000000
17002  -38.116  -55.915  -5.991 0.0000000000
17003  -38.413  -56.341  -5.553 0.0000000000
16162  -38.744  -56.934  -5.475 0.0000000000
13664  -39.441  -59.895  -6.869 0.0000000000
14509  -39.149  -59.679  -7.565 0.0000000000
14520  -38.993  -59.788  -8.427 0.0000000000
14532  -39.065  -60.109  -9.267 0.0000000000
111940  -37.985  -58.661  -9.276 0.0000000000
116179  -38.538  -59.446  -9.435 0.0000000000
14544  -38.978  -60.015  -10.087 0.0000000000
121172  -38.986  -59.781  -11.065 0.0000000000
13753  -39.444  -59.562  -11.911 0.0000000000
112687  -46.238  -68.609  -5.424 0.0000000000
128005  -45.539  -69.089  -6.155 0.0000000000
6937  -45.050  -69.197  -6.607 0.0000000000
7583  -46.154  -68.364  -7.466 0.0000000000
7581  -44.521  -68.976  -7.274 0.0000000000
6948  -44.020  -69.394  -6.530 0.0000000000
8317  -45.895  -67.574  -9.460 0.0000000000
120207  -45.252  -67.785  -9.665 0.0000000000
8315  -43.821  -67.823  -9.491 0.0000000000
8331  -43.332  -67.367  -10.219 0.0000000000
8314  -42.920  -67.426  -9.177 0.0000000000
14569  -43.331  -59.327  -12.427 0.0000000000
14554  -45.702  -59.499  -11.555 0.0000000000
14555  -46.648  -59.300  -11.294 0.0000000000
14556  -47.732  -59.171  -11.002 0.0000000000
14557  -48.972  -58.979  -10.960 0.0000000000
127940  -50.971  -59.632  -10.771 0.0000000000
113743  -51.124  -60.378  -11.460 0.0000000000
13742  -51.371  -59.305  -12.061 0.0000000000
13759  -51.170  -60.091  -12.393 0.0000000000
12929  -50.794  -60.939  -12.191 0.0000000000
12197  -49.107  -62.942  -13.966 0.0000000000
13766  -48.417  -60.757  -14.029 0.0000000000
12944  -49.328  -61.312  -13.958 0.0000000000
124361  -49.180  -62.198  -13.878 0.0000000000
11392  -48.289  -63.868  -14.122 0.0000000000
10596  -47.009  -65.142  -15.061 0.0000000000
123862  -46.799  -65.104  -15.635 0.0000000000
9873  -45.481  -65.926  -17.406 0.0000000000
6949  -44.505  -69.302  -6.605 0.0000000000
7582  -45.355  -68.727  -7.484 0.0000000000
7612  -46.305  -67.752  -8.650 0.0000000000
8304  -46.936  -67.546  -7.992 0.0000000000
8316  -44.613  -67.916  -9.652 0.0000000000
8335  -46.171  -67.086  -9.922 0.0000000000
8375  -44.217  -66.660  -13.511 0.0000000000
9056  -48.049  -66.504  -8.181 0.0000000000
9082  -41.812  -66.227  -10.301 0.0000000000
9111  -44.829  -66.491  -12.917 0.0000000000
9126  -42.379  -66.221  -13.397 0.0000000000
9130  -45.799  -65.870  -13.354 0.0000000000
9139  -42.602  -66.301  -14.375 0.0000000000
9142  -45.194  -66.377  -14.388 0.0000000000
9143  -45.879  -66.073  -14.713 0.0000000000
9162  -44.357  -66.625  -16.585 0.0000000000
9163  -45.013  -66.437  -16.896 0.0000000000
9176  -44.891  -66.331  -17.657 0.0000000000
9784  -48.106  -65.625  -9.274 0.0000000000
9861  -45.702  -65.911  -16.680 0.0000000000
10513  -49.087  -65.037  -7.722 0.0000000000
10576  -47.741  -64.409  -12.885 0.0000000000
10585  -48.297  -64.069  -13.609 0.0000000000
10597  -47.368  -64.647  -14.717 0.0000000000
11373  -49.706  -62.767  -10.378 0.0000000000
12068  -47.698  -62.338  -3.458 0.0000000000
12108  -43.373  -62.491  -6.774 0.0000000000
12135  -50.014  -62.250  -8.052 0.0000000000
12155  -50.514  -61.186  -9.067 0.0000000000
12827  -46.668  -61.617  -4.196 0.0000000000
12853  -42.457  -62.393  -7.277 0.0000000000
12886  -41.442  -62.180  -10.456 0.0000000000
12892  -50.781  -60.950  -9.923 0.0000000000
12910  -44.138  -61.287  -11.252 0.0000000000
13647  -43.460  -60.565  -4.250 0.0000000000
13648  -45.014  -60.899  -4.263 0.0000000000
13656  -41.915  -60.828  -5.086 0.0000000000
13700  -50.288  -60.827  -8.976 0.0000000000
13733  -39.670  -60.300  -11.529 0.0000000000
13741  -51.239  -59.739  -11.330 0.0000000000
13755  -40.989  -60.510  -12.302 0.0000000000
14503  -39.407  -59.362  -6.287 0.0000000000
15369  -38.703  -58.493  -11.473 0.0000000000
15376  -51.305  -58.775  -12.055 0.0000000000
16146  -39.776  -57.914  -3.754 0.0000000000
16189  -37.698  -57.487  -8.269 0.0000000000
16221  -38.682  -57.128  -11.247 0.0000000000
16980  -34.936  -56.423  -2.472 0.0000000000
17937  -37.566  -55.672  -9.235 0.0000000000
18778  -34.482  -54.394  -3.001 0.0000000000
18796  -36.879  -54.302  -5.745 0.0000000000
20537  -34.572  -52.202  -4.537 0.0000000000
20552  -34.642  -51.871  -5.012 0.0000000000
120735  -40.010  -60.827  -11.120 0.0000000000
121660  -46.499  -65.525  -13.888 0.0000000000
124981  -51.426  -58.909  -12.626 0.0000000000
128506  -43.463  -63.373  -7.886 0.0000000000
129518  -38.577  -59.461  -10.354 0.0000000000
130591  -47.765  -59.614  -10.546 0.0000000000
131536  -39.310  -58.013  -3.310 0.0000000000
131687  -45.404  -66.530  -11.283 0.0000000000
131698  -37.054  -54.340  -6.413 0.0000000000
