#!ascii label  , from subject sub-v1s13x0050040_ses-1 vox2ras=TkReg
572
39266  21.074  -33.677  46.171 0.0000000000
108512  43.136  -17.802  34.974 0.0000000000
111938  51.018  -18.081  33.473 0.0000000000
46209  41.488  -25.836  41.834 0.0000000000
40724  27.804  -31.852  44.228 0.0000000000
130738  25.484  -35.325  46.905 0.0000000000
54047  47.710  -17.022  35.764 0.0000000000
50569  47.035  -19.898  38.100 0.0000000000
46180  38.468  -26.101  44.359 0.0000000000
120822  31.654  -30.501  46.859 0.0000000000
61176  53.161  -7.461  31.041 0.0000000000
56387  51.581  -13.222  32.978 0.0000000000
48062  39.672  -23.949  39.245 0.0000000000
50534  43.267  -20.868  40.821 0.0000000000
39278  24.925  -33.549  45.997 0.0000000000
37679  23.143  -34.863  47.026 0.0000000000
53227  45.514  -17.417  35.399 0.0000000000
52253  47.456  -18.007  37.520 0.0000000000
53192  45.512  -17.554  38.269 0.0000000000
42507  38.861  -29.950  43.914 0.0000000000
39250  28.666  -33.908  47.737 0.0000000000
40722  29.582  -31.491  45.087 0.0000000000
39248  31.084  -32.797  47.553 0.0000000000
60387  51.473  -7.974  32.077 0.0000000000
58772  53.059  -10.112  31.090 0.0000000000
59582  52.523  -10.291  32.451 0.0000000000
54078  49.904  -16.219  33.153 0.0000000000
123742  49.065  -14.611  31.902 0.0000000000
54065  50.887  -15.800  32.627 0.0000000000
54112  51.832  -16.561  30.730 0.0000000000
52327  51.780  -18.348  31.264 0.0000000000
117156  40.098  -25.861  43.247 0.0000000000
124711  38.463  -24.576  41.975 0.0000000000
48012  41.053  -23.764  42.393 0.0000000000
125144  41.354  -22.478  40.329 0.0000000000
114293  42.749  -22.609  41.562 0.0000000000
48043  44.389  -22.719  40.396 0.0000000000
46218  43.807  -25.840  40.095 0.0000000000
39263  26.480  -33.698  47.071 0.0000000000
53253  47.754  -17.297  33.217 0.0000000000
53224  49.224  -17.404  35.015 0.0000000000
51390  49.089  -19.301  35.900 0.0000000000
49786  48.493  -21.123  36.010 0.0000000000
44399  34.967  -27.815  45.864 0.0000000000
44396  37.604  -27.219  45.551 0.0000000000
43469  39.610  -27.980  44.006 0.0000000000
44457  41.426  -28.005  41.555 0.0000000000
43529  43.410  -28.447  40.066 0.0000000000
43472  32.540  -28.470  44.637 0.0000000000
42449  34.479  -29.557  46.682 0.0000000000
61197  51.926  -7.650  28.706 0.0000000000
124021  50.494  -11.651  32.136 0.0000000000
56395  52.458  -13.471  31.662 0.0000000000
54908  51.516  -15.518  29.217 0.0000000000
52246  43.560  -18.837  38.354 0.0000000000
50556  45.120  -19.874  39.932 0.0000000000
48058  45.901  -23.063  38.608 0.0000000000
37693  21.217  -34.497  46.324 0.0000000000
38505  22.548  -34.436  46.839 0.0000000000
37692  22.643  -35.078  46.768 0.0000000000
53228  44.594  -17.531  35.511 0.0000000000
53201  45.543  -17.258  37.682 0.0000000000
53203  44.292  -17.706  37.266 0.0000000000
109341  30.290  -33.228  47.671 0.0000000000
60394  50.539  -8.142  31.265 0.0000000000
59592  52.089  -8.780  32.496 0.0000000000
59584  51.538  -9.603  32.344 0.0000000000
53252  50.380  -17.229  33.562 0.0000000000
54839  50.322  -15.847  32.869 0.0000000000
121200  51.104  -17.391  32.881 0.0000000000
53267  51.768  -17.896  32.096 0.0000000000
46187  40.710  -25.744  42.564 0.0000000000
47092  40.106  -24.990  42.921 0.0000000000
47106  41.167  -24.299  42.412 0.0000000000
48011  41.652  -23.552  42.099 0.0000000000
47116  42.597  -24.365  41.399 0.0000000000
47115  43.448  -24.194  40.731 0.0000000000
46219  43.007  -26.116  40.588 0.0000000000
120746  25.705  -33.604  46.528 0.0000000000
37675  25.728  -34.598  47.416 0.0000000000
114751  27.361  -34.304  47.675 0.0000000000
53241  46.771  -17.725  34.202 0.0000000000
53254  46.948  -17.631  33.260 0.0000000000
53240  47.713  -17.430  34.085 0.0000000000
54055  48.962  -17.029  34.658 0.0000000000
53225  48.370  -17.139  35.508 0.0000000000
52262  49.373  -18.787  35.540 0.0000000000
53210  48.262  -17.386  36.221 0.0000000000
51373  46.856  -18.896  38.265 0.0000000000
50579  48.222  -20.164  36.892 0.0000000000
50580  47.577  -20.741  37.436 0.0000000000
48959  47.452  -22.089  36.553 0.0000000000
48939  47.176  -22.336  37.148 0.0000000000
43447  35.432  -28.523  46.581 0.0000000000
44397  36.606  -27.558  46.068 0.0000000000
43445  37.017  -28.485  46.353 0.0000000000
43470  39.177  -28.382  44.455 0.0000000000
44439  40.417  -28.018  42.829 0.0000000000
41561  30.952  -30.636  46.306 0.0000000000
41570  31.202  -29.957  45.642 0.0000000000
42480  32.371  -29.179  46.096 0.0000000000
43450  33.189  -29.019  46.464 0.0000000000
42451  33.131  -30.055  47.162 0.0000000000
61984  52.232  -6.461  31.946 0.0000000000
61187  52.490  -7.939  29.744 0.0000000000
115716  52.410  -11.845  29.833 0.0000000000
110134  50.642  -14.552  32.835 0.0000000000
56397  49.314  -13.373  31.707 0.0000000000
56396  50.130  -13.032  32.345 0.0000000000
57161  49.917  -12.147  31.880 0.0000000000
57160  50.762  -12.277  32.609 0.0000000000
57150  52.016  -12.481  32.895 0.0000000000
56386  52.013  -13.118  32.690 0.0000000000
53303  51.731  -17.662  30.227 0.0000000000
54129  51.910  -16.289  30.456 0.0000000000
46182  37.187  -26.049  44.116 0.0000000000
124259  37.208  -25.683  43.375 0.0000000000
48047  38.975  -24.144  40.940 0.0000000000
47125  37.747  -24.335  40.561 0.0000000000
49744  42.181  -21.471  40.814 0.0000000000
118183  41.804  -21.572  39.134 0.0000000000
50558  42.325  -20.887  39.316 0.0000000000
50581  42.352  -20.094  37.939 0.0000000000
51366  43.446  -19.819  39.968 0.0000000000
51364  44.424  -19.435  39.995 0.0000000000
50541  44.046  -20.459  40.551 0.0000000000
116045  45.146  -23.937  39.284 0.0000000000
48059  45.443  -23.330  39.106 0.0000000000
48068  45.687  -23.894  38.487 0.0000000000
47140  45.922  -23.861  37.747 0.0000000000
39255  24.145  -34.209  46.980 0.0000000000
37677  24.542  -35.109  47.107 0.0000000000
37706  24.451  -35.693  46.404 0.0000000000
37691  23.354  -35.319  46.817 0.0000000000
54041  46.305  -17.034  36.177 0.0000000000
121702  47.730  -17.213  36.727 0.0000000000
126925  46.648  -16.968  36.978 0.0000000000
53191  46.197  -17.495  38.182 0.0000000000
122031  46.247  -18.745  38.868 0.0000000000
40001  28.140  -32.584  46.048 0.0000000000
40723  28.756  -31.634  44.473 0.0000000000
39984  29.463  -32.302  46.847 0.0000000000
40691  30.766  -31.825  47.368 0.0000000000
40690  31.450  -31.705  47.443 0.0000000000
40688  32.884  -31.074  47.144 0.0000000000
39983  32.285  -32.659  47.047 0.0000000000
128668  52.724  -7.634  32.039 0.0000000000
60403  53.022  -8.499  30.744 0.0000000000
60385  52.689  -8.377  32.169 0.0000000000
58764  53.049  -10.426  31.730 0.0000000000
57952  53.000  -11.292  31.671 0.0000000000
54849  48.552  -16.219  32.224 0.0000000000
54848  49.511  -15.804  32.691 0.0000000000
54846  50.831  -14.981  32.737 0.0000000000
109358  51.344  -14.702  32.445 0.0000000000
54844  51.795  -14.253  32.205 0.0000000000
54845  51.456  -15.943  31.937 0.0000000000
53291  51.896  -17.884  30.796 0.0000000000
46179  38.974  -26.058  44.147 0.0000000000
47095  38.506  -25.229  43.253 0.0000000000
47093  39.700  -25.155  43.208 0.0000000000
48014  39.719  -24.337  42.538 0.0000000000
48046  39.744  -23.872  41.118 0.0000000000
109444  40.314  -23.666  40.155 0.0000000000
48889  41.256  -22.876  41.661 0.0000000000
48888  41.875  -22.350  41.738 0.0000000000
48886  43.142  -21.879  41.389 0.0000000000
49734  43.807  -21.167  40.778 0.0000000000
48027  43.417  -22.500  41.216 0.0000000000
130353  44.101  -24.150  40.212 0.0000000000
46231  44.888  -25.518  39.081 0.0000000000
40004  24.830  -33.222  44.882 0.0000000000
40002  26.504  -32.779  45.114 0.0000000000
109574  27.335  -32.789  45.786 0.0000000000
39262  27.378  -33.767  47.433 0.0000000000
38493  28.091  -34.281  47.734 0.0000000000
54079  49.205  -16.541  33.096 0.0000000000
53239  49.654  -17.201  34.221 0.0000000000
53238  50.461  -18.004  34.079 0.0000000000
52284  50.408  -18.745  34.444 0.0000000000
51409  50.020  -19.869  34.569 0.0000000000
50596  49.427  -20.355  35.097 0.0000000000
114248  48.549  -18.815  36.484 0.0000000000
50590  48.704  -20.583  36.156 0.0000000000
44415  33.888  -27.805  44.384 0.0000000000
44413  35.439  -27.340  45.077 0.0000000000
45282  36.431  -27.129  45.523 0.0000000000
45280  37.695  -26.773  45.157 0.0000000000
43459  38.108  -28.251  45.514 0.0000000000
43458  38.680  -27.876  44.955 0.0000000000
45292  39.077  -26.541  44.282 0.0000000000
45307  39.874  -26.652  43.617 0.0000000000
45306  40.305  -26.349  42.984 0.0000000000
45332  41.406  -26.967  41.616 0.0000000000
45349  42.871  -27.068  40.526 0.0000000000
43513  42.037  -28.474  40.960 0.0000000000
109981  33.661  -28.508  45.989 0.0000000000
43448  34.795  -28.674  46.702 0.0000000000
42464  35.413  -29.605  46.625 0.0000000000
40687  33.612  -30.777  46.951 0.0000000000
40696  34.908  -30.979  46.449 0.0000000000
62013  53.039  -6.261  29.202 0.0000000000
58756  50.646  -10.123  31.617 0.0000000000
58747  52.129  -10.770  32.880 0.0000000000
57942  52.652  -11.739  32.207 0.0000000000
113501  52.665  -13.346  30.627 0.0000000000
55598  52.280  -14.267  31.363 0.0000000000
55611  52.344  -14.701  30.697 0.0000000000
56416  51.987  -14.022  29.410 0.0000000000
47110  37.262  -25.042  41.892 0.0000000000
51392  42.462  -19.027  36.752 0.0000000000
52264  43.402  -18.100  36.905 0.0000000000
52245  44.317  -18.652  38.966 0.0000000000
52233  45.264  -18.592  39.264 0.0000000000
50555  45.859  -20.188  39.284 0.0000000000
49741  44.847  -21.428  40.130 0.0000000000
129996  45.496  -21.607  39.469 0.0000000000
49748  46.532  -21.875  38.256 0.0000000000
48940  46.645  -22.847  37.468 0.0000000000
45348  43.678  -26.741  40.061 0.0000000000
111550  44.541  -26.954  39.140 0.0000000000
38506  21.606  -34.173  46.490 0.0000000000
38507  20.838  -33.889  46.261 0.0000000000
53229  43.781  -17.663  35.642 0.0000000000
53214  44.437  -17.514  36.348 0.0000000000
53215  43.756  -17.758  36.400 0.0000000000
59593  50.926  -8.974  31.808 0.0000000000
52295  51.452  -18.629  32.756 0.0000000000
46198  41.285  -24.958  42.284 0.0000000000
46197  41.926  -24.920  41.808 0.0000000000
47105  41.830  -24.206  42.012 0.0000000000
46208  42.399  -25.453  41.270 0.0000000000
38495  24.941  -34.679  47.329 0.0000000000
37688  25.967  -35.071  47.188 0.0000000000
54057  47.404  -17.228  35.115 0.0000000000
54056  48.265  -17.117  34.984 0.0000000000
52274  48.941  -17.769  35.611 0.0000000000
51382  47.545  -19.553  37.587 0.0000000000
49773  47.709  -21.665  36.941 0.0000000000
49758  47.130  -21.690  37.601 0.0000000000
42463  36.154  -29.286  46.555 0.0000000000
43446  36.256  -28.572  46.515 0.0000000000
42462  36.758  -28.978  46.517 0.0000000000
129465  31.413  -30.207  46.307 0.0000000000
42481  31.759  -29.411  45.646 0.0000000000
42467  31.909  -29.829  46.425 0.0000000000
42466  32.778  -29.624  46.865 0.0000000000
42452  32.405  -30.293  47.139 0.0000000000
61166  52.979  -7.124  31.804 0.0000000000
61983  52.841  -6.421  31.821 0.0000000000
120332  53.173  -6.535  31.355 0.0000000000
56388  50.849  -13.666  32.971 0.0000000000
118182  51.034  -12.947  33.078 0.0000000000
53304  51.322  -18.029  29.724 0.0000000000
54131  51.387  -17.380  29.524 0.0000000000
46181  37.827  -26.275  44.611 0.0000000000
46191  38.009  -25.694  43.877 0.0000000000
120322  39.335  -24.041  40.194 0.0000000000
48063  38.549  -23.964  39.399 0.0000000000
49743  42.786  -21.095  40.933 0.0000000000
50544  42.611  -20.937  40.314 0.0000000000
50543  43.266  -20.469  40.490 0.0000000000
50557  42.888  -20.360  39.908 0.0000000000
51352  43.776  -19.943  40.338 0.0000000000
50542  43.674  -20.407  40.547 0.0000000000
47132  45.251  -24.696  38.850 0.0000000000
47141  45.490  -24.519  38.142 0.0000000000
38497  23.484  -34.486  47.068 0.0000000000
122719  23.156  -34.011  46.721 0.0000000000
38496  24.257  -34.641  47.221 0.0000000000
37678  23.792  -35.017  47.105 0.0000000000
37690  24.107  -35.425  46.815 0.0000000000
53243  44.809  -17.718  34.617 0.0000000000
53226  46.475  -17.335  35.234 0.0000000000
53213  45.909  -17.063  37.106 0.0000000000
121214  46.101  -17.186  37.806 0.0000000000
52242  46.358  -18.095  38.477 0.0000000000
52243  45.692  -17.981  38.727 0.0000000000
39985  28.651  -32.750  46.909 0.0000000000
112893  29.460  -33.200  47.589 0.0000000000
128184  30.206  -32.866  47.689 0.0000000000
117335  30.817  -32.489  47.592 0.0000000000
39972  31.581  -32.153  47.438 0.0000000000
61177  50.938  -7.314  31.599 0.0000000000
61168  51.849  -7.157  32.122 0.0000000000
60386  52.319  -7.786  32.282 0.0000000000
59583  52.214  -9.850  32.663 0.0000000000
59591  52.689  -9.378  32.281 0.0000000000
112736  52.882  -10.051  32.188 0.0000000000
58755  52.809  -10.772  32.210 0.0000000000
53277  51.955  -17.985  31.316 0.0000000000
52328  51.409  -18.591  31.021 0.0000000000
46178  39.498  -26.114  43.811 0.0000000000
46189  39.332  -25.631  43.651 0.0000000000
46188  39.836  -25.497  43.268 0.0000000000
47107  40.534  -24.490  42.616 0.0000000000
47108  40.019  -24.625  42.839 0.0000000000
48013  40.394  -24.023  42.540 0.0000000000
48030  40.070  -23.787  42.077 0.0000000000
48029  40.813  -23.400  42.156 0.0000000000
48045  40.535  -23.410  41.406 0.0000000000
48028  42.306  -23.425  41.748 0.0000000000
48879  42.068  -22.770  41.856 0.0000000000
48887  42.536  -22.049  41.573 0.0000000000
116009  43.076  -23.369  41.291 0.0000000000
47124  43.994  -24.957  40.174 0.0000000000
47133  44.663  -24.675  39.582 0.0000000000
46217  44.420  -25.591  39.602 0.0000000000
123560  24.241  -33.550  45.612 0.0000000000
40003  25.689  -33.149  45.521 0.0000000000
39987  26.460  -33.185  46.139 0.0000000000
116121  27.078  -33.285  46.741 0.0000000000
39986  27.798  -33.088  46.889 0.0000000000
54080  48.192  -16.894  32.718 0.0000000000
52285  49.920  -17.891  34.637 0.0000000000
128489  49.829  -19.159  35.184 0.0000000000
51398  49.716  -19.696  35.258 0.0000000000
50589  49.196  -20.164  35.705 0.0000000000
53199  47.328  -17.374  37.261 0.0000000000
52252  48.069  -17.886  36.846 0.0000000000
51391  48.700  -19.725  36.388 0.0000000000
50597  48.889  -20.653  35.599 0.0000000000
112351  34.603  -27.668  44.969 0.0000000000
119552  37.130  -27.483  45.931 0.0000000000
45281  37.129  -27.063  45.652 0.0000000000
42477  37.992  -29.159  45.532 0.0000000000
42492  38.505  -29.632  44.699 0.0000000000
44412  39.201  -27.527  44.457 0.0000000000
44394  38.736  -27.064  44.743 0.0000000000
123050  39.230  -26.954  44.348 0.0000000000
45291  39.441  -26.666  44.066 0.0000000000
44411  39.560  -27.185  44.065 0.0000000000
43499  40.908  -28.515  42.137 0.0000000000
44424  40.323  -27.092  42.951 0.0000000000
44438  40.835  -27.527  42.216 0.0000000000
45319  40.802  -26.562  42.341 0.0000000000
44456  42.055  -27.490  40.969 0.0000000000
43463  32.052  -28.913  45.187 0.0000000000
43473  31.749  -28.753  44.145 0.0000000000
43461  33.328  -28.241  45.013 0.0000000000
43462  32.821  -28.684  45.586 0.0000000000
42465  33.596  -29.490  46.887 0.0000000000
43449  34.054  -28.870  46.688 0.0000000000
111857  34.313  -29.238  46.752 0.0000000000
43433  34.919  -28.997  46.770 0.0000000000
41545  34.737  -29.875  46.693 0.0000000000
41569  35.591  -30.656  46.263 0.0000000000
61196  52.895  -6.969  29.850 0.0000000000
62014  52.206  -6.931  28.399 0.0000000000
121952  51.571  -7.503  27.812 0.0000000000
59609  53.057  -9.427  30.951 0.0000000000
55599  48.263  -14.690  31.363 0.0000000000
57953  49.576  -11.179  30.724 0.0000000000
57944  49.956  -11.443  31.477 0.0000000000
58757  50.080  -10.833  31.263 0.0000000000
57943  50.617  -10.964  31.983 0.0000000000
58748  51.479  -10.431  32.512 0.0000000000
57936  51.361  -11.437  32.737 0.0000000000
57149  52.297  -12.500  32.493 0.0000000000
57934  52.280  -11.905  32.682 0.0000000000
57159  52.621  -12.671  31.835 0.0000000000
114603  52.686  -13.236  31.292 0.0000000000
54857  51.741  -15.117  31.690 0.0000000000
111387  52.007  -14.488  31.675 0.0000000000
54873  52.079  -15.425  30.987 0.0000000000
54892  51.866  -15.967  29.920 0.0000000000
54891  52.111  -15.497  30.439 0.0000000000
55624  52.075  -14.929  29.842 0.0000000000
109335  38.117  -24.919  42.411 0.0000000000
47118  37.887  -24.705  41.709 0.0000000000
48901  40.979  -23.089  39.731 0.0000000000
50571  41.793  -21.259  38.438 0.0000000000
114297  42.936  -19.373  38.218 0.0000000000
51383  42.464  -19.512  37.271 0.0000000000
52256  42.982  -18.715  37.441 0.0000000000
52265  42.723  -18.492  36.482 0.0000000000
52255  43.869  -18.265  37.906 0.0000000000
51350  44.481  -19.829  40.199 0.0000000000
52234  44.687  -18.932  39.524 0.0000000000
51363  44.885  -19.230  39.788 0.0000000000
51362  45.654  -19.158  39.367 0.0000000000
48899  44.211  -21.776  40.603 0.0000000000
48898  44.739  -22.272  40.112 0.0000000000
48912  45.350  -22.441  39.442 0.0000000000
130052  45.954  -22.185  38.803 0.0000000000
121485  45.993  -21.236  39.037 0.0000000000
48928  46.445  -22.698  38.131 0.0000000000
48927  46.805  -22.380  37.652 0.0000000000
47151  46.059  -23.655  37.256 0.0000000000
44473  42.782  -27.996  40.524 0.0000000000
44472  43.535  -27.613  40.063 0.0000000000
123668  21.952  -34.730  46.575 0.0000000000
109168  43.931  -17.685  34.792 0.0000000000
108597  45.288  -17.290  36.269 0.0000000000
119401  45.068  -17.341  37.093 0.0000000000
53202  45.024  -17.465  37.777 0.0000000000
39249  29.483  -33.797  47.709 0.0000000000
39261  30.167  -33.811  47.609 0.0000000000
54067  49.902  -16.583  33.400 0.0000000000
54066  50.446  -16.479  33.025 0.0000000000
128019  50.845  -16.554  32.705 0.0000000000
54077  51.253  -16.787  32.237 0.0000000000
52310  51.715  -18.580  31.891 0.0000000000
47091  40.493  -25.105  42.723 0.0000000000
46207  43.206  -25.152  40.710 0.0000000000
117093  24.920  -33.940  46.970 0.0000000000
39253  25.724  -34.046  47.264 0.0000000000
39252  26.546  -34.205  47.464 0.0000000000
53255  46.016  -17.862  33.436 0.0000000000
54069  48.676  -17.042  33.845 0.0000000000
52273  49.725  -18.429  35.059 0.0000000000
52263  48.727  -18.269  36.120 0.0000000000
120062  47.370  -18.660  37.701 0.0000000000
51381  48.052  -18.946  37.114 0.0000000000
49772  48.211  -21.056  36.620 0.0000000000
49787  47.975  -21.514  36.365 0.0000000000
44382  35.291  -28.154  46.523 0.0000000000
44398  35.844  -27.666  46.076 0.0000000000
44381  36.036  -28.038  46.461 0.0000000000
44380  36.757  -27.969  46.283 0.0000000000
43444  37.468  -27.861  45.914 0.0000000000
42491  39.085  -29.265  44.280 0.0000000000
43483  40.004  -28.442  43.361 0.0000000000
44425  39.982  -27.543  43.543 0.0000000000
43500  40.428  -28.952  42.651 0.0000000000
41563  30.221  -31.179  45.821 0.0000000000
41579  30.170  -30.879  44.758 0.0000000000
41571  30.638  -30.550  45.374 0.0000000000
42495  30.702  -30.065  44.553 0.0000000000
42494  31.394  -29.372  44.845 0.0000000000
42450  33.804  -29.825  46.884 0.0000000000
62007  53.388  -5.971  30.653 0.0000000000
57961  52.885  -10.967  30.673 0.0000000000
55590  49.806  -14.040  32.295 0.0000000000
56398  48.789  -13.934  31.503 0.0000000000
57162  49.317  -12.659  31.429 0.0000000000
57151  51.569  -12.370  33.047 0.0000000000
56385  52.288  -13.093  32.219 0.0000000000
54113  51.775  -17.199  30.534 0.0000000000
54130  51.752  -16.904  30.021 0.0000000000
45308  36.518  -26.382  44.179 0.0000000000
47117  38.265  -24.399  41.207 0.0000000000
48048  38.396  -24.165  40.349 0.0000000000
47134  37.661  -24.096  39.862 0.0000000000
127291  41.713  -21.915  40.380 0.0000000000
48913  41.467  -22.203  39.538 0.0000000000
49749  42.025  -21.488  39.925 0.0000000000
126033  42.196  -20.599  38.469 0.0000000000
50582  41.820  -20.828  37.675 0.0000000000
50570  42.847  -20.059  39.003 0.0000000000
51375  43.589  -19.305  39.148 0.0000000000
51365  44.085  -19.361  39.906 0.0000000000
51351  44.082  -19.833  40.336 0.0000000000
48060  44.519  -23.647  39.964 0.0000000000
48042  44.953  -23.079  39.733 0.0000000000
48067  46.259  -23.376  37.945 0.0000000000
39264  24.155  -33.829  46.467 0.0000000000
39254  24.702  -34.324  47.216 0.0000000000
37689  24.855  -35.419  46.846 0.0000000000
53242  45.773  -17.755  34.415 0.0000000000
54048  47.068  -17.044  35.785 0.0000000000
53211  47.742  -17.042  36.262 0.0000000000
54040  47.176  -16.974  36.345 0.0000000000
53212  47.241  -17.055  36.887 0.0000000000
53200  46.664  -17.200  37.526 0.0000000000
53190  46.790  -17.629  37.850 0.0000000000
52241  46.938  -18.174  37.990 0.0000000000
51374  46.409  -19.563  38.776 0.0000000000
127643  37.460  -29.664  45.743 0.0000000000
40709  28.039  -32.232  45.112 0.0000000000
40708  28.875  -32.058  45.761 0.0000000000
40707  29.629  -31.729  46.017 0.0000000000
40692  30.184  -32.473  47.499 0.0000000000
40699  30.112  -31.759  46.776 0.0000000000
41562  30.632  -31.282  46.734 0.0000000000
41550  31.239  -31.137  47.177 0.0000000000
41549  31.951  -30.970  47.349 0.0000000000
40689  32.141  -31.421  47.304 0.0000000000
39970  32.386  -31.886  47.216 0.0000000000
61167  52.576  -7.056  32.102 0.0000000000
60393  53.046  -7.968  31.738 0.0000000000
118750  53.122  -8.842  31.830 0.0000000000
59600  53.100  -9.666  31.834 0.0000000000
110270  52.898  -11.914  30.870 0.0000000000
57183  52.603  -12.641  30.223 0.0000000000
54858  48.826  -15.371  31.970 0.0000000000
55591  49.724  -14.972  32.505 0.0000000000
54847  50.312  -15.415  32.852 0.0000000000
55589  51.222  -14.075  32.856 0.0000000000
55588  51.671  -13.755  32.642 0.0000000000
54092  51.809  -16.283  31.162 0.0000000000
54093  51.669  -17.123  31.465 0.0000000000
53276  51.827  -17.305  30.895 0.0000000000
46190  38.802  -25.657  43.844 0.0000000000
47094  39.195  -25.206  43.347 0.0000000000
47109  38.979  -24.691  42.699 0.0000000000
109629  39.570  -24.829  42.975 0.0000000000
48031  39.148  -24.231  41.848 0.0000000000
119742  41.036  -22.985  40.779 0.0000000000
48880  41.462  -23.071  42.053 0.0000000000
48900  41.663  -22.170  41.146 0.0000000000
49737  42.331  -21.663  41.342 0.0000000000
49736  43.013  -21.348  41.268 0.0000000000
50533  43.498  -20.927  40.796 0.0000000000
49735  43.398  -21.395  41.045 0.0000000000
48885  43.623  -21.788  41.012 0.0000000000
48026  43.888  -22.364  40.822 0.0000000000
48044  43.859  -23.261  40.710 0.0000000000
40020  27.224  -32.341  44.710 0.0000000000
39973  28.331  -33.524  47.499 0.0000000000
39251  27.951  -33.979  47.797 0.0000000000
54068  49.442  -16.877  33.770 0.0000000000
52296  50.972  -18.933  33.658 0.0000000000
51408  50.476  -19.458  34.116 0.0000000000
123967  50.142  -19.358  34.784 0.0000000000
128956  34.052  -27.585  43.724 0.0000000000
45296  35.389  -27.017  44.156 0.0000000000
45295  36.113  -26.796  44.645 0.0000000000
45294  37.038  -26.575  44.965 0.0000000000
46170  38.189  -26.509  44.771 0.0000000000
42478  37.298  -29.089  46.170 0.0000000000
43460  37.591  -28.547  45.976 0.0000000000
43471  38.648  -28.788  44.972 0.0000000000
44395  38.108  -27.458  45.340 0.0000000000
45279  38.156  -26.901  45.052 0.0000000000
45293  38.590  -26.510  44.558 0.0000000000
45331  42.168  -26.470  41.090 0.0000000000
43530  42.730  -28.926  40.489 0.0000000000
42533  42.010  -29.416  40.950 0.0000000000
41580  29.563  -31.107  44.193 0.0000000000
44416  33.024  -28.026  44.109 0.0000000000
44400  34.144  -28.036  45.457 0.0000000000
44383  34.522  -28.329  46.378 0.0000000000
42448  35.506  -28.999  46.676 0.0000000000
41548  32.674  -30.705  47.189 0.0000000000
41547  33.346  -30.391  47.032 0.0000000000
41546  34.037  -30.146  46.831 0.0000000000
41560  34.376  -30.523  46.717 0.0000000000
41559  35.182  -30.287  46.577 0.0000000000
39267  20.399  -33.438  46.036 0.0000000000
62021  52.654  -6.351  27.886 0.0000000000
57935  52.064  -11.682  32.940 0.0000000000
58746  52.408  -11.158  32.591 0.0000000000
118756  52.880  -12.041  31.608 0.0000000000
57172  52.838  -12.659  31.126 0.0000000000
115852  52.307  -13.362  29.777 0.0000000000
55587  52.119  -13.752  32.169 0.0000000000
56405  52.575  -13.896  31.027 0.0000000000
56415  52.426  -14.084  30.249 0.0000000000
55640  51.523  -14.591  28.998 0.0000000000
52286  42.412  -18.049  35.075 0.0000000000
46199  37.648  -25.309  42.920 0.0000000000
51384  41.968  -20.267  37.010 0.0000000000
52266  42.243  -18.902  36.214 0.0000000000
53216  43.026  -17.962  35.890 0.0000000000
52254  44.701  -17.881  38.281 0.0000000000
52244  45.070  -18.193  38.926 0.0000000000
52232  45.840  -18.439  38.994 0.0000000000
49742  44.272  -20.988  40.557 0.0000000000
50540  44.649  -20.489  40.291 0.0000000000
117153  45.310  -20.759  39.799 0.0000000000
49759  46.661  -20.756  38.357 0.0000000000
48078  46.854  -22.736  36.954 0.0000000000
48079  46.367  -23.294  37.341 0.0000000000
44488  43.966  -28.084  39.611 0.0000000000
44471  44.141  -27.286  39.587 0.0000000000
45347  44.326  -26.403  39.526 0.0000000000
45364  44.706  -26.221  39.078 0.0000000000
37676  25.263  -35.088  47.150 0.0000000000
127238  35.007  -29.354  46.703 0.0000000000
127812  44.606  -25.960  39.288 0.0000000000
128857  46.363  -17.058  37.412 0.0000000000
