#!ascii label  , from subject sub-v1s13x0050014_ses-1 vox2ras=TkReg
878
54046  -27.567  -24.510  -24.309 0.4285714328
55143  -28.329  -23.131  -25.061 0.2857142985
55142  -27.421  -23.479  -25.378 0.4285714328
56128  -29.988  -22.795  -24.707 0.4285714328
56146  -28.794  -22.437  -25.496 0.2857142985
56147  -29.637  -22.264  -25.245 0.4285714328
57137  -30.163  -21.633  -25.515 0.4285714328
57155  -29.452  -21.085  -26.500 0.4285714328
57156  -30.054  -21.057  -26.088 0.4285714328
58201  -29.556  -20.123  -27.408 0.4285714328
59189  -30.464  -19.777  -27.178 0.4285714328
120815  -29.516  -19.215  -28.288 0.5714285970
115688  -29.833  -19.530  -27.708 0.5714285970
59204  -31.157  -19.167  -27.321 0.4285714328
60224  -31.457  -18.496  -27.582 0.2857142985
60238  -29.793  -18.611  -28.634 0.7142857313
61198  -31.624  -17.274  -28.350 0.7142857313
61182  -32.363  -17.156  -27.927 0.4285714328
61180  -31.078  -17.956  -28.141 0.7142857313
61181  -31.898  -17.799  -27.799 0.5714285970
62132  -32.493  -16.086  -28.470 0.5714285970
130455  -30.645  -17.058  -29.375 0.5714285970
63121  -31.993  -16.003  -28.916 0.5714285970
63122  -32.558  -15.514  -28.754 0.5714285970
62131  -31.371  -16.690  -29.015 0.5714285970
64075  -33.108  -15.117  -28.448 0.4285714328
64096  -32.618  -14.295  -29.445 0.5714285970
115417  -33.123  -13.627  -29.356 0.5714285970
63157  -31.330  -14.908  -30.117 0.7142857313
64969  -33.652  -13.329  -28.833 0.5714285970
63155  -29.798  -15.808  -31.184 0.5714285970
64995  -31.786  -13.639  -30.557 0.8571428657
64986  -33.343  -12.731  -29.615 0.7142857313
111729  -34.006  -12.327  -28.804 0.5714285970
64103  -31.202  -14.350  -30.608 0.7142857313
64102  -30.485  -14.404  -31.193 0.5714285970
66708  -33.228  -11.910  -30.188 0.7142857313
66680  -34.118  -11.524  -28.988 0.5714285970
64996  -32.222  -13.035  -30.573 0.7142857313
65856  -32.734  -12.583  -30.338 0.7142857313
67610  -33.504  -11.044  -30.069 0.5714285970
67611  -33.968  -10.980  -29.363 0.5714285970
65005  -31.662  -12.999  -31.037 0.5714285970
65866  -32.226  -12.447  -30.876 0.7142857313
121177  -33.034  -11.344  -30.587 0.7142857313
68493  -33.401  -10.143  -30.158 0.7142857313
66737  -31.845  -11.515  -31.615 0.7142857313
66738  -32.540  -11.185  -31.146 0.7142857313
67646  -32.573  -10.264  -31.285 0.7142857313
69429  -32.782  -8.846  -30.763 0.7142857313
114724  -33.290  -9.201  -30.087 0.5714285970
66736  -31.154  -11.959  -32.042 0.5714285970
70330  -32.666  -7.825  -30.719 0.5714285970
114750  -32.797  -6.992  -30.234 0.5714285970
68534  -32.107  -9.851  -31.860 0.8571428657
67645  -32.018  -10.696  -31.753 0.8571428657
69444  -32.330  -8.457  -31.515 0.7142857313
114009  -32.132  -9.140  -31.863 0.8571428657
71248  -31.880  -6.614  -31.997 0.8571428657
71249  -32.213  -6.434  -31.304 0.5714285970
70344  -32.207  -7.360  -31.551 0.8571428657
114567  -31.921  -7.960  -32.184 0.8571428657
69443  -31.940  -8.663  -32.134 0.8571428657
113578  -31.410  -5.075  -32.973 0.8571428657
124632  -31.313  -3.781  -33.656 0.8571428657
70343  -31.813  -7.254  -32.269 0.8571428657
72204  -31.024  -5.266  -34.075 1.0000000000
73105  -31.233  -4.452  -33.795 1.0000000000
115987  -31.169  -6.097  -33.448 0.8571428657
73996  -31.169  -3.935  -34.384 1.0000000000
130953  -30.996  -3.445  -34.771 1.0000000000
74868  -30.284  -2.988  -35.856 0.7142857313
73995  -30.954  -4.104  -35.295 1.0000000000
110801  -30.662  -2.928  -35.010 1.0000000000
77590  -29.852  0.075  -36.773 1.0000000000
76739  -29.586  -0.744  -37.428 0.8571428657
110543  -29.834  0.703  -38.867 0.8571428657
78367  -29.904  0.861  -37.621 1.0000000000
80877  -29.449  3.891  -39.741 0.8571428657
79173  -29.711  2.368  -39.924 0.8571428657
79164  -30.026  2.295  -38.968 1.0000000000
80885  -28.413  4.426  -39.900 0.8571428657
80886  -28.975  4.666  -39.699 0.8571428657
81795  -28.425  5.212  -39.805 0.7142857313
80884  -27.814  4.150  -39.700 0.5714285970
82623  -27.766  5.844  -39.601 0.7142857313
81794  -28.158  5.883  -39.934 0.5714285970
81775  -27.197  5.183  -38.145 0.5714285970
112879  -27.492  4.506  -39.106 0.5714285970
121971  -27.432  6.570  -38.234 0.4285714328
83370  -27.484  7.102  -38.741 0.4285714328
81732  -27.424  6.029  -35.126 0.2857142985
81741  -27.314  5.761  -36.323 0.2857142985
82569  -27.237  6.321  -33.809 0.2857142985
56145  -27.932  -22.706  -25.766 0.2857142985
63144  -31.970  -15.190  -29.457 0.5714285970
66709  -33.737  -11.764  -29.537 0.5714285970
121965  -32.474  -6.975  -30.873 0.5714285970
68535  -32.503  -9.394  -31.350 0.7142857313
72194  -31.771  -5.262  -31.981 0.8571428657
125995  -31.431  -4.102  -32.982 0.8571428657
75807  -29.958  -2.250  -36.319 0.8571428657
82554  -27.174  6.555  -32.336 0.1428571492
55159  -27.136  -22.972  -26.121 0.2857142985
56162  -27.586  -22.352  -26.517 0.2857142985
56163  -28.415  -22.050  -26.219 0.2857142985
57136  -29.319  -21.672  -25.929 0.4285714328
58167  -30.875  -20.493  -26.344 0.4285714328
57172  -28.338  -21.050  -27.339 0.2857142985
129063  -29.240  -19.750  -27.938 0.4285714328
57154  -28.788  -21.393  -26.667 0.4285714328
58168  -31.943  -20.217  -26.208 0.4285714328
58186  -28.673  -20.309  -27.804 0.5714285970
117575  -29.671  -18.166  -29.453 0.2857142985
60239  -30.324  -18.054  -28.648 0.7142857313
61197  -30.886  -17.430  -28.796 0.7142857313
120869  -32.109  -16.610  -28.442 0.4285714328
62130  -30.747  -16.417  -29.672 0.5714285970
64055  -34.092  -14.434  -27.490 0.4285714328
63143  -31.018  -15.602  -29.914 0.7142857313
125721  -32.734  -14.888  -29.001 0.7142857313
64074  -33.272  -14.282  -28.785 0.5714285970
64947  -33.830  -13.899  -28.123 0.4285714328
64985  -32.554  -13.461  -29.990 0.7142857313
63167  -29.888  -15.040  -31.438 0.5714285970
63156  -30.550  -15.161  -30.666 0.5714285970
122228  -33.697  -9.750  -29.572 0.5714285970
64994  -31.075  -13.686  -31.138 0.5714285970
65876  -32.233  -11.871  -31.166 0.7142857313
66725  -32.688  -11.892  -30.723 0.7142857313
65875  -31.687  -12.285  -31.407 0.8571428657
72181  -31.917  -5.936  -31.747 0.5714285970
70358  -31.455  -7.580  -32.920 1.0000000000
73985  -31.238  -3.281  -34.008 1.0000000000
71275  -30.731  -6.013  -34.518 1.0000000000
126940  -30.355  -3.588  -36.377 0.8571428657
74875  -29.671  -2.666  -37.317 0.7142857313
130763  -29.895  -1.543  -36.384 1.0000000000
75794  -30.099  -1.379  -35.641 1.0000000000
76732  -29.862  -0.930  -36.504 1.0000000000
75806  -29.654  -1.652  -37.111 0.7142857313
77605  -29.620  -0.005  -38.084 0.8571428657
79998  -29.373  3.181  -40.214 0.8571428657
78375  -30.086  1.539  -38.373 1.0000000000
82599  -27.335  5.859  -38.212 0.7142857313
81787  -27.490  5.244  -38.862 0.7142857313
81774  -26.990  4.824  -37.732 0.4285714328
82578  -27.641  6.666  -35.795 0.2857142985
111375  -27.460  6.485  -37.499 0.4285714328
118377  -27.610  6.596  -39.571 0.4285714328
83361  -27.522  7.308  -37.694 0.4285714328
82570  -27.782  6.920  -34.682 0.2857142985
83352  -27.663  7.291  -36.567 0.4285714328
60269  -29.203  -18.009  -30.383 0.4285714328
62152  -29.940  -17.187  -30.086 0.4285714328
82586  -27.496  6.363  -36.733 0.2857142985
54059  -27.261  -24.107  -24.868 0.4285714328
55126  -28.772  -23.585  -24.408 0.4285714328
55141  -26.726  -23.527  -25.885 0.2857142985
55127  -29.637  -23.445  -24.304 0.4285714328
56127  -29.175  -22.906  -24.838 0.4285714328
58187  -29.131  -20.753  -27.075 0.4285714328
58188  -29.920  -20.534  -26.745 0.4285714328
59203  -28.673  -19.674  -28.618 0.4285714328
59216  -29.143  -18.950  -29.098 0.2857142985
60223  -30.415  -18.812  -27.888 0.4285714328
61220  -30.292  -17.574  -29.266 0.5714285970
62153  -31.425  -15.976  -29.393 0.5714285970
64054  -33.608  -14.721  -28.048 0.4285714328
64095  -31.919  -14.305  -30.023 0.7142857313
62167  -30.261  -16.124  -30.410 0.7142857313
118545  -33.047  -10.637  -30.700 0.7142857313
68516  -32.953  -9.756  -30.739 0.7142857313
71258  -31.532  -6.739  -32.737 0.8571428657
72193  -31.610  -5.949  -32.464 0.8571428657
69456  -31.537  -8.454  -32.703 0.8571428657
74001  -30.677  -3.555  -35.612 1.0000000000
74876  -29.992  -3.184  -36.778 0.8571428657
117021  -28.947  3.863  -40.194 0.8571428657
121385  -27.945  4.994  -39.606 0.7142857313
80866  -27.025  4.486  -38.373 0.5714285970
81756  -26.994  4.878  -36.954 0.4285714328
81757  -27.286  5.600  -37.408 0.4285714328
82612  -27.472  6.171  -38.910 0.4285714328
82562  -27.274  6.680  -32.954 0.1428571492
57153  -27.997  -21.717  -26.934 0.2857142985
84721  -27.475  10.112  -38.251 0.2857142985
84717  -27.476  10.239  -37.186 0.1428571492
116542  -27.492  8.113  -38.133 0.2857142985
84727  -27.464  9.808  -39.297 0.2857142985
119078  -27.561  9.320  -36.598 0.1428571492
125252  -27.395  10.227  -36.027 0.1428571492
113527  -27.797  8.290  -35.968 0.1428571492
115169  -27.620  8.328  -36.963 0.2857142985
84732  -27.454  9.267  -40.502 0.2857142985
119076  -27.489  8.960  -38.652 0.2857142985
84053  -29.709  8.189  -40.385 0.2857142985
84070  -28.048  8.556  -42.434 0.2857142985
84695  -27.894  9.546  -35.015 0.1428571492
117114  -27.483  7.876  -39.286 0.2857142985
82634  -28.512  6.792  -40.734 0.2857142985
84052  -27.450  8.064  -40.391 0.2857142985
82614  -30.258  6.559  -38.343 0.1428571492
83391  -28.714  7.600  -41.433 0.2857142985
83399  -27.950  7.715  -41.766 0.2857142985
84704  -27.717  9.135  -35.778 0.1428571492
118828  -27.641  7.514  -41.093 0.2857142985
82602  -32.472  6.479  -37.572 0.1428571492
82615  -31.094  6.810  -37.991 0.1428571492
83381  -29.281  7.245  -40.217 0.4285714328
82633  -28.165  6.616  -40.604 0.2857142985
80867  -30.429  4.479  -37.537 0.2857142985
81788  -29.485  5.314  -38.983 0.4285714328
82624  -28.441  6.065  -40.065 0.2857142985
79972  -31.271  3.774  -36.143 0.1428571492
81776  -30.681  5.362  -37.418 0.2857142985
81796  -28.904  5.559  -39.689 0.4285714328
80878  -29.960  4.953  -38.209 0.5714285970
79143  -31.278  2.738  -35.285 0.1428571492
79983  -30.378  3.654  -37.508 0.4285714328
79133  -31.135  2.143  -34.907 0.2857142985
79142  -30.850  2.281  -35.740 0.7142857313
79153  -30.559  2.499  -36.678 0.8571428657
79982  -30.026  3.065  -38.221 0.5714285970
78347  -31.276  1.436  -33.559 0.2857142985
78355  -31.416  2.110  -34.066 0.2857142985
79179  -29.146  2.490  -40.410 0.5714285970
77576  -31.191  0.623  -33.125 0.1428571492
78362  -30.596  1.439  -35.444 0.7142857313
77566  -31.215  -0.306  -32.869 0.1428571492
69485  -29.096  -7.717  -35.876 0.5714285970
73116  -30.736  -4.826  -35.740 0.8571428657
72213  -30.381  -5.556  -36.013 0.4285714328
113257  -30.512  -4.228  -36.352 0.5714285970
75781  -30.473  -1.545  -34.628 0.8571428657
124552  -30.274  0.032  -35.046 0.8571428657
77591  -30.245  0.497  -35.693 0.8571428657
79165  -30.220  2.339  -37.765 0.8571428657
127228  -31.631  -0.305  -32.154 0.4285714328
77582  -30.515  -0.014  -34.326 0.7142857313
113427  -30.505  0.702  -34.774 0.7142857313
126321  -28.560  -7.758  -36.126 0.2857142985
122563  -30.453  -5.993  -35.385 0.5714285970
71284  -29.891  -6.328  -36.033 0.5714285970
73117  -31.046  -4.655  -34.749 0.8571428657
75795  -30.314  -2.258  -35.264 0.8571428657
76721  -30.293  -0.688  -34.854 0.8571428657
76733  -30.097  -0.395  -35.740 0.8571428657
111011  -31.253  -1.854  -33.047 0.4285714328
75767  -30.925  -1.710  -33.825 0.8571428657
76701  -31.454  -1.133  -32.373 0.4285714328
66746  -29.874  -11.928  -33.210 0.7142857313
66762  -28.749  -10.832  -34.433 0.4285714328
66747  -30.631  -11.522  -32.711 0.7142857313
68543  -31.026  -9.819  -33.058 0.8571428657
68553  -29.720  -9.713  -34.267 0.5714285970
69474  -29.142  -8.453  -35.295 0.5714285970
68566  -28.691  -8.773  -35.416 0.4285714328
122468  -30.621  -8.715  -33.811 0.8571428657
68562  -29.884  -8.796  -34.488 0.5714285970
126071  -31.187  -6.932  -33.386 0.8571428657
71265  -30.742  -6.741  -34.109 0.7142857313
70365  -30.325  -7.347  -34.620 0.5714285970
109305  -31.394  -3.242  -33.099 0.7142857313
74849  -31.197  -2.539  -33.681 0.7142857313
74861  -30.786  -2.320  -34.444 0.8571428657
73957  -32.205  -2.844  -30.883 0.2857142985
74839  -31.597  -2.886  -32.258 0.4285714328
111796  -31.541  -2.080  -32.275 0.5714285970
65004  -30.300  -13.774  -31.698 0.4285714328
65882  -29.575  -12.755  -33.040 0.4285714328
65889  -29.113  -12.291  -33.616 0.4285714328
67658  -31.549  -10.256  -32.396 0.7142857313
68544  -31.640  -9.314  -32.442 0.7142857313
69464  -31.050  -8.228  -33.432 0.8571428657
124232  -31.944  -4.747  -31.557 0.7142857313
73970  -32.298  -3.790  -30.785 0.2857142985
73087  -31.958  -4.080  -31.560 0.5714285970
73097  -31.697  -4.475  -32.205 0.5714285970
128003  -29.916  -14.420  -31.717 0.4285714328
64117  -28.882  -14.464  -32.723 0.5714285970
65883  -30.347  -12.384  -32.508 0.5714285970
71237  -32.518  -6.274  -30.616 0.4285714328
130536  -32.204  -4.554  -31.066 0.4285714328
62166  -29.530  -16.620  -31.008 0.5714285970
65829  -34.303  -11.638  -28.445 0.4285714328
67612  -34.084  -10.223  -29.130 0.4285714328
70321  -33.369  -7.826  -29.280 0.4285714328
117554  -33.017  -8.413  -30.216 0.4285714328
71225  -33.164  -6.975  -29.377 0.4285714328
59191  -32.360  -19.462  -26.598 0.1428571492
116872  -33.621  -9.058  -29.422 0.4285714328
69413  -33.698  -8.474  -28.834 0.4285714328
60208  -32.746  -18.723  -26.909 0.1428571492
61168  -33.056  -17.997  -27.217 0.1428571492
63095  -34.027  -15.837  -27.280 0.2857142985
65794  -34.726  -12.384  -26.936 0.2857142985
67566  -35.297  -10.143  -26.289 0.2857142985
124563  -34.756  -10.890  -27.312 0.2857142985
65807  -34.155  -13.049  -28.122 0.4285714328
68459  -34.504  -9.623  -27.544 0.2857142985
67572  -34.522  -10.469  -27.785 0.2857142985
65808  -34.435  -12.169  -27.843 0.2857142985
69387  -34.157  -9.031  -28.147 0.4285714328
59192  -33.193  -19.191  -26.421 0.1428571492
125371  -33.513  -18.418  -26.701 0.1428571492
61169  -33.734  -17.613  -26.982 0.2857142985
62110  -33.904  -16.770  -27.190 0.2857142985
64017  -35.167  -14.436  -25.871 0.2857142985
64935  -35.089  -13.579  -26.103 0.2857142985
64934  -34.691  -13.232  -26.807 0.2857142985
115393  -35.408  -16.166  -25.576 0.2857142985
61154  -34.747  -17.571  -25.913 0.2857142985
63073  -34.856  -15.882  -26.160 0.2857142985
113336  -34.415  -16.359  -26.681 0.2857142985
61183  -33.159  -17.154  -27.538 0.2857142985
64016  -34.768  -15.093  -26.344 0.2857142985
56148  -30.426  -22.219  -25.012 0.2857142985
115355  -30.719  -21.163  -25.765 0.2857142985
59169  -32.815  -19.915  -26.077 0.1428571492
54047  -28.405  -24.319  -24.037 0.2857142985
54029  -28.010  -25.096  -23.770 0.2857142985
53102  -27.092  -25.217  -24.078 0.2857142985
57122  -31.759  -21.702  -24.986 0.2857142985
54031  -29.901  -24.826  -23.517 0.1428571492
53080  -26.675  -26.029  -23.919 0.1428571492
60209  -34.186  -18.050  -26.412 0.1428571492
62091  -34.857  -16.709  -26.043 0.2857142985
63074  -35.303  -15.305  -25.680 0.2857142985
65795  -35.113  -12.735  -26.219 0.2857142985
64040  -34.613  -14.207  -26.720 0.2857142985
113705  -34.759  -11.557  -27.144 0.2857142985
110359  -34.295  -10.860  -28.591 0.4285714328
69370  -34.464  -8.729  -27.311 0.2857142985
67668  -29.541  -10.560  -34.044 0.7142857313
69463  -30.435  -8.096  -34.188 0.5714285970
70320  -33.053  -7.744  -29.907 0.4285714328
122424  -32.221  -5.440  -31.110 0.4285714328
73079  -32.517  -4.756  -30.328 0.2857142985
73969  -31.907  -3.299  -31.539 0.5714285970
78382  -29.889  1.510  -39.444 0.7142857313
121756  -28.341  3.832  -40.160 0.4285714328
79997  -28.705  3.250  -40.379 0.5714285970
79990  -29.720  3.123  -39.413 0.7142857313
75737  -31.816  -1.580  -31.569 0.2857142985
78368  -30.179  1.080  -36.466 0.8571428657
78354  -30.902  1.460  -34.406 0.5714285970
82632  -27.881  6.436  -40.278 0.2857142985
80852  -30.850  4.103  -36.838 0.4285714328
83371  -29.751  6.924  -39.165 0.2857142985
84740  -27.679  9.282  -41.825 0.2857142985
54048  -29.290  -24.145  -23.872 0.1428571492
54058  -26.604  -24.121  -25.399 0.2857142985
123157  -30.666  -22.724  -24.601 0.1428571492
57138  -31.574  -20.999  -25.624 0.1428571492
127324  -33.541  -19.588  -25.861 0.1428571492
59171  -34.909  -18.787  -25.186 0.1428571492
60191  -35.218  -18.030  -25.356 0.1428571492
62120  -33.404  -16.270  -27.685 0.2857142985
115814  -35.408  -13.102  -25.617 0.2857142985
128310  -33.898  -15.108  -27.538 0.2857142985
66654  -35.221  -11.767  -26.282 0.2857142985
65003  -29.576  -14.052  -32.246 0.5714285970
64948  -34.304  -13.620  -27.459 0.2857142985
116499  -28.277  -12.694  -33.749 0.2857142985
108905  -34.482  -7.912  -26.999 0.2857142985
66757  -30.124  -11.074  -33.409 0.7142857313
67657  -30.865  -10.673  -32.913 0.5714285970
67674  -28.231  -10.089  -34.894 0.4285714328
70286  -34.074  -7.975  -27.899 0.4285714328
69491  -28.330  -7.532  -36.286 0.2857142985
69484  -28.633  -8.235  -35.790 0.5714285970
70303  -33.578  -7.497  -28.650 0.2857142985
70395  -29.231  -6.940  -36.276 0.2857142985
71208  -33.474  -6.601  -28.542 0.1428571492
72159  -32.811  -5.392  -29.700 0.4285714328
72172  -32.573  -5.612  -30.323 0.4285714328
73065  -32.858  -4.674  -29.573 0.1428571492
112549  -32.722  -3.825  -29.786 0.1428571492
73979  -31.652  -3.673  -32.261 0.5714285970
74827  -31.838  -2.460  -31.553 0.2857142985
76711  -30.695  -0.828  -33.958 0.7142857313
78376  -30.205  1.699  -37.166 0.8571428657
77556  -32.106  0.104  -31.735 0.2857142985
77567  -31.659  0.432  -32.380 0.1428571492
77575  -30.825  -0.060  -33.564 0.4285714328
79123  -31.859  2.073  -33.354 0.1428571492
79959  -31.663  3.391  -35.345 0.1428571492
114072  -28.200  8.508  -34.991 0.1428571492
80853  -31.472  4.527  -36.407 0.1428571492
82625  -29.018  6.351  -39.963 0.2857142985
82613  -29.535  6.118  -39.001 0.2857142985
81759  -31.567  5.290  -36.794 0.1428571492
82587  -31.858  5.860  -36.940 0.1428571492
82601  -31.698  6.325  -37.422 0.1428571492
84054  -30.722  8.447  -39.857 0.2857142985
84048  -31.113  7.878  -39.078 0.1428571492
55113  -31.731  -23.803  -23.678 0.1428571492
59154  -34.019  -19.862  -25.229 0.1428571492
117452  -35.490  -10.885  -25.893 0.2857142985
83374  -32.379  7.248  -38.604 0.1428571492
84061  -30.234  9.000  -40.857 0.2857142985
53115  -26.162  -24.753  -25.147 0.2857142985
55128  -30.448  -23.292  -24.265 0.1428571492
56129  -31.179  -22.284  -24.762 0.1428571492
57121  -30.969  -21.672  -25.285 0.1428571492
59190  -31.454  -19.677  -26.780 0.1428571492
60207  -31.939  -18.998  -27.129 0.1428571492
126048  -32.583  -17.682  -27.566 0.2857142985
62119  -32.762  -16.508  -28.030 0.4285714328
60225  -32.312  -18.298  -27.382 0.1428571492
63123  -32.978  -15.828  -28.207 0.2857142985
65874  -30.867  -12.889  -31.705 0.4285714328
66748  -31.396  -11.120  -32.271 0.7142857313
72214  -30.788  -5.397  -35.109 0.8571428657
124149  -31.036  -2.896  -34.376 0.8571428657
130514  -27.517  7.151  -39.450 0.2857142985
63096  -34.339  -15.067  -27.038 0.2857142985
68494  -33.951  -9.416  -28.927 0.4285714328
71274  -30.340  -6.614  -35.072 0.5714285970
83380  -27.604  7.143  -40.233 0.2857142985
68555  -31.074  -8.991  -33.181 0.8571428657
119077  -27.516  9.168  -37.597 0.2857142985
119364  -27.445  8.762  -39.597 0.2857142985
84069  -27.899  8.441  -42.293 0.2857142985
83400  -28.154  7.915  -41.986 0.2857142985
83390  -28.179  7.277  -41.361 0.2857142985
84059  -27.610  8.266  -41.427 0.2857142985
121779  -30.598  7.287  -38.633 0.1428571492
83389  -27.879  7.013  -41.053 0.2857142985
83362  -32.001  6.845  -38.001 0.1428571492
82600  -30.781  6.167  -37.655 0.1428571492
83373  -31.502  7.328  -38.493 0.1428571492
83372  -30.151  7.746  -39.415 0.1428571492
81758  -30.988  4.772  -36.956 0.1428571492
128518  -29.553  4.591  -39.071 0.5714285970
80854  -32.258  4.929  -36.113 0.1428571492
79958  -31.043  3.020  -35.957 0.1428571492
81789  -30.042  5.790  -38.158 0.2857142985
81777  -31.314  5.844  -37.198 0.2857142985
79991  -29.943  3.993  -38.572 0.5714285970
79971  -30.756  3.337  -36.717 0.5714285970
117920  -30.487  1.804  -36.276 0.7142857313
112689  -30.365  2.972  -37.337 0.7142857313
78346  -30.787  0.711  -33.916 0.5714285970
128987  -30.946  -0.582  -33.401 0.4285714328
70375  -29.766  -7.162  -35.541 0.5714285970
73123  -30.237  -4.999  -36.643 0.4285714328
71296  -29.252  -6.244  -36.682 0.4285714328
76700  -31.073  -1.082  -33.241 0.4285714328
66756  -29.337  -11.434  -33.839 0.4285714328
67669  -30.312  -10.216  -33.579 0.7142857313
68554  -30.468  -9.390  -33.738 0.7142857313
67675  -28.995  -9.994  -34.728 0.4285714328
68561  -29.119  -9.181  -34.914 0.5714285970
69475  -29.732  -7.931  -35.017 0.5714285970
68560  -28.494  -9.317  -35.205 0.4285714328
67677  -27.843  -9.257  -35.356 0.2857142985
70366  -30.873  -7.488  -33.751 0.8571428657
122847  -31.390  -2.520  -32.874 0.7142857313
65016  -29.965  -13.245  -32.359 0.5714285970
65015  -29.140  -13.602  -32.972 0.5714285970
66662  -34.503  -11.264  -27.858 0.2857142985
68466  -34.289  -9.935  -28.378 0.4285714328
69412  -33.346  -8.451  -29.626 0.4285714328
71224  -32.813  -6.203  -29.888 0.4285714328
130395  -34.485  -15.658  -26.709 0.2857142985
67565  -34.798  -10.235  -27.027 0.2857142985
119496  -34.473  -12.898  -27.452 0.2857142985
129166  -33.982  -19.380  -25.717 0.1428571492
125196  -33.958  -18.920  -26.134 0.1428571492
62111  -34.326  -17.197  -26.578 0.2857142985
60190  -34.565  -18.426  -25.775 0.1428571492
54030  -28.941  -24.954  -23.616 0.1428571492
53082  -28.594  -25.900  -23.414 0.1428571492
122700  -30.907  -24.505  -23.549 0.1428571492
56116  -32.206  -22.999  -24.005 0.1428571492
78389  -29.397  1.653  -40.120 0.5714285970
77614  -29.404  0.017  -39.003 0.4285714328
77613  -28.802  0.346  -39.414 0.4285714328
77621  -29.464  0.799  -39.660 0.5714285970
76747  -29.297  -0.674  -38.225 0.4285714328
118303  -29.383  -1.327  -37.827 0.4285714328
74887  -29.090  -2.393  -38.144 0.4285714328
74007  -30.042  -3.875  -37.055 0.5714285970
68428  -35.412  -9.362  -25.771 0.1428571492
68451  -34.885  -9.320  -26.650 0.1428571492
112770  -34.736  -8.494  -26.643 0.1428571492
117817  -28.280  -19.306  -29.593 0.2857142985
66653  -35.121  -10.913  -26.694 0.1428571492
68413  -36.273  -9.288  -23.945 0.1428571492
109797  -36.065  -10.100  -24.537 0.1428571492
69324  -36.473  -8.406  -23.531 0.1428571492
68429  -35.803  -9.353  -24.872 0.1428571492
59215  -27.747  -19.918  -29.232 0.2857142985
65757  -35.850  -12.090  -24.757 0.1428571492
67531  -36.253  -10.860  -24.275 0.1428571492
66632  -35.620  -11.555  -25.387 0.1428571492
68400  -37.679  -9.109  -22.807 0.1428571492
67532  -36.662  -10.122  -23.604 0.1428571492
70238  -39.341  -7.597  -23.626 0.1428571492
70227  -38.091  -7.926  -22.861 0.1428571492
70237  -38.475  -7.408  -23.198 0.1428571492
58213  -28.035  -20.256  -28.486 0.2857142985
58212  -27.176  -20.547  -28.827 0.2857142985
63995  -35.777  -14.646  -25.074 0.1428571492
118222  -35.971  -13.857  -24.721 0.1428571492
64895  -35.803  -13.025  -24.851 0.1428571492
66610  -37.360  -11.400  -22.971 0.1428571492
65758  -36.364  -12.520  -24.073 0.1428571492
121584  -37.339  -10.571  -23.060 0.1428571492
66621  -36.310  -11.652  -24.129 0.1428571492
68389  -38.362  -9.611  -22.673 0.1428571492
69312  -39.741  -8.933  -23.582 0.1428571492
69325  -39.898  -8.252  -23.945 0.1428571492
70228  -38.807  -8.147  -23.139 0.1428571492
58200  -27.800  -20.732  -27.991 0.2857142985
57184  -26.380  -21.013  -28.567 0.2857142985
57170  -26.716  -21.567  -27.896 0.2857142985
62069  -35.975  -16.395  -24.995 0.1428571492
63027  -36.729  -15.184  -23.965 0.1428571492
63996  -36.469  -14.373  -24.240 0.1428571492
64885  -36.881  -13.831  -23.571 0.1428571492
65749  -37.386  -12.121  -22.846 0.1428571492
64896  -36.430  -13.434  -24.116 0.1428571492
66602  -38.712  -11.291  -22.619 0.1428571492
68401  -39.478  -9.544  -23.118 0.1428571492
118454  -39.325  -10.802  -22.782 0.1428571492
70246  -40.283  -7.656  -25.074 0.1428571492
69326  -40.217  -8.260  -24.709 0.1428571492
116156  -35.476  -17.098  -25.396 0.1428571492
63048  -36.383  -15.824  -24.494 0.1428571492
62070  -36.440  -16.602  -24.369 0.1428571492
63984  -37.804  -14.545  -22.778 0.1428571492
63028  -37.361  -15.245  -23.201 0.1428571492
64878  -38.696  -13.036  -22.610 0.1428571492
63983  -37.092  -14.507  -23.450 0.1428571492
65741  -39.339  -12.508  -22.699 0.1428571492
131104  -37.829  -13.262  -22.672 0.1428571492
131707  -40.304  -9.507  -24.527 0.1428571492
66612  -39.969  -11.106  -23.142 0.1428571492
68430  -40.310  -8.969  -25.069 0.1428571492
69313  -40.150  -8.924  -24.238 0.1428571492
61132  -36.791  -16.837  -23.759 0.1428571492
63029  -38.223  -15.284  -22.606 0.1428571492
124879  -37.695  -15.965  -22.858 0.1428571492
62046  -36.915  -16.042  -23.682 0.1428571492
120404  -40.597  -12.995  -23.233 0.1428571492
64880  -40.285  -13.230  -22.912 0.1428571492
65750  -40.674  -12.351  -23.558 0.1428571492
66613  -40.427  -11.478  -23.673 0.1428571492
65742  -40.078  -12.532  -22.938 0.1428571492
68402  -40.098  -9.702  -23.778 0.1428571492
66603  -39.509  -11.732  -22.818 0.1428571492
62049  -39.836  -16.030  -22.257 0.1428571492
130873  -37.943  -16.457  -22.637 0.1428571492
62047  -37.412  -16.717  -23.120 0.1428571492
63987  -40.747  -14.455  -22.838 0.1428571492
63031  -40.375  -15.243  -22.555 0.1428571492
64898  -41.306  -13.783  -23.873 0.1428571492
63976  -40.137  -13.797  -22.736 0.1428571492
67533  -40.615  -11.028  -24.416 0.1428571492
65759  -41.195  -12.668  -24.337 0.1428571492
63030  -39.278  -15.285  -22.418 0.1428571492
64887  -38.253  -13.858  -22.607 0.1428571492
64877  -37.909  -12.552  -22.590 0.1428571492
64912  -35.526  -13.779  -25.369 0.1428571492
69341  -40.377  -8.171  -25.691 0.1428571492
70263  -40.407  -7.333  -25.720 0.1428571492
67520  -37.321  -9.800  -23.040 0.1428571492
69296  -39.133  -8.860  -23.062 0.1428571492
69339  -35.521  -8.603  -25.186 0.1428571492
57171  -27.539  -21.362  -27.595 0.2857142985
68415  -40.413  -10.197  -24.456 0.1428571492
125243  -40.435  -9.762  -25.202 0.1428571492
71169  -40.439  -6.553  -25.785 0.1428571492
74014  -29.639  -3.491  -37.461 0.4285714328
71155  -40.168  -6.875  -24.941 0.1428571492
120535  -39.399  -8.352  -23.444 0.1428571492
70245  -39.996  -7.560  -24.344 0.1428571492
69284  -37.544  -7.737  -22.842 0.1428571492
71145  -38.793  -6.794  -23.529 0.1428571492
69360  -35.102  -8.594  -26.009 0.1428571492
78388  -28.730  1.882  -40.301 0.4285714328
79178  -28.285  2.554  -40.242 0.4285714328
84062  -31.391  9.141  -40.617 0.1428571492
57185  -27.135  -21.084  -28.197 0.2857142985
61130  -35.799  -17.717  -24.823 0.1428571492
63047  -35.875  -15.584  -25.098 0.1428571492
65769  -35.495  -12.380  -25.524 0.1428571492
113956  -33.804  -7.110  -28.021 0.1428571492
67541  -35.665  -10.114  -25.440 0.1428571492
68414  -36.908  -9.132  -23.237 0.1428571492
66620  -35.815  -10.818  -25.061 0.1428571492
69311  -37.145  -8.148  -22.992 0.1428571492
116737  -35.935  -8.571  -24.299 0.1428571492
113098  -36.090  -7.869  -23.878 0.1428571492
126844  -35.935  -11.394  -24.729 0.1428571492
66609  -36.748  -11.100  -23.551 0.1428571492
129079  -37.748  -8.310  -22.802 0.1428571492
68390  -38.890  -9.450  -22.776 0.1428571492
131699  -36.268  -15.127  -24.608 0.1428571492
65748  -36.812  -11.960  -23.411 0.1428571492
120656  -37.043  -12.952  -23.166 0.1428571492
67509  -37.899  -10.069  -22.694 0.1428571492
67521  -37.992  -10.919  -22.627 0.1428571492
67511  -39.163  -10.054  -22.749 0.1428571492
64886  -37.455  -13.835  -22.993 0.1428571492
66611  -37.996  -11.744  -22.554 0.1428571492
67523  -40.244  -10.622  -23.731 0.1428571492
121464  -36.057  -17.057  -24.806 0.1428571492
64879  -39.653  -13.147  -22.704 0.1428571492
63975  -39.211  -13.820  -22.606 0.1428571492
63985  -38.747  -14.557  -22.544 0.1428571492
65760  -41.320  -13.306  -24.299 0.1428571492
126422  -40.147  -11.838  -23.180 0.1428571492
115468  -40.926  -11.431  -25.209 0.1428571492
63986  -39.790  -14.518  -22.561 0.1428571492
52164  -24.554  -26.517  -24.585 0.1428571492
53101  -26.168  -25.426  -24.616 0.1428571492
53099  -24.227  -25.898  -25.057 0.1428571492
53100  -25.195  -25.959  -24.937 0.1428571492
53114  -25.496  -25.108  -25.316 0.1428571492
54057  -25.779  -24.455  -25.714 0.1428571492
118006  -25.622  -23.490  -26.725 0.1428571492
55173  -25.980  -22.876  -27.128 0.1428571492
55158  -26.395  -23.237  -26.476 0.1428571492
56175  -26.324  -22.215  -27.527 0.1428571492
55157  -24.726  -23.638  -26.852 0.1428571492
56173  -24.640  -22.350  -27.602 0.1428571492
56174  -25.475  -22.348  -27.630 0.1428571492
57168  -24.810  -21.097  -28.311 0.1428571492
58211  -26.173  -20.343  -29.188 0.1428571492
57183  -25.504  -20.689  -28.697 0.1428571492
58228  -25.943  -19.585  -29.652 0.2857142985
58229  -26.802  -19.913  -29.601 0.1428571492
59233  -27.351  -19.457  -30.011 0.1428571492
60258  -28.756  -18.632  -30.007 0.2857142985
63165  -28.598  -16.161  -32.063 0.4285714328
64110  -29.364  -14.837  -32.097 0.4285714328
73128  -29.988  -4.501  -37.051 0.2857142985
73136  -29.544  -4.060  -37.496 0.2857142985
75823  -28.308  -0.935  -38.431 0.2857142985
77620  -28.746  1.159  -39.978 0.4285714328
59232  -25.308  -19.141  -29.425 0.1428571492
59244  -26.500  -19.255  -30.136 0.2857142985
125873  -24.652  -24.264  -26.359 0.1428571492
55171  -24.418  -22.928  -27.271 0.1428571492
112997  -24.271  -21.547  -27.809 0.1428571492
57182  -24.761  -20.210  -28.532 0.1428571492
58210  -25.392  -19.879  -29.076 0.1428571492
60256  -25.829  -18.863  -29.984 0.2857142985
60257  -27.801  -18.905  -30.394 0.2857142985
123921  -27.009  -19.032  -30.549 0.2857142985
60266  -26.390  -18.537  -30.530 0.2857142985
60267  -27.195  -18.507  -30.898 0.2857142985
122842  -28.741  -16.800  -31.576 0.4285714328
63164  -27.772  -16.014  -32.424 0.2857142985
72230  -29.759  -5.636  -36.707 0.2857142985
72238  -29.101  -4.897  -37.505 0.2857142985
72239  -29.422  -4.494  -37.469 0.2857142985
73135  -29.205  -4.255  -37.624 0.2857142985
74013  -29.296  -3.747  -37.697 0.2857142985
75815  -29.385  -2.129  -37.852 0.2857142985
75824  -28.744  -1.607  -38.292 0.2857142985
75814  -28.208  -1.770  -38.222 0.2857142985
76753  -28.835  -0.566  -38.574 0.2857142985
60268  -28.239  -18.220  -30.914 0.2857142985
72229  -29.183  -5.574  -37.121 0.2857142985
71302  -28.750  -5.545  -37.217 0.2857142985
74012  -28.975  -3.950  -37.781 0.2857142985
74880  -28.338  -2.812  -38.031 0.2857142985
74882  -29.360  -3.046  -37.818 0.2857142985
76754  -29.083  -1.462  -38.180 0.2857142985
73133  -28.509  -4.527  -37.640 0.2857142985
74011  -28.625  -3.869  -37.778 0.2857142985
111610  -29.207  -16.218  -31.578 0.4285714328
63166  -29.260  -15.593  -31.844 0.4285714328
56161  -26.763  -22.605  -26.826 0.1428571492
56176  -27.185  -22.013  -27.249 0.1428571492
61239  -29.018  -17.445  -31.004 0.4285714328
54072  -26.086  -23.858  -26.118 0.1428571492
54056  -25.034  -24.702  -25.913 0.1428571492
129581  -28.753  -2.428  -38.201 0.2857142985
57169  -25.715  -21.576  -28.170 0.1428571492
113364  -24.263  -24.657  -25.925 0.1428571492
54071  -25.325  -24.125  -26.339 0.1428571492
55172  -25.159  -22.999  -27.258 0.1428571492
126114  -24.956  -21.820  -27.977 0.1428571492
61250  -28.081  -17.462  -31.540 0.4285714328
74010  -27.858  -4.135  -37.554 0.2857142985
64116  -28.119  -14.700  -33.020 0.2857142985
65021  -28.934  -12.987  -33.421 0.2857142985
86152  -30.230  12.647  -42.175 0.1428571492
86160  -30.939  12.634  -43.165 0.1428571492
117223  -29.063  11.224  -43.377 0.1428571492
120377  -29.114  10.484  -43.216 0.1428571492
84733  -29.442  9.520  -42.202 0.1428571492
114251  -28.617  10.358  -43.115 0.1428571492
129167  -27.572  10.183  -41.003 0.1428571492
86143  -27.738  11.551  -38.398 0.1428571492
65014  -28.456  -14.061  -33.183 0.2857142985
128762  -27.957  -13.267  -33.578 0.2857142985
84734  -30.820  9.892  -41.607 0.1428571492
85455  -30.843  12.084  -43.426 0.1428571492
84060  -29.342  8.502  -41.476 0.1428571492
84743  -30.224  10.689  -42.816 0.1428571492
84071  -28.520  8.455  -42.236 0.1428571492
85442  -27.971  11.629  -41.795 0.1428571492
86146  -27.777  11.485  -39.240 0.1428571492
122330  -27.611  11.152  -40.881 0.1428571492
85431  -27.540  11.024  -39.011 0.1428571492
85425  -27.501  11.177  -37.909 0.1428571492
117948  -27.436  10.604  -40.054 0.1428571492
84742  -28.434  9.473  -42.785 0.1428571492
84741  -28.068  9.545  -42.828 0.1428571492
63173  -28.550  -15.337  -32.474 0.2857142985
86157  -29.455  12.411  -42.968 0.1428571492
86149  -29.710  12.256  -41.093 0.1428571492
85454  -29.746  11.987  -43.420 0.1428571492
85447  -28.430  11.083  -42.942 0.1428571492
86156  -28.561  12.092  -42.531 0.1428571492
85441  -27.829  10.506  -41.987 0.1428571492
85449  -31.065  11.544  -43.222 0.1428571492
131077  -27.975  -5.645  -37.155 0.1428571492
72237  -28.698  -5.087  -37.476 0.1428571492
114276  -28.303  -5.096  -37.488 0.1428571492
74879  -27.660  -3.206  -37.657 0.1428571492
74873  -25.558  -2.474  -36.570 0.1428571492
74874  -26.507  -2.525  -37.171 0.1428571492
71295  -28.788  -6.188  -36.855 0.1428571492
75805  -25.608  -1.614  -36.791 0.1428571492
76745  -26.511  -0.727  -37.596 0.1428571492
76744  -25.707  0.272  -37.227 0.2857142985
66761  -27.902  -10.993  -34.545 0.1428571492
69482  -27.984  -7.880  -36.179 0.1428571492
70393  -28.446  -6.892  -36.559 0.1428571492
71294  -28.397  -6.201  -36.862 0.1428571492
76691  -31.904  -0.699  -31.585 0.1428571492
72236  -27.601  -5.350  -37.112 0.1428571492
116202  -27.318  -1.919  -37.766 0.1428571492
76752  -27.983  0.006  -38.772 0.1428571492
77604  -26.874  0.212  -37.941 0.1428571492
78381  -27.361  1.841  -39.054 0.2857142985
79981  -26.228  3.386  -37.674 0.2857142985
79970  -26.143  3.433  -37.115 0.2857142985
80865  -26.542  4.135  -37.566 0.2857142985
83346  -27.969  7.562  -35.388 0.1428571492
81722  -26.403  5.841  -33.195 0.1428571492
78387  -28.068  1.781  -39.906 0.2857142985
77611  -27.178  1.069  -38.493 0.2857142985
79177  -27.510  2.557  -39.554 0.2857142985
79996  -27.749  3.356  -39.911 0.2857142985
79988  -26.530  3.186  -38.307 0.2857142985
122894  -26.108  2.958  -37.742 0.2857142985
80876  -27.134  3.811  -38.979 0.2857142985
79969  -25.884  2.868  -37.265 0.2857142985
81740  -27.070  5.069  -35.770 0.1428571492
79957  -26.340  3.509  -36.500 0.2857142985
79152  -25.833  2.842  -36.938 0.1428571492
78366  -25.599  2.193  -36.866 0.1428571492
80851  -26.622  4.175  -36.633 0.2857142985
81731  -27.146  5.471  -34.551 0.1428571492
131660  -27.126  4.907  -35.050 0.1428571492
121208  -25.250  -0.938  -36.636 0.2857142985
79945  -26.652  3.761  -35.862 0.1428571492
126218  -27.082  4.471  -34.768 0.1428571492
75778  -25.247  -2.014  -35.649 0.1428571492
73958  -32.499  -3.127  -30.260 0.1428571492
69483  -28.259  -8.064  -36.028 0.1428571492
70391  -27.297  -6.787  -36.411 0.1428571492
72227  -26.832  -5.525  -36.600 0.1428571492
73126  -26.129  -4.905  -36.328 0.1428571492
74006  -27.019  -4.201  -37.136 0.1428571492
74005  -25.448  -3.264  -36.332 0.1428571492
76746  -27.538  -0.852  -38.184 0.1428571492
76738  -25.221  -0.082  -36.724 0.2857142985
78380  -26.508  1.908  -38.208 0.1428571492
79171  -26.160  2.531  -37.924 0.2857142985
79163  -25.765  2.448  -37.348 0.1428571492
80823  -26.999  4.959  -34.443 0.1428571492
81723  -26.728  5.649  -33.636 0.1428571492
75717  -32.215  -1.976  -30.909 0.1428571492
75738  -32.351  -1.111  -30.980 0.1428571492
109170  -27.797  7.216  -33.738 0.1428571492
68565  -28.272  -8.648  -35.641 0.1428571492
116461  -28.834  -6.720  -36.587 0.1428571492
77612  -28.003  0.930  -39.506 0.1428571492
71301  -28.368  -5.587  -37.199 0.1428571492
73132  -27.753  -4.777  -37.432 0.1428571492
71292  -26.658  -6.209  -36.277 0.1428571492
113177  -27.068  -3.535  -37.279 0.1428571492
75813  -26.271  -1.492  -37.285 0.1428571492
70392  -27.994  -6.880  -36.590 0.1428571492
75812  -25.687  -0.725  -37.037 0.1428571492
70384  -27.567  -7.586  -36.195 0.1428571492
77603  -26.104  1.167  -37.726 0.2857142985
80875  -26.567  3.831  -38.199 0.2857142985
81717  -26.557  6.203  -32.637 0.1428571492
79172  -26.850  2.569  -38.654 0.2857142985
79989  -27.110  3.122  -39.100 0.2857142985
79162  -25.661  2.430  -37.062 0.1428571492
80835  -26.926  4.342  -35.580 0.2857142985
84017  -28.348  8.168  -33.982 0.1428571492
78374  -25.761  1.917  -37.510 0.2857142985
80817  -26.676  5.185  -33.795 0.1428571492
60254  -24.813  -18.019  -29.347 0.1428571492
60265  -25.747  -18.200  -30.218 0.1428571492
115167  -26.105  -17.862  -30.697 0.1428571492
61217  -24.161  -17.115  -29.342 0.1428571492
62163  -24.823  -16.614  -30.116 0.1428571492
63153  -24.828  -15.943  -30.422 0.1428571492
61235  -25.263  -17.192  -30.277 0.1428571492
63154  -25.268  -15.829  -30.895 0.1428571492
62165  -25.794  -17.188  -30.894 0.1428571492
61238  -27.271  -17.915  -31.324 0.1428571492
63162  -25.632  -15.752  -31.356 0.1428571492
115416  -26.238  -16.062  -31.703 0.1428571492
62175  -27.891  -16.757  -32.018 0.1428571492
63163  -26.857  -15.557  -32.383 0.1428571492
62174  -26.990  -16.492  -32.075 0.1428571492
119371  -24.717  -15.237  -30.777 0.1428571492
64109  -25.832  -15.217  -31.872 0.1428571492
117709  -26.881  -14.109  -32.968 0.1428571492
65888  -27.479  -12.961  -33.622 0.1428571492
66754  -27.468  -11.986  -34.116 0.1428571492
61237  -26.501  -17.561  -31.237 0.1428571492
59231  -24.767  -18.715  -29.129 0.1428571492
61196  -24.257  -17.655  -29.108 0.1428571492
66755  -28.489  -11.753  -34.120 0.1428571492
61219  -25.279  -17.800  -29.912 0.1428571492
60255  -25.310  -18.444  -29.666 0.1428571492
109301  -26.655  -18.070  -30.950 0.1428571492
61249  -27.135  -17.243  -31.730 0.1428571492
64115  -27.307  -14.724  -32.846 0.1428571492
61236  -25.637  -17.658  -30.404 0.1428571492
61218  -24.724  -17.288  -29.671 0.1428571492
62151  -24.300  -16.626  -29.686 0.1428571492
62164  -25.309  -16.527  -30.612 0.1428571492
62173  -25.735  -16.398  -31.167 0.1428571492
63161  -25.178  -15.128  -31.308 0.1428571492
61248  -26.349  -16.866  -31.514 0.1428571492
63152  -24.174  -15.388  -30.267 0.1428571492
60237  -24.259  -18.302  -28.822 0.1428571492
53083  -29.492  -25.569  -23.354 0.1428571492
54045  -26.785  -24.658  -24.698 0.2857142985
55111  -30.175  -23.967  -23.842 0.1428571492
55125  -27.931  -23.806  -24.616 0.4285714328
55129  -31.309  -23.039  -24.250 0.1428571492
55156  -24.002  -23.251  -27.027 0.1428571492
61131  -36.396  -17.450  -24.188 0.1428571492
63107  -33.495  -15.483  -27.862 0.2857142985
63172  -27.728  -15.321  -32.714 0.1428571492
64888  -40.864  -13.676  -23.172 0.1428571492
65020  -28.421  -13.441  -33.429 0.2857142985
65740  -38.704  -12.143  -22.597 0.1428571492
67500  -38.763  -9.881  -22.660 0.1428571492
67510  -38.613  -10.383  -22.626 0.1428571492
67522  -39.745  -10.291  -23.146 0.1428571492
68564  -27.900  -8.438  -35.832 0.1428571492
69295  -38.372  -8.772  -22.792 0.1428571492
69490  -28.096  -7.378  -36.388 0.1428571492
70394  -28.707  -7.274  -36.346 0.2857142985
71293  -27.952  -6.186  -36.852 0.1428571492
72228  -27.439  -5.966  -36.754 0.1428571492
73127  -26.966  -4.872  -36.880 0.1428571492
73134  -28.882  -4.578  -37.629 0.2857142985
74881  -29.045  -3.309  -38.015 0.2857142985
85448  -29.876  11.414  -43.424 0.1428571492
85453  -28.959  11.859  -43.266 0.1428571492
85456  -31.844  12.086  -43.451 0.1428571492
86161  -31.641  12.432  -43.346 0.1428571492
116002  -26.291  -3.376  -36.791 0.1428571492
119419  -29.633  -5.113  -37.138 0.2857142985
128765  -27.670  8.791  -36.300 0.1428571492
128827  -28.889  -4.318  -37.714 0.2857142985
130039  -33.750  -10.434  -29.670 0.7142857313
130534  -28.000  8.109  -42.177 0.2857142985
