#!ascii label  , from subject sub-v1s13x0050014_ses-1 vox2ras=TkReg
321
63122  -32.558  -15.514  -28.754 0.0000000000
65882  -29.575  -12.755  -33.040 0.0000000000
76747  -29.297  -0.674  -38.225 0.0000000000
74001  -30.677  -3.555  -35.612 0.0000000000
70343  -31.813  -7.254  -32.269 0.0000000000
67612  -34.084  -10.223  -29.130 0.0000000000
77620  -28.746  1.159  -39.978 0.0000000000
72204  -31.024  -5.266  -34.075 0.0000000000
68562  -29.884  -8.796  -34.488 0.0000000000
64103  -31.202  -14.350  -30.608 0.0000000000
65876  -32.233  -11.871  -31.166 0.0000000000
64969  -33.652  -13.329  -28.833 0.0000000000
58186  -28.673  -20.309  -27.804 0.0000000000
62166  -29.530  -16.620  -31.008 0.0000000000
82599  -27.335  5.859  -38.212 0.0000000000
121385  -27.945  4.994  -39.606 0.0000000000
117021  -28.947  3.863  -40.194 0.0000000000
79164  -30.026  2.295  -38.968 0.0000000000
78368  -30.179  1.080  -36.466 0.0000000000
74875  -29.671  -2.666  -37.317 0.0000000000
76721  -30.293  -0.688  -34.854 0.0000000000
111011  -31.253  -1.854  -33.047 0.0000000000
73087  -31.958  -4.080  -31.560 0.0000000000
72172  -32.573  -5.612  -30.323 0.0000000000
67658  -31.549  -10.256  -32.396 0.0000000000
69429  -32.782  -8.846  -30.763 0.0000000000
69485  -29.096  -7.717  -35.876 0.0000000000
68566  -28.691  -8.773  -35.416 0.0000000000
63157  -31.330  -14.908  -30.117 0.0000000000
64985  -32.554  -13.461  -29.990 0.0000000000
64074  -33.272  -14.282  -28.785 0.0000000000
55143  -28.329  -23.131  -25.061 0.0000000000
56147  -29.637  -22.264  -25.245 0.0000000000
57136  -29.319  -21.672  -25.929 0.0000000000
111610  -29.207  -16.218  -31.578 0.0000000000
61250  -28.081  -17.462  -31.540 0.0000000000
80885  -28.413  4.426  -39.900 0.0000000000
77613  -28.802  0.346  -39.414 0.0000000000
78382  -29.889  1.510  -39.444 0.0000000000
110543  -29.834  0.703  -38.867 0.0000000000
78376  -30.205  1.699  -37.166 0.0000000000
77605  -29.620  -0.005  -38.084 0.0000000000
74868  -30.284  -2.988  -35.856 0.0000000000
75794  -30.099  -1.379  -35.641 0.0000000000
75795  -30.314  -2.258  -35.264 0.0000000000
75767  -30.925  -1.710  -33.825 0.0000000000
124149  -31.036  -2.896  -34.376 0.0000000000
115987  -31.169  -6.097  -33.448 0.0000000000
113578  -31.410  -5.075  -32.973 0.0000000000
72194  -31.771  -5.262  -31.981 0.0000000000
130536  -32.204  -4.554  -31.066 0.0000000000
71249  -32.213  -6.434  -31.304 0.0000000000
65889  -29.113  -12.291  -33.616 0.0000000000
67668  -29.541  -10.560  -34.044 0.0000000000
66747  -30.631  -11.522  -32.711 0.0000000000
67610  -33.504  -11.044  -30.069 0.0000000000
67646  -32.573  -10.264  -31.285 0.0000000000
122228  -33.697  -9.750  -29.572 0.0000000000
69412  -33.346  -8.451  -29.626 0.0000000000
68494  -33.951  -9.416  -28.927 0.0000000000
59189  -30.464  -19.777  -27.178 0.0000000000
120815  -29.516  -19.215  -28.288 0.0000000000
60223  -30.415  -18.812  -27.888 0.0000000000
61180  -31.078  -17.956  -28.141 0.0000000000
72213  -30.381  -5.556  -36.013 0.0000000000
73117  -31.046  -4.655  -34.749 0.0000000000
122563  -30.453  -5.993  -35.385 0.0000000000
71265  -30.742  -6.741  -34.109 0.0000000000
69464  -31.050  -8.228  -33.432 0.0000000000
65004  -30.300  -13.774  -31.698 0.0000000000
66736  -31.154  -11.959  -32.042 0.0000000000
65005  -31.662  -12.999  -31.037 0.0000000000
65856  -32.734  -12.583  -30.338 0.0000000000
66680  -34.118  -11.524  -28.988 0.0000000000
58188  -29.920  -20.534  -26.745 0.0000000000
64117  -28.882  -14.464  -32.723 0.0000000000
64110  -29.364  -14.837  -32.097 0.0000000000
63156  -30.550  -15.161  -30.666 0.0000000000
62153  -31.425  -15.976  -29.393 0.0000000000
83361  -27.522  7.308  -37.694 0.0000000000
81774  -26.990  4.824  -37.732 0.0000000000
81787  -27.490  5.244  -38.862 0.0000000000
81794  -28.158  5.883  -39.934 0.0000000000
81796  -28.904  5.559  -39.689 0.0000000000
128518  -29.553  4.591  -39.071 0.0000000000
79179  -29.146  2.490  -40.410 0.0000000000
79990  -29.720  3.123  -39.413 0.0000000000
79991  -29.943  3.993  -38.572 0.0000000000
79983  -30.378  3.654  -37.508 0.0000000000
79153  -30.559  2.499  -36.678 0.0000000000
79142  -30.850  2.281  -35.740 0.0000000000
118303  -29.383  -1.327  -37.827 0.0000000000
76732  -29.862  -0.930  -36.504 0.0000000000
77591  -30.245  0.497  -35.693 0.0000000000
78354  -30.902  1.460  -34.406 0.0000000000
77575  -30.825  -0.060  -33.564 0.0000000000
76701  -31.454  -1.133  -32.373 0.0000000000
124632  -31.313  -3.781  -33.656 0.0000000000
74839  -31.597  -2.886  -32.258 0.0000000000
67675  -28.995  -9.994  -34.728 0.0000000000
68554  -30.468  -9.390  -33.738 0.0000000000
69456  -31.537  -8.454  -32.703 0.0000000000
67645  -32.018  -10.696  -31.753 0.0000000000
114009  -32.132  -9.140  -31.863 0.0000000000
69444  -32.330  -8.457  -31.515 0.0000000000
114750  -32.797  -6.992  -30.234 0.0000000000
71225  -33.164  -6.975  -29.377 0.0000000000
60269  -29.203  -18.009  -30.383 0.0000000000
130455  -30.645  -17.058  -29.375 0.0000000000
62119  -32.762  -16.508  -28.030 0.0000000000
63144  -31.970  -15.190  -29.457 0.0000000000
64096  -32.618  -14.295  -29.445 0.0000000000
125721  -32.734  -14.888  -29.001 0.0000000000
64054  -33.608  -14.721  -28.048 0.0000000000
64075  -33.108  -15.117  -28.448 0.0000000000
55127  -29.637  -23.445  -24.304 0.0000000000
56127  -29.175  -22.906  -24.838 0.0000000000
56128  -29.988  -22.795  -24.707 0.0000000000
77614  -29.404  0.017  -39.003 0.0000000000
78367  -29.904  0.861  -37.621 0.0000000000
113257  -30.512  -4.228  -36.352 0.0000000000
74007  -30.042  -3.875  -37.055 0.0000000000
126940  -30.355  -3.588  -36.377 0.0000000000
110801  -30.662  -2.928  -35.010 0.0000000000
74861  -30.786  -2.320  -34.444 0.0000000000
130953  -30.996  -3.445  -34.771 0.0000000000
71258  -31.532  -6.739  -32.737 0.0000000000
72193  -31.610  -5.949  -32.464 0.0000000000
71248  -31.880  -6.614  -31.997 0.0000000000
72181  -31.917  -5.936  -31.747 0.0000000000
66746  -29.874  -11.928  -33.210 0.0000000000
65883  -30.347  -12.384  -32.508 0.0000000000
67611  -33.968  -10.980  -29.363 0.0000000000
68493  -33.401  -10.143  -30.158 0.0000000000
116872  -33.621  -9.058  -29.422 0.0000000000
69387  -34.157  -9.031  -28.147 0.0000000000
68466  -34.289  -9.935  -28.378 0.0000000000
59204  -31.157  -19.167  -27.321 0.0000000000
71296  -29.252  -6.244  -36.682 0.0000000000
71284  -29.891  -6.328  -36.033 0.0000000000
69475  -29.732  -7.931  -35.017 0.0000000000
70365  -30.325  -7.347  -34.620 0.0000000000
69463  -30.435  -8.096  -34.188 0.0000000000
70366  -30.873  -7.488  -33.751 0.0000000000
64994  -31.075  -13.686  -31.138 0.0000000000
64995  -31.786  -13.639  -30.557 0.0000000000
115417  -33.123  -13.627  -29.356 0.0000000000
64986  -33.343  -12.731  -29.615 0.0000000000
66709  -33.737  -11.764  -29.537 0.0000000000
111729  -34.006  -12.327  -28.804 0.0000000000
65807  -34.155  -13.049  -28.122 0.0000000000
55142  -27.421  -23.479  -25.378 0.0000000000
54059  -27.261  -24.107  -24.868 0.0000000000
57156  -30.054  -21.057  -26.088 0.0000000000
58167  -30.875  -20.493  -26.344 0.0000000000
63155  -29.798  -15.808  -31.184 0.0000000000
62167  -30.261  -16.124  -30.410 0.0000000000
63143  -31.018  -15.602  -29.914 0.0000000000
62130  -30.747  -16.417  -29.672 0.0000000000
111375  -27.460  6.485  -37.499 0.0000000000
121971  -27.432  6.570  -38.234 0.0000000000
83370  -27.484  7.102  -38.741 0.0000000000
82612  -27.472  6.171  -38.910 0.0000000000
112879  -27.492  4.506  -39.106 0.0000000000
80866  -27.025  4.486  -38.373 0.0000000000
82623  -27.766  5.844  -39.601 0.0000000000
80886  -28.975  4.666  -39.699 0.0000000000
80877  -29.449  3.891  -39.741 0.0000000000
78388  -28.730  1.882  -40.301 0.0000000000
79173  -29.711  2.368  -39.924 0.0000000000
79982  -30.026  3.065  -38.221 0.0000000000
117920  -30.487  1.804  -36.276 0.0000000000
74014  -29.639  -3.491  -37.461 0.0000000000
75806  -29.654  -1.652  -37.111 0.0000000000
76739  -29.586  -0.744  -37.428 0.0000000000
76733  -30.097  -0.395  -35.740 0.0000000000
124552  -30.274  0.032  -35.046 0.0000000000
113427  -30.505  0.702  -34.774 0.0000000000
77582  -30.515  -0.014  -34.326 0.0000000000
78346  -30.787  0.711  -33.916 0.0000000000
76700  -31.073  -1.082  -33.241 0.0000000000
73996  -31.169  -3.935  -34.384 0.0000000000
73105  -31.233  -4.452  -33.795 0.0000000000
73097  -31.697  -4.475  -32.205 0.0000000000
125995  -31.431  -4.102  -32.982 0.0000000000
73979  -31.652  -3.673  -32.261 0.0000000000
73969  -31.907  -3.299  -31.539 0.0000000000
72159  -32.811  -5.392  -29.700 0.0000000000
67674  -28.231  -10.089  -34.894 0.0000000000
67669  -30.312  -10.216  -33.579 0.0000000000
68543  -31.026  -9.819  -33.058 0.0000000000
68555  -31.074  -8.991  -33.181 0.0000000000
68544  -31.640  -9.314  -32.442 0.0000000000
66737  -31.845  -11.515  -31.615 0.0000000000
68516  -32.953  -9.756  -30.739 0.0000000000
68535  -32.503  -9.394  -31.350 0.0000000000
70330  -32.666  -7.825  -30.719 0.0000000000
70321  -33.369  -7.826  -29.280 0.0000000000
70303  -33.578  -7.497  -28.650 0.0000000000
61181  -31.898  -17.799  -27.799 0.0000000000
61197  -30.886  -17.430  -28.796 0.0000000000
61198  -31.624  -17.274  -28.350 0.0000000000
120869  -32.109  -16.610  -28.442 0.0000000000
61182  -32.363  -17.156  -27.927 0.0000000000
69484  -28.633  -8.235  -35.790 0.0000000000
69474  -29.142  -8.453  -35.295 0.0000000000
64095  -31.919  -14.305  -30.023 0.0000000000
64947  -33.830  -13.899  -28.123 0.0000000000
64055  -34.092  -14.434  -27.490 0.0000000000
55126  -28.772  -23.585  -24.408 0.0000000000
57154  -28.788  -21.393  -26.667 0.0000000000
57137  -30.163  -21.633  -25.515 0.0000000000
63165  -28.598  -16.161  -32.063 0.0000000000
122842  -28.741  -16.800  -31.576 0.0000000000
81757  -27.286  5.600  -37.408 0.0000000000
80884  -27.814  4.150  -39.700 0.0000000000
121756  -28.341  3.832  -40.160 0.0000000000
79997  -28.705  3.250  -40.379 0.0000000000
78389  -29.397  1.653  -40.120 0.0000000000
77621  -29.464  0.799  -39.660 0.0000000000
78375  -30.086  1.539  -38.373 0.0000000000
79165  -30.220  2.339  -37.765 0.0000000000
74876  -29.992  -3.184  -36.778 0.0000000000
130763  -29.895  -1.543  -36.384 0.0000000000
75807  -29.958  -2.250  -36.319 0.0000000000
75781  -30.473  -1.545  -34.628 0.0000000000
76711  -30.695  -0.828  -33.958 0.0000000000
74849  -31.197  -2.539  -33.681 0.0000000000
124232  -31.944  -4.747  -31.557 0.0000000000
122424  -32.221  -5.440  -31.110 0.0000000000
71237  -32.518  -6.274  -30.616 0.0000000000
66762  -28.749  -10.832  -34.433 0.0000000000
66756  -29.337  -11.434  -33.839 0.0000000000
66757  -30.124  -11.074  -33.409 0.0000000000
67657  -30.865  -10.673  -32.913 0.0000000000
121177  -33.034  -11.344  -30.587 0.0000000000
66738  -32.540  -11.185  -31.146 0.0000000000
118545  -33.047  -10.637  -30.700 0.0000000000
114724  -33.290  -9.201  -30.087 0.0000000000
117554  -33.017  -8.413  -30.216 0.0000000000
69413  -33.698  -8.474  -28.834 0.0000000000
70286  -34.074  -7.975  -27.899 0.0000000000
129063  -29.240  -19.750  -27.938 0.0000000000
59203  -28.673  -19.674  -28.618 0.0000000000
115688  -29.833  -19.530  -27.708 0.0000000000
60238  -29.793  -18.611  -28.634 0.0000000000
60239  -30.324  -18.054  -28.648 0.0000000000
60224  -31.457  -18.496  -27.582 0.0000000000
73123  -30.237  -4.999  -36.643 0.0000000000
73116  -30.736  -4.826  -35.740 0.0000000000
73995  -30.954  -4.104  -35.295 0.0000000000
72214  -30.788  -5.397  -35.109 0.0000000000
71275  -30.731  -6.013  -34.518 0.0000000000
70375  -29.766  -7.162  -35.541 0.0000000000
71274  -30.340  -6.614  -35.072 0.0000000000
126071  -31.187  -6.932  -33.386 0.0000000000
70358  -31.455  -7.580  -32.920 0.0000000000
65016  -29.965  -13.245  -32.359 0.0000000000
65874  -30.867  -12.889  -31.705 0.0000000000
65875  -31.687  -12.285  -31.407 0.0000000000
65866  -32.226  -12.447  -30.876 0.0000000000
64996  -32.222  -13.035  -30.573 0.0000000000
66725  -32.688  -11.892  -30.723 0.0000000000
66708  -33.228  -11.910  -30.188 0.0000000000
110359  -34.295  -10.860  -28.591 0.0000000000
65829  -34.303  -11.638  -28.445 0.0000000000
54046  -27.567  -24.510  -24.309 0.0000000000
57155  -29.452  -21.085  -26.500 0.0000000000
58187  -29.131  -20.753  -27.075 0.0000000000
58201  -29.556  -20.123  -27.408 0.0000000000
58168  -31.943  -20.217  -26.208 0.0000000000
65015  -29.140  -13.602  -32.972 0.0000000000
65003  -29.576  -14.052  -32.246 0.0000000000
128003  -29.916  -14.420  -31.717 0.0000000000
64102  -30.485  -14.404  -31.193 0.0000000000
63166  -29.260  -15.593  -31.844 0.0000000000
63167  -29.888  -15.040  -31.438 0.0000000000
63121  -31.993  -16.003  -28.916 0.0000000000
83352  -27.663  7.291  -36.567 0.0000000000
81756  -26.994  4.878  -36.954 0.0000000000
81775  -27.197  5.183  -38.145 0.0000000000
118377  -27.610  6.596  -39.571 0.0000000000
81795  -28.425  5.212  -39.805 0.0000000000
81788  -29.485  5.314  -38.983 0.0000000000
80878  -29.960  4.953  -38.209 0.0000000000
79178  -28.285  2.554  -40.242 0.0000000000
79998  -29.373  3.181  -40.214 0.0000000000
80867  -30.429  4.479  -37.537 0.0000000000
80852  -30.850  4.103  -36.838 0.0000000000
112689  -30.365  2.972  -37.337 0.0000000000
79971  -30.756  3.337  -36.717 0.0000000000
74887  -29.090  -2.393  -38.144 0.0000000000
77590  -29.852  0.075  -36.773 0.0000000000
78362  -30.596  1.439  -35.444 0.0000000000
79133  -31.135  2.143  -34.907 0.0000000000
128987  -30.946  -0.582  -33.401 0.0000000000
127228  -31.631  -0.305  -32.154 0.0000000000
73985  -31.238  -3.281  -34.008 0.0000000000
109305  -31.394  -3.242  -33.099 0.0000000000
122847  -31.390  -2.520  -32.874 0.0000000000
111796  -31.541  -2.080  -32.275 0.0000000000
73970  -32.298  -3.790  -30.785 0.0000000000
68560  -28.494  -9.317  -35.205 0.0000000000
68561  -29.119  -9.181  -34.914 0.0000000000
68553  -29.720  -9.713  -34.267 0.0000000000
122468  -30.621  -8.715  -33.811 0.0000000000
114567  -31.921  -7.960  -32.184 0.0000000000
66748  -31.396  -11.120  -32.271 0.0000000000
68534  -32.107  -9.851  -31.860 0.0000000000
69443  -31.940  -8.663  -32.134 0.0000000000
70344  -32.207  -7.360  -31.551 0.0000000000
121965  -32.474  -6.975  -30.873 0.0000000000
70320  -33.053  -7.744  -29.907 0.0000000000
71224  -32.813  -6.203  -29.888 0.0000000000
61239  -29.018  -17.445  -31.004 0.0000000000
62152  -29.940  -17.187  -30.086 0.0000000000
61220  -30.292  -17.574  -29.266 0.0000000000
62131  -31.371  -16.690  -29.015 0.0000000000
62132  -32.493  -16.086  -28.470 0.0000000000
55125  -27.931  -23.806  -24.616 0.0000000000
130039  -33.750  -10.434  -29.670 0.0000000000
