#!ascii label  , from subject sub-v1s13x0050014_ses-1 vox2ras=TkReg
1077
116508  26.835  -67.229  -16.879 0.3000000119
18721  31.268  -62.626  -26.760 0.6000000238
23443  30.889  -56.724  -27.542 0.6999999881
24368  30.757  -55.865  -27.813 0.6999999881
13918  26.426  -67.010  -17.635 0.4000000060
16994  26.518  -63.753  -22.482 0.4000000060
111699  26.298  -66.541  -16.817 0.5000000000
13888  26.648  -66.805  -16.197 0.5000000000
17850  31.823  -63.075  -26.736 0.6999999881
19586  30.904  -60.870  -26.411 0.6999999881
19585  31.954  -60.798  -26.831 0.5000000000
22484  31.547  -58.308  -27.289 0.6000000238
113309  31.262  -57.594  -27.365 0.6000000238
23449  31.790  -56.474  -28.337 0.6999999881
25263  30.810  -54.357  -28.592 0.6999999881
15430  25.631  -65.605  -17.982 0.5000000000
16980  26.646  -63.464  -21.359 0.4000000060
14714  25.872  -66.160  -17.393 0.6000000238
17004  28.594  -63.735  -24.707 0.4000000060
17836  29.375  -63.424  -24.712 0.5000000000
16191  25.733  -64.932  -17.865 0.6000000238
17013  29.868  -64.205  -25.762 0.6000000238
17018  31.034  -63.926  -26.369 0.6000000238
123939  26.206  -64.977  -16.715 0.6000000238
17027  32.129  -63.361  -26.484 0.6000000238
21512  32.578  -59.465  -27.414 0.6000000238
22483  32.780  -58.171  -27.982 0.6000000238
25265  33.528  -55.432  -29.218 0.6999999881
23442  32.287  -57.234  -28.213 0.6999999881
24380  32.738  -55.240  -29.309 0.6999999881
25267  32.165  -54.508  -29.349 0.6999999881
26115  30.567  -53.454  -28.650 0.6999999881
26113  32.624  -53.746  -29.575 0.6999999881
26954  31.712  -53.018  -29.504 0.6999999881
129928  32.817  -51.999  -29.682 0.6999999881
14725  25.449  -65.779  -18.735 0.5000000000
16956  25.751  -63.956  -20.058 0.5000000000
16969  25.860  -63.912  -20.869 0.5000000000
17828  28.715  -62.802  -23.719 0.4000000060
16199  25.488  -64.942  -18.501 0.5000000000
17835  30.315  -63.374  -24.830 0.5000000000
113068  31.493  -63.785  -25.837 0.6000000238
16932  26.571  -63.878  -17.785 0.6000000238
16944  26.446  -63.734  -18.665 0.5000000000
16954  27.215  -63.316  -19.144 0.5000000000
18720  32.314  -62.378  -26.744 0.6999999881
20561  32.880  -60.304  -27.248 0.6000000238
19595  32.900  -61.324  -26.960 0.6999999881
22488  33.612  -57.498  -28.486 0.6000000238
21511  33.438  -58.919  -27.881 0.6000000238
25262  33.741  -55.684  -28.892 0.6000000238
23448  33.036  -56.679  -29.099 0.6000000238
26109  33.550  -54.543  -29.073 0.6000000238
114068  33.333  -53.480  -29.458 0.6999999881
116517  30.597  -51.191  -29.133 0.6999999881
26949  33.373  -52.837  -29.308 0.6000000238
130251  31.919  -51.738  -29.724 0.6999999881
27845  31.534  -51.074  -29.638 0.6999999881
26952  33.076  -52.531  -29.553 0.6999999881
17814  28.557  -62.512  -22.776 0.4000000060
16207  25.671  -64.253  -19.149 0.5000000000
16968  26.478  -63.551  -20.402 0.4000000060
17827  29.709  -62.718  -23.851 0.5000000000
17834  31.462  -63.345  -24.865 0.6000000238
17016  32.734  -63.270  -26.270 0.6000000238
16955  26.412  -63.628  -19.553 0.4000000060
126374  27.151  -63.160  -20.660 0.4000000060
16967  27.169  -63.225  -19.950 0.4000000060
17790  27.961  -62.798  -20.379 0.4000000060
17848  33.122  -62.806  -26.386 0.6999999881
20560  33.616  -60.421  -27.099 0.6000000238
112933  33.636  -59.608  -27.513 0.6000000238
24375  33.912  -56.474  -28.752 0.6000000238
22482  33.864  -57.935  -27.990 0.6000000238
132345  33.447  -54.109  -28.400 0.6000000238
29669  30.758  -49.596  -29.190 0.6999999881
29673  32.483  -49.977  -29.933 0.6999999881
27841  32.708  -51.549  -29.573 0.6000000238
28759  32.731  -50.580  -29.740 0.6000000238
17804  28.054  -62.586  -22.086 0.4000000060
128123  29.335  -62.469  -22.943 0.4000000060
114655  32.843  -63.398  -25.689 0.6999999881
17803  29.014  -62.489  -22.021 0.4000000060
18708  33.409  -62.213  -26.133 0.8000000119
17772  28.600  -62.721  -19.656 0.5000000000
115220  33.434  -61.237  -26.615 0.6999999881
20553  33.882  -59.664  -27.027 0.6000000238
115268  34.022  -56.590  -27.915 0.5000000000
23433  33.884  -57.232  -27.328 0.6000000238
30650  30.987  -48.869  -29.081 0.6999999881
27838  32.964  -52.417  -28.413 0.6000000238
26110  33.514  -53.427  -28.933 0.6000000238
30655  31.710  -49.401  -29.690 0.8000000119
30642  31.416  -48.280  -28.707 0.8000000119
28753  32.652  -51.339  -28.465 0.6000000238
121507  32.854  -51.004  -29.231 0.6000000238
128886  30.136  -62.512  -23.104 0.5000000000
17826  30.714  -62.771  -23.827 0.6000000238
17802  30.138  -62.506  -22.086 0.5000000000
121182  30.601  -62.616  -21.072 0.6999999881
117787  29.553  -62.565  -21.177 0.4000000060
121473  33.705  -60.519  -26.674 0.6999999881
21504  34.051  -58.848  -26.941 0.6999999881
24356  33.269  -56.043  -26.825 0.6000000238
22473  34.047  -58.193  -27.171 0.6000000238
25257  33.060  -55.085  -27.063 0.6000000238
129413  31.830  -47.669  -28.182 0.6000000238
117373  32.680  -53.305  -27.566 0.6000000238
30648  32.834  -48.822  -29.785 0.6999999881
31614  32.517  -48.180  -29.227 0.6999999881
28752  33.054  -50.155  -29.061 0.6999999881
29668  33.379  -49.413  -29.463 0.6999999881
30653  33.285  -49.080  -29.819 0.6999999881
16992  32.927  -63.170  -23.178 0.5000000000
17002  33.157  -63.299  -23.942 0.6000000238
17010  32.997  -63.383  -24.788 0.6000000238
18684  32.721  -62.287  -21.715 0.6999999881
17801  31.337  -62.626  -21.761 0.6000000238
17839  33.434  -62.694  -25.329 0.6999999881
17785  32.205  -62.229  -20.955 0.6999999881
17787  30.908  -62.586  -20.322 0.6999999881
19584  33.610  -61.187  -26.059 0.6999999881
21494  33.532  -59.143  -26.003 0.6999999881
23434  32.807  -56.652  -25.921 0.5000000000
22460  33.459  -58.330  -26.074 0.6000000238
32525  31.062  -47.105  -26.284 0.5000000000
26100  31.779  -53.684  -26.483 0.6000000238
114049  32.259  -55.238  -26.132 0.6000000238
32537  32.266  -47.159  -27.498 0.6000000238
32510  32.246  -46.256  -26.037 0.5000000000
27833  31.917  -51.556  -27.348 0.6000000238
124280  33.951  -47.588  -28.823 0.6000000238
32523  32.678  -46.586  -26.876 0.5000000000
33438  33.826  -45.850  -26.409 0.5000000000
28747  31.901  -50.607  -27.344 0.6999999881
29664  32.550  -50.000  -27.832 0.6999999881
29662  34.073  -49.000  -28.781 0.6999999881
30647  34.529  -48.464  -29.200 0.6999999881
31608  35.141  -47.802  -28.967 0.5000000000
29654  33.730  -49.157  -27.598 0.6999999881
30645  36.279  -48.436  -28.506 0.6000000238
18696  33.470  -62.685  -24.378 0.6000000238
18690  33.109  -62.490  -22.534 0.6999999881
18689  33.424  -62.811  -23.343 0.6000000238
115653  32.803  -61.665  -21.918 0.6999999881
19574  33.152  -61.036  -24.892 0.6999999881
22461  32.461  -57.711  -25.108 0.6999999881
20542  33.493  -60.152  -25.798 0.6999999881
126568  32.329  -57.061  -25.242 0.6000000238
33430  31.827  -45.946  -25.258 0.4000000060
24357  31.981  -55.788  -25.549 0.5000000000
131939  33.296  -45.485  -25.844 0.4000000060
28748  31.103  -51.132  -26.484 0.6000000238
27834  31.188  -51.861  -26.563 0.6000000238
32535  34.436  -47.104  -28.100 0.5000000000
32522  33.635  -46.493  -27.093 0.5000000000
31607  35.993  -48.117  -28.774 0.5000000000
115908  35.633  -46.811  -27.246 0.4000000060
29655  32.722  -49.483  -27.172 0.6000000238
30635  35.857  -49.159  -27.439 0.6999999881
30641  36.104  -48.789  -28.279 0.6000000238
30640  36.758  -48.709  -27.795 0.5000000000
19556  32.404  -60.653  -22.405 0.6000000238
20529  32.709  -60.835  -23.609 0.6999999881
18697  33.199  -61.919  -23.840 0.6999999881
132262  32.151  -60.207  -21.614 0.6999999881
20519  31.856  -59.588  -22.170 0.6999999881
20538  32.770  -59.366  -24.731 0.6000000238
20543  32.618  -58.502  -24.945 0.6000000238
26102  30.381  -53.346  -25.128 0.6000000238
25248  31.246  -54.865  -25.305 0.5000000000
26101  31.049  -53.963  -25.633 0.6000000238
26946  30.990  -52.483  -26.236 0.6000000238
32521  34.685  -46.465  -27.171 0.4000000060
33437  34.470  -45.754  -26.324 0.5000000000
128822  34.423  -44.755  -25.309 0.4000000060
29656  31.879  -49.834  -26.767 0.6000000238
33427  34.906  -45.283  -25.790 0.4000000060
30636  34.566  -49.046  -26.744 0.6000000238
30634  36.763  -49.122  -27.288 0.5000000000
20530  32.259  -59.678  -23.377 0.6999999881
21482  31.002  -58.069  -22.174 0.6999999881
22445  31.245  -57.975  -23.136 0.6000000238
22453  31.718  -57.854  -24.129 0.6000000238
21470  31.025  -58.093  -21.403 0.6999999881
22462  31.584  -57.113  -24.455 0.5000000000
26941  29.948  -52.659  -24.706 0.6000000238
26089  30.463  -54.141  -24.780 0.6000000238
26940  30.413  -52.578  -25.484 0.6000000238
28742  30.615  -50.894  -25.608 0.5000000000
28741  31.243  -50.372  -26.211 0.6000000238
29643  33.273  -49.124  -26.456 0.6000000238
30621  35.968  -49.147  -26.512 0.5000000000
22446  30.569  -57.341  -22.594 0.6999999881
23411  30.251  -56.456  -23.042 0.6999999881
24330  30.149  -55.138  -23.842 0.6000000238
25233  29.969  -54.363  -24.024 0.5000000000
27824  29.787  -51.949  -24.390 0.6000000238
26090  29.861  -53.477  -24.203 0.6000000238
28737  30.951  -50.175  -25.229 0.6000000238
29639  32.298  -49.213  -25.093 0.6000000238
110092  34.620  -48.673  -25.624 0.5000000000
17748  28.737  -62.901  -17.404 0.5000000000
109983  29.150  -62.676  -19.004 0.5000000000
17747  29.507  -62.685  -17.573 0.5000000000
17758  29.855  -62.639  -18.412 0.5000000000
115231  30.353  -62.578  -19.688 0.6999999881
18661  31.592  -61.948  -18.984 0.6999999881
17770  30.512  -62.515  -18.963 0.5000000000
17757  30.575  -62.445  -18.277 0.5000000000
17786  31.637  -62.323  -20.290 0.6999999881
18675  31.762  -62.030  -19.692 0.6999999881
132327  32.531  -61.480  -21.046 0.6999999881
13902  27.233  -67.465  -16.128 0.3000000119
115920  31.652  -55.025  -28.910 0.6999999881
20554  31.442  -59.992  -26.681 0.6000000238
26114  31.570  -53.859  -29.254 0.6999999881
28757  30.633  -50.440  -29.192 0.6999999881
17788  30.001  -62.600  -20.394 0.6000000238
26106  33.616  -54.924  -28.263 0.6000000238
29671  33.464  -49.047  -29.685 0.6999999881
31612  34.340  -48.285  -29.340 0.6999999881
32536  33.272  -47.053  -27.810 0.6000000238
29661  34.979  -48.633  -28.926 0.6999999881
33439  33.034  -46.006  -26.299 0.5000000000
33429  32.618  -45.633  -25.551 0.5000000000
31606  36.564  -48.217  -28.208 0.5000000000
23419  31.689  -56.430  -24.904 0.5000000000
21481  31.625  -58.746  -22.690 0.6999999881
24340  30.916  -55.618  -24.527 0.5000000000
131817  32.931  -49.042  -25.660 0.6000000238
22454  30.948  -57.213  -23.556 0.6000000238
27823  30.148  -51.414  -24.960 0.6000000238
23412  29.879  -55.510  -23.066 0.5000000000
19525  32.227  -60.518  -17.884 0.6000000238
21423  35.441  -58.367  -18.073 0.6000000238
22404  35.901  -57.503  -19.270 0.4000000060
19514  32.795  -59.957  -17.378 0.5000000000
123297  32.235  -60.616  -18.812 0.6000000238
16255  28.965  -64.758  -26.816 0.5000000000
22403  36.250  -57.433  -19.963 0.4000000060
117518  30.478  -63.994  -26.835 0.5000000000
17851  29.985  -63.756  -27.164 0.5000000000
20472  33.533  -59.320  -17.284 0.5000000000
23383  36.338  -56.313  -21.505 0.4000000060
118830  30.874  -63.496  -26.816 0.5000000000
18711  29.598  -62.164  -26.377 0.5000000000
21424  34.626  -58.027  -17.737 0.6000000238
18710  30.562  -61.846  -26.486 0.5000000000
21411  32.866  -59.149  -17.823 0.5000000000
19547  32.297  -60.803  -19.683 0.6000000238
23410  36.887  -55.646  -23.279 0.4000000060
23409  37.382  -56.201  -23.831 0.4000000060
22389  35.275  -57.050  -18.733 0.4000000060
19589  28.147  -61.407  -25.352 0.5000000000
22376  33.838  -57.818  -17.762 0.5000000000
19587  29.951  -61.058  -25.915 0.5000000000
20545  28.885  -59.480  -24.774 0.5000000000
112965  32.502  -59.147  -18.586 0.6000000238
20493  32.249  -59.312  -19.477 0.6000000238
123257  32.389  -60.920  -20.361 0.6000000238
21505  31.165  -58.967  -26.870 0.5000000000
22476  29.651  -57.864  -25.697 0.5000000000
22463  28.883  -57.850  -24.919 0.4000000060
116859  32.646  -57.797  -18.528 0.5000000000
21425  33.178  -57.769  -18.116 0.5000000000
21440  32.297  -58.378  -19.016 0.6000000238
21441  31.841  -58.601  -19.888 0.6000000238
20505  32.334  -60.174  -19.988 0.6000000238
21453  31.415  -58.582  -20.792 0.6000000238
20518  32.306  -60.398  -20.850 0.6000000238
124220  36.104  -56.389  -20.741 0.4000000060
24320  36.305  -55.172  -22.792 0.4000000060
23444  29.915  -56.050  -26.844 0.5000000000
22477  29.089  -57.101  -25.469 0.5000000000
113030  28.328  -57.214  -24.715 0.4000000060
22485  29.991  -57.083  -26.494 0.6000000238
22464  28.144  -57.896  -24.492 0.4000000060
22391  33.570  -57.142  -18.279 0.6000000238
22405  32.216  -57.523  -19.033 0.6000000238
22406  31.583  -57.151  -19.549 0.6000000238
22407  30.970  -57.119  -20.244 0.6000000238
25221  37.339  -54.515  -23.601 0.4000000060
23435  29.226  -56.284  -25.933 0.5000000000
125992  28.686  -55.764  -25.533 0.4000000060
24341  27.960  -55.702  -24.809 0.4000000060
23335  35.146  -56.209  -19.234 0.6000000238
23369  35.606  -56.052  -20.133 0.4000000060
23338  33.301  -56.393  -18.659 0.6000000238
22390  34.406  -57.213  -18.193 0.6000000238
22392  32.818  -57.077  -18.604 0.5000000000
23354  31.792  -56.285  -19.240 0.6000000238
23353  32.564  -56.249  -18.910 0.5000000000
114090  30.577  -57.074  -20.829 0.6000000238
25231  37.815  -54.821  -24.376 0.4000000060
24299  35.945  -55.374  -22.085 0.4000000060
26111  29.720  -53.778  -27.730 0.6000000238
25259  28.914  -54.670  -26.440 0.5000000000
25250  27.778  -54.805  -24.984 0.5000000000
24342  27.001  -55.319  -24.453 0.5000000000
24285  35.101  -55.274  -20.729 0.4000000060
24300  35.264  -54.930  -21.622 0.4000000060
24268  34.112  -55.207  -19.561 0.5000000000
24253  32.946  -55.606  -19.073 0.5000000000
118844  31.659  -54.951  -19.392 0.5000000000
23355  31.081  -56.405  -19.741 0.6000000238
23370  30.539  -56.448  -20.405 0.6000000238
22433  30.536  -57.402  -21.571 0.6000000238
26051  36.991  -53.604  -22.089 0.4000000060
25211  36.752  -54.091  -23.046 0.4000000060
26069  37.596  -53.841  -22.536 0.4000000060
127210  38.227  -54.074  -23.052 0.4000000060
26955  30.418  -52.572  -28.736 0.6000000238
26052  36.345  -53.366  -21.605 0.4000000060
25212  36.144  -54.367  -22.659 0.4000000060
26112  29.067  -53.128  -27.329 0.6000000238
26948  27.997  -52.622  -26.262 0.5000000000
26104  27.526  -54.039  -25.059 0.4000000060
25198  34.936  -54.140  -21.731 0.4000000060
24269  33.294  -54.969  -19.478 0.5000000000
121794  30.953  -54.942  -19.573 0.5000000000
116519  30.262  -54.927  -20.078 0.6000000238
23385  30.173  -56.607  -21.161 0.6000000238
23403  29.744  -55.898  -22.268 0.6000000238
26050  37.884  -53.844  -21.568 0.4000000060
28758  29.937  -50.830  -28.550 0.6000000238
26951  29.133  -52.348  -27.542 0.6000000238
26947  28.582  -52.514  -26.912 0.5000000000
128772  26.684  -52.015  -25.428 0.5000000000
126967  35.649  -53.422  -21.824 0.4000000060
25189  34.196  -54.038  -21.062 0.4000000060
25190  33.631  -53.770  -20.552 0.5000000000
26024  32.609  -53.534  -19.795 0.5000000000
24287  29.769  -54.784  -20.789 0.5000000000
25197  38.528  -54.037  -22.130 0.4000000060
28754  29.383  -50.399  -27.867 0.6000000238
28755  28.771  -50.791  -27.209 0.5000000000
28749  28.317  -50.337  -26.536 0.5000000000
25178  33.092  -54.063  -19.958 0.5000000000
26025  31.860  -53.312  -19.587 0.4000000060
128372  30.351  -53.620  -19.878 0.4000000060
25199  29.518  -54.540  -21.589 0.4000000060
24321  29.557  -55.037  -22.339 0.6000000238
112864  29.634  -53.913  -23.535 0.4000000060
26019  39.159  -53.535  -20.145 0.4000000060
26036  37.182  -53.554  -21.131 0.4000000060
29670  30.021  -49.967  -28.528 0.6000000238
26037  36.550  -53.241  -20.689 0.4000000060
30643  30.553  -48.544  -28.173 0.5000000000
29665  29.574  -49.599  -27.794 0.5000000000
29658  28.539  -49.696  -26.415 0.5000000000
29659  27.735  -49.927  -25.892 0.4000000060
29657  29.212  -49.317  -27.024 0.4000000060
26892  33.373  -52.154  -19.733 0.5000000000
112556  32.706  -51.931  -19.535 0.5000000000
26893  31.853  -52.095  -19.569 0.6000000238
26041  29.895  -53.240  -20.417 0.4000000060
26054  29.516  -53.215  -21.300 0.4000000060
111338  29.433  -53.845  -22.947 0.4000000060
26895  30.248  -52.341  -20.289 0.5000000000
31599  30.635  -47.676  -26.801 0.5000000000
30637  30.218  -48.279  -27.262 0.6000000238
31585  30.380  -47.488  -25.888 0.4000000060
26929  29.378  -52.352  -22.233 0.5000000000
26082  29.480  -53.261  -23.308 0.5000000000
27789  31.272  -51.570  -19.752 0.5000000000
26894  30.947  -52.235  -19.779 0.5000000000
27801  29.999  -51.612  -20.787 0.5000000000
117353  29.571  -51.788  -21.655 0.5000000000
26021  37.719  -53.451  -19.612 0.4000000060
29640  31.483  -49.603  -24.748 0.5000000000
27821  29.583  -51.834  -23.525 0.4000000060
27818  29.488  -51.745  -22.622 0.5000000000
28713  30.447  -50.757  -20.609 0.5000000000
28706  31.097  -50.895  -19.972 0.5000000000
32497  31.122  -46.338  -24.969 0.4000000060
119339  31.337  -49.485  -23.894 0.4000000060
29635  31.171  -49.316  -23.037 0.4000000060
29641  30.864  -50.063  -24.273 0.5000000000
28734  30.311  -50.579  -23.744 0.5000000000
28730  29.780  -51.036  -22.240 0.5000000000
28729  30.215  -50.461  -22.822 0.5000000000
27810  29.943  -50.941  -21.363 0.5000000000
29620  30.588  -49.778  -21.616 0.5000000000
29626  31.022  -49.191  -22.132 0.4000000060
22475  30.553  -58.044  -26.563 0.5000000000
24369  29.751  -55.112  -27.181 0.6000000238
20555  30.329  -60.144  -25.825 0.6000000238
25264  29.995  -54.514  -27.702 0.6000000238
17019  29.982  -64.326  -26.576 0.5000000000
31598  31.398  -47.379  -27.171 0.5000000000
25223  29.654  -54.586  -23.171 0.4000000060
19575  29.389  -60.292  -25.282 0.5000000000
120749  30.491  -59.442  -26.082 0.5000000000
21506  30.118  -58.694  -25.901 0.5000000000
23422  27.688  -56.646  -24.504 0.4000000060
24252  33.809  -55.813  -18.869 0.6000000238
24358  29.142  -55.460  -26.270 0.6000000238
24359  28.483  -55.083  -25.626 0.4000000060
26072  35.547  -53.953  -22.185 0.4000000060
122044  29.695  -52.945  -27.984 0.6000000238
128255  29.047  -53.686  -27.060 0.6000000238
115388  28.571  -53.249  -26.673 0.5000000000
25234  27.049  -54.580  -24.581 0.5000000000
24343  25.950  -55.895  -24.401 0.5000000000
26942  27.271  -52.620  -25.531 0.5000000000
118581  28.040  -51.861  -26.505 0.5000000000
26026  30.989  -53.521  -19.578 0.5000000000
27836  27.417  -51.229  -26.056 0.5000000000
26907  33.646  -52.767  -20.338 0.5000000000
30644  29.841  -48.903  -27.612 0.6000000238
26073  29.369  -53.222  -22.311 0.3000000119
8623  35.793  -74.226  -15.504 0.3000000119
118593  35.765  -74.679  -17.147 0.3000000119
8645  36.503  -74.441  -16.624 0.3000000119
8643  37.646  -73.854  -17.217 0.3000000119
8666  36.808  -74.695  -17.561 0.3000000119
9396  37.653  -73.494  -16.639 0.3000000119
128569  36.934  -73.095  -17.767 0.3000000119
10082  37.457  -73.239  -17.352 0.3000000119
10728  37.984  -72.433  -13.502 0.3000000119
10051  37.673  -72.834  -15.614 0.3000000119
10066  37.442  -72.857  -16.719 0.3000000119
10067  36.644  -72.638  -17.079 0.3000000119
10743  37.701  -72.470  -14.850 0.3000000119
10721  37.079  -71.203  -13.170 0.3000000119
10744  37.165  -71.796  -14.749 0.3000000119
10761  36.918  -72.016  -15.511 0.4000000060
10762  35.981  -71.947  -15.624 0.4000000060
128785  35.114  -72.033  -15.706 0.4000000060
10054  34.662  -72.249  -16.243 0.3000000119
12278  36.069  -69.772  -11.961 0.3000000119
11497  35.679  -70.261  -12.518 0.4000000060
11510  35.228  -70.736  -13.103 0.4000000060
124524  35.152  -71.720  -15.049 0.4000000060
124028  36.525  -69.085  -11.471 0.3000000119
10763  34.182  -71.955  -15.327 0.4000000060
122290  36.721  -66.627  -12.185 0.4000000060
13060  35.998  -68.345  -11.592 0.4000000060
10055  33.642  -72.241  -16.139 0.4000000060
10764  33.109  -71.963  -15.374 0.3000000119
12279  35.650  -68.967  -11.754 0.4000000060
12287  35.388  -69.585  -12.086 0.3000000119
11498  34.699  -69.959  -12.387 0.4000000060
13844  36.096  -66.884  -11.912 0.4000000060
11512  33.247  -70.739  -13.089 0.5000000000
10733  33.799  -71.257  -13.712 0.4000000060
15401  26.456  -65.463  -16.023 0.5000000000
14632  36.695  -66.248  -13.200 0.4000000060
10747  33.440  -71.653  -14.521 0.4000000060
13101  27.645  -67.954  -15.486 0.3000000119
14678  27.090  -66.619  -14.776 0.4000000060
11523  30.588  -70.745  -14.756 0.3000000119
16251  28.563  -64.824  -25.737 0.4000000060
16256  28.555  -65.169  -26.661 0.4000000060
16953  28.147  -62.939  -18.824 0.4000000060
16942  28.091  -63.105  -17.874 0.4000000060
16943  27.299  -63.409  -18.283 0.4000000060
13070  35.202  -68.072  -11.829 0.4000000060
115297  34.840  -69.013  -11.933 0.3000000119
11511  34.215  -70.700  -13.033 0.5000000000
16931  27.357  -63.528  -17.406 0.4000000060
16919  26.708  -64.120  -16.865 0.4000000060
112742  35.872  -66.560  -12.603 0.4000000060
13887  26.874  -66.954  -15.582 0.4000000060
10734  32.861  -71.280  -13.811 0.4000000060
15386  27.295  -65.557  -14.368 0.5000000000
10735  32.022  -71.138  -13.962 0.5000000000
13877  27.567  -67.110  -13.977 0.4000000060
13100  28.131  -68.684  -15.690 0.4000000060
11522  31.223  -70.872  -14.112 0.3000000119
13089  28.008  -68.398  -14.746 0.4000000060
17029  29.527  -64.325  -27.033 0.4000000060
17771  29.511  -62.615  -19.725 0.4000000060
132961  34.603  -67.616  -12.282 0.4000000060
13071  34.282  -68.329  -12.107 0.4000000060
16918  27.491  -63.622  -16.591 0.4000000060
16177  27.054  -64.100  -16.084 0.5000000000
13846  34.409  -67.133  -12.805 0.4000000060
12288  33.960  -69.227  -12.079 0.4000000060
16145  27.316  -64.658  -14.853 0.5000000000
126092  34.663  -66.670  -13.914 0.4000000060
14634  34.124  -66.871  -13.622 0.4000000060
13072  33.368  -68.527  -12.204 0.4000000060
13073  32.446  -68.702  -12.206 0.5000000000
12290  32.124  -69.496  -12.309 0.5000000000
118731  27.687  -63.707  -15.842 0.4000000060
132026  27.618  -64.832  -14.096 0.5000000000
14655  34.858  -66.701  -14.816 0.4000000060
12291  31.373  -69.505  -12.472 0.5000000000
14659  27.557  -66.256  -13.890 0.4000000060
116759  29.985  -69.758  -13.344 0.4000000060
12293  29.269  -68.654  -12.858 0.4000000060
12303  28.539  -68.861  -13.976 0.4000000060
13868  27.986  -67.292  -13.463 0.4000000060
126445  28.641  -63.020  -16.752 0.4000000060
120849  29.997  -62.543  -16.846 0.3000000119
13864  33.020  -67.405  -13.045 0.4000000060
13848  32.790  -67.935  -12.528 0.4000000060
16906  27.803  -63.884  -15.085 0.4000000060
111844  26.921  -56.196  -24.339 0.4000000060
116488  34.023  -66.942  -15.665 0.4000000060
120516  33.777  -66.854  -14.757 0.4000000060
114022  31.848  -67.984  -12.446 0.5000000000
117618  30.947  -68.310  -12.340 0.5000000000
16874  28.518  -63.969  -13.904 0.5000000000
127744  28.179  -64.583  -13.646 0.4000000060
111759  34.103  -66.827  -16.387 0.4000000060
13075  30.107  -68.509  -12.460 0.4000000060
15368  28.150  -66.032  -13.269 0.4000000060
13852  29.035  -67.398  -12.692 0.4000000060
15352  28.906  -65.923  -12.770 0.4000000060
17746  30.329  -62.487  -17.596 0.4000000060
17718  28.977  -62.901  -16.018 0.3000000119
14635  32.834  -66.959  -13.832 0.4000000060
13865  32.420  -67.258  -12.972 0.4000000060
16890  29.200  -63.011  -14.886 0.3000000119
14656  33.037  -66.835  -14.799 0.4000000060
14636  32.218  -66.713  -13.583 0.4000000060
13849  31.156  -67.583  -12.506 0.4000000060
13850  30.354  -67.589  -12.441 0.5000000000
14695  34.236  -66.671  -17.013 0.4000000060
15383  32.942  -66.463  -15.084 0.4000000060
14617  30.131  -66.680  -12.527 0.4000000060
14618  29.342  -66.644  -12.619 0.4000000060
115083  28.533  -65.180  -13.130 0.4000000060
18651  31.449  -61.773  -18.088 0.4000000060
14637  31.518  -66.391  -13.217 0.4000000060
10130  33.293  -72.539  -21.545 0.3000000119
10715  37.889  -71.613  -12.011 0.3000000119
11492  36.796  -70.136  -11.713 0.3000000119
13059  36.664  -68.111  -11.355 0.4000000060
14653  37.274  -66.089  -14.218 0.4000000060
14633  35.539  -66.444  -13.606 0.4000000060
14675  36.589  -66.362  -15.338 0.4000000060
131281  34.925  -67.258  -16.658 0.4000000060
17733  30.299  -62.365  -16.054 0.3000000119
15428  34.588  -67.044  -17.811 0.4000000060
17732  30.858  -62.161  -16.703 0.4000000060
17716  30.592  -62.374  -15.241 0.4000000060
119327  29.796  -63.147  -14.175 0.4000000060
15412  34.598  -66.176  -17.416 0.4000000060
15384  32.456  -65.942  -14.523 0.4000000060
15366  31.378  -65.628  -13.472 0.4000000060
112743  30.677  -65.110  -13.217 0.4000000060
16125  29.988  -64.618  -13.104 0.3000000119
16126  29.075  -64.293  -13.294 0.4000000060
126996  33.623  -65.787  -16.008 0.4000000060
15400  26.848  -65.557  -15.169 0.4000000060
18639  31.460  -61.643  -17.075 0.4000000060
7911  36.159  -75.196  -18.008 0.3000000119
8644  37.311  -74.249  -17.002 0.3000000119
8691  37.561  -73.903  -17.996 0.3000000119
119750  34.007  -72.806  -22.499 0.3000000119
10120  33.777  -73.034  -20.922 0.3000000119
10065  37.641  -73.123  -16.363 0.3000000119
10729  37.640  -71.920  -13.967 0.3000000119
10760  37.458  -72.357  -15.387 0.4000000060
123696  35.742  -72.270  -16.329 0.4000000060
10730  36.832  -71.368  -13.920 0.3000000119
11496  36.497  -70.567  -12.482 0.3000000119
10731  35.841  -71.284  -13.910 0.4000000060
10732  34.765  -71.200  -13.729 0.4000000060
121972  37.315  -68.715  -11.073 0.3000000119
14631  37.919  -66.234  -13.308 0.4000000060
12289  33.023  -69.394  -12.193 0.4000000060
122379  31.680  -70.697  -13.480 0.5000000000
11516  29.680  -69.883  -13.944 0.3000000119
11513  32.361  -70.726  -13.252 0.5000000000
117183  35.555  -66.650  -15.325 0.4000000060
122925  29.529  -67.919  -12.536 0.4000000060
132848  30.114  -65.318  -12.870 0.4000000060
19502  34.556  -60.528  -16.728 0.4000000060
20461  34.050  -59.907  -16.890 0.4000000060
20480  36.385  -59.618  -18.655 0.4000000060
21422  36.130  -58.745  -18.684 0.3000000119
20471  34.434  -59.349  -17.208 0.5000000000
19513  33.406  -60.043  -16.946 0.4000000060
123333  32.401  -60.623  -17.165 0.4000000060
16999  39.367  -64.296  -24.828 0.3000000119
17000  39.012  -63.950  -24.495 0.3000000119
21486  38.170  -59.152  -24.354 0.3000000119
21487  37.784  -58.351  -23.692 0.3000000119
22452  37.509  -57.217  -23.569 0.3000000119
22432  36.861  -57.090  -21.809 0.3000000119
17833  39.103  -62.559  -25.152 0.3000000119
19573  38.923  -60.776  -25.736 0.3000000119
21492  38.514  -59.130  -25.390 0.3000000119
17831  40.025  -63.371  -25.293 0.3000000119
129196  39.745  -62.766  -25.535 0.3000000119
22459  37.797  -56.791  -24.425 0.3000000119
111679  37.721  -55.931  -24.621 0.3000000119
18707  39.322  -61.388  -26.045 0.3000000119
21503  39.003  -58.878  -26.322 0.3000000119
22458  38.269  -57.273  -25.179 0.3000000119
122076  40.134  -59.496  -27.132 0.3000000119
20559  39.891  -60.062  -27.029 0.3000000119
23440  39.482  -56.907  -27.416 0.3000000119
21508  40.497  -58.436  -27.207 0.3000000119
24374  40.670  -56.540  -27.979 0.3000000119
18705  40.121  -61.528  -26.178 0.3000000119
23417  38.494  -56.748  -25.870 0.3000000119
25246  38.884  -55.004  -25.712 0.3000000119
25219  39.038  -54.377  -23.736 0.3000000119
22471  40.643  -58.340  -27.232 0.3000000119
23431  38.792  -56.308  -26.596 0.3000000119
25228  40.362  -54.458  -25.169 0.3000000119
23446  41.090  -56.875  -27.903 0.3000000119
24364  40.857  -55.869  -27.738 0.3000000119
24353  40.245  -55.337  -27.054 0.3000000119
25243  41.726  -54.511  -26.580 0.3000000119
25210  39.220  -54.135  -22.659 0.3000000119
25229  39.378  -54.611  -24.913 0.3000000119
25209  40.015  -54.081  -23.098 0.3000000119
116295  39.903  -53.660  -21.321 0.3000000119
26020  38.575  -53.405  -19.542 0.3000000119
26903  40.041  -52.974  -20.003 0.3000000119
26887  39.354  -53.008  -19.440 0.3000000119
26871  38.598  -52.699  -18.410 0.3000000119
20491  36.617  -59.180  -19.371 0.3000000119
20481  35.765  -59.199  -18.003 0.4000000060
23401  37.178  -57.109  -22.663 0.3000000119
25230  38.466  -54.725  -24.661 0.3000000119
19511  35.390  -60.580  -17.276 0.5000000000
18699  39.477  -62.124  -25.740 0.3000000119
22472  38.867  -57.776  -26.216 0.3000000119
20536  37.912  -59.270  -23.462 0.3000000119
22444  37.461  -57.860  -22.931 0.3000000119
22431  37.274  -57.889  -22.160 0.3000000119
20552  39.233  -60.015  -26.369 0.3000000119
18706  39.760  -61.322  -26.363 0.3000000119
23418  38.068  -56.475  -25.099 0.3000000119
22481  39.577  -57.775  -27.156 0.3000000119
24373  41.360  -56.198  -27.869 0.3000000119
25255  42.229  -54.833  -27.589 0.3000000119
25245  39.739  -54.879  -26.025 0.3000000119
23438  41.150  -57.244  -27.742 0.3000000119
25244  40.711  -54.715  -26.280 0.3000000119
16889  30.559  -63.132  -14.011 0.3000000119
16888  31.445  -63.304  -14.049 0.4000000060
119845  35.668  -64.027  -16.957 0.4000000060
16902  34.337  -63.662  -15.614 0.4000000060
17697  31.006  -62.623  -14.519 0.3000000119
16929  35.791  -63.010  -17.096 0.4000000060
113373  36.331  -62.750  -17.675 0.3000000119
17696  31.911  -62.717  -14.525 0.4000000060
17712  34.316  -62.574  -15.753 0.4000000060
18649  36.737  -61.515  -18.472 0.3000000119
18615  33.241  -61.600  -15.673 0.3000000119
128135  33.690  -62.144  -15.529 0.4000000060
17743  36.333  -61.892  -17.787 0.4000000060
18628  33.451  -61.061  -16.115 0.3000000119
18627  34.293  -61.118  -16.272 0.4000000060
18636  36.216  -61.015  -17.863 0.4000000060
18616  32.591  -61.688  -15.562 0.3000000119
18629  32.669  -61.238  -16.061 0.3000000119
18638  32.175  -61.119  -16.672 0.3000000119
125650  30.970  -62.110  -15.789 0.3000000119
18626  35.065  -61.297  -16.716 0.4000000060
119827  33.730  -62.885  -15.263 0.4000000060
13828  37.757  -67.269  -11.479 0.3000000119
16142  32.427  -64.873  -14.339 0.3000000119
13053  40.330  -68.542  -10.362 0.3000000119
13815  40.017  -67.941  -10.873 0.3000000119
13827  38.604  -67.294  -11.451 0.3000000119
14604  37.396  -66.849  -11.872 0.3000000119
117190  32.303  -63.700  -14.270 0.3000000119
16141  32.904  -65.599  -14.966 0.3000000119
13843  41.388  -67.342  -12.255 0.3000000119
14612  39.613  -66.675  -12.720 0.3000000119
14601  40.214  -67.068  -12.073 0.3000000119
14630  39.000  -66.340  -13.383 0.3000000119
16887  33.013  -64.369  -14.707 0.3000000119
13860  43.272  -67.297  -12.983 0.3000000119
13862  41.794  -67.192  -13.051 0.3000000119
13861  42.558  -67.293  -13.177 0.3000000119
14629  40.038  -66.570  -13.543 0.3000000119
14611  40.729  -66.924  -12.890 0.3000000119
14652  38.442  -66.101  -14.146 0.3000000119
14627  42.050  -67.186  -13.747 0.3000000119
14650  41.443  -66.963  -14.463 0.3000000119
126834  39.378  -66.302  -14.086 0.3000000119
14651  40.293  -66.556  -14.505 0.3000000119
114744  37.331  -66.357  -16.058 0.3000000119
112729  36.303  -66.760  -16.335 0.3000000119
14713  34.943  -67.530  -17.921 0.3000000119
112024  42.829  -67.162  -13.598 0.3000000119
14674  38.529  -66.159  -15.858 0.3000000119
117880  38.915  -66.496  -16.763 0.3000000119
14692  36.637  -66.974  -17.156 0.3000000119
16159  34.046  -64.842  -15.694 0.3000000119
13886  41.765  -67.060  -15.249 0.3000000119
118110  42.599  -66.909  -14.835 0.3000000119
14689  40.948  -67.018  -15.975 0.3000000119
14673  39.876  -66.520  -15.704 0.3000000119
122890  37.756  -66.894  -17.606 0.3000000119
14712  35.517  -67.526  -18.444 0.3000000119
15427  35.040  -66.608  -18.208 0.3000000119
16189  35.679  -65.208  -17.529 0.3000000119
16928  36.202  -63.793  -17.529 0.3000000119
16143  31.768  -64.277  -13.882 0.3000000119
13900  41.061  -67.180  -16.764 0.3000000119
14709  39.078  -66.978  -17.914 0.3000000119
14711  36.394  -67.576  -18.388 0.3000000119
15440  35.549  -66.966  -18.834 0.3000000119
14602  39.118  -66.899  -11.974 0.3000000119
13825  40.751  -67.583  -11.467 0.3000000119
13826  39.592  -67.398  -11.429 0.3000000119
8621  37.549  -73.800  -16.416 0.3000000119
8665  37.380  -74.331  -17.844 0.3000000119
8692  37.305  -74.416  -18.645 0.3000000119
9385  37.649  -73.270  -15.777 0.3000000119
9406  37.590  -73.625  -17.496 0.3000000119
9407  37.436  -73.613  -17.944 0.3000000119
10031  37.965  -72.678  -14.196 0.3000000119
10052  37.431  -72.595  -16.001 0.3000000119
10053  36.773  -72.333  -16.239 0.4000000060
10081  37.623  -73.409  -17.004 0.3000000119
10720  37.726  -71.747  -12.996 0.3000000119
10745  36.137  -71.599  -14.826 0.4000000060
10746  34.399  -71.574  -14.417 0.4000000060
11499  33.621  -70.072  -12.465 0.5000000000
11500  32.672  -70.148  -12.592 0.4000000060
11501  31.710  -70.178  -12.806 0.5000000000
11509  36.191  -70.919  -13.182 0.3000000119
11514  31.134  -70.421  -13.381 0.3000000119
11515  30.408  -70.312  -13.850 0.3000000119
12292  29.965  -69.266  -12.776 0.4000000060
12301  30.731  -69.836  -12.904 0.5000000000
12302  29.284  -69.325  -13.470 0.4000000060
13054  39.253  -68.485  -10.509 0.3000000119
13058  37.467  -67.877  -11.169 0.3000000119
13074  31.568  -68.880  -12.231 0.5000000000
13076  28.916  -68.032  -12.796 0.4000000060
13083  28.612  -68.371  -13.287 0.4000000060
13090  27.529  -67.581  -14.652 0.4000000060
13109  27.804  -68.193  -16.381 0.3000000119
13829  36.844  -67.244  -11.580 0.4000000060
13830  35.981  -67.538  -11.651 0.4000000060
13845  35.287  -67.077  -12.196 0.4000000060
13847  33.718  -67.706  -12.567 0.4000000060
13851  29.681  -67.240  -12.514 0.4000000060
13863  33.561  -67.171  -13.330 0.4000000060
13866  31.698  -67.110  -12.834 0.4000000060
13867  28.442  -67.676  -13.127 0.4000000060
13875  43.066  -66.899  -14.049 0.3000000119
13876  42.312  -67.083  -14.312 0.3000000119
13916  36.052  -67.625  -18.882 0.3000000119
13927  36.770  -67.705  -19.213 0.3000000119
14603  38.156  -66.832  -11.916 0.3000000119
14613  38.560  -66.535  -12.595 0.3000000119
14614  37.563  -66.501  -12.464 0.4000000060
14615  34.995  -66.693  -13.056 0.4000000060
14616  30.932  -66.870  -12.656 0.5000000000
14619  28.492  -66.813  -12.991 0.4000000060
14628  41.103  -66.889  -13.707 0.3000000119
14638  30.662  -65.961  -12.862 0.4000000060
14639  27.873  -66.721  -13.490 0.4000000060
14654  36.094  -66.292  -14.382 0.4000000060
14657  32.625  -66.561  -14.397 0.4000000060
14658  32.063  -66.131  -13.902 0.4000000060
14672  40.906  -66.814  -15.180 0.3000000119
14676  35.537  -66.913  -16.143 0.4000000060
14677  33.535  -66.674  -15.594 0.4000000060
14679  26.624  -66.281  -15.628 0.4000000060
14691  37.862  -66.459  -16.670 0.3000000119
14693  35.371  -67.349  -17.081 0.4000000060
14694  34.590  -67.173  -17.118 0.3000000119
14696  26.329  -66.188  -16.235 0.5000000000
14723  35.125  -67.302  -18.370 0.3000000119
14724  25.829  -66.457  -18.194 0.5000000000
15351  29.765  -65.917  -12.652 0.4000000060
15367  29.397  -65.164  -12.860 0.4000000060
15369  27.800  -65.378  -13.650 0.4000000060
15385  31.941  -65.301  -13.927 0.3000000119
15398  33.760  -66.399  -16.287 0.4000000060
15399  33.301  -66.165  -15.645 0.4000000060
15413  26.062  -65.794  -16.706 0.5000000000
15429  25.849  -65.349  -17.316 0.6000000238
16124  31.237  -64.779  -13.581 0.3000000119
16144  27.937  -64.199  -14.329 0.5000000000
16160  33.452  -65.155  -15.324 0.3000000119
16161  26.877  -64.747  -15.620 0.5000000000
16175  35.127  -64.928  -16.645 0.3000000119
16176  34.124  -65.738  -16.534 0.4000000060
16178  26.622  -64.668  -16.244 0.4000000060
16190  26.133  -64.579  -17.443 0.6000000238
16198  25.942  -64.341  -18.212 0.5000000000
16217  25.244  -64.592  -19.938 0.5000000000
16227  25.283  -64.442  -21.199 0.5000000000
16252  28.078  -65.541  -26.427 0.4000000060
16262  28.792  -64.687  -27.101 0.4000000060
16871  30.951  -63.888  -13.663 0.3000000119
16872  30.013  -63.760  -13.537 0.4000000060
16873  29.149  -63.536  -13.989 0.5000000000
16891  28.478  -63.620  -14.598 0.4000000060
16903  33.676  -63.975  -15.122 0.3000000119
16904  32.921  -63.053  -14.754 0.4000000060
16905  28.392  -63.400  -15.478 0.3000000119
16916  35.105  -63.324  -16.305 0.4000000060
16917  28.218  -63.324  -16.314 0.4000000060
16930  28.085  -63.227  -17.066 0.5000000000
16979  27.554  -62.867  -21.289 0.4000000060
16998  40.018  -64.164  -24.920 0.3000000119
17001  33.357  -63.195  -24.309 0.6000000238
17003  32.548  -63.303  -24.241 0.6000000238
17008  39.658  -64.009  -25.043 0.3000000119
17009  33.444  -63.075  -24.810 0.6999999881
17011  32.281  -63.502  -25.364 0.6999999881
17012  30.788  -64.032  -25.904 0.6000000238
17017  32.015  -63.616  -26.186 0.6000000238
17020  29.205  -64.683  -26.348 0.5000000000
17028  31.371  -63.629  -26.545 0.5000000000
17698  30.127  -62.688  -14.661 0.4000000060
17713  33.088  -62.169  -15.240 0.3000000119
17714  32.270  -62.143  -15.122 0.3000000119
17715  31.417  -62.233  -15.153 0.3000000119
17717  29.783  -62.586  -15.506 0.3000000119
17730  35.441  -62.196  -16.789 0.4000000060
17731  34.730  -61.996  -16.255 0.4000000060
17734  29.232  -62.748  -16.836 0.3000000119
17744  35.958  -62.250  -17.305 0.4000000060
17745  30.974  -62.167  -17.736 0.4000000060
17755  36.770  -62.412  -18.318 0.3000000119
17756  31.063  -62.273  -18.633 0.6999999881
17759  28.906  -62.776  -18.197 0.5000000000
17769  31.158  -62.401  -19.534 0.6999999881
17773  27.818  -62.976  -19.588 0.5000000000
17789  29.022  -62.603  -20.416 0.6000000238
17800  32.197  -62.556  -21.692 0.6999999881
17811  33.286  -62.980  -22.907 0.6999999881
17812  32.170  -62.850  -22.473 0.6000000238
17813  31.074  -62.647  -22.763 0.5000000000
17815  27.855  -62.755  -23.075 0.4000000060
17823  33.547  -63.070  -23.993 0.6000000238
17824  33.374  -63.088  -23.532 0.6000000238
17825  31.933  -63.064  -23.492 0.6000000238
17829  27.990  -63.332  -23.930 0.4000000060
17832  39.576  -63.545  -25.245 0.3000000119
17838  39.826  -62.007  -25.909 0.3000000119
17840  33.277  -63.061  -25.787 0.8000000119
17849  32.619  -62.942  -26.620 0.6000000238
18614  33.990  -61.688  -15.853 0.4000000060
18617  31.763  -61.662  -15.949 0.3000000119
18637  35.746  -61.529  -17.286 0.4000000060
18650  31.889  -61.249  -18.454 0.6000000238
18660  32.018  -61.415  -19.337 0.6000000238
18674  32.177  -61.626  -20.204 0.6000000238
18700  38.881  -61.552  -25.174 0.3000000119
18701  33.314  -61.986  -25.179 0.6999999881
18709  31.645  -61.633  -26.689 0.5000000000
18719  33.090  -62.191  -26.635 0.6999999881
18722  30.336  -62.871  -26.837 0.5000000000
19503  33.752  -60.479  -16.516 0.4000000060
19504  32.909  -60.591  -16.642 0.4000000060
19512  34.740  -59.981  -17.063 0.4000000060
19524  36.014  -60.096  -17.949 0.4000000060
19581  40.086  -60.818  -26.715 0.3000000119
19582  39.839  -60.623  -26.806 0.3000000119
19583  39.453  -60.898  -26.424 0.3000000119
19594  40.027  -60.278  -27.007 0.3000000119
20470  35.260  -59.654  -17.441 0.4000000060
20482  32.465  -59.843  -18.218 0.5000000000
20492  32.402  -59.988  -19.139 0.6000000238
20504  36.861  -58.914  -20.144 0.3000000119
20506  32.039  -59.432  -20.382 0.6000000238
20537  32.869  -60.166  -24.476 0.6000000238
20541  38.528  -59.910  -25.091 0.3000000119
20544  29.747  -59.426  -25.413 0.5000000000
21408  34.977  -58.803  -17.502 0.5000000000
21409  34.104  -58.580  -17.414 0.5000000000
21410  33.360  -58.476  -17.695 0.5000000000
21426  32.791  -58.409  -18.207 0.5000000000
21438  36.363  -58.256  -19.497 0.3000000119
21439  35.736  -57.928  -18.717 0.6000000238
21467  37.346  -58.646  -21.732 0.3000000119
21469  31.414  -58.754  -21.723 0.6999999881
21480  37.575  -58.700  -22.666 0.3000000119
21488  32.009  -58.650  -23.779 0.6000000238
21493  37.951  -57.729  -24.436 0.3000000119
21495  29.317  -58.626  -25.133 0.5000000000
21509  39.744  -59.345  -26.974 0.3000000119
21510  33.872  -58.778  -27.644 0.6000000238
21513  33.681  -58.262  -28.061 0.6000000238
22416  36.517  -57.147  -20.844 0.4000000060
22417  31.372  -57.864  -20.143 0.6000000238
22418  30.930  -57.701  -20.830 0.6000000238
22474  33.285  -57.521  -26.108 0.6000000238
22479  40.829  -57.843  -27.667 0.3000000119
22480  40.447  -57.630  -27.699 0.3000000119
22486  40.944  -57.475  -27.984 0.3000000119
22487  40.708  -57.128  -28.050 0.3000000119
23336  34.519  -56.411  -18.702 0.6000000238
23337  33.920  -56.571  -18.483 0.6000000238
23351  35.731  -56.821  -19.557 0.4000000060
23352  34.524  -55.790  -19.125 0.6000000238
23368  36.074  -56.765  -20.229 0.4000000060
23384  35.753  -55.717  -21.131 0.4000000060
23386  29.828  -56.090  -21.534 0.6000000238
23400  37.113  -56.466  -23.157 0.3000000119
23402  30.034  -56.696  -22.037 0.6000000238
23420  30.856  -56.467  -24.037 0.5000000000
23421  28.530  -56.426  -25.110 0.4000000060
23432  38.208  -55.844  -25.526 0.3000000119
23437  41.636  -56.371  -27.612 0.3000000119
23439  40.081  -56.709  -27.900 0.3000000119
23441  33.900  -57.131  -28.444 0.6000000238
23447  33.860  -56.848  -28.932 0.6000000238
24267  34.869  -55.520  -19.782 0.6000000238
24270  31.359  -55.631  -19.454 0.6000000238
24271  30.631  -55.696  -19.909 0.6000000238
24286  34.416  -54.841  -20.450 0.5000000000
24301  34.726  -54.606  -21.221 0.4000000060
24302  30.033  -55.723  -20.712 0.6000000238
24303  29.651  -55.367  -21.524 0.4000000060
24329  37.385  -55.257  -23.976 0.4000000060
24338  38.244  -55.131  -25.262 0.3000000119
24339  37.859  -55.335  -24.760 0.3000000119
24354  39.384  -55.445  -26.770 0.3000000119
24355  38.748  -55.587  -26.238 0.3000000119
24363  41.788  -55.569  -27.788 0.3000000119
24365  39.987  -55.978  -27.675 0.3000000119
24366  39.345  -56.113  -27.251 0.3000000119
24367  33.779  -55.828  -28.074 0.5000000000
24372  42.139  -55.654  -27.803 0.3000000119
24376  31.993  -55.790  -28.794 0.6999999881
24377  30.720  -55.120  -28.178 0.6999999881
24378  33.742  -56.226  -29.090 0.6000000238
24379  33.186  -55.907  -29.213 0.6999999881
25177  33.737  -54.446  -20.193 0.5000000000
25179  32.332  -54.528  -19.525 0.5000000000
25180  31.424  -54.213  -19.511 0.5000000000
25181  30.611  -54.228  -19.710 0.6000000238
25191  29.985  -54.133  -20.229 0.5000000000
25192  29.600  -53.967  -20.944 0.4000000060
25213  35.587  -54.548  -22.210 0.4000000060
25214  29.437  -54.188  -22.350 0.6000000238
25220  37.981  -54.393  -23.771 0.4000000060
25222  36.785  -54.752  -23.257 0.4000000060
25232  30.504  -54.827  -24.487 0.5000000000
25247  31.979  -54.496  -26.249 0.6000000238
25249  28.268  -54.302  -25.744 0.5000000000
25256  41.238  -55.184  -27.260 0.3000000119
25258  29.319  -54.266  -27.080 0.6000000238
25266  33.181  -54.524  -29.404 0.6999999881
26010  38.146  -53.206  -18.899 0.4000000060
26022  36.875  -53.263  -19.769 0.4000000060
26023  33.290  -53.294  -20.267 0.5000000000
26034  39.709  -53.480  -20.648 0.3000000119
26035  38.110  -53.735  -20.446 0.3000000119
26038  34.634  -53.434  -21.325 0.4000000060
26039  33.951  -53.334  -20.828 0.5000000000
26040  30.569  -52.964  -19.845 0.4000000060
26049  39.355  -53.977  -21.862 0.3000000119
26053  35.139  -53.650  -21.739 0.4000000060
26070  36.928  -53.774  -22.748 0.4000000060
26071  36.257  -53.695  -22.440 0.4000000060
26081  37.395  -54.018  -23.183 0.4000000060
26103  27.974  -53.428  -25.825 0.4000000060
26107  32.817  -54.246  -27.296 0.6000000238
26108  28.670  -53.940  -26.516 0.5000000000
26870  39.451  -52.457  -18.751 0.3000000119
26888  38.847  -53.004  -18.975 0.3000000119
26891  34.168  -52.395  -20.076 0.5000000000
26904  35.657  -52.993  -21.090 0.4000000060
26908  29.703  -52.446  -20.971 0.5000000000
26918  29.450  -52.590  -21.671 0.5000000000
26933  29.394  -52.492  -22.973 0.5000000000
26935  29.603  -52.603  -23.856 0.5000000000
26945  31.852  -52.427  -27.068 0.6000000238
26950  29.664  -52.217  -28.143 0.6000000238
26953  32.845  -53.013  -29.698 0.6999999881
26956  32.497  -52.231  -29.724 0.6999999881
27790  30.641  -51.566  -20.161 0.5000000000
27820  29.930  -51.243  -24.099 0.6000000238
27829  30.543  -51.751  -25.796 0.5000000000
27830  30.069  -52.055  -25.088 0.6000000238
27835  28.149  -51.070  -26.577 0.5000000000
27837  33.146  -52.049  -29.290 0.6000000238
27839  29.338  -51.421  -27.857 0.6000000238
27840  28.659  -51.678  -27.108 0.5000000000
27842  31.216  -51.948  -29.404 0.6999999881
27843  30.110  -51.699  -28.651 0.6000000238
27844  32.550  -51.420  -29.729 0.6999999881
28735  29.807  -51.120  -23.179 0.5000000000
28738  30.408  -50.707  -24.672 0.5000000000
28750  27.540  -50.529  -26.025 0.4000000060
28756  32.846  -50.357  -29.655 0.6000000238
28760  32.294  -50.611  -29.859 0.6999999881
29619  31.070  -49.252  -21.227 0.5000000000
29627  30.616  -49.816  -22.481 0.4000000060
29636  30.750  -49.945  -23.375 0.5000000000
29644  32.399  -49.422  -26.104 0.6000000238
29645  31.630  -49.737  -25.705 0.6000000238
29653  34.923  -48.946  -28.052 0.6999999881
29663  33.247  -49.519  -28.381 0.6999999881
29666  28.923  -49.988  -27.189 0.5000000000
29667  34.045  -48.895  -29.227 0.6999999881
29672  33.021  -49.654  -29.790 0.6999999881
29674  31.551  -50.166  -29.701 0.6999999881
30638  29.537  -48.682  -26.749 0.4000000060
30646  35.494  -48.361  -28.990 0.5000000000
30649  31.986  -48.755  -29.547 0.8000000119
30651  30.239  -49.203  -28.433 0.6000000238
30652  33.799  -48.724  -29.482 0.6999999881
30654  32.668  -49.303  -29.909 0.6999999881
31597  37.077  -48.455  -27.297 0.5000000000
31609  33.293  -47.879  -29.159 0.6000000238
31610  32.837  -47.540  -28.519 0.6999999881
31611  30.952  -47.924  -27.739 0.5000000000
31613  33.435  -48.613  -29.595 0.6999999881
32509  35.178  -46.105  -26.540 0.4000000060
32511  31.469  -46.543  -25.764 0.5000000000
32512  30.752  -46.882  -25.433 0.4000000060
32524  31.831  -46.820  -26.590 0.5000000000
32534  35.697  -47.410  -28.195 0.5000000000
33428  33.957  -45.174  -25.744 0.4000000060
109861  31.854  -50.988  -19.496 0.5000000000
111747  27.038  -53.306  -25.019 0.5000000000
111876  39.514  -58.511  -26.881 0.3000000119
112020  27.214  -63.081  -22.260 0.4000000060
112647  27.478  -67.793  -17.012 0.3000000119
112695  34.649  -67.051  -16.105 0.4000000060
113308  40.079  -58.610  -27.328 0.3000000119
113592  30.753  -69.094  -12.414 0.5000000000
113611  36.627  -56.179  -22.493 0.4000000060
114169  30.175  -50.359  -21.938 0.5000000000
115435  31.826  -59.495  -21.249 0.6000000238
116135  34.631  -64.524  -16.060 0.3000000119
116291  35.599  -67.606  -17.886 0.3000000119
116968  32.156  -55.517  -19.221 0.5000000000
117022  30.924  -53.195  -25.938 0.6000000238
117754  33.365  -66.880  -14.124 0.4000000060
117988  37.903  -66.028  -15.078 0.3000000119
118393  31.896  -61.143  -17.521 0.4000000060
118663  31.839  -57.914  -19.540 0.6000000238
118682  38.979  -57.070  -26.717 0.3000000119
118768  32.732  -52.683  -19.799 0.5000000000
119586  38.966  -53.931  -21.109 0.4000000060
120234  28.519  -62.598  -21.205 0.4000000060
120323  37.286  -53.495  -20.307 0.4000000060
121557  29.453  -53.832  -21.686 0.4000000060
122343  31.245  -52.832  -19.638 0.6000000238
122556  30.351  -55.847  -23.704 0.6000000238
122725  32.192  -56.837  -19.037 0.6000000238
123482  27.360  -51.938  -25.917 0.5000000000
123872  39.095  -66.141  -14.893 0.3000000119
123915  31.517  -62.526  -20.975 0.6999999881
124043  32.970  -61.665  -22.802 0.6999999881
124104  30.583  -64.399  -13.380 0.3000000119
124360  25.395  -64.334  -20.523 0.5000000000
124525  35.237  -71.466  -14.374 0.4000000060
125106  32.822  -62.712  -22.445 0.6999999881
125232  33.261  -62.321  -23.019 0.6000000238
125316  30.312  -50.330  -21.236 0.5000000000
125784  38.440  -58.217  -25.340 0.3000000119
125848  29.646  -62.597  -16.263 0.3000000119
126493  35.423  -74.424  -16.289 0.3000000119
126964  39.285  -63.451  -25.032 0.3000000119
127520  31.881  -49.132  -24.329 0.5000000000
128159  32.313  -58.796  -27.562 0.6000000238
128208  27.077  -67.576  -17.508 0.3000000119
128703  35.926  -54.836  -22.520 0.4000000060
128789  27.324  -64.175  -15.496 0.5000000000
128805  33.220  -63.246  -25.102 0.6999999881
129268  27.220  -67.351  -15.306 0.4000000060
129601  32.683  -50.573  -28.429 0.6999999881
129842  28.868  -68.847  -13.361 0.4000000060
130148  29.895  -62.611  -19.168 0.5000000000
130236  35.126  -57.672  -18.203 0.4000000060
130434  32.475  -60.910  -21.510 0.6999999881
131144  36.523  -71.477  -14.362 0.4000000060
131152  41.237  -57.096  -27.140 0.3000000119
131752  38.147  -58.515  -24.610 0.3000000119
132040  27.983  -67.951  -13.840 0.4000000060
132223  39.487  -62.949  -25.373 0.3000000119
132747  31.569  -53.014  -26.603 0.6000000238
